0.11925671413459472 0.09771260808460139 0.6712629131242341 0.07142857142857113 0.038834951456310676 0.7607843137254902 0.10418268816416952 0.10418268816416952 0.10418268816416952 0.04861111111111113 0.07142857142857181 0.03167420814479639 0.17599999999999996 0.5019607843137255 0.8588235294117647
0.5358795281194213 0.7993712373509354 0.5173603132659312 0.6038191596025886 0.8736842105263158 0.5529411764705883 0.059854063412968894 0.059854063412968894 0.059854063412968894 0.5875 0.625 0.7362637362637363 0.9512195121951219 0.3137254901960784 0.7176470588235294
0.12210305639819599 0.7422433382869752 0.4855913349226409 0.09649122807017545 0.7625 0.5098039215686274 0.09919205545503325 0.09919205545503325 0.09919205545503325 0.08045977011494254 0.10504201680672269 0.65625 0.8375 0.32156862745098036 0.6549019607843137
0.5029338112877478 0.36287960275403436 0.6464891620710784 0.5333333333333333 0.3470588235294117 0.6862745098039216 0.03202329829380122 0.03202329829380122 0.03202329829380122 0.4333333333333334 0.56 0.17032967032967034 0.544973544973545 0.5764705882352941 0.7333333333333333
0.6851856370110286 0.32274577681070604 0.46070167691099884 0.6428571428571429 0.3240740740740741 0.4627450980392157 0.030129585781507054 0.030129585781507054 0.030129585781507054 0.624031007751938 0.7150537634408601 0.27205882352941174 0.371900826446281 0.4156862745098039 0.49411764705882355
0.2894192948545531 0.22495433971562948 0.4868154488357843 0.2753623188405797 0.17886178861788624 0.4745098039215686 0.03710811805170606 0.03710811805170606 0.03710811805170606 0.25757575757575757 0.32222222222222224 0.08843537414965975 0.2525252525252526 0.38823529411764707 0.6235294117647059
0.4860706496155307 0.6266831341269061 0.640124392041973 0.5246478873239436 0.5273972602739726 0.615686274509804 0.039597038856309955 0.039597038856309955 0.039597038856309955 0.44362745098039214 0.5380116959064328 0.3846153846153847 0.9930555555555556 0.5686274509803921 0.7019607843137254
0.10283649802155898 0.6756288873939924 0.804649263269761 0.09316770186335405 0.625 0.9176470588235294 0.12053037139144196 0.12053037139144196 0.12053037139144196 0.08045977011494251 0.12433062382659157 0.573529411764706 0.7725490196078432 0.6392156862745098 0.9882352941176471
0.6421824254902756 0.11585652294450367 0.7076407039866729 0.8611111111111114 0.09042553191489375 0.7411764705882353 0.13949101437969294 0.13949101437969294 0.13949101437969294 0.05172413793103447 0.9166666666666666 0.054298642533936715 0.1568627450980392 0.615686274509804 0.8470588235294118
0.6169450219586129 0.3907978823977284 0.4852789186963849 0.6219512195121951 0.4509803921568628 0.44705882352941173 0.029912414101165005 0.029912414101165005 0.029912414101165005 0.6007751937984496 0.6293103448275862 0.34065934065934067 0.475 0.34901960784313724 0.49019607843137253
0.5401829431466847 0.5478032548490592 0.4227413401884191 0.5903426791277259 0.6229508196721312 0.38823529411764707 0.0477652917953679 0.0477652917953679 0.0477652917953679 0.5634920634920634 0.6027131782945737 0.3513513513513513 0.7592592592592592 0.19215686274509802 0.6470588235294118
0.667898179677572 0.17822254777534258 0.6400665283203125 0.6313131313131313 0.1968911917098446 0.6431372549019607 0.06560980605624883 0.06560980605624883 0.06560980605624883 0.6147540983606558 0.6944444444444443 0.10769230769230764 0.2345132743362831 0.5019607843137255 0.7568627450980392
0.17516980469625074 0.3047198904847697 0.4573205686083027 0.07111111111111112 0.3049645390070923 0.49019607843137253 0.05619303034180883 0.05619303034180883 0.05619303034180883 0.0606060606060606 0.16666666666666666 0.20279720279720287 0.40454545454545465 0.24313725490196078 0.6549019607843137
0.4737438845571788 0.2563314442924777 0.6999334597120097 0.5857843137254902 0.23809523809523808 0.7176470588235294 0.0739805374871473 0.0739805374871473 0.0739805374871473 0.3125 0.5970149253731344 0.15510204081632656 0.3333333333333333 0.5333333333333333 0.9333333333333333
0.06968489737920425 0.8824271307661499 0.5281996184704351 0.06696428571428571 0.8863636363636364 0.4745098039215686 0.1333725177575605 0.1333725177575605 0.1333725177575605 0.059459459459459456 0.07111111111111111 0.85 0.9323308270676692 0.3764705882352941 0.6666666666666666
0.34310011583478806 0.1966048229256673 0.6282936844171263 0.10377358490566041 0.18181818181818174 0.5764705882352941 0.0970529478795456 0.0970529478795456 0.0970529478795456 0.04166666666666665 0.6839080459770116 0.14615384615384608 0.22857142857142865 0.4784313725490196 0.8705882352941177
0.4713470687661398 0.3570519524616399 0.5175269033394607 0.5731707317073171 0.3587786259541984 0.4549019607843137 0.04123706969959309 0.04123706969959309 0.04123706969959309 0.26536195286195285 0.5995670995670995 0.24303933021806856 0.43333333333333335 0.3568627450980392 0.7725490196078432
0.5742719636821023 0.4813393447834797 0.7286099901386336 0.5867768595041322 0.3727272727272728 0.7254901960784313 0.033134315848517594 0.033134315848517594 0.033134315848517594 0.5773809523809524 0.6088888888888889 0.33653846153846156 0.6748466257668712 0.6470588235294118 0.8470588235294118
0.15463187625565183 0.16867691005604685 0.5725573969822303 0.07471264367816095 0.11515151515151525 0.6274509803921569 0.08249600891821506 0.08249600891821506 0.08249600891821506 0.058823529411764504 0.11111111111111101 0.0816326530612244 0.15584415584415584 0.4784313725490196 0.7294117647058823
0.37682316506461994 0.41408130601200543 0.4580051796109068 0.5294117647058824 0.3966480446927374 0.45098039215686275 0.0448196644587279 0.0448196644587279 0.0448196644587279 0.14166666666666664 0.5603864734299516 0.2901234567901234 0.5194805194805195 0.27058823529411763 0.6784313725490196
0.36822645395357206 0.47422487706012806 0.6836708816827513 0.5737704918032787 0.5327102803738318 0.6862745098039216 0.0586514245630106 0.0586514245630106 0.0586514245630106 0.05243445692883894 0.6058394160583941 0.39715463707624965 0.5662650602409639 0.6039215686274509 0.8
0.6341622857352174 0.878275781865932 0.4899497836243873 0.9772727272727273 0.9272727272727272 0.5294117647058824 0.1274557277015214 0.1274557277015214 0.1274557277015214 0.06851851851851853 0.9838383838383838 0.8282828282828283 0.9863013698630138 0.23529411764705882 0.7607843137254902
0.5831958893761742 0.4918234670352375 0.8057658475988051 0.5931372549019608 0.5344827586206896 0.9529411764705882 0.04643936780256214 0.04643936780256214 0.04643936780256214 0.5725490196078432 0.6028985507246377 0.39075630252100846 0.6 0.6078431372549019 0.996078431372549
0.512473119539527 0.3315192150461945 0.6068458706724879 0.5619047619047618 0.316546762589928 0.7058823529411764 0.04643083582399136 0.04643083582399136 0.04643083582399136 0.5321285140562249 0.5714285714285715 0.1848341232227487 0.48717948717948717 0.4823529411764706 0.7725490196078432
0.6804562902730247 0.11791500690530934 0.6670859542547487 0.6927083333333334 0.08875739644970417 0.6823529411764706 0.09775854871480368 0.09775854871480368 0.09775854871480368 0.6519607843137255 0.8181818181818178 0.056497175141242896 0.16582914572864318 0.6274509803921569 0.7568627450980392
0.5595441723181618 0.5351914109204726 0.4597389370787377 0.5958333333333333 0.5738636363636364 0.48627450980392156 0.0444734699404643 0.0444734699404643 0.0444734699404643 0.5833333333333334 0.6078431372549019 0.3658536585365853 0.6739130434782609 0.25098039215686274 0.6313725490196078
0.8233034385899805 0.2704207277102354 0.6285788741766237 0.8939393939393939 0.2731958762886597 0.6509803921568628 0.08675390317604027 0.08675390317604027 0.08675390317604027 0.75 0.9393939393939393 0.20454545454545447 0.3351351351351351 0.48627450980392156 0.8156862745098039
0.41646105455241456 0.20398840889738754 0.6341494092754288 0.506172839506173 0.1933053221288516 0.5686274509803921 0.057434997357926586 0.057434997357926586 0.057434997357926586 0.27272727272727265 0.5343137254901961 0.1463414634146342 0.24795041322314043 0.4627450980392157 0.9098039215686274
0.04818175989137925 0.5860700097683225 0.6173503202550552 0.042134831460674156 0.6518987341772152 0.6039215686274509 0.10150553866451521 0.10150553866451521 0.10150553866451521 0.027522935779816505 0.05555555555555556 0.42592592592592593 0.7434782608695653 0.3764705882352941 0.8588235294117647
0.5734622155944645 0.3682015434816167 0.8376457064759499 0.5706214689265536 0.3412322274881517 0.8313725490196078 0.045270889383354 0.045270889383354 0.045270889383354 0.5685358255451713 0.5740740740740741 0.251063829787234 0.5048076923076923 0.7843137254901961 0.9058823529411765
0.7938098498270776 0.5939557826609108 0.352229279162837 0.9126984126984127 0.6231884057971014 0.3411764705882353 0.08840547760580882 0.08840547760580882 0.08840547760580882 0.8991228070175439 0.9379084967320261 0.43564356435643564 0.7222222222222223 0.23137254901960785 0.42745098039215684
0.5358304649790906 0.42945756097010335 0.5290246701708027 0.5666666666666667 0.42997584541062805 0.44313725490196076 0.03897683114571751 0.03897683114571751 0.03897683114571751 0.5283018867924528 0.625 0.3157894736842105 0.5333333333333333 0.34901960784313724 0.7803921568627451
0.45099973476091876 0.18373696702012085 0.623796470492494 0.5632183908045977 0.1582278481012658 0.6549019607843137 0.06263584387072428 0.06263584387072428 0.06263584387072428 0.16666666666666666 0.5733333333333334 0.10791366906474813 0.27175306577480485 0.4980392156862745 0.7490196078431373
0.43111235224809413 0.14292349393758946 0.6399879605162377 0.4444444444444444 0.11931818181818188 0.6078431372549019 0.06587292206965244 0.06587292206965244 0.06587292206965244 0.39999999999999997 0.5 0.08661417322834648 0.1639344262295081 0.49411764705882355 0.8352941176470589
0.6050641685631414 0.44703845076881504 0.6255081475949755 0.5975609756097561 0.4626865671641791 0.6313725490196078 0.031758315839092756 0.031758315839092756 0.031758315839092756 0.5938697318007663 0.6045197740112994 0.3725490196078432 0.5454545454545455 0.5450980392156862 0.8
0.60625156914588 0.2747597627718504 0.6293325386795343 0.6623376623376623 0.3205128205128206 0.611764705882353 0.06448557011156328 0.06448557011156328 0.06448557011156328 0.6515151515151515 0.7111111111111112 0.0722891566265061 0.45751633986928103 0.5529411764705883 0.7176470588235294
0.7829050556014354 0.35384681661114237 0.2969309488932292 0.8333333333333334 0.30188679245283023 0.23137254901960785 0.08657878358917033 0.08657878358917033 0.08657878358917033 0.7117117117117117 0.8888888888888888 0.21323529411764702 0.4117647058823529 0.11372549019607843 0.43529411764705883
0.5913635108049016 0.3264307032727236 0.49762986127068015 0.5863095238095238 0.2324324324324324 0.44313725490196076 0.0641764113190506 0.0641764113190506 0.0641764113190506 0.5662650602409639 0.6271929824561403 0.12698412698412698 0.375 0.32156862745098036 0.7372549019607844
0.2910054436630888 0.40878363210327456 0.4428128111596201 0.1904761904761905 0.3846153846153846 0.4156862745098039 0.05414481852626051 0.05414481852626051 0.05414481852626051 0.11038961038961041 0.4807692307692308 0.22680412371134015 0.5658914728682171 0.24313725490196078 0.5882352941176471
0.29956952568618805 0.16429485854433554 0.4780080159505209 0.1923076923076923 0.15068493150684928 0.4196078431372549 0.06265315381214023 0.06265315381214023 0.06265315381214023 0.07407407407407401 0.5 0.08108108108108099 0.23076923076923073 0.2823529411764706 0.6078431372549019
0.573216461272151 0.7641482754998135 0.5053818646599265 0.5873983739837398 0.823076923076923 0.47058823529411764 0.03517774937721449 0.03517774937721449 0.03517774937721449 0.5809061488673138 0.5936507936507937 0.6981132075471698 0.8991596638655462 0.4196078431372549 0.5843137254901961
0.23603393184360955 0.28390296528726666 0.6699360566980697 0.22222222222222232 0.1925465838509317 0.611764705882353 0.05996925009592758 0.05996925009592758 0.05996925009592758 0.10795454545454546 0.34722222222222215 0.15483870967741936 0.43315508021390375 0.5529411764705883 0.8235294117647058
0.551005157992309 0.30629451963286897 0.5800450343711704 0.5982905982905983 0.3166666666666667 0.5450980392156862 0.05215580918220661 0.05215580918220661 0.05215580918220661 0.5673076923076924 0.6236559139784945 0.184873949579832 0.3888888888888889 0.4235294117647059 0.8274509803921568
0.48581710393838295 0.45431916377964743 0.5017645742378982 0.5833333333333334 0.49350649350649345 0.5137254901960784 0.028265995445188864 0.028265995445188864 0.028265995445188864 0.4074074074074076 0.5886075949367089 0.32835820895522394 0.5590551181102362 0.403921568627451 0.5568627450980392
0.11569394917132103 0.4181379154754495 0.4656409170113358 0.1149425287356322 0.4016393442622951 0.42745098039215684 0.06194657570751103 0.06194657570751103 0.06194657570751103 0.108843537414966 0.12184873949579832 0.28358208955223885 0.49375 0.2588235294117647 0.6705882352941176
0.5864026252244832 0.3709029607914995 0.6393047257965687 0.6041666666666666 0.38255033557046986 0.6666666666666666 0.03605492127677518 0.03605492127677518 0.03605492127677518 0.5964912280701754 0.6071428571428571 0.2566371681415929 0.48839888543564464 0.45098039215686275 0.8235294117647058
0.49441953935501665 0.4141827438507203 0.46791657092524513 0.5617283950617283 0.39473684210526316 0.5607843137254902 0.05019798734997791 0.05019798734997791 0.05019798734997791 0.4411764705882352 0.5786516853932585 0.26213592233009714 0.5602836879432624 0.16470588235294117 0.7137254901960784
0.13488162964578046 0.5957005504646102 0.6669658586090687 0.04227053140096618 0.6286919831223629 0.807843137254902 0.11536693018472476 0.11536693018472476 0.11536693018472476 0.023364485981308417 0.08938547486033521 0.490566037735849 0.7154811715481172 0.4196078431372549 0.9294117647058824
0.5198446889410394 0.24684516254609642 0.4251579135071998 0.624031007751938 0.2482758620689655 0.4235294117647059 0.05010152330198144 0.05010152330198144 0.05010152330198144 0.41666666666666724 0.6424242424242425 0.08955223880597026 0.36065573770491793 0.2823529411764706 0.5490196078431373
0.354006808583497 0.6114725261068235 0.6379160563151043 0.509009009009009 0.5943396226415094 0.6901960784313725 0.07343896418579511 0.07343896418579511 0.07343896418579511 0.08771929824561404 0.538135593220339 0.43117892655056855 0.8479330045543967 0.44313725490196076 0.8588235294117647
0.5390214720812382 0.6313105497609752 0.7321023978439032 0.5593047034764825 0.735 0.7450980392156863 0.04906264161180087 0.04906264161180087 0.04906264161180087 0.5451807228915663 0.5747863247863247 0.31081081081081086 0.9322033898305084 0.6470588235294118 0.8745098039215686
0.42569747274099673 0.1303202050293561 0.6136314840877759 0.4916666666666667 0.11111111111111108 0.6078431372549019 0.08194373231464254 0.08194373231464254 0.08194373231464254 0.16666666666666666 0.5833333333333334 0.06018518518518524 0.17543859649122795 0.4 0.8392156862745098
0.4577846566532083 0.4518217916948801 0.5204614975873162 0.556547619047619 0.4583333333333333 0.5078431372549019 0.05703253595306881 0.05703253595306881 0.05703253595306881 0.4166666666666667 0.5789473684210527 0.2746113989637305 0.6109225741578682 0.27450980392156865 0.796078431372549
0.5994554287734137 0.544627648951147 0.511474729051777 0.9078947368421052 0.5636363636363637 0.49019607843137253 0.09354964221597194 0.09354964221597194 0.09354964221597194 0.04910714285714285 0.9684684684684685 0.41379310344827586 0.6641221374045801 0.3254901960784314 0.7058823529411764
0.07178035104041061 0.4967649198526095 0.539227294921875 0.07352941176470591 0.4920634920634921 0.5686274509803921 0.06489393185165412 0.06489393185165412 0.06489393185165412 0.05952380952380953 0.08095238095238098 0.42148760330578505 0.6 0.4235294117647059 0.7019607843137254
0.466289541115275 0.31299497562612355 0.4902935551662071 0.6196581196581196 0.2932330827067669 0.49019607843137253 0.03864233361405059 0.03864233361405059 0.03864233361405059 0.08771929824561402 0.6333333333333334 0.22834645669291345 0.475 0.4627450980392157 0.5215686274509804
0.13104589432976296 0.5637398029821338 0.5842271991804534 0.053571428571428575 0.5579328756674296 0.5450980392156862 0.09388369853928284 0.09388369853928284 0.09388369853928284 0.034069981583793735 0.06603773584905658 0.46846846846846846 0.708133971291866 0.43529411764705883 0.8156862745098039
0.22929229112108634 0.2181428018245612 0.4866660922181373 0.08974358974358976 0.21123725109276348 0.45098039215686275 0.06708067456358544 0.06708067456358544 0.06708067456358544 0.06382978723404252 0.3888888888888889 0.12389380530973446 0.2903225806451613 0.22745098039215686 0.7490196078431373
0.2999144262760681 0.24724579212272763 0.6421374751072303 0.18571428571428572 0.23471783079428954 0.6588235294117647 0.06437838776514586 0.06437838776514586 0.06437838776514586 0.08333333333333343 0.5833333333333334 0.13114754098360656 0.3424657534246575 0.596078431372549 0.7254901960784313
0.12649604274774506 0.5082379385667496 0.35272569843367035 0.12152777777777773 0.5 0.32156862745098036 0.06981014327514629 0.06981014327514629 0.06981014327514629 0.11021505376344086 0.1388888888888889 0.2857142857142857 0.6853932584269663 0.058823529411764705 0.5607843137254902
0.5223269450024322 0.31471927075563144 0.4891654220281863 0.6416666666666667 0.22222222222222227 0.47058823529411764 0.08845203720158962 0.08845203720158962 0.08845203720158962 0.19999999999999982 0.6770833333333335 0.09745762711864407 0.4626865671641791 0.25098039215686274 0.7098039215686275
0.5170463265620371 0.3077319396150229 0.49644117168351715 0.5683760683760684 0.2794117647058824 0.5019607843137255 0.02361327265813472 0.02361327265813472 0.02361327265813472 0.5277777777777778 0.5845410628019324 0.2010869565217392 0.4693877551020407 0.4196078431372549 0.5764705882352941
0.48311950437504686 0.19642017831803815 0.45280031690410544 0.6956521739130435 0.17924528301886783 0.40784313725490196 0.08786838730406776 0.08786838730406776 0.08786838730406776 0.016666666666666725 0.8055555555555557 0.05813953488372105 0.27142857142857146 0.33725490196078434 0.5725490196078431
0.6699372154334626 0.2718163383510726 0.5721677892348345 0.6846846846846848 0.2408759124087591 0.6431372549019607 0.07329990416256758 0.07329990416256758 0.07329990416256758 0.6358024691358025 0.7424242424242425 0.1942446043165467 0.3521526888604354 0.4196078431372549 0.7803921568627451
0.45232112701198435 0.6057002583936657 0.6909197639016544 0.5111111111111111 0.6600492610837438 0.7215686274509804 0.0553861456508723 0.0553861456508723 0.0553861456508723 0.3974358974358974 0.5487421383647798 0.40624999999999994 0.8273381294964028 0.5607843137254902 0.8549019607843137
0.09066772420866828 0.6829427464413382 0.8005313050513175 0.05213675213675214 0.7647058823529411 0.9921568627450981 0.14048422461096846 0.14048422461096846 0.14048422461096846 0.03722504230118444 0.07462686567164178 0.5333333333333333 0.7913385826771654 0.5176470588235293 1.0
0.6238370291480052 0.12326832005914862 0.6114564185049018 0.6222222222222222 0.10062893081761005 0.596078431372549 0.0657144559323869 0.0657144559323869 0.0657144559323869 0.6063829787234043 0.6666666666666666 0.05970149253731343 0.17525773195876285 0.5215686274509804 0.7333333333333333
0.6811518723517634 0.27911277032450416 0.5976947859221815 0.6827956989247311 0.27354260089686105 0.580392156862745 0.055703823391825974 0.055703823391825974 0.055703823391825974 0.6545893719806762 0.7159090909090909 0.23417721518987347 0.3257251082251082 0.44313725490196076 0.7607843137254902
0.6122771850332445 0.17223180125275833 0.6456018186083026 0.6166666666666668 0.15032679738562094 0.6078431372549019 0.05680185773294341 0.05680185773294341 0.05680185773294341 0.5857142857142857 0.642156862745098 0.1111111111111111 0.2099447513812155 0.5647058823529412 0.7568627450980392
0.5481415385598783 0.31932704068128914 0.5887411080154719 0.5740740740740741 0.3351648351648352 0.5607843137254902 0.03444486944861297 0.03444486944861297 0.03444486944861297 0.5566666666666666 0.6021505376344086 0.23448275862068962 0.3937007874015748 0.4745098039215686 0.7215686274509804
0.5611576466251007 0.3204669968099451 0.6568638820274204 0.59375 0.33913043478260874 0.5568627450980392 0.052312200262909864 0.052312200262909864 0.052312200262909864 0.5851851851851851 0.6208333333333333 0.2688849733441764 0.3934426229508197 0.4745098039215686 0.9333333333333333
0.5603220807044017 0.4634553341394031 0.6123458563112745 0.5660377358490566 0.41573033707865165 0.580392156862745 0.03166850963970248 0.03166850963970248 0.03166850963970248 0.5563725490196079 0.5710784313725491 0.30102040816326525 0.6260869565217391 0.43529411764705883 0.8117647058823529
0.376001781039902 0.1795684874621732 0.5552599738625921 0.4583333333333324 0.14423076923076927 0.580392156862745 0.0662763635001154 0.0662763635001154 0.0662763635001154 0.17857142857142855 0.5666666666666668 0.0676691729323309 0.2525252525252526 0.3333333333333333 0.788235294117647
0.5810746955255581 0.35958257491348417 0.7032437193627451 0.5833333333333334 0.3127572016460905 0.6588235294117647 0.046914612219043715 0.046914612219043715 0.046914612219043715 0.5422535211267606 0.6209150326797386 0.23626373626373634 0.46341463414634154 0.5725490196078431 0.9490196078431372
0.5690402343291996 0.4297217799149637 0.6682805080039829 0.5730593607305936 0.4134615384615385 0.7294117647058823 0.03188885294498229 0.03188885294498229 0.03188885294498229 0.5641025641025641 0.5783132530120482 0.28378378378378377 0.5578231292517006 0.5176470588235293 0.8156862745098039
0.5513170759720475 0.33444331507094893 0.5669774672564337 0.5628415300546448 0.3723404255319149 0.5843137254901961 0.03172530886114522 0.03172530886114522 0.03172530886114522 0.5296296296296298 0.580952380952381 0.23477240253112885 0.4161073825503356 0.43137254901960786 0.6784313725490196
0.45271317127258565 0.4380760542548123 0.5175349216835172 0.5813008130081301 0.4629100529100528 0.5176470588235293 0.033047964793679406 0.033047964793679406 0.033047964793679406 0.21171171171171177 0.5905349794238683 0.30653266331658297 0.5597014925373134 0.3764705882352941 0.6
0.4899290432613706 0.17297123629825456 0.5395548502604166 0.6333333333333335 0.11450381679389306 0.4980392156862745 0.09639781339849957 0.09639781339849957 0.09639781339849957 0.0666666666666667 0.8124999999999997 0.051282051282051225 0.2564102564102565 0.39215686274509803 0.7764705882352941
0.5384071621388413 0.18517399495509423 0.8230942670036767 0.5512820512820512 0.21465968586387432 0.8470588235294118 0.07506163516423268 0.07506163516423268 0.07506163516423268 0.5151515151515151 0.5869565217391305 0.08675799086757986 0.2686567164179105 0.7686274509803921 0.8666666666666667
0.5071059222785155 0.42694398149889856 0.5789113961014092 0.5752688172043011 0.395185435580452 0.6078431372549019 0.05919477080303306 0.05919477080303306 0.05919477080303306 0.5526315789473685 0.587431693989071 0.24170616113744073 0.569620253164557 0.3176470588235294 0.8156862745098039
0.489819497802732 0.24653959110923962 0.7564757702397366 0.5866666666666667 0.26436781609195403 0.7490196078431373 0.06695679672513345 0.06695679672513345 0.06695679672513345 0.5448717948717949 0.5977011494252873 0.1787709497206704 0.3088235294117647 0.6509803921568628 0.8980392156862745
0.20854984783960095 0.3131889212708355 0.4455428777956495 0.12500000000000006 0.2968393264840183 0.39215686274509803 0.06392873693156857 0.06392873693156857 0.06392873693156857 0.10856269113149848 0.2142857142857143 0.13207547169811315 0.5 0.2 0.6941176470588235
0.6264958842453516 0.11450295866368565 0.6711164885876225 0.6904761904761904 0.08994708994708993 0.6470588235294118 0.09486949793535608 0.09486949793535608 0.09486949793535608 0.6205673758865248 0.7692307692307692 0.0616740088105726 0.13461538461538466 0.5372549019607843 0.8156862745098039
0.42085140015951733 0.12982873017648133 0.636291264552696 0.22222222222222232 0.09340659340659338 0.6666666666666666 0.09352348317195947 0.09352348317195947 0.09352348317195947 0.12499999999999983 0.8222222222222223 0.06976744186046509 0.16860465116279075 0.580392156862745 0.7411764705882353
0.6577359372048146 0.3621010958688057 0.5499163459329044 0.8333333333333334 0.32113821138211385 0.5568627450980392 0.12771562192658115 0.12771562192658115 0.12771562192658115 0.3333333333333333 0.9444444444444445 0.20472440944881895 0.4243748718999795 0.09019607843137255 0.9764705882352941
0.49786238466448707 0.27718676746131926 0.46127887800628053 0.5662100456621005 0.16666666666666666 0.5450980392156862 0.05438946021148682 0.05438946021148682 0.05438946021148682 0.40196078431372556 0.5958333333333333 0.11111111111111116 0.47435897435897445 0.27450980392156865 0.6078431372549019
0.8862579185272914 0.1856499927504392 0.5713719985064338 0.8888888888888888 0.18497109826589594 0.5058823529411764 0.09365334785484962 0.09365334785484962 0.09365334785484962 0.8774509803921569 0.9027777777777777 0.16167664670658677 0.20512820512820512 0.44705882352941173 0.6901960784313725
0.5335491215118643 0.3035486298474296 0.44200421501608467 0.5873983739837398 0.3055555555555555 0.38823529411764707 0.058749135324186436 0.058749135324186436 0.058749135324186436 0.5740740740740741 0.6140350877192983 0.15167873688694816 0.4182692307692308 0.19215686274509802 0.7137254901960784
0.6166157623510906 0.38847253287238626 0.6844773236443016 0.6256038647342995 0.3809523809523809 0.7568627450980392 0.038853824224068086 0.038853824224068086 0.038853824224068086 0.6197916666666666 0.6446078431372549 0.3148148148148149 0.4666666666666667 0.5215686274509804 0.8705882352941177
0.07928170323932077 0.8898914094815695 0.5678141874425552 0.06469298245614036 0.9249999999999999 0.5254901960784314 0.1553455727394872 0.1553455727394872 0.1553455727394872 0.03488372093023256 0.08800000000000001 0.825301204819277 0.9843137254901961 0.24313725490196078 0.9686274509803922
0.34066296030987364 0.3364213258330948 0.49538161333869485 0.47222222222222215 0.30624999999999997 0.4666666666666667 0.050760257061625604 0.050760257061625604 0.050760257061625604 0.07894736842105264 0.5780141843971631 0.19130434782608702 0.4285714285714286 0.34509803921568627 0.6509803921568628
0.5855149315180328 0.4898623092519416 0.4785447064568014 0.5886075949367089 0.5 0.5254901960784314 0.04789184333789232 0.04789184333789232 0.04789184333789232 0.5805860805860806 0.595679012345679 0.2809523809523809 0.7050359712230216 0.18823529411764706 0.6901960784313725
0.56132692748881 0.2833455160010451 0.5319494509229473 0.6216216216216216 0.2635658914728682 0.5215686274509804 0.0629291044440293 0.0629291044440293 0.0629291044440293 0.5833333333333334 0.6923076923076924 0.18965517241379304 0.3423423423423424 0.4196078431372549 0.6196078431372549
0.516401787715806 0.5796383667926951 0.37479696834788606 0.5608974358974359 0.5945945945945945 0.3686274509803922 0.0658755400568752 0.0658755400568752 0.0658755400568752 0.5 0.6045197740112994 0.3357664233576642 0.8666666666666667 0.21568627450980393 0.5019607843137255
0.17027757504188026 0.27588827380639247 0.39740253523284313 0.1097560975609756 0.2619047619047619 0.32941176470588235 0.03520488324638382 0.03520488324638382 0.03520488324638382 0.09444444444444446 0.16666666666666666 0.13043478260869562 0.37837837837837845 0.2784313725490196 0.43529411764705883
0.630562182934836 0.5044456550673171 0.2559667849073223 0.6666666666666666 0.463768115942029 0.26666666666666666 0.06919825084187653 0.06919825084187653 0.06919825084187653 0.6196581196581197 0.6666666666666666 0.28301886792452824 0.75 0.050980392156862744 0.38431372549019605
0.3757671722175383 0.45396763463305795 0.5778812184053309 0.5617283950617283 0.24365482233502536 0.5568627450980392 0.08552896118337329 0.08552896118337329 0.08552896118337329 0.06535947712418304 0.5931899641577061 0.16589861751152069 0.8615384615384616 0.4196078431372549 0.7843137254901961
0.49420424038656025 0.29168886757698875 0.7018572639016545 0.5434782608695651 0.23829787234042554 0.8274509803921568 0.06651365202328648 0.06651365202328648 0.06651365202328648 0.5202020202020201 0.558641975308642 0.1834862385321101 0.3532934131736527 0.4549019607843137 0.9372549019607843
0.5512609435622352 0.30193493452189946 0.7329993752872243 0.5981481481481482 0.36607142857142855 0.8392156862745098 0.05973165070130867 0.05973165070130867 0.05973165070130867 0.5849056603773585 0.6054421768707483 0.15683624801271856 0.4383561643835616 0.5058823529411764 0.8666666666666667
0.5382315840980089 0.6233862299523072 0.5907568838082109 0.5798319327731093 0.6490384615384616 0.6627450980392157 0.03773777723344684 0.03773777723344684 0.03773777723344684 0.5364583333333334 0.5878787878787879 0.527027027027027 0.7428571428571428 0.29411764705882354 0.8392156862745098
0.4873049532686352 0.365510385354175 0.5910196940104168 0.510752688172043 0.3669724770642202 0.611764705882353 0.028354575803254872 0.028354575803254872 0.028354575803254872 0.4731182795698925 0.5355555555555556 0.28037383177570097 0.4444444444444445 0.38823529411764707 0.7764705882352941
0.48901845000497624 0.22651570239521585 0.5745102826286764 0.54 0.23636363636363641 0.6666666666666666 0.06123198544426806 0.06123198544426806 0.06123198544426806 0.4444444444444444 0.576923076923077 0.125 0.31147540983606553 0.27058823529411763 0.8588235294117647
0.6516312729065135 0.1627106469112103 0.501640589096967 0.6428571428571428 0.12380952380952379 0.5294117647058824 0.06404239996041272 0.06404239996041272 0.06404239996041272 0.6153846153846153 0.6875000000000003 0.07692307692307704 0.21739130434782608 0.40784313725490196 0.6352941176470588
0.37294320190735597 0.3068473005103457 0.6412352917241115 0.11517615176151762 0.23423423423423428 0.45098039215686275 0.09646245822272549 0.09646245822272549 0.09646245822272549 0.0687022900763359 0.6904761904761906 0.16504854368932034 0.4642857142857143 0.36470588235294116 0.9921568627450981
0.11559551136603227 0.6647702462680691 0.9094646977443321 0.11333333333333333 0.676 0.9921568627450981 0.1276102319880257 0.1276102319880257 0.1276102319880257 0.08265582655826559 0.15541922290388546 0.5720000000000001 0.7568627450980392 0.9098039215686274 1.0
0.428325332889196 0.5762680929305793 0.6533112170649511 0.5778985507246377 0.5991735537190083 0.6745098039215687 0.08093383286406601 0.08093383286406601 0.08093383286406601 0.11224489795918367 0.5879629629629629 0.2589285714285714 0.8672566371681416 0.4196078431372549 0.9098039215686274
0.27360147211837527 0.17179218813032285 0.6792990890203738 0.05952380952380962 0.17391304347826086 0.6941176470588235 0.1045625069278031 0.1045625069278031 0.1045625069278031 0.04814814814814818 0.7121212121212119 0.07614213197969545 0.21476510067114102 0.5607843137254902 0.792156862745098
0.523330536282326 0.06659155597633258 0.7767505720549938 0.6416666666666667 0.03418803418803419 0.9176470588235294 0.1326190200585535 0.1326190200585535 0.1326190200585535 0.543010752688172 0.6944444444444451 0.020202020202020273 0.08368200836820089 0.6274509803921569 0.9372549019607843
0.5246152944863411 0.32368157271299824 0.5875009574142156 0.5693069306930693 0.3243243243243243 0.6431372549019607 0.05340621451885633 0.05340621451885633 0.05340621451885633 0.550595238095238 0.6157407407407408 0.16 0.4635761589403974 0.4784313725490196 0.7294117647058823
0.5301707929820654 0.6123617635243396 0.6507717356962317 0.5919540229885057 0.6383977624612927 0.6823529411764706 0.06083115019926718 0.06083115019926718 0.06083115019926718 0.5827338129496403 0.6066666666666667 0.37755102040816324 0.9166666666666666 0.5372549019607843 0.8392156862745098
0.10863373319891133 0.8464577907814954 0.476840150122549 0.10493827160493825 0.9572649572649573 0.4666666666666667 0.12394170201098832 0.12394170201098832 0.12394170201098832 0.09215686274509804 0.11666666666666665 0.7254901960784313 0.9951690821256038 0.32941176470588235 0.580392156862745
0.1239720225122806 0.5098848710655416 0.6329528808593751 0.08333333333333337 0.5248868778280543 0.7725490196078432 0.10580941923180646 0.10580941923180646 0.10580941923180646 0.07142857142857142 0.08923884514435693 0.4018691588785047 0.6440677966101694 0.39215686274509803 0.8705882352941177
0.3249001018271085 0.2004832724620808 0.5767132927389707 0.3846153846153845 0.16666666666666674 0.5568627450980392 0.05463298706297499 0.05463298706297499 0.05463298706297499 0.12000000000000002 0.527777777777778 0.09999999999999998 0.25961538461538464 0.4549019607843137 0.7019607843137254
0.40839645244568035 0.13306421144474834 0.5945589551738665 0.40196078431372556 0.15126050420168072 0.6039215686274509 0.053728578892186594 0.053728578892186594 0.053728578892186594 0.3333333333333333 0.532051282051282 0.08130081300813014 0.17261904761904767 0.45098039215686275 0.6745098039215687
0.45237871317175854 0.5725728139370722 0.726133877623315 0.5233333333333333 0.5609756097560975 0.8 0.05254807583148278 0.05254807583148278 0.05254807583148278 0.4034090909090909 0.5397435897435897 0.41326530612244894 0.7164371441760271 0.5764705882352941 0.9372549019607843
0.22792118708295078 0.36731619989711767 0.5952825209673713 0.07575757575757576 0.35146443514644354 0.5607843137254902 0.07969075561960846 0.07969075561960846 0.07969075561960846 0.03703703703703704 0.11985018726591762 0.2821730824534735 0.442490590987692 0.4627450980392157 0.7568627450980392
0.4433024556155758 0.26979448684685353 0.44185767080269606 0.6166666666666666 0.1935483870967742 0.40784313725490196 0.07427187556174798 0.07427187556174798 0.07427187556174798 0.0737704918032787 0.6444444444444445 0.09375 0.39495798319327735 0.2627450980392157 0.611764705882353
0.5229444101276182 0.4322019257127294 0.6085392372280943 0.5576923076923077 0.4536082474226804 0.6352941176470588 0.030777322826944346 0.030777322826944346 0.030777322826944346 0.5300546448087432 0.5816993464052288 0.39459459459459456 0.47916666666666663 0.4980392156862745 0.7490196078431373
0.333300803267377 0.28824696401462724 0.568990131452972 0.07333333333333326 0.29411764705882354 0.6 0.10162129485802424 0.10162129485802424 0.10162129485802424 0.03958333333333333 0.7246376811594203 0.18181818181818174 0.4182692307692308 0.2588235294117647 0.8862745098039215
0.20944724424802796 0.43757726649290907 0.3871581432866115 0.15909090909090912 0.37499999999999994 0.3686274509803922 0.06643668185642813 0.06643668185642813 0.06643668185642813 0.11240310077519378 0.2878787878787879 0.21609637168895326 0.6 0.10980392156862745 0.596078431372549
0.5744074023344319 0.3577406955605711 0.6090929218367035 0.5833333333333334 0.35384615384615375 0.6431372549019607 0.035005262737149864 0.035005262737149864 0.035005262737149864 0.5634920634920634 0.6058823529411764 0.23124096820809248 0.4411764705882354 0.48627450980392156 0.7647058823529411
0.5430498703781866 0.556292338728777 0.5488128662109374 0.5478927203065135 0.544 0.5254901960784314 0.006240743529282111 0.006240743529282111 0.006240743529282111 0.5392156862745098 0.5561797752808989 0.488095238095238 0.6216216216216217 0.4666666666666667 0.6549019607843137
0.22008205400787342 0.5230843682722938 0.4172795314414829 0.18699186991869918 0.5161290322580645 0.34509803921568627 0.06504594571513511 0.06504594571513511 0.06504594571513511 0.10569105691056913 0.23765432098765432 0.36206896551724144 0.6839378238341969 0.21568627450980393 0.6078431372549019
0.2994917596720243 0.7282553376426457 0.45107792873008573 0.023364485981308414 0.7407407407407407 0.4196078431372549 0.11875506297275916 0.11875506297275916 0.11875506297275916 0.015350877192982455 0.9568965517241379 0.6666666666666667 0.8018867924528302 0.2588235294117647 0.611764705882353
0.6016872296613338 0.24754791746039034 0.6793166216681986 0.6093189964157706 0.22314049586776852 0.6078431372549019 0.054241008422273564 0.054241008422273564 0.054241008422273564 0.6031746031746031 0.6130952380952381 0.17592592592592596 0.34334763948497854 0.4784313725490196 0.8901960784313725
0.4456140755966294 0.1421230450276029 0.522511141907935 0.5545454545454546 0.0914634146341462 0.5490196078431373 0.07896607250227185 0.07896607250227185 0.07896607250227185 0.07407407407407383 0.638888888888889 0.03592814371257489 0.184873949579832 0.3686274509803922 0.6784313725490196
0.4074672141068044 0.5143501978625784 0.536794984106924 0.4705882352941176 0.46539216133594924 0.580392156862745 0.06202672114834599 0.06202672114834599 0.06202672114834599 0.2564102564102564 0.5199004975124378 0.3133640552995391 0.6666666666666667 0.2784313725490196 0.8392156862745098
0.5691880239529853 0.355258725543739 0.7051821839575674 0.5790960451977402 0.35 0.6745098039215687 0.04732795824542365 0.04732795824542365 0.04732795824542365 0.5444444444444444 0.6035353535353535 0.25423728813559326 0.4344827586206897 0.5529411764705883 0.9098039215686274
0.6281398436502149 0.5060765884622025 0.7672730090571387 0.6136950904392765 0.5059760956175299 0.8784313725490196 0.04301424174658746 0.04301424174658746 0.04301424174658746 0.6060606060606061 0.6722846441947565 0.3849469728894508 0.5856715993170176 0.7019607843137254 0.9725490196078431
0.14155978375480696 0.48515449797353993 0.4735072117225797 0.12962962962962962 0.4590679451489844 0.403921568627451 0.06709555688292967 0.06709555688292967 0.06709555688292967 0.10077519379844962 0.1692307692307692 0.31578947368421056 0.6423357664233577 0.27058823529411763 0.6245098039215686
0.09729944888008127 0.49371796256592326 0.3762972364238664 0.04273504273504272 0.5180722891566265 0.3686274509803922 0.05733088800358099 0.05733088800358099 0.05733088800358099 0.03166666666666667 0.05555555555555558 0.4 0.6 0.24705882352941178 0.49019607843137253
0.5856899015393024 0.6267141887544624 0.528973149318321 0.6406727828746177 0.7096774193548387 0.5686274509803921 0.04228661888298931 0.04228661888298931 0.04228661888298931 0.594551282051282 0.6481481481481481 0.5925925925925926 0.75 0.3686274509803922 0.6431372549019607
0.4789936597401593 0.5445709368134359 0.5643946628944547 0.6058558558558559 0.5399999999999999 0.5529411764705883 0.06292408109393721 0.06292408109393721 0.06292408109393721 0.2388888888888889 0.6304347826086957 0.401673640167364 0.640625 0.2549019607843137 0.9058823529411765
0.4842316451275666 0.21927574667557143 0.5118110207950368 0.6382978723404255 0.19626168224299062 0.403921568627451 0.08486796767691246 0.08486796767691246 0.08486796767691246 0.09663358096861935 0.7500000000000001 0.12790697674418608 0.2908366533864542 0.28627450980392155 0.6980392156862745
0.5915661566253139 0.19456051197493263 0.696610933191636 0.5919540229885057 0.1958041958041958 0.7411764705882353 0.05797075248839109 0.05797075248839109 0.05797075248839109 0.5866666666666667 0.5989583333333334 0.1575757575757577 0.23333333333333334 0.5333333333333333 0.8431372549019608
0.606162611346628 0.1718153837945149 0.6522867838541666 0.6045751633986928 0.1822916666666666 0.6313725490196078 0.05492869848123865 0.05492869848123865 0.05492869848123865 0.5808080808080808 0.6333333333333333 0.13612565445026173 0.2229729729729729 0.5843137254901961 0.7372549019607844
0.27621958519267037 0.4371548983655214 0.43662779564950976 0.11111111111111116 0.39473684210526316 0.4666666666666667 0.10530289802796612 0.10530289802796612 0.10530289802796612 0.03333333333333333 0.5595238095238095 0.19999999999999996 0.7 0.16862745098039217 0.6941176470588235
0.6169747520446905 0.0999970120247716 0.701920991785386 0.6219512195121951 0.0844444444444444 0.8274509803921568 0.10753299030824824 0.10753299030824824 0.10753299030824824 0.5333333333333334 0.7380952380952378 0.05376344086021502 0.1212121212121212 0.4 0.8980392156862745
0.4600146867207179 0.2584061620875915 0.6723076315487132 0.596969696969697 0.2274881516587678 0.7019607843137254 0.06201571325335988 0.06201571325335988 0.06201571325335988 0.19696969696969688 0.619718309859155 0.13265306122448978 0.3846153846153846 0.6509803921568628 0.7764705882352941
0.5417780110523336 0.3146232136698531 0.5102489396637561 0.5888888888888889 0.28378378378378377 0.5529411764705883 0.04353754394348999 0.04353754394348999 0.04353754394348999 0.5791666666666666 0.5982905982905983 0.18589743589743596 0.3987031521469347 0.42745098039215684 0.6235294117647059
0.5549670448286625 0.27385606617716735 0.5205436556946997 0.6759259259259259 0.2205882352941177 0.4784313725490196 0.08448531911959768 0.08448531911959768 0.08448531911959768 0.15641025641025638 0.75 0.16438356164383564 0.3294117647058824 0.2901960784313725 0.7176470588235294
0.5198480635086402 0.39923552234264525 0.7197203393075982 0.5297619047619048 0.41477272727272724 0.7764705882352941 0.049353626548095525 0.049353626548095525 0.049353626548095525 0.5191570881226054 0.54320987654321 0.20171673819742492 0.5692307692307692 0.5764705882352941 0.8941176470588235
0.6407101292035695 0.24321388546166245 0.549253635780484 0.6421568627450981 0.17318435754189948 0.5529411764705883 0.04129850214210778 0.04129850214210778 0.04129850214210778 0.6098484848484849 0.6533333333333334 0.13772455089820362 0.3693693693693693 0.4156862745098039 0.6745098039215687
0.3876744820950604 0.46698310070455423 0.678735471239277 0.4613095238095238 0.4782608695652174 0.7294117647058823 0.10231024227233958 0.10231024227233958 0.10231024227233958 0.265625 0.5683760683760684 0.042714789160286766 0.82 0.43529411764705883 0.9921568627450981
0.3992608821875925 0.40205781714739186 0.411285400390625 0.5387666620543332 0.32989690721649484 0.32156862745098036 0.07607448665936284 0.07607448665936284 0.07607448665936284 0.06969696969696966 0.5729166666666666 0.19642857142857148 0.55 0.22352941176470587 0.5490196078431373
0.3774823540438067 0.506055155008338 0.6737877340877758 0.4875 0.5393939393939394 0.6588235294117647 0.08879159280839981 0.08879159280839981 0.08879159280839981 0.10087719298245613 0.5786384976525821 0.18823529411764706 0.8375267094017094 0.4784313725490196 0.9372549019607843
0.1955290520646173 0.7513110820848214 0.4931955973307292 0.05555555555555557 0.7407407407407407 0.4117647058823529 0.12864000969847925 0.12864000969847925 0.12864000969847925 0.028846153846153837 0.07738095238095238 0.5514705882352942 0.9534883720930233 0.2588235294117647 0.7098039215686275
0.4974018985095777 0.31358973597772194 0.5248423258463542 0.5707070707070706 0.3048780487804878 0.43529411764705883 0.048244592779781076 0.048244592779781076 0.048244592779781076 0.46913580246913583 0.6431924882629109 0.2337662337662338 0.3970588235294118 0.3176470588235294 0.7333333333333333
0.41855611436287227 0.29862048165324034 0.7197556439568017 0.5620915032679739 0.30769230769230765 0.7686274509803921 0.06561579821153522 0.06561579821153522 0.06561579821153522 0.1428571428571426 0.5807291666666666 0.09950248756218899 0.3394511149228131 0.611764705882353 0.8
0.5769178440281734 0.4272733919410799 0.43761584712009804 0.6097560975609756 0.4174534604079451 0.3568627450980392 0.0498865519614383 0.0498865519614383 0.0498865519614383 0.5851851851851851 0.6271929824561403 0.2608695652173913 0.5777777777777777 0.26666666666666666 0.5843137254901961
0.08249451504923845 0.8067241898918703 0.5555637733609069 0.07622739018087854 0.823529411764706 0.5568627450980392 0.10729903851538407 0.10729903851538407 0.10729903851538407 0.06930693069306933 0.08743169398907104 0.7768595041322314 0.8571428571428571 0.4235294117647059 0.6901960784313725
0.35613971384424736 0.34261685223557065 0.3146610633999694 0.16666666666666666 0.3550724637681159 0.2784313725490196 0.04788074385043325 0.04788074385043325 0.04788074385043325 0.08139534883720934 0.6222222222222222 0.24675324675324672 0.4285714285714286 0.1411764705882353 0.45098039215686275
0.4442803862036736 0.462216704887385 0.6168325386795345 0.5576923076923077 0.4636363636363636 0.7294117647058823 0.060075821901043346 0.060075821901043346 0.060075821901043346 0.18253968253968256 0.6187943262411347 0.36199095022624433 0.5510204081632653 0.4235294117647059 0.8431372549019608
0.4629032188802934 0.07215532908826292 0.7764792049632353 0.5740740740740741 0.05263157894736853 0.8274509803921568 0.1226871035933297 0.1226871035933297 0.1226871035933297 0.3333333333333333 0.6250000000000001 0.010139465723222175 0.12751677852349005 0.6 0.9686274509803922
0.44752763210082036 0.3008119852119088 0.4593582452512255 0.5454545454545454 0.2011494252873564 0.4392156862745098 0.07139748708056091 0.07139748708056091 0.07139748708056091 0.21428571428571427 0.5745614035087719 0.12389380530973446 0.4166666666666667 0.17254901960784313 0.7333333333333333
0.541325701331583 0.6010502797878735 0.3507350547640931 0.5608974358974359 0.65 0.3176470588235294 0.04122096339004005 0.04122096339004005 0.04122096339004005 0.5166666666666667 0.5857142857142857 0.55 0.7431192660550459 0.16862745098039217 0.5019607843137255
0.06802864352987152 0.6798391258379315 0.5284398696001839 0.0625 0.688622754491018 0.5882352941176471 0.1208863950432187 0.1208863950432187 0.1208863950432187 0.04567901234567901 0.07482993197278913 0.5960264900662252 0.777310924369748 0.0784313725490196 0.8745098039215686
0.5765304540524339 0.17765501665386538 0.6026637657015932 0.6031746031746031 0.15263157894736848 0.6274509803921569 0.0616936729240845 0.0616936729240845 0.0616936729240845 0.5782927628882879 0.6212121212121213 0.10135135135135119 0.25454545454545463 0.4666666666666667 0.7450980392156863
0.41299012728173734 0.11259551721624818 0.5140756046070771 0.4444444444444447 0.073170731707317 0.5490196078431373 0.039704279970730866 0.039704279970730866 0.039704279970730866 0.2857142857142859 0.5294117647058824 0.04575163398692813 0.16999999999999996 0.4196078431372549 0.6
0.35947561931441097 0.37980568878036286 0.5850673301547181 0.13333333333333353 0.3711790393013101 0.5843137254901961 0.07527341477419064 0.07527341477419064 0.07527341477419064 0.05555555555555555 0.6891025641025642 0.26775956284153 0.48148148148148145 0.4666666666666667 0.7098039215686275
0.09867758956466177 0.6049415756098112 0.5267952114928002 0.10042735042735042 0.5746268656716418 0.5058823529411764 0.06981474389603719 0.06981474389603719 0.06981474389603719 0.0803030303030303 0.11538461538461538 0.5033557046979866 0.6874999999999999 0.38823529411764707 0.5882352941176471
0.47508741262641063 0.4218999610427312 0.5179090312882966 0.5555555555555556 0.4473684210526315 0.4588235294117647 0.05202176799683258 0.05202176799683258 0.05202176799683258 0.5333333333333332 0.5632183908045977 0.12931034482758624 0.6666666666666667 0.3529411764705882 0.6862745098039216
0.4755006013147143 0.5354267223295354 0.7546004949831495 0.5555555555555555 0.576036866359447 0.8156862745098039 0.03854286315721089 0.03854286315721089 0.03854286315721089 0.5396825396825397 0.5748945147679324 0.4193065481939347 0.6682027649769585 0.6941176470588235 0.8470588235294118
0.5732170351736823 0.2927191445813848 0.5056379729626226 0.6311111111111111 0.2783505154639174 0.4156862745098039 0.05487592781324487 0.05487592781324487 0.05487592781324487 0.6206896551724138 0.6481481481481483 0.1707317073170731 0.3901098901098901 0.34509803921568627 0.6784313725490196
0.5758326768627201 0.3901662475288437 0.7461864995021448 0.5761316872427984 0.33333333333333326 0.8 0.03997756482147197 0.03997756482147197 0.03997756482147197 0.5711111111111111 0.580952380952381 0.2657657657657658 0.49122807017543857 0.6392156862745098 0.8549019607843137
0.4723809322078772 0.6113042525777054 0.589073091394761 0.6004140786749482 0.6984924623115578 0.7411764705882353 0.07527520812369988 0.07527520812369988 0.07527520812369988 0.5582010582010583 0.6103896103896104 0.36666666666666664 0.815 0.27450980392156865 0.8156862745098039
0.3604450502385834 0.3750737774533369 0.3851463766659007 0.5399999999999999 0.3642384105960265 0.2823529411764706 0.04215715488043397 0.04215715488043397 0.04215715488043397 0.10638297872340428 0.5666666666666667 0.2894736842105263 0.47058823529411764 0.2 0.5490196078431373
0.2638080012276906 0.3670560117253605 0.567086732153799 0.08666666666666666 0.3764705882352941 0.596078431372549 0.04605233831069377 0.04605233831069377 0.04605233831069377 0.07894736842105264 0.6151960784313726 0.31213872832369943 0.4429530201342282 0.4588235294117647 0.6509803921568628
0.5705689214173462 0.4249238582215382 0.3737470439836091 0.5989583333333334 0.38 0.30196078431372547 0.0665309477073517 0.0665309477073517 0.0665309477073517 0.5808080808080808 0.6875 0.24675324675324672 0.6117021276595745 0.2196078431372549 0.36470588235294116
0.4862581058404666 0.24777429324544126 0.5478261311848958 0.536036036036036 0.18736702127659566 0.5215686274509804 0.03680720754344591 0.03680720754344591 0.03680720754344591 0.4567901234567901 0.5909090909090909 0.13071895424836594 0.37323943661971837 0.4745098039215686 0.5647058823529412
0.556947649500262 0.43394048680364083 0.49441528320312494 0.5804597701149425 0.4368421052631579 0.5019607843137255 0.038014182586068 0.038014182586068 0.038014182586068 0.5490196078431373 0.5915492957746479 0.27272727272727265 0.5490196078431373 0.34509803921568627 0.6666666666666666
0.057586006176940034 0.5678660951972881 0.6145500631893382 0.05182072829131653 0.6038647342995169 0.580392156862745 0.09841870195939106 0.09841870195939106 0.09841870195939106 0.03932584269662922 0.07380952380952381 0.38095238095238093 0.7291044156706507 0.4 0.8823529411764706
0.445663530228824 0.49863880154020307 0.5058498606962317 0.5730994152046783 0.5167785234899329 0.4823529411764706 0.04202842825895126 0.04202842825895126 0.04202842825895126 0.14285714285714288 0.5844155844155844 0.37378640776699035 0.5775862068965517 0.4156862745098039 0.5490196078431373
0.5176233587767263 0.35378128567285483 0.6278254490272671 0.58675799086758 0.38607594936708867 0.6784313725490196 0.037433328261385686 0.037433328261385686 0.037433328261385686 0.5386473429951691 0.5938697318007663 0.2956989247311828 0.42682926829268286 0.5764705882352941 0.7333333333333333
0.07814632876795026 0.835216172667942 0.7009717155905331 0.06545209176788123 0.8988764044943821 0.7764705882352941 0.1475857453523942 0.1475857453523942 0.1475857453523942 0.05721393034825872 0.07870370370370372 0.7572815533980582 0.9568627450980393 0.42745098039215684 0.9921568627450981
0.49506876002844746 0.26352009775422375 0.5702639112285539 0.5333333333333333 0.23893805309734506 0.5882352941176471 0.04392499501761276 0.04392499501761276 0.04392499501761276 0.5 0.5517241379310344 0.13580246913580235 0.3289473684210526 0.4117647058823529 0.6745098039215687
0.33748512464880975 0.28876768485524995 0.41175219965916054 0.13888888888888865 0.2777777777777778 0.36470588235294116 0.05807225686716203 0.05807225686716203 0.05807225686716203 0.05925925925925926 0.6172839506172839 0.1630434782608696 0.4013157894736842 0.24313725490196078 0.5529411764705883
0.39291203528637497 0.39290525152804673 0.41025803509880515 0.10657596371882087 0.3485477178423236 0.27450980392156865 0.09575302425188409 0.09575302425188409 0.09575302425188409 0.041666666666666664 0.8888888888888888 0.26388888888888895 0.49606299212598426 0.2196078431372549 0.580392156862745
0.5400300696638641 0.4630651727551459 0.6801702761182598 0.5445544554455446 0.46478873239436624 0.6980392156862745 0.03284547506251006 0.03284547506251006 0.03284547506251006 0.5182926829268293 0.5687830687830687 0.33962264150943383 0.5496688741721855 0.5215686274509804 0.8862745098039215
0.4550306164401392 0.6353660930211499 0.5853956633923101 0.48611111111111116 0.6868686868686869 0.6431372549019607 0.028747210472234438 0.028747210472234438 0.028747210472234438 0.45265151515151514 0.49094202898550726 0.5728643216080402 0.7606382978723404 0.4627450980392157 0.7372549019607844
0.3650199925053395 0.40310251716055323 0.6537837009803923 0.43333333333333335 0.39436619718309857 0.6901960784313725 0.058673557190455285 0.058673557190455285 0.058673557190455285 0.1929824561403509 0.49572649572649574 0.28787878787878773 0.4774193548387097 0.4784313725490196 0.8980392156862745
0.5162373597717906 0.41241671477911146 0.31143918504901963 0.5517241379310345 0.364406779661017 0.27058823529411763 0.04650029366711108 0.04650029366711108 0.04650029366711108 0.5333333333333332 0.5729166666666666 0.2142857142857143 0.6129032258064516 0.1843137254901961 0.4117647058823529
0.35853215926620957 0.49905943692767474 0.5560325472962623 0.4393939393939394 0.574468085106383 0.6941176470588235 0.08571047796317867 0.08571047796317867 0.08571047796317867 0.06018518518518518 0.625 0.29508196721311464 0.7149122807017544 0.2588235294117647 0.8549019607843137
0.6990406669331573 0.14707173559781847 0.7240498262293198 0.7666666666666669 0.059574468085106295 0.7254901960784313 0.11207041060735619 0.11207041060735619 0.11207041060735619 0.5808080808080808 0.85 0.046610169491525494 0.15384615384615374 0.6235294117647059 0.9058823529411765
0.4578932949612936 0.5905772647642431 0.6211916456035539 0.5539215686274509 0.6194690265486725 0.6392156862745098 0.050752545161084565 0.050752545161084565 0.050752545161084565 0.19680851063829785 0.5833333333333334 0.45637583892617456 0.724867724867725 0.4549019607843137 0.8352941176470589
0.1377616868748106 0.5589547333883212 0.5132772408279719 0.12152777777777779 0.5714285714285715 0.4784313725490196 0.08497008055444921 0.08497008055444921 0.08497008055444921 0.11419753086419754 0.14124293785310735 0.49599999999999994 0.6250000000000001 0.18823529411764706 0.8392156862745098
0.10006844026730541 0.5906195807232784 0.5261433919270833 0.08796296296296297 0.6076923076923076 0.4549019607843137 0.09966546684047706 0.09966546684047706 0.09966546684047706 0.07478632478632478 0.11224489795918367 0.3727272727272728 0.8150684931506849 0.3137254901960784 0.7372549019607844
0.5375948332559378 0.4138834103339315 0.6039174397786458 0.5780141843971631 0.3931034482758621 0.615686274509804 0.05160722407879525 0.05160722407879525 0.05160722407879525 0.5612244897959183 0.587719298245614 0.2431372549019608 0.5142857142857142 0.3411764705882353 0.8235294117647058
0.5069921152902085 0.4619522319912728 0.49827916762408087 0.5555555555555555 0.49599999999999994 0.4980392156862745 0.035705352417180876 0.035705352417180876 0.035705352417180876 0.5 0.5914634146341463 0.3209732988802756 0.6048387096774194 0.36470588235294116 0.5254901960784314
0.49789972354446893 0.5273368431625126 0.6850830078125001 0.573490813648294 0.630601939519137 0.7568627450980392 0.06650982304935961 0.06650982304935961 0.06650982304935961 0.4523809523809524 0.5798403193612774 0.21505376344086022 0.7972350230414748 0.5725490196078431 0.8431372549019608
0.06929406963847334 0.7724033159037504 0.35277321011412377 0.06666666666666667 0.7379310344827585 0.37254901960784315 0.10794853030583314 0.10794853030583314 0.10794853030583314 0.04901960784313725 0.07638888888888888 0.6869565217391305 0.90625 0.13725490196078433 0.48627450980392156
0.7392466720103563 0.26965347074194307 0.5114889705882352 0.7051282051282052 0.21705426356589147 0.5058823529411764 0.05573687668828978 0.05573687668828978 0.05573687668828978 0.6296296296296297 0.8666666666666666 0.17857142857142863 0.34090909090909083 0.4588235294117647 0.5490196078431373
0.6002618393659771 0.5220251146343099 0.49957915661381735 0.6041666666666666 0.5403225806451614 0.5019607843137255 0.04212606466933013 0.04212606466933013 0.04212606466933013 0.5952380952380952 0.6136363636363636 0.25362318840579706 0.7678571428571429 0.396078431372549 0.592156862745098
0.36912286776080394 0.37692794654922945 0.5785774978936887 0.4617117117117117 0.3595138429903797 0.6392156862745098 0.06680115218369548 0.06680115218369548 0.06680115218369548 0.1333333333333333 0.517799352750809 0.24025974025974026 0.49411764705882344 0.3176470588235294 0.8352941176470589
0.361647217414292 0.2880137241918231 0.6814642214307596 0.2380952380952381 0.18633540372670812 0.6705882352941176 0.06424552260885034 0.06424552260885034 0.06424552260885034 0.13333333333333333 0.6127450980392157 0.158974358974359 0.4375 0.6078431372549019 0.7686274509803921
0.34593192970146386 0.2389487914419825 0.49773128733915434 0.4895833333333333 0.18032786885245897 0.5098039215686274 0.04817625736245262 0.04817625736245262 0.04817625736245262 0.11538461538461536 0.5454545454545455 0.12121212121212128 0.2891566265060241 0.40784313725490196 0.6235294117647059
0.5809685679028701 0.4719593423626001 0.5539153454350491 0.5905797101449276 0.4930232558139535 0.5176470588235293 0.07117515053334338 0.07117515053334338 0.07117515053334338 0.5698412698412699 0.6159420289855072 0.1826384752829065 0.73 0.32156862745098036 0.8117647058823529
0.05699219753183319 0.5921363882363623 0.6288571825214461 0.04195011337868481 0.5863636363636363 0.8 0.10203274945833712 0.10203274945833712 0.10203274945833712 0.035279805352798066 0.048611111111111105 0.5370370370370371 0.6538461538461539 0.403921568627451 0.8784313725490196
0.5001686559075976 0.5452217842309068 0.6096752091950062 0.5617283950617283 0.5321637426900585 0.6235294117647059 0.07814742898175601 0.07814742898175601 0.07814742898175601 0.5324074074074074 0.5852382840028189 0.24154077622205844 0.8661417322834646 0.4156862745098039 0.8588235294117647
0.5518852805410944 0.14448897118820414 0.5619561288871017 0.633333333333333 0.12574850299401202 0.5333333333333333 0.06762198924237588 0.06762198924237588 0.06762198924237588 0.5833333333333335 0.6578947368421053 0.08661417322834648 0.17679558011049723 0.44705882352941173 0.7137254901960784
0.5675332109841725 0.1655385856211926 0.743651087143842 0.573170731707317 0.12777777777777766 0.8235294117647058 0.08053772571050864 0.08053772571050864 0.08053772571050864 0.5588235294117646 0.5833333333333334 0.08181818181818191 0.21951219512195116 0.6588235294117647 0.8941176470588235
0.5563906007918807 0.47748460334235887 0.45568500593596817 0.5847457627118644 0.5111111111111111 0.38823529411764707 0.02166715130192771 0.02166715130192771 0.02166715130192771 0.576923076923077 0.5931372549019608 0.37790697674418605 0.5918367346938775 0.3529411764705882 0.6549019607843137
0.5546644569388086 0.211908308804244 0.5178746840533088 0.6217948717948719 0.19642857142857148 0.5294117647058824 0.04496180021469542 0.04496180021469542 0.04496180021469542 0.6123188405797101 0.6470588235294118 0.12878787878787867 0.30985915492957755 0.4745098039215686 0.5607843137254902
0.4762615194417921 0.22417012074123033 0.5932881074793199 0.5499999999999999 0.21827411167512697 0.6705882352941176 0.06293160713455424 0.06293160713455424 0.06293160713455424 0.38888888888888884 0.5683760683760685 0.14049586776859502 0.27388535031847144 0.36470588235294116 0.8
0.3890541121555495 0.09697834798204788 0.6938304826325061 0.4166666666666667 0.06465517241379312 0.7843137254901961 0.08641046911284296 0.08641046911284296 0.08641046911284296 0.21212121212121246 0.5448717948717948 0.03980099502487562 0.1214953271028037 0.5254901960784314 0.8509803921568627
0.43667829551938664 0.13568738417180415 0.5340001723345588 0.2666666666666669 0.09433962264150937 0.5176470588235293 0.09437954020255807 0.09437954020255807 0.09437954020255807 0.13333333333333328 0.8125 0.048245614035087675 0.16149068322981364 0.3176470588235294 0.7647058823529411
0.49127192545832865 0.6321256706054168 0.39269277535232844 0.5878787878787879 0.6666666666666666 0.36470588235294116 0.06805902787658226 0.06805902787658226 0.06805902787658226 0.5289855072463768 0.5985915492957746 0.5164835164835165 0.8 0.14901960784313725 0.6313725490196078
0.6528575356073207 0.684344780712197 0.5685789220473346 0.5879629629629629 0.75 0.6901960784313725 0.06723308805834648 0.06723308805834648 0.06723308805834648 0.5663082437275985 0.7043010752688171 0.5093457943925234 0.9230769230769231 0.24705882352941178 0.8705882352941177
0.6504108699423736 0.405338189285295 0.5679991479013481 0.6097222222222222 0.36608828227094525 0.5568627450980392 0.052550109091495135 0.052550109091495135 0.052550109091495135 0.5970149253731344 0.7058823529411766 0.11764705882352941 0.7030303030303031 0.4745098039215686 0.6627450980392157
0.524675749504393 0.14763753800766083 0.7357745600681679 0.5833333333333334 0.109452736318408 0.7529411764705882 0.07252046311495715 0.07252046311495715 0.07252046311495715 0.4722222222222223 0.5952380952380951 0.048458149779735636 0.251497005988024 0.6392156862745098 0.8509803921568627
0.5806255906201625 0.15526087737203312 0.5465661142386641 0.6123188405797101 0.13661202185792348 0.5411764705882353 0.06430767284499918 0.06430767284499918 0.06430767284499918 0.603448275862069 0.6333333333333334 0.06722689075630252 0.2433862433862434 0.37254901960784315 0.7137254901960784
0.6452062797490872 0.6562176065497876 0.7366397034888176 0.6426940639269406 0.654884608710741 0.8 0.01931166334047128 0.01931166334047128 0.01931166334047128 0.6348484848484849 0.6598915989159891 0.5765306122448979 0.7073170731707317 0.7098039215686275 0.8509803921568627
0.34850160269603325 0.36395411123302257 0.5908797320197611 0.19135802469135796 0.31827458256029684 0.5411764705882353 0.07334474796343535 0.07334474796343535 0.07334474796343535 0.09429824561403509 0.6004273504273504 0.22881355932203393 0.42658144607685894 0.4196078431372549 0.8509803921568627
0.5574074412519064 0.20116367803264767 0.5697496002795649 0.565217391304348 0.15789473684210525 0.6901960784313725 0.07202368704126982 0.07202368704126982 0.07202368704126982 0.5486111111111112 0.5789473684210527 0.10697674418604652 0.26490066225165565 0.16470588235294117 0.8509803921568627
0.5566827765287331 0.5632913992393707 0.767144895067402 0.6006711409395974 0.6055045871559632 0.8313725490196078 0.03416056200594508 0.03416056200594508 0.03416056200594508 0.529874213836478 0.6055900621118012 0.5020080321285141 0.695906432748538 0.611764705882353 0.9333333333333333
0.5460136010288336 0.2654141466295752 0.7026138006472121 0.5729166666666666 0.2727272727272727 0.7803921568627451 0.06803013232845119 0.06803013232845119 0.06803013232845119 0.5229885057471265 0.5922619047619048 0.11507936507936511 0.38095238095238093 0.43529411764705883 0.9882352941176471
0.4920002820830273 0.2244684741581588 0.5989939970128676 0.5601851851851852 0.19230769230769235 0.5686274509803921 0.065242157048168 0.065242157048168 0.065242157048168 0.5333333333333331 0.587719298245614 0.0833333333333334 0.36082474226804123 0.45098039215686275 0.7725490196078432
0.5061986015031974 0.5983094707707594 0.5406460032743566 0.5679012345679012 0.5886524822695036 0.4745098039215686 0.060588776792830895 0.060588776792830895 0.060588776792830895 0.4887005649717514 0.601123595505618 0.28157726692209456 0.9134615384615385 0.34509803921568627 0.807843137254902
0.5761369748693821 0.39302623984078255 0.6139478496476717 0.5833333333333335 0.41379310344827586 0.5450980392156862 0.03399090154153508 0.03399090154153508 0.03399090154153508 0.5730994152046783 0.6041666666666666 0.33755274261603374 0.4659090909090909 0.4156862745098039 0.8901960784313725
0.08461419724798873 0.41533461643134 0.47793716729856006 0.07870370370370368 0.4132231404958677 0.48627450980392156 0.04131259135638129 0.04131259135638129 0.04131259135638129 0.07333333333333335 0.08333333333333336 0.37078651685393255 0.45762711864406785 0.4117647058823529 0.5411764705882353
0.1030204320815977 0.3363702706056605 0.5084242876838235 0.08080808080808081 0.29565217391304355 0.44705882352941173 0.04956617114739018 0.04956617114739018 0.04956617114739018 0.06018518518518517 0.1428571428571428 0.15151515151515155 0.5120481927710844 0.38823529411764707 0.6313725490196078
0.5010233955582546 0.3029996693811649 0.7501683253867953 0.58675799086758 0.33495145631067963 0.8117647058823529 0.07871830314320667 0.07871830314320667 0.07871830314320667 0.5686274509803921 0.5966183574879227 0.05263157894736837 0.37738161302256756 0.6549019607843137 0.8352941176470589
0.551703974799413 0.7095722886903121 0.48781935747931976 0.5745147443075774 0.7181208053691276 0.5411764705882353 0.030799984745946463 0.030799984745946463 0.030799984745946463 0.5424836601307189 0.5841584158415841 0.5655069786535304 0.8202247191011236 0.3568627450980392 0.596078431372549
0.6454296699920326 0.1686969614305624 0.6278253891888786 0.6432748538011697 0.162962962962963 0.6235294117647059 0.06750837545286774 0.06750837545286774 0.06750837545286774 0.6219512195121951 0.6904761904761904 0.1074380165289256 0.21862348178137656 0.4823529411764706 0.7254901960784313
0.5762350938623331 0.5300500913480528 0.5359200870289522 0.6 0.5465116279069767 0.5215686274509804 0.021276421389149074 0.021276421389149074 0.021276421389149074 0.587431693989071 0.612280701754386 0.46218487394957986 0.6357615894039735 0.45098039215686275 0.6274509803921569
0.2123751083063578 0.3210600293246341 0.5778751747280944 0.15873015873015872 0.25925925925925924 0.5568627450980392 0.08573756685226684 0.08573756685226684 0.08573756685226684 0.1111111111111111 0.2333333333333333 0.14285714285714285 0.46564885496183195 0.3254901960784314 0.9372549019607843
0.31501492890961735 0.27349504650162354 0.4530981325635724 0.0784313725490196 0.2484076433121019 0.40784313725490196 0.07732907515540911 0.07732907515540911 0.07732907515540911 0.04444444444444443 0.6034482758620691 0.15206699544560323 0.37804878048780477 0.2392156862745098 0.6666666666666666
0.6399498563371626 0.5898111905088551 0.5330864999808518 0.6139240506329113 0.5909090909090909 0.5411764705882353 0.05827779927197287 0.05827779927197287 0.05827779927197287 0.6060606060606061 0.6405622489959839 0.32850241545893727 0.8787878787878788 0.24313725490196078 0.8313725490196078
0.4232311715713666 0.5618998981048653 0.42431640625 0.07657657657657659 0.6130653266331658 0.38431372549019605 0.11242330253717862 0.11242330253717862 0.11242330253717862 0.02693602693602694 0.8535353535353536 0.4044943820224719 0.7580645161290324 0.27450980392156865 0.6274509803921569
0.6531133719215806 0.501905000799333 0.3514722038717831 0.7528735632183908 0.4444444444444445 0.3176470588235294 0.07213612647145669 0.07213612647145669 0.07213612647145669 0.6868686868686869 0.8260869565217391 0.38947368421052636 0.6 0.21176470588235294 0.3568627450980392
0.885102573890936 0.17695799208291163 0.6056972728056066 0.8888888888888888 0.18367346938775506 0.5411764705882353 0.09630187342657522 0.09630187342657522 0.09630187342657522 0.8735632183908046 0.9027777777777777 0.1568627450980392 0.20388349514563117 0.4549019607843137 0.7450980392156863
0.5735942012584848 0.4569220868917386 0.9012917911305147 0.5813333333333334 0.48535564853556484 0.9686274509803922 0.053779059839408165 0.053779059839408165 0.053779059839408165 0.572139303482587 0.625 0.4229249011857708 0.5401079339963833 0.9176470588235294 0.996078431372549
0.346426231377116 0.14962817067400103 0.6098845837162991 0.4833333333333334 0.09836065573770487 0.6941176470588235 0.08162549980608674 0.08162549980608674 0.08162549980608674 0.07692307692307696 0.5714285714285715 0.061224489795918345 0.15976331360946738 0.4666666666666667 0.7568627450980392
0.30274016439828044 0.2417494304522022 0.3901176303040747 0.19444444444444456 0.23076923076923084 0.3137254901960784 0.049700395106042745 0.049700395106042745 0.049700395106042745 0.13445378151260504 0.5333333333333333 0.125 0.33198380566801616 0.16470588235294117 0.5568627450980392
0.517464105482769 0.3775278325981319 0.5212101356655943 0.5666666666666668 0.4277777777777777 0.5098039215686274 0.04292086395334386 0.04292086395334386 0.04292086395334386 0.54 0.6168831168831169 0.2589285714285714 0.46385542168674704 0.34901960784313724 0.6784313725490196
0.5149934866390988 0.19826864943321978 0.5231130562576592 0.5833333333333334 0.18987341772151903 0.580392156862745 0.04871164473098916 0.04871164473098916 0.04871164473098916 0.5530303030303031 0.6041666666666666 0.09302325581395349 0.2839506172839506 0.3568627450980392 0.6745098039215687
0.2180192929036433 0.47070914085591803 0.5886906044155944 0.08249158249158249 0.45291479820627806 0.5843137254901961 0.09606648037769666 0.09606648037769666 0.09606648037769666 0.06093189964157706 0.12121212121212123 0.35000000000000003 0.5841584158415841 0.28627450980392155 0.9176470588235294
0.552175526347829 0.3118882911465834 0.5520716648475796 0.5869565217391305 0.30344827586206896 0.5372549019607843 0.034617145688894284 0.034617145688894284 0.034617145688894284 0.5780141843971631 0.5966666666666667 0.23404255319148942 0.39090909090909093 0.44313725490196076 0.7137254901960784
0.4547547069658207 0.2629476247742717 0.4979148116766238 0.6060606060606061 0.19298245614035084 0.4196078431372549 0.0831542189401729 0.0831542189401729 0.0831542189401729 0.16666666666666666 0.6590909090909091 0.08771929824561397 0.3898305084745763 0.22352941176470587 0.8
0.504421505071144 0.5859920406690553 0.5345180735868567 0.5704225352112676 0.6170212765957447 0.4117647058823529 0.053556453804968186 0.053556453804968186 0.053556453804968186 0.4090909090909091 0.6062378167641326 0.4509803921568627 0.7349397590361446 0.2980392156862745 0.8627450980392157
0.5111270061355714 0.5125781136519769 0.5296789431104472 0.5572916666666666 0.4768211920529801 0.5411764705882353 0.03662914647454953 0.03662914647454953 0.03662914647454953 0.4603174603174603 0.5685358255451713 0.2619047619047619 0.715846994535519 0.403921568627451 0.6823529411764706
0.5849381796914876 0.1890667889159014 0.5909737381280638 0.7222222222222222 0.11184210526315787 0.596078431372549 0.11184439376873682 0.11184439376873682 0.11184439376873682 0.1111111111111111 0.8222222222222223 0.07103825136612027 0.2222222222222222 0.3803921568627451 0.8431372549019608
0.2444189978169434 0.3241346354188718 0.41207006117876843 0.18749999999999992 0.3105122196183462 0.2392156862745098 0.05268004667602682 0.05268004667602682 0.05268004667602682 0.09788359788359786 0.388888888888889 0.19047619047619047 0.4545454545454546 0.17254901960784313 0.6549019607843137
0.602572219645551 0.5750686735138605 0.6120275160845586 0.6052631578947368 0.5740740740740741 0.596078431372549 0.011715460563863278 0.011715460563863278 0.011715460563863278 0.5842696629213483 0.6190476190476191 0.4866310160427807 0.6666666666666666 0.5411764705882353 0.6901960784313725
0.1090671822873966 0.7447041231861289 0.5322406843596815 0.10451977401129942 0.7500000000000001 0.4627450980392157 0.1125088727238701 0.1125088727238701 0.1125088727238701 0.08796296296296297 0.12403100775193798 0.6111111111111112 0.8862745098039215 0.26666666666666666 0.8352941176470589
0.5620611440619786 0.2469040622420235 0.446389830346201 0.6007751937984497 0.23076923076923078 0.4627450980392157 0.06144069313716563 0.06144069313716563 0.06144069313716563 0.5448717948717949 0.6666666666666666 0.12222222222222211 0.3526861611696702 0.23137254901960785 0.6509803921568628
0.5654450914770544 0.6092167107973385 0.6019194359872855 0.5771349862258953 0.7753623188405797 0.5529411764705883 0.04730238860410876 0.04730238860410876 0.04730238860410876 0.5562015503875969 0.5853658536585366 0.3294117647058824 0.8055555555555556 0.4156862745098039 0.9686274509803922
0.5119223899621183 0.22431126293000764 0.6255654727711397 0.5462962962962963 0.21929824561403508 0.7019607843137254 0.05520346175801074 0.05520346175801074 0.05520346175801074 0.5357142857142857 0.5652173913043479 0.17441860465116282 0.26775956284153 0.4666666666666667 0.8274509803921568
0.570859086086576 0.24248787728115112 0.7077445235906863 0.5813953488372093 0.16346153846153844 0.796078431372549 0.08218298286377695 0.08218298286377695 0.08218298286377695 0.547008547008547 0.6785714285714285 0.06866952789699571 0.3424657534246575 0.5372549019607843 0.9019607843137255
0.5870080541447938 0.3801797388965037 0.6341846540862439 0.587719298245614 0.38842975206611574 0.5450980392156862 0.03376049941358977 0.03376049941358977 0.03376049941358977 0.5773809523809524 0.6035353535353535 0.2995594713656387 0.4727272727272728 0.4549019607843137 0.8784313725490196
0.4670800479029283 0.07513318207049192 0.6004234164368872 0.6666666666666666 0.05952380952380948 0.6549019607843137 0.12336382795645552 0.12336382795645552 0.12336382795645552 0.05882352941176478 0.9166666666666673 0.0287081339712919 0.11111111111111108 0.403921568627451 0.792156862745098
0.3933236520174666 0.22790686781035374 0.5634310853247549 0.18154761904761899 0.23144104803493454 0.4745098039215686 0.08153650891946229 0.08153650891946229 0.08153650891946229 0.08518518518518518 0.6439393939393939 0.1384615384615384 0.29060881647088543 0.3176470588235294 0.8392156862745098
0.5331277731097378 0.6790900178799028 0.4647728415096508 0.5692883895131086 0.8105263157894738 0.4196078431372549 0.057292876191365937 0.057292876191365937 0.057292876191365937 0.556910569105691 0.5958333333333333 0.37552742616033763 0.8602150537634409 0.3254901960784314 0.49411764705882355
0.08013476956848108 0.6994210266174591 0.823578000536152 0.07664233576642336 0.7277486910994765 0.8549019607843137 0.11880947277754839 0.11880947277754839 0.11880947277754839 0.07017543859649122 0.0883084577114428 0.6306306306306306 0.7868852459016394 0.7568627450980392 0.9411764705882353
0.11633565026698114 0.4929406485632433 0.7067914177389706 0.057795698924731194 0.5186721991701245 0.7803921568627451 0.10304980332405615 0.10304980332405615 0.10304980332405615 0.04635108481262327 0.08333333333333333 0.3762376237623762 0.6244131455399061 0.5333333333333333 0.9058823529411765
0.5664693093938239 0.492471322890519 0.7824401257084866 0.5987654320987654 0.5390070921985817 0.9254901960784314 0.04983564651978251 0.04983564651978251 0.04983564651978251 0.5749063670411986 0.6055045871559633 0.38750000000000007 0.6041666666666666 0.5882352941176471 0.996078431372549
0.5750794921867213 0.650170759980819 0.6458613975375307 0.5733333333333333 0.7815330745223414 0.6588235294117647 0.03939191886198653 0.03939191886198653 0.03939191886198653 0.5686868686868687 0.5804597701149425 0.30653266331658297 0.9433962264150944 0.596078431372549 0.7647058823529411
0.358100223028077 0.2623493279235355 0.49342836866191775 0.3645833333333333 0.2359262460386055 0.4588235294117647 0.04898502820180493 0.04898502820180493 0.04898502820180493 0.12403100775193802 0.573529411764706 0.13793103448275862 0.36051277163553186 0.3137254901960784 0.6745098039215687
0.11137148539161575 0.456973656980153 0.604774325501685 0.07435897435897436 0.5357142857142858 0.7176470588235294 0.10641055840313529 0.10641055840313529 0.10641055840313529 0.05982905982905981 0.10416666666666667 0.2727272727272727 0.6438356164383561 0.21568627450980393 0.9176470588235294
0.6617905526012238 0.2106561844143376 0.4740352855009191 0.6785714285714287 0.18803418803418798 0.4392156862745098 0.07182113292664029 0.07182113292664029 0.07182113292664029 0.6212121212121212 0.9019607843137255 0.1538461538461539 0.24161073825503362 0.403921568627451 0.5176470588235293
0.5081763564081456 0.2689460406001772 0.6595047296262255 0.573170731707317 0.19907407407407401 0.7843137254901961 0.061789290768606675 0.061789290768606675 0.061789290768606675 0.5617283950617283 0.59009009009009 0.15384615384615394 0.3787878787878788 0.49019607843137253 0.8470588235294118
0.5872988823638359 0.36983114048031396 0.644610954733456 0.6045751633986928 0.38150289017341044 0.6705882352941176 0.035447157687011885 0.035447157687011885 0.035447157687011885 0.5970149253731344 0.6075268817204301 0.25688073394495414 0.4863636363636364 0.4549019607843137 0.8235294117647058
0.47254911635464614 0.2146549327178833 0.6753366507735908 0.6097560975609756 0.18279569892473116 0.8352941176470589 0.11226270940151006 0.11226270940151006 0.11226270940151006 0.13333333333333333 0.6535087719298245 0.07851239669421484 0.304147465437788 0.39215686274509803 0.9490196078431372
0.5124767017996836 0.5366142753382225 0.5083697749119179 0.5884353741496599 0.5625 0.5490196078431373 0.04593176081473032 0.04593176081473032 0.04593176081473032 0.5736434108527132 0.5931899641577061 0.40116279069767447 0.7021276595744682 0.3764705882352941 0.7176470588235294
0.3515165821670321 0.2330411822158076 0.6899026908126532 0.2072072072072072 0.1468926553672316 0.7098039215686275 0.08571236346859362 0.08571236346859362 0.08571236346859362 0.10658914728682169 0.6250000000000001 0.04371584699453552 0.41500000000000004 0.6078431372549019 0.8156862745098039
0.37508121001815814 0.49421597286505325 0.6577891031901042 0.3055555555555555 0.4834123222748815 0.7137254901960784 0.06857370888373705 0.06857370888373705 0.06857370888373705 0.1891025641025641 0.5701754385964912 0.2685185185185185 0.7171717171717171 0.4823529411764706 0.8588235294117647
0.420678460791077 0.21155388049211868 0.6636502135033702 0.5526315789473685 0.18103448275862066 0.7725490196078432 0.07388272558325082 0.07388272558325082 0.07388272558325082 0.18749999999999992 0.6067415730337079 0.0975609756097561 0.3103448275862069 0.45098039215686275 0.8705882352941177
0.742172341679526 0.5254987594213107 0.31723961923636645 0.6929824561403509 0.46551724137931033 0.2784313725490196 0.07039219040321862 0.07039219040321862 0.07039219040321862 0.62 0.9429824561403508 0.3552631578947369 0.6627906976744187 0.23529411764705882 0.3686274509803922
0.4932172743199846 0.17105734103487769 0.65010711071538 0.527777777777778 0.17272727272727276 0.6901960784313725 0.0644374289330059 0.0644374289330059 0.0644374289330059 0.4666666666666666 0.5426356589147288 0.08035714285714282 0.23076923076923078 0.42745098039215684 0.8862745098039215
0.5641707799254466 0.27181362169370193 0.5210300221162684 0.608187134502924 0.2827586206896552 0.6196078431372549 0.06832486465442793 0.06832486465442793 0.06832486465442793 0.5333333333333333 0.6309523809523809 0.16512679591483465 0.3541666666666667 0.23137254901960785 0.7529411764705882
0.5798023616974552 0.36698788127629944 0.7220533183976715 0.5777777777777778 0.3333333333333333 0.6627450980392157 0.047112931876466584 0.047112931876466584 0.047112931876466584 0.5395833333333333 0.6212121212121212 0.2259615384615385 0.49295774647887325 0.580392156862745 0.9725490196078431
0.4821623413813315 0.12000049544242458 0.4665763107000613 0.5964912280701754 0.11888111888111885 0.5019607843137255 0.05683882171058253 0.05683882171058253 0.05683882171058253 0.5277777777777777 0.6166666666666667 0.03472222222222229 0.17460317460317465 0.38431372549019605 0.546078431372549
0.565840431914127 0.1582408848663669 0.7976463168275123 0.5833333333333334 0.13852813852813853 0.8745098039215686 0.0857057886960917 0.0857057886960917 0.0857057886960917 0.5740740740740741 0.5909090909090909 0.08849557522123888 0.2142857142857143 0.6745098039215687 0.9254901960784314
0.45261558730645984 0.16165783200789988 0.5303172392003677 0.5681818181818182 0.14399999999999993 0.5294117647058824 0.07686740931283281 0.07686740931283281 0.07686740931283281 0.09009009009009004 0.6666666666666666 0.06493506493506489 0.22891566265060245 0.3568627450980392 0.6431372549019607
0.40206523518263493 0.6051384103279717 0.6069507075291054 0.5025252525252526 0.6666666666666666 0.6980392156862745 0.05750586951316641 0.05750586951316641 0.05750586951316641 0.20614035087719298 0.5686274509803922 0.4470588235294117 0.7654320987654321 0.39215686274509803 0.8196078431372549
0.55610736303129 0.3421644302548651 0.3438802083333333 0.617283950617284 0.3333333333333333 0.3568627450980392 0.06062986596158231 0.06062986596158231 0.06062986596158231 0.4583333333333333 0.6521739130434783 0.2222222222222222 0.4393939393939394 0.0784313725490196 0.5372549019607843
0.4984116975337242 0.2785690822346009 0.43064323874080884 0.5399999999999999 0.26388888888888895 0.38823529411764707 0.028170030244368136 0.028170030244368136 0.028170030244368136 0.5104166666666666 0.5634920634920635 0.1721854304635762 0.388235294117647 0.3411764705882353 0.5176470588235293
0.5370247586481686 0.5305124408697837 0.7062491024241727 0.5434782608695651 0.5976331360946745 0.6901960784313725 0.04503463932496148 0.04503463932496148 0.04503463932496148 0.5277777777777778 0.5768229166666666 0.24043715846994543 0.8023255813953489 0.6588235294117647 0.7764705882352941
0.07977283452601268 0.7540661604880394 0.7079300824333642 0.07956448911222781 0.8253275109170306 0.8784313725490196 0.1265007068628753 0.1265007068628753 0.1265007068628753 0.06544502617801046 0.08943089430894309 0.6822429906542056 0.8658008658008658 0.4392156862745098 0.8980392156862745
0.051676053791124346 0.7755295093832585 0.6298694685393688 0.040598290598290614 0.8130434782608696 0.6274509803921569 0.11967254577384463 0.11967254577384463 0.11967254577384463 0.032467532467532464 0.0494949494949495 0.6944444444444444 0.8920863309352518 0.5294117647058824 0.7372549019607844
0.590159083510077 0.46762198576514524 0.7413815367455576 0.5900673400673401 0.3833333333333334 0.7254901960784313 0.05459731470700887 0.05459731470700887 0.05459731470700887 0.5833333333333334 0.6041666666666666 0.1575757575757577 0.8070175438596491 0.6313725490196078 0.8823529411764706
0.3859105556615575 0.26629444675714586 0.5957079719094669 0.14758001561280246 0.2258064516129032 0.6588235294117647 0.1003163022281186 0.1003163022281186 0.1003163022281186 0.04301075268817204 0.6875 0.16454326264452848 0.35266239648033126 0.28627450980392155 0.8862745098039215
0.147829856891032 0.49277066371793504 0.6322302126416974 0.05615942028985507 0.46511627906976744 0.7333333333333333 0.09061981115429359 0.09061981115429359 0.09061981115429359 0.04945054945054945 0.059360730593607296 0.4479166666666667 0.48888888888888893 0.40784313725490196 0.8313725490196078
0.5610676702031469 0.6103131801614865 0.6118633195465685 0.5714285714285715 0.6475274725274726 0.7019607843137254 0.05374681347056648 0.05374681347056648 0.05374681347056648 0.5623306233062331 0.5822222222222222 0.3055555555555555 0.9675324675324675 0.6 0.7490196078431373
0.6419968284373699 0.23711508546169818 0.5563285079656862 0.643939393939394 0.15957446808510642 0.6235294117647059 0.04262525882985063 0.04262525882985063 0.04262525882985063 0.6098484848484849 0.6533333333333334 0.13609467455621305 0.3652173913043479 0.4196078431372549 0.6745098039215687
0.6160358686871432 0.6961085865687149 0.3875076593137255 0.7564102564102564 0.7386363636363636 0.30196078431372547 0.10398319280586693 0.10398319280586693 0.10398319280586693 0.09901960784313728 0.9672619047619048 0.5882352941176471 0.8285714285714286 0.20392156862745098 0.5372549019607843
0.08507420692841369 0.9315134953867003 0.5901300168504902 0.08169934640522876 0.9827213016868188 0.592156862745098 0.16051580665760992 0.16051580665760992 0.16051580665760992 0.07081545064377683 0.0925925925925926 0.8829158426719402 1.0 0.24705882352941178 0.9411764705882353
0.557058706903864 0.04365774089268337 0.844870054955576 0.6666666666666666 0.04424778761061944 0.9058823529411765 0.12969815889044597 0.12969815889044597 0.12969815889044597 0.3888888888888889 0.6923076923076922 0.02808988764044934 0.05844155844155842 0.6980392156862745 0.984313725490196
0.5728849972717989 0.7633593176804777 0.5938729080499388 0.572463768115942 0.7839999999999999 0.596078431372549 0.02375341750384073 0.02375341750384073 0.02375341750384073 0.5598290598290598 0.5868945868945868 0.6197916666666666 0.9196428571428572 0.48627450980392156 0.7176470588235294
0.5810631070731689 0.1916412196154031 0.716754270067402 0.5857142857142856 0.19780219780219788 0.803921568627451 0.07183400627762716 0.07183400627762716 0.07183400627762716 0.5729166666666666 0.5909090909090909 0.12133891213389125 0.2300469483568076 0.6549019607843137 0.8745098039215686
0.5772346151235157 0.36035327428605846 0.45419042250689345 0.587719298245614 0.3232323232323232 0.4235294117647059 0.024401644500714883 0.024401644500714883 0.024401644500714883 0.5666666666666667 0.6031746031746031 0.2842105263157895 0.46391752577319584 0.37254901960784315 0.5333333333333333
0.1770432086721307 0.27611254995809875 0.409815949084712 0.1111111111111111 0.2654867256637168 0.3333333333333333 0.04864671671176899 0.04864671671176899 0.04864671671176899 0.0909090909090909 0.16346153846153846 0.1555555555555555 0.37735849056603776 0.23529411764705882 0.5176470588235293