0.24259565783101797 0.5383639958718152 0.3016389734604779 0.24537037037037035 0.4871794871794872 0.24313725490196078 0.06567368206905583 0.06567368206905583 0.06567368206905583 0.2164428603006189 0.27044025157232704 0.3076923076923077 0.7777777777777778 0.12156862745098039 0.40784313725490196
0.5013766918423141 0.29676457009986024 0.4751108805338542 0.5970149253731344 0.2962962962962963 0.4784313725490196 0.06517672687350948 0.06517672687350948 0.06517672687350948 0.4583333333333335 0.6153846153846153 0.14417557091975697 0.39877300613496935 0.2196078431372549 0.6823529411764706
0.20687593015477732 0.4090431645234255 0.3643476897594976 0.15277777777777773 0.3684210526315789 0.3411764705882353 0.059993623093832216 0.059993623093832216 0.059993623093832216 0.042635658914728675 0.22777777777777772 0.2410714285714286 0.5517241379310345 0.18823529411764706 0.5019607843137255
0.3237914137265717 0.7300821304104824 0.650541477577359 0.2046979865771812 0.6862745098039216 0.5843137254901961 0.07676779449144987 0.07676779449144987 0.07676779449144987 0.1347517730496454 0.5995670995670995 0.6015037593984963 0.9285714285714286 0.49411764705882355 0.8509803921568627
0.29834477764570105 0.4132657533086471 0.1935509775199142 0.21428571428571427 0.37837837837837834 0.14901960784313725 0.04937940120062914 0.04937940120062914 0.04937940120062914 0.16666666666666666 0.3666666666666667 0.22727272727272727 0.5581395348837209 0.09411764705882353 0.22352941176470587
0.2856380349229215 0.18749703995582873 0.49068615483302697 0.23737373737373743 0.1724137931034483 0.4627450980392157 0.04571419640386987 0.04571419640386987 0.04571419640386987 0.20202020202020207 0.32222222222222213 0.10185185185185189 0.24705882352941172 0.34901960784313724 0.5843137254901961
0.13144139430337104 0.7962738031660094 0.540638583314185 0.11328125 0.8524590163934427 0.5450980392156862 0.12187937637427805 0.12187937637427805 0.12187937637427805 0.09489051094890512 0.13934426229508198 0.699486033201401 1.0 0.30980392156862746 0.7725490196078432
0.17036109776726654 0.37315000870572557 0.50612320245481 0.17610062893081765 0.33333333333333337 0.5176470588235293 0.03913058594580792 0.03913058594580792 0.03913058594580792 0.15579710144927536 0.19333333333333336 0.26455026455026465 0.43157894736842106 0.39215686274509803 0.6274509803921569
0.15167846496375964 0.7113208290362949 0.49087811638327206 0.10569105691056913 0.710691823899371 0.4823529411764706 0.08061761723212557 0.08061761723212557 0.08061761723212557 0.09146341463414635 0.2058823529411765 0.6343967599829473 0.7999999999999999 0.3333333333333333 0.6352941176470588
0.5634264005914397 0.2916041321338158 0.5496126661113665 0.5648148148148148 0.25000000000000006 0.5607843137254902 0.03696483202392085 0.03696483202392085 0.03696483202392085 0.543010752688172 0.5851851851851851 0.22377622377622378 0.2952380952380953 0.38823529411764707 0.7490196078431373
0.3608111190745955 0.60828480900408 0.5175207399854472 0.2542372881355932 0.6176470588235294 0.49019607843137253 0.050381897815310994 0.050381897815310994 0.050381897815310994 0.2170542635658915 0.5852130325814536 0.48148148148148145 0.7820512820512822 0.37254901960784315 0.6235294117647059
0.22022799052361874 0.5834861098815295 0.6215217141544117 0.2113095238095238 0.5582673178867115 0.6392156862745098 0.08250609552874344 0.08250609552874344 0.08250609552874344 0.18731563421828912 0.23538011695906433 0.41949152542372886 0.7619047619047619 0.403921568627451 0.8784313725490196
0.296710331677764 0.3927213150191087 0.4672691195618872 0.2753623188405797 0.3786407766990291 0.37254901960784315 0.06363781387464082 0.06363781387464082 0.06363781387464082 0.22598870056497178 0.3650793650793651 0.21276595744680865 0.5423728813559322 0.2196078431372549 0.7098039215686275
0.269941800326548 0.24180242439713562 0.4793880088656556 0.22764227642276424 0.2176165803108808 0.4784313725490196 0.03845899699708187 0.03845899699708187 0.03845899699708187 0.19811320754716988 0.27450980392156865 0.1377721088435374 0.30695240576689237 0.3137254901960784 0.6392156862745098
0.2793591134493151 0.6504979516830998 0.19321995155484067 0.2575757575757576 0.6555555555555554 0.16470588235294117 0.072264056562877 0.072264056562877 0.072264056562877 0.22955974842767293 0.3055555555555555 0.4571428571428572 0.8974358974358975 0.054901960784313725 0.3137254901960784
0.2973511787203124 0.5383275659465253 0.4222497678270527 0.20085470085470084 0.5079365079365079 0.3568627450980392 0.0746976570464717 0.0746976570464717 0.0746976570464717 0.17777777777777773 0.5364583333333334 0.323943661971831 0.7262218045112782 0.1843137254901961 0.7019607843137254
0.313114145240422 0.2832653350131705 0.43389940448835784 0.26666666666666666 0.24731182795698914 0.4 0.05439256963228331 0.05439256963228331 0.05439256963228331 0.22480620155038755 0.37878787878787884 0.14393939393939387 0.37735849056603776 0.20784313725490194 0.6
0.15693516196922164 0.6564680062360146 0.5676054711435354 0.144 0.6560509554140127 0.580392156862745 0.07796294176369911 0.07796294176369911 0.07796294176369911 0.11842105263157894 0.1851851851851852 0.5304347826086957 0.7835051546391752 0.4392156862745098 0.7137254901960784
0.5753303060077606 0.04284180940876691 0.5923440970626531 0.6944444444444443 0.030769230769230663 0.6039215686274509 0.10312057736610596 0.10312057736610596 0.10312057736610596 0.4444444444444446 0.7333333333333334 0.02068965517241372 0.043478260869565216 0.49019607843137253 0.7098039215686275
0.3492844067653105 0.1295978145604063 0.5324880562576593 0.1944444444444444 0.12389380530973446 0.5254901960784314 0.06485701078866273 0.06485701078866273 0.06485701078866273 0.18181818181818188 0.576923076923077 0.08547008547008542 0.16129032258064516 0.43529411764705883 0.6235294117647059
0.48906725580395616 0.20943572537471092 0.36381064022288606 0.6333333333333334 0.17231800766283517 0.2901960784313725 0.07584740416025687 0.07584740416025687 0.07584740416025687 0.13404021028701338 0.7692307692307692 0.09589041095890416 0.2820512820512821 0.20392156862745098 0.4392156862745098
0.253189099454713 0.24740125011181419 0.4099793078852635 0.26 0.23170731707317063 0.38823529411764707 0.021965437501297216 0.021965437501297216 0.021965437501297216 0.2045454545454545 0.32407407407407407 0.18032786885245897 0.2876712328767123 0.2901960784313725 0.5176470588235293
0.2593377994616647 0.5383897739715582 0.3799175187653186 0.19512195121951215 0.4782608695652174 0.32156862745098036 0.07419539194296369 0.07419539194296369 0.07419539194296369 0.1733333333333333 0.24253246753246754 0.3044960474308301 0.7857142857142857 0.16862745098039217 0.5490196078431373
0.13446730878053592 0.7556633728848001 0.49916710947074144 0.1184738955823293 0.7931034482758621 0.4784313725490196 0.10759511340006768 0.10759511340006768 0.10759511340006768 0.10034013605442178 0.14080459770114942 0.6354166666666666 0.9813664596273293 0.29411764705882354 0.6901960784313725
0.10294184291579352 0.4250227042079853 0.5184527228860294 0.08974358974358977 0.4090909090909091 0.5529411764705883 0.052258272652270794 0.052258272652270794 0.052258272652270794 0.06382978723404255 0.11979166666666662 0.3181818181818182 0.5125 0.40784313725490196 0.6313725490196078
0.34726355743330983 0.4387517498086737 0.3602840647977941 0.1929824561403509 0.43478260869565216 0.2980392156862745 0.0755457290689367 0.0755457290689367 0.0755457290689367 0.1366666666666667 0.5238095238095238 0.2018147432802188 0.6352941176470588 0.1764705882352941 0.4627450980392157
0.22468813740604568 0.6547763782148537 0.4680821437461703 0.2166666666666667 0.6626506024096386 0.42745098039215684 0.07674045412054444 0.07674045412054444 0.07674045412054444 0.19680851063829788 0.23611111111111116 0.5051020408163265 0.828125 0.2196078431372549 0.6862745098039216
0.25704629691933223 0.43240276081809725 0.4792104683670343 0.23076923076923075 0.40784313725490196 0.44313725490196076 0.05973992924911364 0.05973992924911364 0.05973992924911364 0.19444444444444442 0.2765151515151515 0.23448275862068962 0.5934065934065934 0.2823529411764706 0.6666666666666666
0.25262881962196493 0.330127325099964 0.547883576037837 0.19312169312169314 0.31343283582089554 0.5215686274509804 0.050838516504461646 0.050838516504461646 0.050838516504461646 0.1805555555555557 0.20430107526881724 0.1946902654867256 0.44360902255639106 0.4196078431372549 0.6392156862745098
0.16565096674855362 0.4289919507850729 0.5325333539177389 0.16468253968253968 0.3700787401574803 0.5411764705882353 0.07045278108602587 0.07045278108602587 0.07045278108602587 0.026315789473684237 0.1931818181818182 0.2804109182613856 0.5344827586206896 0.33725490196078434 0.7254901960784313
0.3211680908514843 0.5047152455394917 0.37874947342218135 0.26666666666666666 0.5680000000000001 0.3764705882352941 0.04440586354418189 0.04440586354418189 0.04440586354418189 0.23255813953488377 0.3333333333333333 0.31617647058823534 0.7115384615384615 0.21176470588235294 0.4980392156862745
0.30989858350639204 0.2313915782271263 0.6482755773207721 0.10606060606060612 0.20134228187919467 0.6705882352941176 0.10253258328035242 0.10253258328035242 0.10253258328035242 0.07333333333333346 0.6319444444444445 0.1388888888888889 0.2921348314606741 0.3803921568627451 0.9254901960784314
0.2047126293150625 0.14233080965636039 0.5062373142616421 0.1913580246913581 0.13281249999999997 0.5019607843137255 0.03832263986917261 0.03832263986917261 0.03832263986917261 0.1770833333333333 0.196078431372549 0.09150326797385626 0.17821782178217815 0.4117647058823529 0.592156862745098
0.3972616196910208 0.3075011108011369 0.4051885866651348 0.3611111111111111 0.21428571428571436 0.37254901960784315 0.0829816818067602 0.0829816818067602 0.0829816818067602 0.10818713450292401 0.6041666666666666 0.12601626016260165 0.39772727272727276 0.16470588235294117 0.6
0.42365540177860167 0.40476594728757115 0.6278173110064338 0.17567567567567566 0.3916083916083916 0.6431372549019607 0.08328641312133835 0.08328641312133835 0.08328641312133835 0.08771929824561402 0.8186274509803922 0.2397260273972602 0.5333333333333333 0.4823529411764706 0.796078431372549
0.1940230360051372 0.2925675284827082 0.49099737429151347 0.16379310344827588 0.2870370370370371 0.49411764705882355 0.04712840630458603 0.04712840630458603 0.04712840630458603 0.14322916666666666 0.18750000000000003 0.11458333333333337 0.40939597315436244 0.3803921568627451 0.596078431372549
0.5706125206396694 0.42026051963209005 0.5803408753638173 0.6064814814814815 0.4285714285714286 0.6235294117647059 0.050255819712939596 0.050255819712939596 0.050255819712939596 0.5952380952380952 0.6123188405797101 0.2268690981547258 0.6257668711656442 0.396078431372549 0.7568627450980392
0.4029960469841302 0.47307685113886405 0.310861026539522 0.4166666666666667 0.4074074074074074 0.12549019607843137 0.0981390186665942 0.0981390186665942 0.0981390186665942 0.23780487804878048 0.59375 0.1971830985915494 0.7241931918656057 0.027450980392156862 0.5843137254901961
0.4495038563744087 0.33014303987311633 0.5080409629672181 0.5698924731182796 0.20960061443932412 0.49411764705882355 0.08026110012059483 0.08026110012059483 0.08026110012059483 0.1944444444444444 0.5931372549019608 0.08056076847227966 0.5732113821138212 0.26666666666666666 0.6941176470588235
0.2861524626714228 0.252999702966593 0.16919621486289832 0.25 0.2 0.09411764705882353 0.0447975031949637 0.0447975031949637 0.0447975031949637 0.16666666666666666 0.4583333333333333 0.08 0.375 0.07058823529411765 0.21176470588235294
0.19610790699630432 0.17763722014209274 0.3838058172487745 0.07894736842105271 0.15151515151515144 0.3254901960784314 0.06250967851803192 0.06250967851803192 0.06250967851803192 0.05263157894736839 0.11728395061728399 0.0833333333333334 0.23595505617977525 0.1803921568627451 0.5647058823529412
0.18313637408857922 0.44505931091199125 0.4392591887829351 0.1704545454545455 0.43010752688172044 0.42745098039215684 0.0345897178770899 0.0345897178770899 0.0345897178770899 0.14840182648401826 0.196078431372549 0.32799999999999996 0.5379310344827586 0.3529411764705882 0.5058823529411764
0.19594330789033076 0.6851259226301885 0.46418193742340685 0.09313725490196079 0.7692307692307693 0.38431372549019605 0.12062419002769409 0.12062419002769409 0.12062419002769409 0.038461538461538464 0.14692982456140352 0.4416560913705584 1.0 0.2627450980392157 0.6274509803921569
0.2103465588904771 0.7217102354993812 0.7044123032513787 0.12430939226519337 0.7553419779015615 0.7215686274509804 0.10549706192511242 0.10549706192511242 0.10549706192511242 0.10873983739837399 0.1471861471861472 0.610236220472441 0.8988913459239781 0.5294117647058824 0.9333333333333333
0.2693212774567832 0.359575929825194 0.29075604607077205 0.23076923076923075 0.3076923076923077 0.27450980392156865 0.04037129726893806 0.04037129726893806 0.04037129726893806 0.19318181818181812 0.3222222222222222 0.17894736842105258 0.48750000000000004 0.1568627450980392 0.38823529411764707
0.5075340139980891 0.3374190819254644 0.4708701339422488 0.5966183574879227 0.13725490196078438 0.3764705882352941 0.0862964075122855 0.0862964075122855 0.0862964075122855 0.2380952380952381 0.611111111111111 0.06074766355140192 0.7475728155339807 0.3137254901960784 0.6901960784313725
0.28903336188127965 0.38604872335010876 0.35421483656939334 0.2916666666666667 0.3623188405797101 0.2784313725490196 0.044999049075872544 0.044999049075872544 0.044999049075872544 0.22222222222222224 0.36904761904761907 0.1990935647392387 0.5320197044334974 0.19215686274509802 0.43137254901960786
0.2393100590509043 0.36790661767033817 0.3401269650926776 0.23148148148148148 0.33980582524271846 0.3176470588235294 0.0271973201117664 0.0271973201117664 0.0271973201117664 0.22108843537414966 0.25 0.25 0.45000000000000007 0.23137254901960785 0.4117647058823529
0.20517986102565494 0.6128389100872039 0.39658412559359685 0.21505376344086016 0.5862068965517241 0.3607843137254902 0.06719989107527082 0.06719989107527082 0.06719989107527082 0.160919540229885 0.2463768115942029 0.4269662921348314 0.796875 0.2196078431372549 0.5372549019607843
0.2329085538628047 0.4377446691348873 0.46472006405101096 0.20491803278688528 0.42372881355932207 0.4549019607843137 0.039141469666313496 0.039141469666313496 0.039141469666313496 0.1777777777777778 0.23737373737373738 0.3026315789473685 0.5555555555555556 0.3058823529411765 0.5764705882352941
0.20063328670323205 0.4165901358275649 0.46694443646599265 0.1894977168949772 0.4405594405594406 0.4549019607843137 0.033557063415402114 0.033557063415402114 0.033557063415402114 0.16666666666666666 0.20930232558139536 0.32989690721649484 0.5280898876404494 0.37254901960784315 0.5333333333333333
0.19491394913692575 0.32971127860410143 0.4519002877029718 0.17375886524822692 0.3223684210526316 0.4980392156862745 0.03700281131340668 0.03700281131340668 0.03700281131340668 0.15625000000000003 0.19444444444444442 0.2285714285714286 0.4051724137931035 0.36470588235294116 0.5686274509803921
0.24161104827717964 0.6228038618977765 0.2374654732498468 0.22222222222222218 0.6395348837209303 0.18823529411764706 0.0798217014121357 0.0798217014121357 0.0798217014121357 0.20000000000000004 0.2777777777777778 0.375 0.9111111111111111 0.06274509803921569 0.3333333333333333
0.49765915200945354 0.2772730723296364 0.23188500497855388 0.5444444444444444 0.21428571428571427 0.14509803921568626 0.055708892323134494 0.055708892323134494 0.055708892323134494 0.48148148148148145 0.5681818181818182 0.125 0.35714285714285715 0.06666666666666667 0.3333333333333333
0.2903312100763358 0.6191446560708829 0.4060255462048101 0.2911111111111111 0.6122448979591837 0.37254901960784315 0.04444337551138305 0.04444337551138305 0.04444337551138305 0.26704545454545453 0.3170731707317073 0.5 0.7435897435897436 0.25098039215686274 0.5294117647058824
0.40067778943102217 0.34945731325480894 0.5353078804764093 0.4517543859649123 0.3241758241758242 0.5529411764705883 0.040914564303943836 0.040914564303943836 0.040914564303943836 0.28571428571428575 0.5032051282051283 0.23696682464454974 0.43269230769230765 0.33725490196078434 0.7607843137254902
0.5590348869337723 0.13294516372863038 0.5918135100719975 0.6111111111111114 0.1322314049586777 0.5725490196078431 0.07397921860562594 0.07397921860562594 0.07397921860562594 0.3703703703703704 0.75 0.08965517241379319 0.16494845360824742 0.4588235294117647 0.7490196078431373
0.21776196486737553 0.31400756147730313 0.3337579465379902 0.2121212121212121 0.3000000000000001 0.32941176470588235 0.013558716359747182 0.013558716359747182 0.013558716359747182 0.19333333333333336 0.23737373737373738 0.2077922077922078 0.39436619718309857 0.26666666666666666 0.396078431372549
0.550877594277263 0.3078074182464293 0.5263900457643994 0.5555555555555557 0.2535211267605635 0.5372549019607843 0.04603292191630839 0.04603292191630839 0.04603292191630839 0.5364583333333334 0.5729166666666666 0.19871794871794882 0.34117647058823525 0.3137254901960784 0.7176470588235294
0.42573479425308197 0.4122268947231552 0.419404572131587 0.42635658914728675 0.3717948717948719 0.38431372549019605 0.026664818470864743 0.026664818470864743 0.026664818470864743 0.39215686274509803 0.46 0.29370629370629375 0.48 0.2627450980392157 0.5333333333333333
0.32275984852785233 0.3882368141284606 0.2903220382391237 0.2333333333333333 0.3333333333333333 0.19607843137254902 0.05842419094153969 0.05842419094153969 0.05842419094153969 0.1481481481481481 0.40740740740740744 0.22875816993464046 0.5 0.09019607843137255 0.45098039215686275
0.14791563101144234 0.38703687416144467 0.1715823304419424 0.16666666666666666 0.25510204081632654 0.050980392156862744 0.05297193197454277 0.05297193197454277 0.05297193197454277 0.08333333333333333 0.16666666666666666 0.2222222222222222 0.5238095238095238 0.03529411764705882 0.24705882352941178
0.4038792483652903 0.3532940748928357 0.3737023447074142 0.34313725490196073 0.2162162162162162 0.32156862745098036 0.07946927807427316 0.07946927807427316 0.07946927807427316 0.2753623188405797 0.6041666666666666 0.10256410256410256 0.5 0.10588235294117647 0.5764705882352941
0.18124395286591438 0.29180087908317837 0.474681240904565 0.1610169491525423 0.28125 0.4745098039215686 0.03632309902655911 0.03632309902655911 0.03632309902655911 0.14692982456140355 0.18750000000000022 0.16379310344827588 0.3928571428571429 0.38431372549019605 0.5607843137254902
0.31673691416740435 0.407504072808721 0.3938146254595588 0.2619047619047619 0.381578947368421 0.3764705882352941 0.0260466161400339 0.0260466161400339 0.0260466161400339 0.23202614379084965 0.4074074074074074 0.27708808205796154 0.4927536231884057 0.26666666666666666 0.5098039215686274
0.5900238086763315 0.5533673843945485 0.36419994877833944 0.5982905982905983 0.54 0.403921568627451 0.03749970345518541 0.03749970345518541 0.03749970345518541 0.5922619047619048 0.6045751633986928 0.43478260869565216 0.6666666666666666 0.22745098039215686 0.4666666666666667
0.3088492198581495 0.42680164801143305 0.38322885550704655 0.31025641025641026 0.4214285714285715 0.4 0.02220572747429052 0.02220572747429052 0.02220572747429052 0.2926829268292683 0.32407407407407407 0.319327731092437 0.5179856115107913 0.2588235294117647 0.5019607843137255
0.2836854388271733 0.26703644064514676 0.472857785692402 0.2777777777777778 0.23376623376623368 0.4549019607843137 0.04273374730182437 0.04273374730182437 0.04273374730182437 0.235042735042735 0.325 0.1724137931034483 0.3222222222222222 0.25098039215686274 0.6823529411764706
0.11702246744844508 0.5339769410718503 0.4096664129518995 0.11574074074074074 0.5038463814426889 0.403921568627451 0.04820197419368696 0.04820197419368696 0.04820197419368696 0.10677083333333338 0.12560386473429952 0.4324324324324324 0.6021505376344086 0.30196078431372547 0.5058823529411764
0.17628395484167486 0.2719151478772041 0.4962724274280025 0.18382352941176472 0.2673267326732674 0.48627450980392156 0.024954930376085524 0.024954930376085524 0.024954930376085524 0.16145833333333334 0.19333333333333325 0.21153846153846162 0.32919254658385094 0.4117647058823529 0.5686274509803921
0.281338431978018 0.24308982311178148 0.4852463666130515 0.22222222222222224 0.2394366197183099 0.5058823529411764 0.03411344156206741 0.03411344156206741 0.03411344156206741 0.20270270270270271 0.26811594202898553 0.16153846153846152 0.3043478260869565 0.4117647058823529 0.5764705882352941
0.25721994645290497 0.6568492944727083 0.37729749492570464 0.23224043715846995 0.761747082939136 0.36470588235294116 0.08459915464550427 0.08459915464550427 0.08459915464550427 0.21689497716894976 0.25675675675675674 0.38117559523809524 0.9659090909090908 0.24705882352941178 0.49019607843137253
0.34994425019869124 0.548841101009656 0.29492971382889094 0.3333333333333333 0.5454545454545454 0.23137254901960785 0.05838846246988725 0.05838846246988725 0.05838846246988725 0.30801687763713076 0.3846153846153846 0.3235294117647059 0.7590361445783133 0.10980392156862745 0.4235294117647059
0.14800949074804848 0.6237645354889257 0.4070579379212622 0.14285714285714288 0.6011398324348899 0.38823529411764707 0.07382665686205411 0.07382665686205411 0.07382665686205411 0.09322033898305086 0.1851851851851852 0.4772727272727273 0.7681159420289855 0.2392156862745098 0.5372549019607843
0.24675028356415266 0.6461613665170197 0.39682922363281253 0.22510822510822512 0.7254901960784313 0.3803921568627451 0.07777652002307835 0.07777652002307835 0.07777652002307835 0.21626984126984125 0.23880597014925373 0.48437500000000006 0.8983050847457628 0.28627450980392155 0.4588235294117647
0.2714240243346385 0.6440921032254845 0.5117325128293505 0.12015503875968993 0.7017543859649124 0.44313725490196076 0.12109185885294395 0.12109185885294395 0.12109185885294395 0.0470782237086585 0.17133956386292834 0.3670886075949367 0.9731693432406519 0.2823529411764706 0.7176470588235294
0.2352109698401915 0.4198154858851744 0.4949324663947611 0.18949771689497716 0.3941605839416058 0.5019607843137255 0.03983611697734601 0.03983611697734601 0.03983611697734601 0.1737089201877935 0.21212121212121215 0.27624309392265206 0.5526315789473685 0.4 0.596078431372549
0.1137462194182208 0.36345361905286167 0.5434803682215074 0.10833333333333331 0.27814569536423844 0.5647058823529412 0.08091916766735115 0.08091916766735115 0.08091916766735115 0.09523809523809525 0.1266666666666667 0.18181818181818185 0.4835164835164835 0.2980392156862745 0.796078431372549
0.13669598680936634 0.5409512863985735 0.45665378944546564 0.14311594202898553 0.5072463768115941 0.3803921568627451 0.07531378492524979 0.07531378492524979 0.07531378492524979 0.11403508771929825 0.16000000000000003 0.36966824644549756 0.6987951807228916 0.21568627450980393 0.6705882352941176
0.13004047875722288 0.7503130001640044 0.33947664148667284 0.10256410256410257 0.7894736842105263 0.29411764705882354 0.10323638517975027 0.10323638517975027 0.10323638517975027 0.0909090909090909 0.11299435028248588 0.6477272727272727 0.9189189189189189 0.2196078431372549 0.403921568627451
0.18378594693467903 0.38903136867059174 0.5506460750804227 0.16874999999999998 0.3826530612244898 0.5568627450980392 0.06692660448542259 0.06692660448542259 0.06692660448542259 0.14166666666666664 0.1895424836601307 0.21739130434782608 0.5148514851485149 0.34901960784313724 0.7372549019607844
0.15513342128461294 0.3922658857295361 0.6663386924594056 0.1333333333333333 0.3835616438356165 0.7019607843137254 0.08355570999586043 0.08355570999586043 0.08355570999586043 0.11240310077519376 0.14695340501792112 0.2811244979919679 0.4887218045112782 0.4549019607843137 0.9019607843137255
0.3419791972420806 0.4753118980551023 0.4789003858379289 0.3461538461538462 0.4393939393939394 0.4666666666666667 0.030974248880862598 0.030974248880862598 0.030974248880862598 0.3014705882352941 0.37804878048780494 0.368421052631579 0.5466666666666666 0.30196078431372547 0.6509803921568628
0.11588683631924777 0.46511183322805566 0.5299495323031556 0.10818713450292398 0.45 0.49411764705882355 0.08780111003137318 0.08780111003137318 0.08780111003137318 0.08333333333333333 0.1313131313131313 0.24774774774774774 0.6458333333333333 0.29411764705882354 0.7725490196078432
0.2736490337583324 0.34209427336228476 0.4146167829924939 0.21249999999999994 0.3035714285714285 0.38823529411764707 0.03680200364409374 0.03680200364409374 0.03680200364409374 0.18750000000000003 0.2713178294573643 0.20547945205479448 0.43749999999999994 0.2549019607843137 0.5176470588235293
0.15725428997934499 0.3554872709464438 0.5520165536917891 0.15740740740740744 0.3290322580645161 0.5725490196078431 0.03548990377025928 0.03548990377025928 0.03548990377025928 0.14646464646464655 0.1706349206349206 0.28965517241379307 0.39428571428571435 0.5058823529411764 0.6196078431372549
0.2839507193865389 0.42629250961596704 0.2653464523016238 0.19444444444444442 0.2891566265060241 0.18823529411764706 0.08892345082899943 0.08892345082899943 0.08892345082899943 0.10984848484848485 0.36666666666666653 0.16129032258064516 0.6923076923076923 0.03137254901960784 0.43529411764705883
0.14859111780208678 0.4491489581224225 0.37277437097886024 0.13636363636363635 0.4423076923076923 0.33725490196078434 0.038777642233426474 0.038777642233426474 0.038777642233426474 0.12121212121212123 0.1515151515151515 0.3333333333333333 0.5555555555555556 0.24705882352941178 0.4784313725490196
0.24597962714691698 0.6678264473225681 0.4799552767884497 0.2385057471264368 0.7096774193548387 0.39215686274509803 0.08968978718899705 0.08968978718899705 0.08968978718899705 0.20460704607046068 0.27567016317016313 0.475 0.9142857142857141 0.2196078431372549 0.7490196078431373
0.4416329067634104 0.5935020013727558 0.4897001977060355 0.4351851851851852 0.5504201680672268 0.4745098039215686 0.04157412924637254 0.04157412924637254 0.04157412924637254 0.4102564102564103 0.47154471544715443 0.4246575342465753 0.7538461538461538 0.2784313725490196 0.6784313725490196
0.35289686710885776 0.36664855555791226 0.4686132094439338 0.29523809523809524 0.3084841748703293 0.40784313725490196 0.07029215726927208 0.07029215726927208 0.07029215726927208 0.21485943775100402 0.5075757575757577 0.14664921465968586 0.5294117647058824 0.21176470588235294 0.7058823529411764
0.33272574250868037 0.11721331769419317 0.4987572763480392 0.22222222222222224 0.0975609756097561 0.5137254901960784 0.05518010093257392 0.05518010093257392 0.05518010093257392 0.19696969696969688 0.4444444444444446 0.059288537549407126 0.14563106796116507 0.3686274509803922 0.6274509803921569
0.17164324851739504 0.44430852504373763 0.46888128542432594 0.1773049645390071 0.38511415141849914 0.5019607843137255 0.04383820334589966 0.04383820334589966 0.04383820334589966 0.16037735849056606 0.19005847953216373 0.3227848101265823 0.5151515151515151 0.3058823529411765 0.6235294117647059
0.20394649901399337 0.4002052480072356 0.4870999803730086 0.19444444444444442 0.35973416388840146 0.49019607843137253 0.04194190725182264 0.04194190725182264 0.04194190725182264 0.18571428571428564 0.2106918238993711 0.27722772277227725 0.4761904761904763 0.30980392156862746 0.6470588235294118
0.298452567963981 0.44929449421489004 0.4483789182176777 0.2982456140350877 0.430232558139535 0.4117647058823529 0.04179478519474699 0.04179478519474699 0.04179478519474699 0.26368159203980096 0.32857142857142857 0.3157894736842104 0.5757575757575758 0.29411764705882354 0.5411764705882353
0.3983411365091146 0.30357195850063723 0.34622216318167887 0.4444444444444444 0.2678571428571429 0.30196078431372547 0.044194195609076316 0.044194195609076316 0.044194195609076316 0.24404761904761904 0.5333333333333333 0.16964285714285718 0.4042553191489362 0.12941176470588234 0.4784313725490196
0.2890616991728643 0.6468794669350422 0.34818210975796565 0.25675675675675674 0.6785714285714286 0.2588235294117647 0.09310120631166065 0.09310120631166065 0.09310120631166065 0.2124183006535948 0.3333333333333333 0.385 1.0 0.09803921568627451 0.5529411764705883
0.24301681322921434 0.49317603495205414 0.25311087814031863 0.23958333333333337 0.45000000000000007 0.20784313725490194 0.055538001445459395 0.055538001445459395 0.055538001445459395 0.21250000000000002 0.27499999999999997 0.3166666666666667 0.6363636363636364 0.12156862745098039 0.2980392156862745
0.38680718141787257 0.47666974414127095 0.5805867513020835 0.27777777777777773 0.4842519685039371 0.5333333333333333 0.06580449228337104 0.06580449228337104 0.06580449228337104 0.2041198501872659 0.6130434782608696 0.27659574468085113 0.6137931034482759 0.38431372549019605 0.8156862745098039
0.1903846957715011 0.3555550305855205 0.4216083601409314 0.1437908496732026 0.32812499999999994 0.4 0.0528549327526791 0.0528549327526791 0.0528549327526791 0.08139534883720928 0.2111111111111111 0.2212765957446808 0.46031746031746035 0.19215686274509802 0.615686274509804
0.2464157698335358 0.6347531874323014 0.44430739458869484 0.20306040537828618 0.6357615894039735 0.40784313725490196 0.07361544886969279 0.07361544886969279 0.07361544886969279 0.13151927437641725 0.2805643459915612 0.4666666666666667 0.8115942028985508 0.26666666666666666 0.6
0.21780813226462392 0.463557626898807 0.41669628666896447 0.17412935323383083 0.4566929133858268 0.40784313725490196 0.03647910367703846 0.03647910367703846 0.03647910367703846 0.1641025641025641 0.20085470085470084 0.32450331125827814 0.5876288659793815 0.3176470588235294 0.5098039215686274
0.36636936160090455 0.4272311137788106 0.46093905579810057 0.3333333333333333 0.38 0.44705882352941173 0.0579640854076485 0.0579640854076485 0.0579640854076485 0.14393939393939403 0.5773809523809524 0.255952380952381 0.5555555555555556 0.32156862745098036 0.5686274509803921
0.30197899048440613 0.3996126425175641 0.44593344295726106 0.27651515151515155 0.3812949640287769 0.43529411764705883 0.03188049706907262 0.03188049706907262 0.03188049706907262 0.23550724637681156 0.3103448275862069 0.27813589874211375 0.5 0.3058823529411765 0.5647058823529412
0.2977553764976801 0.43831369130987474 0.3794325884650735 0.28571428571428575 0.417910447761194 0.3333333333333333 0.0288347942350452 0.0288347942350452 0.0288347942350452 0.26296296296296295 0.3333333333333333 0.3150684931506849 0.5488823962079111 0.2196078431372549 0.5176470588235293
0.3640829919361593 0.32341140949657965 0.4509735107421875 0.30555555555555564 0.2946428571428571 0.43529411764705883 0.0459079659718232 0.0459079659718232 0.0459079659718232 0.1388381995133815 0.5787037037037037 0.19416047972587092 0.42574257425742573 0.3333333333333333 0.5333333333333333
0.2042668714248842 0.47362759423134515 0.5925665761910233 0.09523809523809529 0.44247787610619466 0.6039215686274509 0.11785664419711987 0.11785664419711987 0.11785664419711987 0.05820105820105822 0.1296296296296296 0.21900826446280985 0.7216494845360825 0.2823529411764706 0.9019607843137255
0.39850729338263996 0.2792685025664474 0.43516097723269 0.32222222222222213 0.2448979591836735 0.36470588235294116 0.051483380000787525 0.051483380000787525 0.051483380000787525 0.22764227642276424 0.6041666666666666 0.15044247787610618 0.3715939299955693 0.2392156862745098 0.596078431372549
0.19732941448738997 0.5722740948389375 0.27468519023820465 0.1923076923076923 0.5428571428571429 0.23137254901960785 0.07341733120432005 0.07341733120432005 0.07341733120432005 0.14694280078895464 0.2261904761904762 0.3820224719101123 0.781301738410596 0.07058823529411765 0.4196078431372549
0.5315050938716888 0.24749974108028022 0.3447043624578738 0.5729166666666666 0.2333333333333333 0.30196078431372547 0.0439320528678774 0.0439320528678774 0.0439320528678774 0.3854166666666667 0.6521739130434782 0.14942528735632196 0.327659574468085 0.2 0.4117647058823529
0.24424747531859603 0.449077535495942 0.2978193694469975 0.17156862745098045 0.36734693877551017 0.22745098039215686 0.07481164503959457 0.07481164503959457 0.07481164503959457 0.1222222222222224 0.22222222222222224 0.2 0.6666666666666666 0.11764705882352941 0.39215686274509803
0.48506904642874293 0.3726465999245864 0.38696761785768996 0.5367476851851851 0.3333333333333333 0.32156862745098036 0.05311210884490889 0.05311210884490889 0.05311210884490889 0.40196078431372545 0.5909090909090909 0.20338983050847456 0.47368421052631576 0.14509803921568626 0.6039215686274509
0.3688270091940785 0.45779152052712635 0.42292959175857836 0.36594202898550726 0.41584158415841577 0.4 0.043125692002663946 0.043125692002663946 0.043125692002663946 0.29464285714285715 0.4393939393939394 0.2945736434108527 0.5857142857142859 0.19607843137254902 0.6235294117647059
0.4199500301255196 0.4034669652198478 0.46261004279641543 0.4166666666666667 0.37499999999999994 0.4588235294117647 0.04917567101857123 0.04917567101857123 0.04917567101857123 0.32905982905982906 0.5360360360360361 0.23320158102766805 0.5619047619047619 0.2392156862745098 0.611764705882353
0.28963943395759506 0.540275003817806 0.5178481756472121 0.2882352941176471 0.5225225225225225 0.5058823529411764 0.03760204894453336 0.03760204894453336 0.03760204894453336 0.26626016260162605 0.3117283950617284 0.4246575342465753 0.6339285714285715 0.37254901960784315 0.6549019607843137
0.18535254997204637 0.641451053000523 0.30670166015625 0.18959882803696193 0.7636363636363637 0.27450980392156865 0.10815385663560667 0.10815385663560667 0.10815385663560667 0.1366666666666667 0.22115384615384615 0.33333333333333326 1.0 0.09411764705882353 0.44313725490196076
0.5724251158047426 0.19959652961479912 0.5410929361979167 0.6031746031746031 0.18039215686274512 0.4549019607843137 0.0787418595496263 0.0787418595496263 0.0787418595496263 0.5729166666666666 0.6212121212121212 0.11538461538461531 0.2413793103448276 0.24313725490196078 0.984313725490196
0.23288952883362102 0.5101908800919954 0.5614875943053003 0.22307692307692303 0.5266272189349113 0.580392156862745 0.038698591326655776 0.038698591326655776 0.038698591326655776 0.20528455284552846 0.24848484848484845 0.4029126213592233 0.6171875 0.4627450980392157 0.6745098039215687
0.4577569671557053 0.42892979279845805 0.3197759890088848 0.26190476190476186 0.3302752293577982 0.3333333333333333 0.07479069527919983 0.07479069527919983 0.07479069527919983 0.16959064327485382 0.796875 0.25000000000000006 0.5384615384615384 0.1568627450980392 0.4235294117647059
0.2206168426214276 0.43382731375098216 0.29761621811810657 0.18686868686868693 0.41379310344827586 0.2588235294117647 0.038502163110372155 0.038502163110372155 0.038502163110372155 0.10317460317460318 0.23148148148148148 0.3026315789473685 0.5319148936170213 0.1803921568627451 0.36470588235294116
0.21117951343865812 0.6912136208267904 0.4587142645143995 0.11203333792533407 0.7202434870828653 0.40784313725490196 0.10148553782042101 0.10148553782042101 0.10148553782042101 0.09176029962546817 0.16666666666666666 0.473969590349334 0.9448275862068966 0.21568627450980393 0.6862745098039216
0.18392277170064936 0.3556713456295715 0.5578869987936581 0.16666666666666666 0.35714285714285726 0.5568627450980392 0.05226517972548369 0.05226517972548369 0.05226517972548369 0.14814814814814817 0.18333333333333335 0.18604651162790697 0.49612403100775193 0.4745098039215686 0.6392156862745098
0.22530022325527077 0.319323099568406 0.4939930635340073 0.20430107526881724 0.327433628318584 0.48627450980392156 0.033571551850259375 0.033571551850259375 0.033571551850259375 0.18627450980392157 0.23412698412698418 0.22602739726027396 0.41726618705035967 0.34509803921568627 0.611764705882353
0.18948706514590355 0.6332818847148672 0.3463511149088542 0.19420289855072462 0.7389162561576355 0.30196078431372547 0.11731022707685997 0.11731022707685997 0.11731022707685997 0.16071428571428573 0.22435897435897437 0.32416635089048884 1.0 0.0196078431372549 0.5843137254901961
0.1747895015592403 0.41800910113040757 0.3334604899088542 0.11445783132530118 0.4117647058823529 0.2901960784313725 0.05372533177875057 0.05372533177875057 0.05372533177875057 0.08743169398907105 0.16666666666666666 0.23913043478260862 0.5681818181818182 0.1764705882352941 0.4549019607843137
0.2806982462305321 0.43244670030343857 0.450959747912837 0.2733333333333333 0.42631578947368426 0.43137254901960786 0.026171944842416 0.026171944842416 0.026171944842416 0.2573099415204678 0.29591836734693877 0.2928571428571429 0.523076923076923 0.3333333333333333 0.5529411764705883
0.48025772294559077 0.3292458535189215 0.3362849216835171 0.425 0.29310344827586216 0.3254901960784314 0.03934554968267554 0.03934554968267554 0.03934554968267554 0.32051282051282054 0.6614583333333334 0.18478260869565213 0.43589743589743596 0.22352941176470587 0.4235294117647059
0.30098525969102274 0.32477158803074163 0.3822580973307291 0.2333333333333333 0.3148148148148149 0.30980392156862746 0.040932246137495965 0.040932246137495965 0.040932246137495965 0.19607843137254907 0.409090909090909 0.1935483870967742 0.42857142857142855 0.21176470588235294 0.48627450980392156
0.21623281972461145 0.5519305987092763 0.5658164828431372 0.10714285714285716 0.5843137254901961 0.5882352941176471 0.11214797676248767 0.11214797676248767 0.11214797676248767 0.07692307692307693 0.17499999999999996 0.2747623997623998 0.8082901554404146 0.3137254901960784 0.8313725490196078
0.19300558790821676 0.5998560758197551 0.3918719123391543 0.125 0.5568181818181818 0.37254901960784315 0.08331559186555305 0.08331559186555305 0.08331559186555305 0.054982817869415807 0.22916666666666666 0.39999999999999997 0.8148148148148148 0.21568627450980393 0.5372549019607843
0.322188862598654 0.33005399366340143 0.4718288646024816 0.23888888888888885 0.2992125984251969 0.3568627450980392 0.06724562683069088 0.06724562683069088 0.06724562683069088 0.20270270270270271 0.5 0.15384615384615385 0.4545454545454546 0.21568627450980393 0.7176470588235294
0.6057395523587662 0.31732470827692916 0.5903249703201593 0.6057692307692307 0.2893401015228426 0.6901960784313725 0.03943218237660127 0.03943218237660127 0.03943218237660127 0.596969696969697 0.6136363636363636 0.268041237113402 0.3113207547169811 0.4 0.7725490196078432
0.17732905276609692 0.3923594504651058 0.4548600739123774 0.173469387755102 0.36134453781512604 0.44313725490196076 0.04041338660683256 0.04041338660683256 0.04041338660683256 0.14166666666666675 0.1875 0.29078014184397166 0.4571428571428572 0.3176470588235294 0.580392156862745
0.14358323541994836 0.3329284744323373 0.5310643214805453 0.15891472868217058 0.2948717948717949 0.5490196078431373 0.05073436001962986 0.05073436001962986 0.05073436001962986 0.09829059829059829 0.1884057971014493 0.22222222222222207 0.39199999999999996 0.4 0.6666666666666666
0.13438152178827006 0.7712051830893119 0.4987753475413604 0.13194444444444445 0.7808219178082192 0.4980392156862745 0.0931151245143898 0.0931151245143898 0.0931151245143898 0.10330578512396695 0.15777777777777777 0.6724137931034483 0.8837502936340147 0.3333333333333333 0.6588235294117647
0.19241284844312884 0.4067171912664681 0.514161412856158 0.19281045751633985 0.4239130434782609 0.5137254901960784 0.037990220740682486 0.037990220740682486 0.037990220740682486 0.17803030303030298 0.20501768346595933 0.3289473684210526 0.4777777777777777 0.3411764705882353 0.6980392156862745
0.10164831754000579 0.7713144712279653 0.590547150256587 0.08590938047459787 0.8405484757621189 0.615686274509804 0.1211295333398323 0.1211295333398323 0.1211295333398323 0.05416666666666667 0.10569105691056911 0.6222222222222222 0.9649122807017544 0.4117647058823529 0.7529411764705882
0.18029872768844676 0.20635452771885576 0.5140113381778492 0.19135802469135796 0.2 0.5098039215686274 0.02850175319228539 0.02850175319228539 0.02850175319228539 0.17187500000000008 0.1944444444444445 0.16153846153846152 0.2424242424242424 0.44313725490196076 0.5843137254901961
0.2371936528755469 0.3778637188609409 0.514528102500766 0.18229166666666666 0.36054421768707473 0.5058823529411764 0.04288271480688288 0.04288271480688288 0.04288271480688288 0.16410256410256405 0.20833333333333334 0.21897810218978098 0.5139213395638629 0.4196078431372549 0.6039215686274509
0.24268951373648334 0.4403764280733787 0.477142214307598 0.22163120567375885 0.430232558139535 0.48627450980392156 0.0545733107419664 0.0545733107419664 0.0545733107419664 0.10044930336026225 0.2681159420289854 0.30211657801418446 0.5702479338842975 0.3176470588235294 0.6392156862745098
0.19848651857917793 0.19952294264656953 0.4001402611825981 0.1923076923076922 0.19672131147540986 0.396078431372549 0.017726464317700412 0.017726464317700412 0.017726464317700412 0.171875 0.20289855072463778 0.1195652173913044 0.2660550458715596 0.3333333333333333 0.4627450980392157
0.291758081333904 0.46062467135906476 0.4086917652803309 0.19047619047619047 0.45 0.30980392156862746 0.07887889296085134 0.07887889296085134 0.07887889296085134 0.15079365079365079 0.4833333333333334 0.24705882352941178 0.6266666666666667 0.1568627450980392 0.5725490196078431
0.2860559221819229 0.5712991086587533 0.5639280431410846 0.08403361344537817 0.5897435897435898 0.5764705882352941 0.11775722443013566 0.11775722443013566 0.11775722443013566 0.03492063492063492 0.6875 0.3106796116504854 0.8518518518518519 0.3568627450980392 0.7843137254901961
0.472878671169178 0.28009473137942376 0.5713416604434743 0.5111111111111112 0.19310344827586207 0.5647058823529412 0.07628908109133446 0.07628908109133446 0.07628908109133446 0.3666666666666671 0.5827814569536424 0.08064516129032263 0.4444444444444444 0.26666666666666666 0.9372549019607843
0.22779394769422834 0.6726269612559921 0.49597915948606003 0.22030651340996169 0.7307692307692307 0.49019607843137253 0.09059241021751073 0.09059241021751073 0.09059241021751073 0.19576719576719578 0.24031007751937983 0.45454545454545453 0.9022988505747127 0.23137254901960785 0.7333333333333333
0.19754012375805594 0.22964678248243448 0.4140603458180147 0.19047619047619058 0.20869565217391303 0.40784313725490196 0.01587553133082343 0.01587553133082343 0.01587553133082343 0.1759259259259259 0.20588235294117632 0.16853932584269668 0.27586206896551724 0.3411764705882353 0.4823529411764706
0.17168459227085026 0.5148384186431876 0.3194756002987132 0.11458333333333331 0.4831460674157303 0.21568627450980393 0.09605891585421018 0.09605891585421018 0.09605891585421018 0.08680555555555558 0.14705882352941177 0.2222222222222222 0.8214285714285714 0.09411764705882353 0.4627450980392157
0.35994660643917703 0.09544924012652492 0.5068897322112439 0.23333333333333317 0.08588957055214712 0.5137254901960784 0.061173679285782746 0.061173679285782746 0.061173679285782746 0.14705882352941183 0.611111111111111 0.053691275167785234 0.12727272727272732 0.4235294117647059 0.596078431372549
0.3202471098650316 0.20279623859183335 0.41182011623008574 0.27956989247311825 0.1935483870967742 0.34901960784313724 0.03555277122706868 0.03555277122706868 0.03555277122706868 0.20202020202020202 0.37878787878787884 0.09649122807017535 0.2794117647058824 0.24705882352941178 0.5294117647058824
0.17337804086022826 0.3742211601635887 0.39906825645297184 0.16666666666666666 0.35964912280701755 0.43137254901960786 0.023760157621862375 0.023760157621862375 0.023760157621862375 0.15079365079365079 0.18686868686868685 0.30088495575221236 0.42372881355932207 0.3137254901960784 0.49411764705882355
0.3868476128727082 0.3873727355903354 0.23958967620251226 0.3888888888888889 0.32 0.2196078431372549 0.0505270110569683 0.0505270110569683 0.0505270110569683 0.3 0.4722222222222223 0.18181818181818182 0.5333333333333333 0.06666666666666667 0.37254901960784315
0.2940964989142638 0.40512368854405234 0.33680725097656256 0.2575757575757576 0.3333333333333333 0.3333333333333333 0.04634839736333423 0.04634839736333423 0.04634839736333423 0.22424242424242424 0.3518518518518518 0.15200000000000002 0.607843137254902 0.2196078431372549 0.45098039215686275
0.5151556110535112 0.5201750853512069 0.2589111328125 0.5333333333333333 0.5111111111111111 0.1803921568627451 0.05083864974040169 0.05083864974040169 0.05083864974040169 0.4895833333333333 0.5729166666666666 0.3333333333333333 0.6785714285714286 0.10980392156862745 0.3411764705882353
0.15781056034768942 0.38515804509997786 0.4152857761757046 0.16666666666666666 0.34862385321100914 0.36470588235294116 0.04972954128427783 0.04972954128427783 0.04972954128427783 0.12056737588652487 0.19047619047619047 0.26000000000000006 0.4693877551020407 0.20392156862745098 0.5529411764705883
0.2692465630252411 0.18739470850532336 0.49881436217064956 0.2797619047619047 0.17431192660550462 0.4117647058823529 0.05057281475313607 0.05057281475313607 0.05057281475313607 0.235042735042735 0.31250000000000006 0.10948905109489054 0.24166666666666664 0.29411764705882354 0.6627450980392157
0.3974803960457363 0.1709572801822979 0.4352642582912071 0.29012345679012347 0.14893617021276603 0.4117647058823529 0.05140990089734523 0.05140990089734523 0.05140990089734523 0.1929824561403508 0.638888888888889 0.0983606557377048 0.22368421052631574 0.32156862745098036 0.5254901960784314
0.11403156673731385 0.7606514360955966 0.35012631883808215 0.10444444444444445 0.8210201429499675 0.3058823529411765 0.11005349163103723 0.11005349163103723 0.11005349163103723 0.08823529411764706 0.125 0.6039603960396039 1.0 0.16862745098039217 0.49019607843137253
0.3900404479111697 0.42182599253855746 0.5513559378829657 0.375 0.42592592592592593 0.5176470588235293 0.029784115145366195 0.029784115145366195 0.029784115145366195 0.34552845528455284 0.43495934959349597 0.34444444444444433 0.5087719298245613 0.36470588235294116 0.7058823529411764
0.3330189624731313 0.4494162226475334 0.35971153109681375 0.32499999999999996 0.4166666666666667 0.3568627450980392 0.022743711008516018 0.022743711008516018 0.022743711008516018 0.2878787878787879 0.36752136752136755 0.31775700934579443 0.55 0.27058823529411763 0.44313725490196076
0.1011981662075129 0.4576615667860098 0.3821216059666054 0.09166666666666669 0.4545454545454546 0.3686274509803922 0.03477907444349185 0.03477907444349185 0.03477907444349185 0.07526881720430106 0.12091503267973858 0.375 0.5324675324675324 0.2901960784313725 0.4666666666666667
0.26935333882293316 0.44301296940535506 0.3254078584558823 0.21666666666666665 0.4444444444444445 0.2901960784313725 0.04585704721249787 0.04585704721249787 0.04585704721249787 0.16666666666666666 0.2982456140350877 0.275 0.5833333333333334 0.16470588235294117 0.4627450980392157
0.22899344542046443 0.3174705260450449 0.492887908337163 0.1929824561403508 0.33653846153846156 0.4666666666666667 0.041398604884094484 0.041398604884094484 0.041398604884094484 0.17567567567567574 0.19918699186991873 0.2125984251968504 0.42105263157894735 0.3764705882352941 0.6
0.24544340248498175 0.43033378596824057 0.5251942952473958 0.1865942028985507 0.4479166666666667 0.592156862745098 0.04750100535311 0.04750100535311 0.04750100535311 0.1518987341772152 0.24999999999999997 0.34375 0.5254237288135594 0.3411764705882353 0.7098039215686275
0.31274779256952806 0.18742836364199145 0.5388565362668505 0.22222222222222232 0.14953271028037382 0.5411764705882353 0.05766327976829413 0.05766327976829413 0.05766327976829413 0.07823129251700675 0.5111111111111111 0.08064516129032263 0.2757412181759588 0.4235294117647059 0.6549019607843137
0.27274526979087627 0.5698453974110731 0.37064615885416663 0.2579365079365079 0.5673076923076923 0.37254901960784315 0.03917655721633744 0.03917655721633744 0.03917655721633744 0.24242424242424243 0.28571428571428564 0.4365917728593785 0.7058823529411764 0.2588235294117647 0.4784313725490196
0.2751533370168301 0.46554059982601687 0.3327652276731005 0.26811594202898553 0.4166666666666667 0.27058823529411763 0.044303503197161566 0.044303503197161566 0.044303503197161566 0.2380952380952381 0.3125 0.29787234042553207 0.5918367346938775 0.14901960784313725 0.4549019607843137
0.4457246780952159 0.350378461271452 0.29252923703661154 0.4444444444444445 0.24324324324324317 0.22745098039215686 0.06498159294239496 0.06498159294239496 0.06498159294239496 0.3333333333333333 0.5909090909090909 0.09803921568627458 0.5476190476190477 0.09411764705882353 0.43137254901960786
0.29061788670222166 0.35004453976882416 0.33015561571308216 0.2333333333333334 0.3418803418803419 0.32156862745098036 0.034864374686192544 0.034864374686192544 0.034864374686192544 0.21505376344086022 0.3333333333333333 0.21428571428571427 0.46551724137931033 0.1411764705882353 0.45098039215686275
0.3625632494769628 0.33262666574393596 0.41767655914905016 0.34684684684684686 0.31683168316831684 0.3568627450980392 0.04851212617676485 0.04851212617676485 0.04851212617676485 0.3055555555555555 0.4189189189189189 0.11920529801324499 0.5306122448979591 0.2196078431372549 0.5607843137254902
0.5113034655859072 0.4283530981600908 0.34023407580805753 0.5567632850241546 0.3695652173913043 0.2392156862745098 0.06076038947805088 0.06076038947805088 0.06076038947805088 0.37878787878787884 0.5970149253731344 0.2 0.6470588235294118 0.13725490196078433 0.5333333333333333
0.4481861864371062 0.3203650276657117 0.19545772776884193 0.5625 0.2788461538461538 0.08235294117647059 0.08239633780349649 0.08239633780349649 0.08239633780349649 0.16666666666666666 0.611111111111111 0.08464590964590962 0.5 0.023529411764705882 0.21176470588235294
0.3205565166963007 0.48868948576800464 0.443173277611826 0.20833333333333334 0.4609053497942387 0.3607843137254902 0.07883928871382635 0.07883928871382635 0.07883928871382635 0.18181818181818177 0.59772030651341 0.27160493827160487 0.7058823529411765 0.2196078431372549 0.5568627450980392
0.3495252006889003 0.2660416015745282 0.3460313385608149 0.2976190476190476 0.22340425531914904 0.28627450980392155 0.05071712948545073 0.05071712948545073 0.05071712948545073 0.21505376344086022 0.5454545454545454 0.08571428571428569 0.38534499235474 0.17254901960784313 0.5058823529411764
0.25114857579522376 0.5305296265327124 0.2560586966720282 0.1368734335839599 0.5674376299376299 0.1411764705882353 0.09097600395730165 0.09097600395730165 0.09097600395730165 0.09523809523809523 0.4583333333333333 0.2857142857142857 0.75 0.03137254901960784 0.3686274509803922
0.485757522050816 0.4473350502048099 0.34150312835094976 0.5229885057471265 0.3454545454545455 0.25098039215686274 0.08366225616447258 0.08366225616447258 0.08366225616447258 0.39147286821705424 0.5833333333333334 0.1636363636363637 0.71875 0.08627450980392157 0.5058823529411764
0.37055297633006806 0.13533100673706 0.481284885780484 0.3645833333333333 0.12295081967213106 0.4823529411764706 0.030902270915697527 0.030902270915697527 0.030902270915697527 0.28125000000000006 0.44117647058823534 0.09418158567774934 0.16268562622583366 0.40784313725490196 0.5568627450980392
0.3626939527033314 0.37662285411516416 0.3926027784160539 0.2878787878787879 0.35 0.2 0.08106808802965382 0.08106808802965382 0.08106808802965382 0.21212121212121213 0.5750000000000001 0.16666666666666666 0.5669291338582677 0.0784313725490196 0.8196078431372549
0.17886692478047922 0.5348309740450363 0.27641410079656864 0.18095238095238098 0.5211267605633803 0.23529411764705882 0.050731748117456656 0.050731748117456656 0.050731748117456656 0.13333333333333333 0.21666666666666667 0.38775510204081626 0.6666666666666666 0.1411764705882353 0.38823529411764707
0.32774135276261707 0.37343158749967426 0.4584306305530024 0.24404761904761907 0.3333333333333333 0.3607843137254902 0.06416825523230742 0.06416825523230742 0.06416825523230742 0.20621468926553677 0.5 0.1840368098159508 0.5151515151515151 0.21568627450980393 0.6352941176470588
0.13281328060641995 0.8097382702986292 0.4512078378714768 0.13333333333333333 0.8571428571428571 0.40784313725490196 0.11498522640427496 0.11498522640427496 0.11498522640427496 0.10683760683760686 0.1543859649122807 0.6850393700787402 1.0 0.24313725490196078 0.6352941176470588
0.20265903176108546 0.35428836794727414 0.29854012283624387 0.1759259259259259 0.32258064516129026 0.25098039215686274 0.0426763408112234 0.0426763408112234 0.0426763408112234 0.0769230769230769 0.2142857142857143 0.2051282051282052 0.4626865671641791 0.16470588235294117 0.37254901960784315
0.1321385417825906 0.4614246316950988 0.7608835257735908 0.11983471074380166 0.4840425531914894 0.8117647058823529 0.08858356408187128 0.08858356408187128 0.08858356408187128 0.10416666666666673 0.1333333333333333 0.38918253228598054 0.5511111111111111 0.6941176470588235 0.8901960784313725
0.18767514273778346 0.3465980483355103 0.4822312897326899 0.19281045751633985 0.3076923076923077 0.4666666666666667 0.04383222524729911 0.04383222524729911 0.04383222524729911 0.17999999999999994 0.1950354609929078 0.22448979591836735 0.41747572815533984 0.28627450980392155 0.6509803921568628
0.20726135187186592 0.6164304581568234 0.35280725815716907 0.21031746031746035 0.5888888888888889 0.3176470588235294 0.06795883294891013 0.06795883294891013 0.06795883294891013 0.16037735849056606 0.24806201550387597 0.42105263157894735 0.813953488372093 0.1803921568627451 0.48627450980392156
0.3374150680982315 0.2454697739177052 0.4106068929036458 0.23106060606060605 0.17741935483870963 0.3137254901960784 0.056545922838629505 0.056545922838629505 0.056545922838629505 0.19607843137254907 0.5681818181818182 0.10526315789473673 0.34042553191489366 0.20784313725490194 0.5764705882352941
0.22940204617477072 0.13865351695144057 0.47435081332337625 0.19047619047619038 0.12711864406779663 0.4117647058823529 0.052299806449744746 0.052299806449744746 0.052299806449744746 0.160919540229885 0.2083333333333333 0.05504587155963296 0.2079405940594059 0.32941176470588235 0.5254901960784314
0.34614934684347254 0.4549017197537732 0.43855052274816175 0.24871794871794872 0.44360902255639106 0.4117647058823529 0.050818990192763404 0.050818990192763404 0.050818990192763404 0.20222222222222222 0.5625 0.31000000000000005 0.5614269631297496 0.24705882352941178 0.6
0.251947285855709 0.6191731992034539 0.23960379806219362 0.23958333333333334 0.6153846153846154 0.20392156862745098 0.0680063999058833 0.0680063999058833 0.0680063999058833 0.22395833333333334 0.25378787878787884 0.46774193548387105 0.7903225806451613 0.10980392156862745 0.30980392156862746
0.27451868875779184 0.1936447904230853 0.5130373487285539 0.23737373737373743 0.18315234920976237 0.5254901960784314 0.0377616098547427 0.0377616098547427 0.0377616098547427 0.2142857142857141 0.2777777777777783 0.09333333333333338 0.27272727272727265 0.43529411764705883 0.6039215686274509
0.2704190083567445 0.5729423108451299 0.34274040670955874 0.19270833333333334 0.5862068965517241 0.32156862745098036 0.06301953187216024 0.06301953187216024 0.06301953187216024 0.15773809523809526 0.30952380952380953 0.32352941176470595 0.8155339805825242 0.20392156862745098 0.43137254901960786
0.2786250485084721 0.5498025453822082 0.40610716576669725 0.2579365079365079 0.5584415584415584 0.3137254901960784 0.07372850545403709 0.07372850545403709 0.07372850545403709 0.21464646464646467 0.31007751937984496 0.3181818181818182 0.7894736842105263 0.2 0.5529411764705883
0.17107363589926464 0.2645883708052179 0.5173025093826592 0.18827160493827164 0.2547169811320754 0.5176470588235293 0.03031797117223117 0.03031797117223117 0.03031797117223117 0.16145833333333334 0.1944444444444445 0.19491525423728814 0.33143659711075446 0.4196078431372549 0.6274509803921569
0.12073965807261658 0.4227978464823085 0.5219982072418811 0.12091503267973853 0.41379310344827586 0.5098039215686274 0.04766731005635604 0.04766731005635604 0.04766731005635604 0.09935897435897438 0.13841807909604523 0.3538461538461538 0.48684210526315785 0.39215686274509803 0.6196078431372549
0.3764262171110504 0.14034715742933612 0.4321661257276348 0.19999999999999982 0.11688311688311684 0.38431372549019605 0.07761590252723292 0.07761590252723292 0.07761590252723292 0.043209876543209895 0.8888888888888886 0.0697674418604652 0.1900826446280992 0.3176470588235294 0.5019607843137255
0.1675876624926524 0.3133262998466476 0.5258109298406862 0.1610169491525424 0.33146067415730335 0.5411764705882353 0.03176780808564907 0.03176780808564907 0.03176780808564907 0.13288288288288289 0.19270833333333334 0.2142857142857143 0.4012345679012346 0.4156862745098039 0.6352941176470588
0.2229254109086261 0.5423233858938429 0.3381643257889093 0.15853658536585363 0.5205479452054794 0.32156862745098036 0.06556737380575621 0.06556737380575621 0.06556737380575621 0.13440860215053765 0.20398009950248755 0.25454545454545463 0.8076923076923077 0.20784313725490194 0.45098039215686275
0.16859599363585925 0.7215026949467884 0.38585199094286154 0.14641744548286603 0.7526598754951896 0.2901960784313725 0.10370407247563464 0.10370407247563464 0.10370407247563464 0.12612612612612614 0.19444444444444442 0.5750804721030043 0.9374999999999999 0.11764705882352941 0.6549019607843137
0.5918248914321631 0.3262425827821693 0.5052435781441484 0.5909090909090909 0.3220338983050848 0.5490196078431373 0.0377713623518598 0.0377713623518598 0.0377713623518598 0.5782312925170068 0.603448275862069 0.26086956521739124 0.36000000000000004 0.25098039215686274 0.7725490196078432
0.39848930182782727 0.33371620653520995 0.3194101371017157 0.4090909090909091 0.29850746268656714 0.2549019607843137 0.03335269161842368 0.03335269161842368 0.03335269161842368 0.29012345679012347 0.5151515151515151 0.19230769230769232 0.4482758620689655 0.16470588235294117 0.4235294117647059
0.2015122510174673 0.4451873672116593 0.47512093338311884 0.18949771689497716 0.4236453201970443 0.4588235294117647 0.046257427431226454 0.046257427431226454 0.046257427431226454 0.18000000000000005 0.19444444444444445 0.3025210084033613 0.5555555555555556 0.32156862745098036 0.6078431372549019
0.20728602983750016 0.43656588056920115 0.48563513662300856 0.16312056737588654 0.3571428571428572 0.5058823529411764 0.0782870116680245 0.0782870116680245 0.0782870116680245 0.1333333333333334 0.19811320754716988 0.23931623931623933 0.5714285714285714 0.23529411764705882 0.7137254901960784
0.23975601994502369 0.610041405520978 0.47343283260569846 0.19308943089430894 0.644927536231884 0.42745098039215684 0.09438808090621335 0.09438808090621335 0.09438808090621335 0.15476190476190474 0.29012345679012347 0.3466666666666667 0.9428571428571428 0.20784313725490194 0.7137254901960784
0.18265310095146536 0.6226469313814587 0.2849692550359988 0.18571428571428572 0.6052631578947368 0.2823529411764706 0.05731282245887224 0.05731282245887224 0.05731282245887224 0.17156862745098042 0.1929824561403509 0.471264367816092 0.7727272727272726 0.19215686274509802 0.3686274509803922
0.26521605723295627 0.6076418533528617 0.3602846033432904 0.2619047619047619 0.5818181818181818 0.3529411764705882 0.05262182362626374 0.05262182362626374 0.05262182362626374 0.24149659863945577 0.28571428571428575 0.42857142857142855 0.7857142857142857 0.23137254901960785 0.4666666666666667
0.38311162232743273 0.4149505358252696 0.4134772207222732 0.3802083333333333 0.39473684210526316 0.3803921568627451 0.01663293708187532 0.01663293708187532 0.01663293708187532 0.3300653594771242 0.4351851851851852 0.3333333333333333 0.47826086956521735 0.2784313725490196 0.4980392156862745
0.1745725265526729 0.5834189758681437 0.3696131089154412 0.1797385620915033 0.5656151680741844 0.3529411764705882 0.04735039711724884 0.04735039711724884 0.04735039711724884 0.14761904761904762 0.19827586206896555 0.46236559139784944 0.6888888888888889 0.25098039215686274 0.4784313725490196
0.37435547761205545 0.32370648526320284 0.3927578196806065 0.3055555555555555 0.2857142857142856 0.23529411764705882 0.07423472035128692 0.07423472035128692 0.07423472035128692 0.19999999999999998 0.5774946921443737 0.11940298507462686 0.5059549745824256 0.09803921568627451 0.7843137254901961
0.22092604847718733 0.336382006063628 0.37156366086473647 0.1708333333333333 0.3448275862068966 0.3803921568627451 0.02712107342537889 0.02712107342537889 0.02712107342537889 0.15040650406504072 0.19607843137254907 0.24 0.4166666666666667 0.2980392156862745 0.45098039215686275
0.39301262929289504 0.500213318738137 0.241763365502451 0.40833333333333327 0.45833333333333326 0.16862745098039217 0.0608696739393139 0.0608696739393139 0.0608696739393139 0.2968750000000001 0.48484848484848486 0.2857142857142857 0.7164179104477612 0.054901960784313725 0.33725490196078434
0.2795394253524498 0.6502054115940963 0.6692747228285846 0.12790697674418605 0.7357723577235773 0.6901960784313725 0.1058868078512145 0.1058868078512145 0.1058868078512145 0.1099537037037037 0.580542264752791 0.4862745098039216 0.8770491803278688 0.45098039215686275 0.9372549019607843
0.17319036552402592 0.6331136850468734 0.5583351883233761 0.19166666666666665 0.6557377049180328 0.5764705882352941 0.08231568623918638 0.08231568623918638 0.08231568623918638 0.15804597701149428 0.20224719101123592 0.43381513564329843 0.8387096774193549 0.396078431372549 0.7254901960784313
0.5024378367297957 0.3122013026468582 0.44119759353936894 0.5555555555555556 0.27918781725888325 0.3803921568627451 0.049927152444238836 0.049927152444238836 0.049927152444238836 0.40476190476190466 0.6111111111111112 0.1802325581395349 0.4074074074074074 0.2392156862745098 0.5882352941176471
0.13478424050733293 0.5804166622409874 0.6363843132467831 0.13522012578616355 0.5529953917050692 0.6901960784313725 0.07990046322676965 0.07990046322676965 0.07990046322676965 0.10416666666666667 0.16666666666666666 0.4691358024691358 0.6809596844872918 0.4823529411764706 0.807843137254902
0.23107472261406337 0.30227449021986974 0.25734049479166665 0.19696969696969693 0.26666666666666666 0.21176470588235294 0.024762500335924555 0.024762500335924555 0.024762500335924555 0.15196078431372548 0.28787878787878785 0.1750000000000001 0.38636363636363635 0.1411764705882353 0.3333333333333333
0.6719028875434591 0.4409306640761373 0.22152542413449758 0.6969696969696969 0.41612822543665845 0.14509803921568626 0.07521145901517816 0.07521145901517816 0.07521145901517816 0.6904761904761906 0.7301587301587302 0.29411764705882354 0.5833333333333334 0.0784313725490196 0.27058823529411763
0.27474669587510137 0.583255093032505 0.3798838297526041 0.25641025641025644 0.5723684210526316 0.34901960784313724 0.05977721067370883 0.05977721067370883 0.05977721067370883 0.23469387755102042 0.30303030303030304 0.4071428571428572 0.7916666666666666 0.2196078431372549 0.48627450980392156
0.22497533578250484 0.6202498482852996 0.4286963967715992 0.1568627450980392 0.6153846153846154 0.4019607843137255 0.0809296535711601 0.0809296535711601 0.0809296535711601 0.13333333333333333 0.20930232558139536 0.4102564102564103 0.8636363636363636 0.24313725490196078 0.5764705882352941
0.204511033407281 0.40598379401552265 0.4718630323223039 0.1950354609929078 0.3958333333333333 0.43137254901960786 0.0316662034570499 0.0316662034570499 0.0316662034570499 0.19281045751633985 0.2191358024691358 0.3161290322580645 0.47761194029850745 0.32941176470588235 0.596078431372549
0.21415266978971664 0.3322046423265543 0.38185640222886025 0.18750000000000008 0.2949640287769784 0.40784313725490196 0.03570813765460806 0.03570813765460806 0.03570813765460806 0.1708333333333333 0.19999999999999998 0.20689655172413793 0.41304347826086957 0.1843137254901961 0.5372549019607843
0.2662562007651526 0.4961208506122709 0.36382129145603553 0.26 0.5217391304347826 0.32156862745098036 0.058992583234682656 0.058992583234682656 0.058992583234682656 0.23809523809523805 0.28571428571428575 0.2608695652173913 0.725 0.21568627450980393 0.43137254901960786
0.32141137435796113 0.2695792471387037 0.4673581590839461 0.2246376811594203 0.25757575757575757 0.3686274509803922 0.06474875438101461 0.06474875438101461 0.06474875438101461 0.13333333333333353 0.5617724867724869 0.09430544161881318 0.41588785046728977 0.23137254901960785 0.796078431372549
0.16615993816430574 0.3007315116965786 0.450548179476869 0.1706349206349206 0.2870370370370371 0.45098039215686275 0.01958790504925851 0.01958790504925851 0.01958790504925851 0.1557971014492754 0.17777777777777773 0.24806201550387597 0.3363636363636364 0.38431372549019605 0.5176470588235293
0.2639450337233804 0.579399289098104 0.32715484020756735 0.25203252032520324 0.574468085106383 0.2980392156862745 0.07800189236592751 0.07800189236592751 0.07800189236592751 0.23148148148148148 0.3103448275862069 0.3471074380165289 0.8974358974358975 0.10980392156862745 0.4823529411764706
0.4751590888437375 0.6796992884357771 0.3621094348383885 0.4761904761904761 0.7452830188679245 0.3058823529411765 0.07007657983272166 0.07007657983272166 0.07007657983272166 0.45410628019323673 0.5 0.4606060606060607 1.0 0.1764705882352941 0.48627450980392156
0.22498424534484146 0.6072377191848276 0.33819197112438726 0.2351190476190476 0.5972222222222223 0.30196078431372547 0.04730360107800372 0.04730360107800372 0.04730360107800372 0.21568627450980396 0.24848484848484845 0.49090909090909096 0.7162162162162162 0.2 0.44313725490196076
0.2710754426406567 0.6350252498682042 0.30854617848115806 0.23976608187134504 0.75 0.30196078431372547 0.08957975153195989 0.08957975153195989 0.08957975153195989 0.21014492753623193 0.3103448275862069 0.2857142857142857 0.9647887323943661 0.09803921568627451 0.4784313725490196
0.10857203353037233 0.482400601873601 0.24045104980468746 0.09523809523809523 0.4545454545454545 0.23137254901960785 0.0404518885655648 0.0404518885655648 0.0404518885655648 0.08080808080808081 0.12179487179487176 0.3564356435643565 0.5757575757575757 0.16862745098039217 0.2980392156862745
0.28128535923751663 0.3515569263421685 0.430078125 0.2692307692307692 0.3223863963186655 0.36470588235294116 0.026143047044559446 0.026143047044559446 0.026143047044559446 0.24242424242424243 0.3106060606060606 0.2588235294117646 0.40740740740740744 0.2823529411764706 0.5098039215686274
0.25804787899688797 0.644355831408921 0.42230176738664216 0.2570281124497992 0.6434782608695653 0.403921568627451 0.06792029380625027 0.06792029380625027 0.06792029380625027 0.22727272727272727 0.28743961352657005 0.4795918367346938 0.8375 0.21176470588235294 0.6
0.45424823739928605 0.22671524259777498 0.5156147077971813 0.42222222222222205 0.18947368421052638 0.5058823529411764 0.06783016780300734 0.06783016780300734 0.06783016780300734 0.2982456140350877 0.6236559139784946 0.10810810810810811 0.2889974545261707 0.3058823529411765 0.7176470588235294
0.3238300990590884 0.458977190501785 0.33313024184283085 0.24468085106382978 0.4230769230769231 0.2980392156862745 0.06881817488006269 0.06881817488006269 0.06881817488006269 0.1754385964912281 0.5151515151515152 0.16 0.7058823529411765 0.16470588235294117 0.43137254901960786
0.25412655285432767 0.35273365750688496 0.4217891917509191 0.26666666666666666 0.3181818181818182 0.396078431372549 0.032118345896022076 0.032118345896022076 0.032118345896022076 0.2058823529411765 0.324074074074074 0.23966942148760328 0.41304347826086957 0.26666666666666666 0.5490196078431373
0.2070952338556126 0.4733713414884917 0.1976034725413603 0.21839080459770113 0.4791666666666667 0.1803921568627451 0.046024641816109935 0.046024641816109935 0.046024641816109935 0.1875 0.2380952380952381 0.3333333333333333 0.627906976744186 0.10588235294117647 0.2627450980392157
0.34711355885349654 0.5388857020276934 0.38707891726026344 0.3333333333333333 0.5 0.3607843137254902 0.05391381636805925 0.05391381636805925 0.05391381636805925 0.2846441947565543 0.40404040404040403 0.38532110091743116 0.690909090909091 0.14509803921568626 0.5490196078431373
0.6025105712167117 0.23035433891668042 0.5342965518727022 0.6219512195121951 0.18518518518518517 0.5333333333333333 0.060451293274521166 0.060451293274521166 0.060451293274521166 0.6083333333333334 0.643939393939394 0.08130081300813014 0.31645569620253167 0.396078431372549 0.6666666666666666
0.19993421441835127 0.5213011758150384 0.2816928040747549 0.19607843137254907 0.5287356321839081 0.2549019607843137 0.04277044950033874 0.04277044950033874 0.04277044950033874 0.1704545454545455 0.2125 0.38888888888888895 0.6578947368421053 0.1843137254901961 0.3411764705882353
0.3082900879025045 0.4795524192194737 0.33088366938572306 0.25862068965517243 0.475 0.2784313725490196 0.04916591810017753 0.04916591810017753 0.04916591810017753 0.23199999999999998 0.29411764705882354 0.3157894736842105 0.6206896551724138 0.1803921568627451 0.4235294117647059
0.21106308381411049 0.4410653201270125 0.6145783667470894 0.15555555555555553 0.40289515960047495 0.615686274509804 0.06596874089480843 0.06596874089480843 0.06596874089480843 0.12500000000000003 0.1748366013071896 0.2875536480686695 0.592274678111588 0.49019607843137253 0.7411764705882353
0.2804443610111784 0.19473205246516026 0.3386771407781863 0.2058823529411765 0.176470588235294 0.2901960784313725 0.04132382461125966 0.04132382461125966 0.04132382461125966 0.15789473684210523 0.2878787878787879 0.0885795900078414 0.28 0.22352941176470587 0.3764705882352941
0.3263571647536157 0.45155473520705114 0.44714858111213235 0.24468085106382978 0.4347826086956522 0.4117647058823529 0.053870078374141935 0.053870078374141935 0.053870078374141935 0.19918699186991873 0.5 0.3 0.5616438356164384 0.24313725490196078 0.6196078431372549
0.23405139301839567 0.746738056065045 0.4473644780177696 0.23359580052493442 0.7632214594457158 0.4666666666666667 0.07344593620997579 0.07344593620997579 0.07344593620997579 0.21604938271604937 0.2551622418879056 0.6110482654600301 0.9194630872483223 0.27450980392156865 0.615686274509804
0.28177122460376575 0.47805352035286536 0.4195676915785846 0.15873015873015875 0.47058823529411764 0.37254901960784315 0.07816548768771485 0.07816548768771485 0.07816548768771485 0.12711864406779658 0.5860805860805861 0.28358208955223885 0.625 0.15294117647058825 0.6352941176470588
0.4102979641879218 0.2571016576090906 0.38373586617264094 0.38461538461538464 0.22437460913070675 0.3176470588235294 0.027680800107842143 0.027680800107842143 0.027680800107842143 0.2935323383084577 0.5434782608695653 0.14062499999999994 0.34090909090909083 0.24705882352941178 0.48627450980392156
0.37624679372128467 0.28511481892568613 0.4845042509191176 0.32857142857142857 0.2857142857142857 0.44313725490196076 0.04775326948757219 0.04775326948757219 0.04775326948757219 0.268939393939394 0.4444444444444445 0.18181818181818182 0.3802816901408451 0.2784313725490196 0.6470588235294118
0.2762899882463598 0.20861023711023619 0.47445487228094363 0.2764227642276422 0.20000000000000004 0.42745098039215684 0.03736366324219754 0.03736366324219754 0.03736366324219754 0.25 0.30303030303030304 0.13281249999999997 0.2765957446808511 0.3176470588235294 0.5725490196078431
0.40925237418883054 0.2167720846691594 0.44918482163373163 0.44444444444444425 0.18556701030927827 0.3411764705882353 0.05575013883940525 0.05575013883940525 0.05575013883940525 0.2520325203252032 0.5714285714285715 0.09909909909909913 0.3092783505154639 0.24313725490196078 0.6392156862745098
0.17119500920045116 0.21435234239140377 0.5262808407054227 0.15873015873015875 0.2066666666666667 0.5254901960784314 0.040941281975606016 0.040941281975606016 0.040941281975606016 0.11111111111111106 0.18827160493827164 0.14646464646464652 0.275 0.45098039215686275 0.6039215686274509
0.4402871017075268 0.31407609649186446 0.3834804759306066 0.45555555555555555 0.28571428571428575 0.33725490196078434 0.03075090265101627 0.03075090265101627 0.03075090265101627 0.40972222222222215 0.484375 0.17441860465116282 0.4393939393939394 0.24313725490196078 0.4666666666666667
0.12997006816358778 0.3149683854985574 0.5722539565142464 0.14285714285714282 0.2777777777777778 0.5764705882352941 0.05876147984486005 0.05876147984486005 0.05876147984486005 0.06306306306306307 0.16959064327485382 0.19999999999999993 0.3868613138686131 0.44705882352941173 0.6941176470588235
0.1693808601510233 0.30132582790147056 0.5318147547104779 0.1759259259259259 0.29729729729729726 0.5294117647058824 0.03117805584904727 0.03117805584904727 0.03117805584904727 0.15641025641025638 0.19135802469135796 0.2348484848484848 0.36363636363636365 0.43529411764705883 0.6196078431372549
0.1985021758467585 0.6771524130032811 0.2478582643995098 0.1904761904761905 0.7037037037037037 0.22745098039215686 0.07132189721414621 0.07132189721414621 0.07132189721414621 0.18333333333333332 0.19444444444444445 0.5555555555555556 0.8356675526477203 0.1568627450980392 0.2980392156862745
0.30966897595459925 0.6167034551697241 0.3971425972732843 0.24731182795698925 0.6067041198501872 0.3137254901960784 0.06680572857159679 0.06680572857159679 0.06680572857159679 0.21212121212121215 0.3263888888888889 0.43982316265125676 0.7777777777777778 0.1764705882352941 0.5843137254901961
0.3847953477715552 0.2944848949812271 0.5383941650390625 0.3518518518518518 0.27095185126330845 0.5450980392156862 0.04040667432982403 0.04040667432982403 0.04040667432982403 0.25862068965517243 0.5344827586206896 0.19375000000000003 0.3517241379310344 0.37254901960784315 0.7254901960784313
0.478737834956508 0.32288542383023705 0.44236599791283704 0.5444444444444444 0.2871287128712871 0.403921568627451 0.04906613099582404 0.04906613099582404 0.04906613099582404 0.324561403508772 0.5964912280701754 0.18421052631578946 0.42105263157894735 0.27450980392156865 0.5568627450980392
0.24866681937554921 0.5976407855589997 0.5409098307291667 0.21726190476190474 0.5957446808510639 0.5137254901960784 0.06347019538924954 0.06347019538924954 0.06347019538924954 0.1992110453648915 0.2673611111111111 0.44186046511627913 0.7368945271545397 0.3333333333333333 0.7607843137254902
0.1804211018222841 0.5788593246002351 0.4618669696882659 0.1431067925633143 0.5465712776925592 0.44313725490196076 0.07998281456477806 0.07998281456477806 0.07998281456477806 0.10416666666666664 0.21839080459770113 0.39252336448598135 0.7537037717814866 0.2392156862745098 0.6666666666666666
0.28963521658580066 0.3365764452673431 0.43563310211780026 0.26282051282051283 0.2903993855606759 0.43137254901960786 0.05423355168011259 0.05423355168011259 0.05423355168011259 0.19892473118279574 0.3846153846153845 0.14383561643835616 0.48148148148148145 0.1843137254901961 0.6313725490196078
0.13682782697936177 0.4626063469295655 0.632458615770527 0.09121621621621621 0.44025157232704404 0.6509803921568628 0.09811446186234023 0.09811446186234023 0.09811446186234023 0.05952380952380962 0.11166666666666666 0.28627450980392155 0.6451612903225806 0.44313725490196076 0.8313725490196078
0.18614970782978765 0.3798240847612744 0.5060295553768381 0.19017094017094016 0.3769230769230769 0.4980392156862745 0.029804886658797658 0.029804886658797658 0.029804886658797658 0.1796875 0.19444444444444442 0.30463576158940403 0.4415584415584415 0.4 0.592156862745098
0.17615215825730526 0.3708941756073087 0.565333766563266 0.17567567567567574 0.3442622950819672 0.5764705882352941 0.043349142623895644 0.043349142623895644 0.043349142623895644 0.16296296296296298 0.1929824561403509 0.2857142857142857 0.4201680672268908 0.4392156862745098 0.6941176470588235
0.4218888913260531 0.4279036349093108 0.2994348264208027 0.4215686274509804 0.36666666666666664 0.19215686274509802 0.0668516862218579 0.0668516862218579 0.0668516862218579 0.36000000000000004 0.5075757575757576 0.20370370370370364 0.6080562659846548 0.07450980392156863 0.3568627450980392
0.23093416278106982 0.5161956050386525 0.5305322385301777 0.1175213675213675 0.4392156862745098 0.4156862745098039 0.11953462237689853 0.11953462237689853 0.11953462237689853 0.03787878787878788 0.16874999999999998 0.32156862745098036 0.6944444444444444 0.16078431372549018 0.996078431372549
0.5361330108104805 0.3502328698036341 0.51582503973269 0.5619047619047619 0.3333333333333333 0.44313725490196076 0.03733790951442621 0.03733790951442621 0.03733790951442621 0.480952380952381 0.5982905982905983 0.2248520710059172 0.43854256542996833 0.3333333333333333 0.6901960784313725
0.2068016738161761 0.3189703329305337 0.47181713627833943 0.07323232323232323 0.28125000000000006 0.42745098039215684 0.07028101407222503 0.07028101407222503 0.07028101407222503 0.053333333333333344 0.08771929824561409 0.20625 0.38271604938271603 0.32156862745098036 0.6078431372549019
0.33785128441870027 0.37451820344629383 0.4881633085363052 0.2967479674796748 0.3552631578947369 0.4235294117647059 0.03835831028997639 0.03835831028997639 0.03835831028997639 0.27272727272727276 0.40151515151515155 0.26229508196721313 0.47850286958242627 0.30196078431372547 0.6549019607843137
0.3860633129252785 0.24074588832701868 0.4313651290594362 0.37356321839080464 0.21311475409836061 0.40784313725490196 0.03324063051895442 0.03324063051895442 0.03324063051895442 0.3137254901960784 0.4583333333333332 0.13824884792626732 0.31343283582089554 0.26666666666666666 0.5725490196078431
0.315628403770622 0.3431227201685086 0.42051038555070464 0.2948717948717949 0.29545454545454547 0.4 0.05457159361172695 0.05457159361172695 0.05457159361172695 0.22508591065292097 0.38571428571428573 0.16666666666666666 0.45569620253164556 0.20784313725490194 0.5843137254901961
0.18863119224455763 0.7033925746294127 0.4492939668543198 0.08928571428571429 0.7999999999999999 0.36470588235294116 0.12320874084585805 0.12320874084585805 0.12320874084585805 0.034090909090909095 0.14351851851851852 0.47238493078891386 1.0 0.25098039215686274 0.6078431372549019
0.3675023351969002 0.3024049850386341 0.3931758506625306 0.2982456140350877 0.25 0.3686274509803922 0.06269437049744835 0.06269437049744835 0.06269437049744835 0.21875000000000008 0.4583333333333324 0.125 0.4117647058823529 0.15294117647058825 0.5529411764705883
0.3267025553380895 0.2798624240236758 0.5245473225911458 0.2735042735042735 0.26562499999999994 0.49607843137254903 0.05102057410992302 0.05102057410992302 0.05102057410992302 0.22222222222222224 0.38235294117647056 0.11486486486486486 0.38095238095238093 0.3411764705882353 0.6509803921568628
0.2515650188637317 0.29430331374725904 0.48116556803385424 0.23958333333333337 0.2770677303809833 0.4823529411764706 0.026316918589222554 0.026316918589222554 0.026316918589222554 0.21818181818181825 0.2666666666666667 0.20535714285714288 0.3577981651376146 0.3686274509803922 0.5882352941176471
0.18865683298861086 0.4888258553612004 0.3577738444010416 0.14957264957264957 0.510830466061933 0.2588235294117647 0.06973926649301794 0.06973926649301794 0.06973926649301794 0.11231884057971019 0.20430107526881716 0.27652575587905937 0.6666666666666666 0.1411764705882353 0.5333333333333333
0.18384565410702666 0.3917686123817526 0.5035448261335784 0.18229166666666666 0.3571428571428571 0.5019607843137255 0.03669220990074917 0.03669220990074917 0.03669220990074917 0.1704545454545455 0.1931818181818182 0.27397260273972607 0.47058823529411764 0.39215686274509803 0.6078431372549019
0.1835556740212202 0.8132124975204511 0.4434895234949448 0.1556372549019608 0.873015873015873 0.4156862745098039 0.100716639217776 0.100716639217776 0.100716639217776 0.13333333333333333 0.18407960199004972 0.7345132743362831 0.9837398373983739 0.2784313725490196 0.5882352941176471
0.35991597114578205 0.4075799726917802 0.42524725222120097 0.31034482758620696 0.3676470588235294 0.38823529411764707 0.05299728839198443 0.05299728839198443 0.05299728839198443 0.2646048109965636 0.3888888888888889 0.2587412587412588 0.5 0.17254901960784313 0.6392156862745098
0.16049706191852378 0.2960776566321789 0.21201925838694854 0.19999999999999998 0.24999999999999994 0.10588235294117647 0.052464309262808075 0.052464309262808075 0.052464309262808075 0.0 0.2333333333333333 0.0 0.5151515151515151 0.09019607843137255 0.2901960784313725
0.1925850262496131 0.5997501149974415 0.5647781671262255 0.2147147147147147 0.5864661654135338 0.5568627450980392 0.05710864545817879 0.05710864545817879 0.05710864545817879 0.15789473684210528 0.23043478260869565 0.5 0.6941176470588235 0.4666666666666667 0.6862745098039216
0.21298063819817645 0.7430668782031072 0.6639455757889093 0.013440860215053767 0.7763975155279503 0.6980392156862745 0.13120383418545625 0.13120383418545625 0.13120383418545625 0.00621890547263682 0.04519774011299434 0.7035102839780297 0.8435374149659863 0.5568627450980392 0.8196078431372549
0.3032668862658173 0.40086734979180083 0.4036470301011029 0.29411764705882354 0.35 0.2980392156862745 0.0575213472075169 0.0575213472075169 0.0575213472075169 0.25742574257425743 0.35185185185185186 0.14285714285714282 0.6153846153846154 0.18823529411764706 0.5686274509803921
0.597459681899518 0.3765332712125287 0.4535328584558823 0.5980392156862745 0.3355050933786078 0.3607843137254902 0.04074446360437905 0.04074446360437905 0.04074446360437905 0.5888888888888889 0.6083333333333333 0.30582524271844663 0.4186046511627907 0.2 0.7686274509803921
0.3674205424905258 0.420704537674403 0.218630921606924 0.3333333333333333 0.32142857142857145 0.17254901960784313 0.08096802818037793 0.08096802818037793 0.08096802818037793 0.23809523809523805 0.4444444444444446 0.10465116279069779 0.7142857142857143 0.054901960784313725 0.30980392156862746
0.2772681767628359 0.38936374199332763 0.5061153636259191 0.23148148148148148 0.34901960784313724 0.43137254901960786 0.07239695404475097 0.07239695404475097 0.07239695404475097 0.17105263157894735 0.31818181818181823 0.22745098039215683 0.5 0.17254901960784313 0.9019607843137255
0.29720661169743223 0.30418942206080685 0.4990102730545343 0.27222222222222225 0.29761904761904756 0.5019607843137255 0.01919730426209577 0.01919730426209577 0.01919730426209577 0.25 0.3205128205128204 0.24324324324324317 0.3565891472868217 0.396078431372549 0.596078431372549
0.2372183409735893 0.403569744022955 0.4171780455346201 0.23015873015873023 0.35714285714285715 0.2823529411764706 0.08920724235324444 0.08920724235324444 0.08920724235324444 0.16666666666666666 0.2777777777777778 0.1626984126984128 0.5960583290881305 0.06666666666666667 0.8156862745098039
0.24415118891448712 0.3562357080884317 0.5710591634114583 0.18333333333333332 0.34482758620689663 0.5529411764705883 0.060482503560378396 0.060482503560378396 0.060482503560378396 0.13878205128205112 0.19512195121951215 0.27450980392156865 0.40588235294117647 0.4117647058823529 0.6901960784313725
0.16954310710790177 0.3646513941080549 0.5044561049517463 0.12179487179487179 0.35761589403973515 0.49411764705882355 0.05142715424031641 0.05142715424031641 0.05142715424031641 0.09009009009009013 0.1527777777777778 0.2152777777777778 0.5158730158730159 0.37254901960784315 0.5882352941176471
0.32832001465059923 0.27314534271596763 0.21935664158241416 0.30952380952380953 0.1946902654867256 0.13333333333333333 0.05499768974453421 0.05499768974453421 0.05499768974453421 0.16666666666666666 0.48148148148148157 0.07622250693999572 0.4 0.058823529411764705 0.32156862745098036
0.5487562834293682 0.33693364036304596 0.512890744676777 0.5490196078431373 0.28099173553719003 0.5215686274509804 0.033895832913281555 0.033895832913281555 0.033895832913281555 0.5320512820512819 0.5688405797101449 0.2439024390243903 0.3538801906058543 0.3529411764705882 0.6588235294117647
0.2970390172063184 0.49808806658602267 0.583660529641544 0.22121212121212122 0.5132743362831858 0.5529411764705883 0.07632769153392878 0.07632769153392878 0.07632769153392878 0.1772969052224371 0.4759601906363892 0.3568627450980393 0.6265060240963856 0.3411764705882353 0.9254901960784314
0.29712347007222634 0.35039764976510307 0.22843322753906253 0.2941176470588235 0.33079814921920186 0.1764705882352941 0.03134429250205518 0.03134429250205518 0.03134429250205518 0.24871794871794872 0.3666666666666667 0.2105263157894737 0.46299403430275915 0.10588235294117647 0.28627450980392155
0.24018027984734672 0.582970276376006 0.42457077923943015 0.2342342342342342 0.5714285714285714 0.43529411764705883 0.04805917788455769 0.04805917788455769 0.04805917788455769 0.22115384615384615 0.24666666666666667 0.4453125 0.7058823529411764 0.26666666666666666 0.5764705882352941
0.25627401314638365 0.7541744684370035 0.6149270450367648 0.13596491228070173 0.7783505154639174 0.6470588235294118 0.08862936314684529 0.08862936314684529 0.08862936314684529 0.1179337231968811 0.5846560846560847 0.631861297906074 0.9393939393939394 0.4627450980392157 0.7843137254901961