0.27087040852756744 0.1706895862851741 0.51226531384038 0.11666666666666665 0.160377358490566 0.4745098039215686 0.07190335924900113 0.07190335924900113 0.07190335924900113 0.07309941520467837 0.6196581196581197 0.04895104895104897 0.22429906542056074 0.3254901960784314 0.7725490196078432
0.2727681531626781 0.1512552313784942 0.5030153162339154 0.06818181818181816 0.11320754716981127 0.396078431372549 0.1100392167820462 0.1100392167820462 0.1100392167820462 0.033333333333333236 0.5277777777777778 0.0404040404040404 0.22018348623853212 0.27450980392156865 0.8
0.47406318605848685 0.23970801983421638 0.45152934953278184 0.548611111111111 0.18811881188118815 0.37254901960784315 0.08490433676237757 0.08490433676237757 0.08490433676237757 0.4895833333333333 0.5833333333333334 0.029411764705882457 0.36 0.2 0.580392156862745
0.3289075431860138 0.18684597636275932 0.44663498822380515 0.23333333333333317 0.1346153846153847 0.38823529411764707 0.06795123735928128 0.06795123735928128 0.06795123735928128 0.07142857142857148 0.573170731707317 0.0566037735849056 0.280912252541466 0.2549019607843137 0.5764705882352941
0.10310437949619125 0.18848174911595444 0.4874322031058518 0.06284153005464481 0.14563106796116507 0.38823529411764707 0.06397367725067864 0.06397367725067864 0.06397367725067864 0.03333333333333343 0.07407407407407411 0.10638297872340433 0.25961538461538464 0.3333333333333333 0.592156862745098
0.559449392275351 0.0906365262875795 0.518075262331495 0.6319444444444443 0.06854838709677417 0.4823529411764706 0.1027920967668567 0.1027920967668567 0.1027920967668567 0.19444444444444473 0.9166666666666666 0.036036036036036036 0.10300429184549356 0.3764705882352941 0.5607843137254902
0.5985024236528502 0.16674336645227744 0.5543150060317096 0.6333333333333333 0.11811023622047247 0.5254901960784314 0.07142496398083803 0.07142496398083803 0.07142496398083803 0.580952380952381 0.6923076923076922 0.08403361344537821 0.2293577981651376 0.4117647058823529 0.6901960784313725
0.20759842005033416 0.17422711932262694 0.5207718194699755 0.07070707070707068 0.14220183486238533 0.49019607843137253 0.08237286326366816 0.08237286326366816 0.08237286326366816 0.03205128205128204 0.16666666666666666 0.057971014492753624 0.2720147058823529 0.3254901960784314 0.7058823529411764
0.19374877039051505 0.14081442868910804 0.6013805912990197 0.06837606837606837 0.13559322033898305 0.5254901960784314 0.10297850814304711 0.10297850814304711 0.10297850814304711 0.03333333333333343 0.090909090909091 0.019920318725099532 0.21367521367521364 0.36470588235294116 0.9803921568627451
0.4807584717150668 0.3484381414298111 0.4690968831380208 0.5426356589147286 0.2972972972972972 0.34901960784313724 0.06508326275740883 0.06508326275740883 0.06508326275740883 0.5 0.5595238095238095 0.1547619047619047 0.5609756097560975 0.2549019607843137 0.6313725490196078
0.31232125085930523 0.1689284714864301 0.5442178763595282 0.19047619047619038 0.14058277027027022 0.5372549019607843 0.07791393467466513 0.07791393467466513 0.07791393467466513 0.04444444444444459 0.6041666666666663 0.0886075949367089 0.22872340425531923 0.3764705882352941 0.6862745098039216
0.13071299061162195 0.13481580065963486 0.5668111165364582 0.0729166666666667 0.10204081632653055 0.5098039215686274 0.08453793455155906 0.08453793455155906 0.08453793455155906 0.051724137931034524 0.11666666666666664 0.0549450549450549 0.19075144508670516 0.3529411764705882 0.792156862745098
0.2825029505642285 0.22232044482898491 0.48322771857766544 0.23148148148148126 0.19021739130434775 0.4823529411764706 0.05651930099069633 0.05651930099069633 0.05651930099069633 0.1805555555555557 0.3958333333333334 0.0913461538461538 0.3076923076923077 0.1803921568627451 0.7843137254901961
0.42298525940760656 0.3136627851796774 0.5701624253216913 0.44444444444444436 0.2698412698412699 0.611764705882353 0.08921670201870478 0.08921670201870478 0.08921670201870478 0.13888888888888903 0.6032073986619443 0.10215053763440855 0.42790697674418604 0.2980392156862745 0.8470588235294118
0.31067113609860564 0.11942746152269137 0.4028666776769301 0.07692307692307686 0.08333333333333337 0.33725490196078434 0.08425499808926822 0.08425499808926822 0.08425499808926822 0.044444444444444474 0.6999999999999998 0.05319148936170224 0.16799999999999998 0.27450980392156865 0.4588235294117647
0.32831726662006344 0.3511811409431713 0.43861879834941786 0.17857142857142852 0.2727272727272727 0.4117647058823529 0.08747120625943046 0.08747120625943046 0.08747120625943046 0.1041666666666663 0.5588235294117648 0.10791366906474813 0.5294117647058824 0.15294117647058825 0.6470588235294118
0.33983637481368845 0.2433801635095625 0.6816519344554228 0.2916666666666667 0.19117647058823525 0.8 0.07715178029636469 0.07715178029636469 0.07715178029636469 0.22222222222222224 0.5070422535211268 0.0748663101604277 0.38207547169811323 0.5411764705882353 0.8509803921568627
0.5562375290336035 0.19169043669632801 0.5167892156862746 0.6185185185185186 0.17999999999999994 0.49411764705882355 0.08255606616572178 0.08255606616572178 0.08255606616572178 0.5833333333333334 0.6666666666666666 0.04455445544554454 0.27932960893854747 0.2627450980392157 0.7450980392156863
0.11440959516103742 0.16004084441124358 0.4716709510952819 0.04444444444444459 0.11764705882352941 0.43529411764705883 0.07195639193176288 0.07195639193176288 0.07195639193176288 0.033333333333333236 0.07352941176470586 0.07999999999999995 0.20282253977906156 0.3058823529411765 0.5725490196078431
0.2699399638904663 0.3252138465478846 0.47206079819623153 0.18518518518518512 0.24647887323943662 0.5529411764705883 0.05151236111991803 0.05151236111991803 0.05151236111991803 0.16296296296296298 0.40277777777777773 0.20496894409937885 0.3934426229508197 0.22745098039215686 0.6862745098039216
0.3622856348854976 0.13706205461244456 0.49943165498621317 0.23333333333333317 0.10000000000000006 0.4823529411764706 0.07019659794117108 0.07019659794117108 0.07019659794117108 0.07407407407407436 0.638888888888889 0.06504065040650406 0.19480519480519476 0.3568627450980392 0.6352941176470588
0.529389796087003 0.10343772533645174 0.5148092232498468 0.5909090909090909 0.07017543859649124 0.5215686274509804 0.08972701547354649 0.08972701547354649 0.08972701547354649 0.2333333333333334 0.7380952380952385 0.027586206896551627 0.13333333333333341 0.3568627450980392 0.6
0.28856459767453885 0.19226973983474882 0.47149592380897665 0.07142857142857148 0.14210526315789482 0.4392156862745098 0.07179806595440062 0.07179806595440062 0.07179806595440062 0.03571428571428578 0.5652173913043478 0.1142857142857143 0.20370370370370364 0.2549019607843137 0.7098039215686275
0.25619003952758196 0.15811096381566472 0.5278631472120098 0.11111111111111117 0.09868421052631582 0.4745098039215686 0.07796452914620211 0.07796452914620211 0.07796452914620211 0.07407407407407411 0.46666666666666673 0.07272727272727272 0.19780219780219788 0.403921568627451 0.7333333333333333
0.5492344051780799 0.3245009944817771 0.5135981541053922 0.5931372549019608 0.2983870967741935 0.4392156862745098 0.06434131100377705 0.06434131100377705 0.06434131100377705 0.5745614035087719 0.6122448979591837 0.10416666666666669 0.5137614678899083 0.3411764705882353 0.6509803921568628
0.21252659721006653 0.1700967583378148 0.46714734844132966 0.08024691358024684 0.13043478260869573 0.4156862745098039 0.07220909228222624 0.07220909228222624 0.07220909228222624 0.05303030303030304 0.2456140350877194 0.09661835748792277 0.24 0.1803921568627451 0.7647058823529411
0.5560669875140976 0.13560845208686387 0.6723614262599571 0.6078431372549019 0.1111111111111111 0.6823529411764706 0.09097647299477003 0.09097647299477003 0.09097647299477003 0.5333333333333331 0.6333333333333334 0.034482758620689655 0.23809523809523808 0.5137254901960784 0.9176470588235294
0.38879865117656426 0.19497056292487006 0.5232924517463236 0.4691358024691359 0.16666666666666652 0.36470588235294116 0.06862604360568392 0.06862604360568392 0.06862604360568392 0.2083333333333334 0.5104166666666666 0.12380952380952379 0.23437500000000006 0.24705882352941178 0.9333333333333333
0.09307430309317156 0.1884177601776968 0.39408940333946074 0.07142857142857142 0.15789473684210528 0.32156862745098036 0.04963057940913401 0.04963057940913401 0.04963057940913401 0.04444444444444443 0.07692307692307704 0.11881188118811882 0.23636363636363641 0.2588235294117647 0.44705882352941173
0.30491465821361696 0.25987706092041585 0.6267478793275122 0.25555555555555554 0.14912280701754385 0.6901960784313725 0.07670834339932946 0.07670834339932946 0.07670834339932946 0.18253968253968259 0.4444444444444447 0.07734806629834258 0.40476190476190477 0.47058823529411764 0.8274509803921568
0.5775283061646661 0.12644196961866405 0.4583621155981924 0.6319444444444445 0.10416666666666659 0.3607843137254902 0.0837916241569004 0.0837916241569004 0.0837916241569004 0.5285714285714286 0.722222222222222 0.06962025316455707 0.16666666666666666 0.28627450980392155 0.6
0.12947216173332787 0.1992474460125079 0.5253306669347427 0.07142857142857148 0.13725490196078438 0.4 0.08620144021573384 0.08620144021573384 0.08620144021573384 0.04444444444444443 0.0944444444444444 0.08235294117647046 0.29113924050632917 0.2901960784313725 0.8117647058823529
0.11477375277993798 0.13776109019697813 0.5504663803998162 0.0729166666666667 0.08045977011494257 0.43137254901960786 0.07589829048016405 0.07589829048016405 0.07589829048016405 0.07142857142857129 0.09567901234567901 0.059322033898305114 0.20207253886010365 0.3607843137254902 0.7411764705882353
0.15047326055451624 0.15417754199466055 0.41581983379289217 0.062499999999999924 0.130952380952381 0.3333333333333333 0.06868366740804109 0.06868366740804109 0.06868366740804109 0.03333333333333335 0.07894736842105259 0.08536585365853647 0.19834710743801653 0.2392156862745098 0.5333333333333333
0.08840481015940585 0.18924626790347168 0.45388662300857835 0.07142857142857148 0.1504900561423541 0.3686274509803922 0.055267454779346296 0.055267454779346296 0.055267454779346296 0.051724137931034496 0.07692307692307704 0.09589041095890416 0.2636363636363637 0.30980392156862746 0.5372549019607843
0.13959045434634146 0.18498138526786184 0.47401637657015927 0.06306306306306307 0.1581395348837209 0.4156862745098039 0.07149707063343072 0.07149707063343072 0.07149707063343072 0.04166666666666672 0.07323232323232319 0.09210526315789479 0.23722901064249122 0.2901960784313725 0.6745098039215687
0.3224586177178325 0.29678922265102353 0.4503480799057904 0.2777777777777775 0.21874999999999997 0.34509803921568627 0.06807056143349223 0.06807056143349223 0.06807056143349223 0.16666666666666666 0.5252525252525252 0.10503151260504202 0.47619047619047616 0.20392156862745098 0.6274509803921569
0.16485616351175278 0.42568089416345617 0.33778010349647675 0.06212121212121211 0.47154471544715454 0.24705882352941178 0.09000603379749939 0.09000603379749939 0.09000603379749939 0.007575757575757576 0.12038248981966262 0.13722689075630257 0.6847826086956522 0.11372549019607843 0.49019607843137253
0.5903525005738106 0.2753937488145032 0.5250573251761642 0.5972222222222222 0.30851063829787245 0.37254901960784315 0.05495662621589876 0.05495662621589876 0.05495662621589876 0.5833333333333334 0.6140350877192983 0.17543859649122795 0.3548387096774193 0.34901960784313724 0.9176470588235294
0.4387875461170797 0.13303464499413423 0.4528288598154106 0.10416666666666655 0.11249999999999996 0.3607843137254902 0.11775830511932261 0.11775830511932261 0.11775830511932261 0.025641025641025647 0.9074074074074074 0.039682539682539764 0.1935483870967742 0.23137254901960785 0.6039215686274509
0.27526552911482793 0.16521583266380707 0.5266822964537378 0.25 0.14893617021276603 0.5058823529411764 0.04601487015897655 0.04601487015897655 0.04601487015897655 0.19298245614035103 0.3333333333333333 0.11111111111111113 0.19767441860465126 0.3333333333333333 0.6784313725490196
0.5307824335182216 0.26163985437512316 0.5253857780905331 0.6098484848484849 0.2315789473684211 0.4392156862745098 0.06603340390809662 0.06603340390809662 0.06603340390809662 0.49621212121212127 0.6333333333333335 0.1333333333333332 0.40196078431372556 0.3529411764705882 0.7098039215686275
0.09327677012355653 0.12949717062099309 0.625310262044271 0.07692307692307686 0.11111111111111109 0.5019607843137255 0.09091978155909501 0.09091978155909501 0.09091978155909501 0.03333333333333343 0.08771929824561404 0.0566037735849056 0.18461538461538454 0.43529411764705883 0.8352941176470589
0.12999113072245738 0.2023486760402363 0.4490252326516544 0.07692307692307696 0.1547619047619047 0.34509803921568627 0.06533880511581186 0.06533880511581186 0.06533880511581186 0.061728395061728426 0.11666666666666657 0.11494252873563227 0.27102803738317754 0.30980392156862746 0.5215686274509804
0.479663805130623 0.20933876760617195 0.5452607397939646 0.6153846153846153 0.22641509433962265 0.47058823529411764 0.07084531575760339 0.07084531575760339 0.07084531575760339 0.44444444444444403 0.6358024691358024 0.05317864117586607 0.3228346456692913 0.403921568627451 0.7686274509803921
0.5016087023089874 0.185877341723209 0.3747927796606923 0.6041666666666666 0.13571428571428581 0.32941176470588235 0.050495854547206565 0.050495854547206565 0.050495854547206565 0.3666666666666667 0.6166666666666668 0.10062893081761005 0.24161073825503362 0.2588235294117647 0.4784313725490196
0.1951743907173305 0.3320145908036664 0.6056352802351409 0.12499999999999979 0.21337398373983738 0.7019607843137254 0.10469738300360454 0.10469738300360454 0.10469738300360454 0.10087719298245613 0.2380952380952378 0.028169014084507074 0.5384615384615384 0.40784313725490196 0.8588235294117647
0.5006467072792737 0.14189135965780936 0.5668255375880821 0.5919540229885057 0.08270676691729335 0.5215686274509804 0.09898656690558423 0.09898656690558423 0.09898656690558423 0.4166666666666667 0.6666666666666666 0.03428571428571432 0.17094017094017094 0.3176470588235294 0.9098039215686274
0.12497030076118594 0.18128720885684402 0.4639822567210478 0.07692307692307686 0.13768115942028977 0.4 0.0671890693566453 0.0671890693566453 0.0671890693566453 0.0454545454545455 0.09935897435897435 0.0843373493975904 0.23456790123456786 0.30196078431372547 0.5882352941176471
0.12124106084527385 0.19253427241328847 0.3959315879672181 0.03333333333333343 0.16666666666666666 0.3411764705882353 0.06327107523157545 0.06327107523157545 0.06327107523157545 0.027777777777777773 0.052631578947368474 0.10989010989010996 0.2424242424242424 0.23529411764705882 0.4745098039215686
0.4780984471985334 0.12939863771671517 0.4697039435891544 0.6875 0.10204081632653055 0.32941176470588235 0.09620464575947675 0.09620464575947675 0.09620464575947675 0.090909090909091 0.7666666666666666 0.058823529411764774 0.1639344262295081 0.2549019607843137 0.6470588235294118
0.2948298738997997 0.12049982856932927 0.537025421740962 0.06249999999999978 0.10465116279069779 0.4 0.1206385849445472 0.1206385849445472 0.1206385849445472 0.033333333333333236 0.9166666666666666 0.02845528455284554 0.154639175257732 0.30980392156862746 0.9254901960784314
0.21415396793433633 0.3182089069062546 0.458541690602022 0.09322033898305086 0.21804511278195496 0.37254901960784315 0.07409501745511969 0.07409501745511969 0.07409501745511969 0.07291666666666656 0.26923076923076916 0.09411764705882353 0.4533333333333334 0.3137254901960784 0.6352941176470588
0.6204297513427113 0.152808333650288 0.5879016352634805 0.6929824561403509 0.11029411764705885 0.4666666666666667 0.12234694409037923 0.12234694409037923 0.12234694409037923 0.5 0.909090909090909 0.05999999999999993 0.14942528735632196 0.37254901960784315 0.9333333333333333
0.12634906926035536 0.21226523544865086 0.48539638145297176 0.0769230769230769 0.1971830985915494 0.4196078431372549 0.06741788850741263 0.06741788850741263 0.06741788850741263 0.06284153005464481 0.1166666666666666 0.12048192771084346 0.28 0.2784313725490196 0.6980392156862745
0.3487991997399277 0.19525240454646883 0.5946464987362133 0.3055555555555555 0.1255411255411256 0.7254901960784313 0.09360297424457403 0.09360297424457403 0.09360297424457403 0.13194444444444453 0.5242424242424243 0.032407407407407426 0.2811059907834101 0.32156862745098036 0.8313725490196078
0.3291539070495442 0.3306047965938244 0.4912738874846815 0.12865497076023394 0.29940119760479045 0.42745098039215684 0.08125411879367771 0.08125411879367771 0.08125411879367771 0.07692307692307689 0.625 0.17460317460317465 0.45070422535211263 0.21568627450980393 0.8352941176470589
0.253043094479498 0.16653188231566785 0.5080464082605698 0.06837606837606837 0.10752688172043004 0.4156862745098039 0.08997190226406361 0.08997190226406361 0.08997190226406361 0.03333333333333343 0.20454545454545453 0.08510638297872347 0.22994652406417107 0.3568627450980392 0.6627450980392157
0.24690040359574938 0.17857456085089218 0.5116982254327512 0.07407407407407411 0.12837837837837832 0.4980392156862745 0.06929079051065491 0.06929079051065491 0.06929079051065491 0.035714285714285705 0.5625 0.08695652173913049 0.2595057493477631 0.396078431372549 0.6431372549019607
0.5436002274616656 0.2751193274513387 0.45622839834175866 0.6206896551724138 0.17551020408163273 0.3529411764705882 0.08877351979427327 0.08877351979427327 0.08877351979427327 0.5588235294117648 0.6444444444444445 0.11999999999999995 0.34782608695652173 0.16470588235294117 0.8313725490196078
0.3060626381409266 0.23730833427438325 0.5731992235370711 0.13333333333333333 0.2146892655367232 0.596078431372549 0.06726800278246099 0.06726800278246099 0.06726800278246099 0.05952380952380962 0.6158536585365854 0.13725490196078438 0.33986928104575165 0.4196078431372549 0.7450980392156863
0.28940958959772634 0.1788772102417262 0.49271246218213843 0.1166666666666666 0.1538461538461538 0.5019607843137255 0.06464237309081693 0.06464237309081693 0.06464237309081693 0.06666666666666664 0.5454545454545454 0.1 0.21276595744680865 0.2901960784313725 0.6941176470588235
0.5701010212136761 0.4636414202549509 0.4067234413296568 0.5794573643410853 0.4099180327868852 0.2823529411764706 0.07120528400409248 0.07120528400409248 0.07120528400409248 0.548611111111111 0.6037735849056604 0.23584905660377356 0.6666666666666666 0.16862745098039217 0.4823529411764706
0.31448435707648237 0.24444032039144153 0.3684036554074755 0.12499999999999979 0.15438709040663245 0.32941176470588235 0.06380075553068489 0.06380075553068489 0.06380075553068489 0.07407407407407411 0.5910493827160493 0.07142857142857142 0.38095238095238093 0.20784313725490194 0.5254901960784314
0.3795647751620299 0.18142195807907657 0.5216102749693627 0.48148148148148145 0.13300492610837433 0.47058823529411764 0.07363547544100184 0.07363547544100184 0.07363547544100184 0.07407407407407383 0.630952380952381 0.09482758620689659 0.2222222222222222 0.3137254901960784 0.7764705882352941
0.4380385508627594 0.16587103087153798 0.5277078665939032 0.561904761904762 0.125 0.5843137254901961 0.09144522598496035 0.09144522598496035 0.09144522598496035 0.06349206349206346 0.6666666666666666 0.06741573033707858 0.23913043478260862 0.24313725490196078 0.7019607843137254
0.25401165154322386 0.1582300644045822 0.46868824678308824 0.04861111111111104 0.1224489795918366 0.396078431372549 0.08855812491731492 0.08855812491731492 0.08855812491731492 0.033333333333333236 0.1333333333333333 0.09278350515463914 0.20312499999999997 0.33725490196078434 0.5254901960784314
0.28060814629408554 0.15356586355163876 0.49397062413832715 0.1944444444444443 0.10344827586206896 0.4666666666666667 0.07059205316583693 0.07059205316583693 0.07059205316583693 0.07407407407407436 0.5813953488372093 0.031847133757961846 0.1843137254901961 0.33725490196078434 0.5882352941176471
0.565050585919807 0.16167042731573808 0.5486025941138174 0.6111111111111112 0.15254237288135597 0.5254901960784314 0.08443838696910345 0.08443838696910345 0.08443838696910345 0.5704225352112676 0.6969696969696969 0.0672645739910314 0.24637681159420285 0.3529411764705882 0.7411764705882353
0.5962978942757742 0.14811200764550422 0.5095838958141852 0.6666666666666666 0.12173913043478267 0.4588235294117647 0.08623374389691935 0.08623374389691935 0.08623374389691935 0.5851153039832284 0.7857142857142859 0.058823529411764774 0.20547945205479448 0.396078431372549 0.592156862745098
0.4337675894052989 0.29503055567705666 0.5503199558632046 0.1708333333333333 0.19230769230769224 0.5882352941176471 0.10792088620641381 0.10792088620641381 0.10792088620641381 0.05303030303030304 0.882716049382716 0.1530054644808744 0.4090909090909091 0.2627450980392157 0.7803921568627451
0.4215450680808764 0.1818768310327863 0.5405127431832107 0.5333333333333332 0.13366336633663362 0.5568627450980392 0.09098487404548533 0.09098487404548533 0.09098487404548533 0.02380952380952388 0.6533333333333334 0.09411764705882353 0.22891566265060245 0.3686274509803922 0.6549019607843137
0.29052563404666654 0.22250256660333936 0.6369274064606312 0.1929824561403508 0.21568627450980393 0.5725490196078431 0.07481792191273597 0.07481792191273597 0.07481792191273597 0.12962962962962962 0.5416666666666666 0.1263736263736264 0.3297872340425532 0.4235294117647059 0.9019607843137255
0.24311354089063664 0.2663744408387648 0.3015663296568627 0.16666666666666666 0.1834862385321101 0.22745098039215686 0.046322566954891925 0.046322566954891925 0.046322566954891925 0.11666666666666664 0.30555555555555564 0.12500000000000006 0.3333333333333333 0.1411764705882353 0.43529411764705883
0.11759900625743805 0.17342668416362103 0.4421460319967831 0.07692307692307686 0.14473684210526316 0.3803921568627451 0.0594512168076155 0.0594512168076155 0.0594512168076155 0.058823529411764504 0.07692307692307704 0.12264150943396224 0.2037037037037037 0.27450980392156865 0.5294117647058824
0.4754858283123352 0.29973921514635254 0.5602131563074448 0.6244444444444445 0.26058472044387543 0.5490196078431373 0.07700307228738841 0.07700307228738841 0.07700307228738841 0.0993589743589744 0.6436781609195402 0.14285714285714282 0.40384615384615385 0.38823529411764707 0.807843137254902
0.505720399258541 0.15341033806196921 0.4792589973000919 0.6875 0.14678899082568808 0.36470588235294116 0.10497533709013235 0.10497533709013235 0.10497533709013235 0.0769230769230769 0.8666666666666667 0.07058823529411762 0.2 0.24705882352941178 0.6784313725490196
0.3565664763512279 0.1596569446681025 0.5040128221698836 0.2246376811594203 0.1317829457364341 0.5058823529411764 0.08315079153995342 0.08315079153995342 0.08315079153995342 0.05263157894736826 0.607843137254902 0.09420289855072461 0.19230769230769232 0.25098039215686274 0.6627450980392157
0.41943416968119784 0.3872582666617615 0.4740439620672487 0.5219298245614034 0.3698630136986301 0.37254901960784315 0.04522375670593697 0.04522375670593697 0.04522375670593697 0.1929824561403509 0.5357142857142857 0.22281904708267625 0.5121951219512195 0.30980392156862746 0.6745098039215687
0.5131681056570226 0.21684486683495124 0.46713394464231006 0.62 0.12903225806451613 0.403921568627451 0.09123347515918977 0.09123347515918977 0.09123347515918977 0.1720430107526882 0.6666666666666666 0.08108108108108099 0.23842333163525214 0.21176470588235294 0.8
0.44670680371827254 0.35309800888764953 0.34312444948682597 0.6185185185185186 0.25887605042016804 0.30980392156862746 0.060551167073581914 0.060551167073581914 0.060551167073581914 0.10317460317460315 0.6319444444444445 0.13043478260869562 0.6046511627906977 0.2627450980392157 0.40784313725490196
0.0899262877823947 0.19747301452300225 0.538763188380821 0.04861111111111113 0.1652892561983471 0.4666666666666667 0.06596312001734846 0.06596312001734846 0.06596312001734846 0.043209876543209826 0.07317073170731711 0.13274336283185845 0.24999999999999994 0.40784313725490196 0.6549019607843137
0.36767019086989294 0.220797392658582 0.5503078685087317 0.35000000000000003 0.1791044776119403 0.5647058823529412 0.07927318425473404 0.07927318425473404 0.07927318425473404 0.06349206349206346 0.6150234741784038 0.08904109589041084 0.34934497816593885 0.34901960784313724 0.803921568627451
0.37322192737997006 0.18713515945016948 0.5834106445312499 0.41666666666666674 0.13253012048192775 0.580392156862745 0.08141355766607626 0.08141355766607626 0.08141355766607626 0.02777777777777769 0.6436781609195402 0.11188811188811189 0.2445652173913044 0.5529411764705883 0.7058823529411764
0.4741127344912174 0.14623918213647877 0.500398583505668 0.5740740740740738 0.10538387252535011 0.396078431372549 0.08117438645547477 0.08117438645547477 0.08117438645547477 0.2000000000000001 0.6333333333333334 0.045454545454545456 0.18604651162790697 0.30196078431372547 0.8745098039215686
0.4115780985434737 0.2833271481603391 0.4990088967715992 0.5343137254901961 0.22830366312906542 0.396078431372549 0.08251763014508187 0.08251763014508187 0.08251763014508187 0.16666666666666666 0.5595238095238095 0.04878048780487788 0.42105263157894735 0.28627450980392155 0.792156862745098
0.10658071625161207 0.20862884857052036 0.5082255045572917 0.07692307692307686 0.16964285714285718 0.4196078431372549 0.06268157640056911 0.06268157640056911 0.06268157640056911 0.06818181818181814 0.08333333333333333 0.12987012987012977 0.27058823529411763 0.34901960784313724 0.6627450980392157
0.2472214208484773 0.15420959944252458 0.442718745212929 0.1759259259259259 0.12631578947368421 0.29411764705882354 0.06481133188418832 0.06481133188418832 0.06481133188418832 0.11538461538461538 0.2777777777777776 0.04501973883996363 0.22580645161290322 0.20784313725490194 0.6470588235294118
0.09975503753671916 0.18480933087006254 0.5282507204541973 0.0769230769230769 0.17791411042944777 0.47058823529411764 0.06930998043002151 0.06930998043002151 0.06930998043002151 0.07142857142857142 0.090909090909091 0.09259259259259266 0.25192342369417564 0.30980392156862746 0.7254901960784313
0.2676574977620254 0.3306375982093843 0.46914259966681987 0.07407407407407407 0.3 0.4627450980392157 0.08544138066988932 0.08544138066988932 0.08544138066988932 0.04320987654320988 0.4444444444444447 0.11764705882352955 0.47540983606557374 0.18823529411764706 0.7568627450980392
0.43438478151562726 0.3801589487437562 0.49840141745174626 0.5 0.28992753623188405 0.5058823529411764 0.036513443255407944 0.036513443255407944 0.036513443255407944 0.32222222222222224 0.5549645390070922 0.17948717948717957 0.6274509803921569 0.3803921568627451 0.611764705882353
0.09413921505133946 0.21874597111753472 0.45820827110140927 0.0634920634920635 0.17777777777777778 0.4117647058823529 0.05810808418278047 0.05810808418278047 0.05810808418278047 0.044444444444444314 0.07692307692307686 0.11504424778761059 0.30327868852459017 0.32941176470588235 0.5137254901960784
0.32664455320388613 0.2475861523906615 0.2594989253025429 0.277777777777778 0.21739130434782608 0.20392156862745098 0.03683930337589016 0.03683930337589016 0.03683930337589016 0.10897435897435892 0.5619047619047619 0.11111111111111104 0.3333333333333333 0.11764705882352941 0.4196078431372549
0.17384595580893356 0.11640968492707622 0.5504004384957107 0.07142857142857148 0.091304347826087 0.4745098039215686 0.08681064195808491 0.08681064195808491 0.08681064195808491 0.03333333333333343 0.1159420289855072 0.06250000000000003 0.1551196340605208 0.39215686274509803 0.7176470588235294
0.4863912182552191 0.14564202918925248 0.6307569915173101 0.5737704918032787 0.08450704225352122 0.7058823529411764 0.09328194140992736 0.09328194140992736 0.09328194140992736 0.26923076923076916 0.6153846153846154 0.024271844660194226 0.22613065326633172 0.4235294117647059 0.8392156862745098
0.3471671769412604 0.16855936921741063 0.5330250459558823 0.19999999999999987 0.12886597938144329 0.5725490196078431 0.07708381623328239 0.07708381623328239 0.07708381623328239 0.016666666666666663 0.6333333333333333 0.09036144578313254 0.2115384615384616 0.396078431372549 0.6431372549019607
0.39079902704568437 0.13045577222931665 0.6098783006855086 0.5533333333333333 0.0508474576271187 0.5098039215686274 0.11258147501101935 0.11258147501101935 0.11258147501101935 0.0 0.5980392156862745 0.0 0.21621621621621614 0.3529411764705882 0.9803921568627451
0.19824608754744177 0.2699517126087477 0.4241321638518689 0.15789473684210528 0.2448979591836735 0.38431372549019605 0.038458694905716066 0.038458694905716066 0.038458694905716066 0.13580246913580257 0.2246376811594203 0.18623481781376522 0.3263340643274854 0.21176470588235294 0.6078431372549019
0.6094660820629719 0.19711374692334066 0.5844036625880822 0.6904761904761906 0.16774193548387092 0.5529411764705883 0.080368180367897 0.080368180367897 0.080368180367897 0.6342592592592593 0.7205882352941176 0.1215686274509804 0.23703703703703702 0.4235294117647059 0.6901960784313725
0.18260542390829265 0.4164154315417981 0.2617716471354166 0.044849690539345705 0.4545454545454545 0.14901960784313725 0.1014043787451377 0.1014043787451377 0.1014043787451377 0.0 0.09523809523809523 0.0 0.6923076923076923 0.08235294117647059 0.3333333333333333
0.34280477423729466 0.18345478348559335 0.5220469755284927 0.13333333333333325 0.15555555555555564 0.4745098039215686 0.07285318366418529 0.07285318366418529 0.07285318366418529 0.07359307359307357 0.611111111111111 0.08823529411764706 0.24000000000000005 0.3529411764705882 0.6588235294117647
0.10030176732561796 0.23422048622735603 0.5204502479702818 0.07692307692307704 0.17272727272727276 0.45098039215686275 0.07309855777970647 0.07309855777970647 0.07309855777970647 0.06439393939393938 0.08771929824561396 0.11818181818181828 0.3333333333333333 0.3529411764705882 0.6549019607843137
0.12749733774043284 0.27295990119333235 0.5343068440755209 0.08050766283524906 0.268041237113402 0.45098039215686275 0.06820505886872631 0.06820505886872631 0.06820505886872631 0.061728395061728426 0.0944444444444444 0.12557618104077586 0.3859649122807017 0.32941176470588235 0.8313725490196078
0.5042588993421206 0.1311365640025687 0.5035131716260723 0.6875 0.09433962264150945 0.4588235294117647 0.10678511312961643 0.10678511312961643 0.10678511312961643 0.049019607843137275 0.9074074074074074 0.05952380952380948 0.15384615384615388 0.4 0.5764705882352941
0.39423974533375905 0.17852509173180275 0.4916327981387868 0.48148148148148157 0.11904761904761907 0.48627450980392156 0.08816442295838323 0.08816442295838323 0.08816442295838323 0.032051282051282055 0.6358024691358024 0.0967741935483871 0.19148936170212771 0.26666666666666666 0.6196078431372549
0.3765622998570948 0.19175622341131954 0.5563132491766238 0.5333333333333332 0.09625668449197858 0.5137254901960784 0.09423373617355509 0.09423373617355509 0.09423373617355509 0.027777777777777842 0.6358024691358025 0.079295154185022 0.3035714285714285 0.3411764705882353 0.8392156862745098
0.3473370119441181 0.2539997072383626 0.527079802868413 0.2777777777777778 0.20788196466705494 0.43137254901960786 0.07112108048281675 0.07112108048281675 0.07112108048281675 0.080246913580247 0.5909090909090909 0.13524590163934425 0.3237704918032786 0.3254901960784314 0.7529411764705882
0.0726378001784398 0.10358757475868383 0.6617797253178616 0.03333333333333343 0.09009009009009016 0.5333333333333333 0.1071375029161379 0.1071375029161379 0.1071375029161379 0.0 0.07692307692307694 0.0 0.12711864406779663 0.4588235294117647 0.996078431372549
0.46641836814388915 0.26194378145226854 0.4656342749502145 0.5454545454545455 0.1714285714285715 0.3686274509803922 0.08286936614059749 0.08286936614059749 0.08286936614059749 0.4102564102564103 0.587719298245614 0.05490196078431375 0.42857142857142855 0.23529411764705882 0.6470588235294118
0.2234369356218885 0.3664604942246218 0.4996871649050245 0.14646464646464646 0.3613861386138614 0.4627450980392157 0.04977771491952047 0.04977771491952047 0.04977771491952047 0.1216216216216216 0.20289855072463778 0.2176165803108808 0.46153846153846156 0.3058823529411765 0.7333333333333333
0.5859740996333658 0.30750890763138367 0.6308393889782477 0.6233333333333333 0.3229166666666667 0.7686274509803921 0.07916414096529671 0.07916414096529671 0.07916414096529671 0.617737003058104 0.7380952380952381 0.09518890200708371 0.4834123222748815 0.4235294117647059 0.8392156862745098
0.5257318617050252 0.18550908548352027 0.5709179448146446 0.5952380952380952 0.12755102040816327 0.5764705882352941 0.08115161346721879 0.08115161346721879 0.08115161346721879 0.5416666666666667 0.6319444444444443 0.04511278195488727 0.32142857142857145 0.2980392156862745 0.8352941176470589
0.23934248560136562 0.1987779203500016 0.4739361332912071 0.08333333333333333 0.11538461538461552 0.3607843137254902 0.0918484908692966 0.0918484908692966 0.0918484908692966 0.033333333333333236 0.14166666666666664 0.10000000000000007 0.28301886792452824 0.32156862745098036 0.5607843137254902
0.3408132961257746 0.32801133224316165 0.627256804821538 0.3611111111111111 0.3289473684210526 0.7607843137254902 0.058864421704759556 0.058864421704759556 0.058864421704759556 0.14460784313725492 0.5530303030303031 0.26086956521739135 0.3846153846153846 0.403921568627451 0.8
0.2025157844064882 0.25913117904799776 0.5488904766007966 0.15350877192982462 0.25263157894736843 0.5607843137254902 0.047941845932605705 0.047941845932605705 0.047941845932605705 0.1345029239766082 0.23611111111111108 0.1584046413691143 0.33632286995515703 0.37254901960784315 0.7176470588235294
0.49638591920434766 0.3641862890822875 0.5193088307100183 0.587719298245614 0.2941176470588236 0.34509803921568627 0.08636991136429144 0.08636991136429144 0.08636991136429144 0.47999999999999987 0.6212121212121212 0.17391304347826086 0.5483870967741935 0.2196078431372549 0.9882352941176471
0.23895859887987678 0.2264038164976409 0.5798096899892768 0.1923076923076922 0.162962962962963 0.6509803921568628 0.06389352665831187 0.06389352665831187 0.06389352665831187 0.171875 0.21111111111111125 0.08629441624365494 0.29652165196471536 0.4117647058823529 0.7529411764705882
0.4410825968338561 0.31683019738159257 0.2820505179610907 0.6145833333333334 0.23076923076923078 0.27058823529411763 0.07345777437880134 0.07345777437880134 0.07345777437880134 0.08333333333333333 0.6875 0.10958904109589042 0.5 0.18823529411764706 0.32156862745098036
0.3445350687165201 0.3544967894879118 0.4829855526194853 0.3611111111111112 0.33870967741935487 0.5176470588235293 0.04368219422944297 0.04368219422944297 0.04368219422944297 0.1495726495726495 0.5459770114942529 0.26347305389221554 0.4148936170212766 0.2196078431372549 0.7372549019607844
0.08055307936865598 0.2328280316206318 0.5161168117149204 0.06250000000000007 0.1958041958041958 0.5019607843137255 0.06433548577384954 0.06433548577384954 0.06433548577384954 0.044715447154471503 0.07692307692307686 0.14534883720930244 0.2873563218390805 0.33725490196078434 0.6392156862745098
0.09175054939441883 0.22317480223504843 0.44588347790287985 0.07692307692307686 0.1956521739130434 0.39215686274509803 0.05052709427592562 0.05052709427592562 0.05052709427592562 0.06250000000000007 0.08333333333333333 0.14130434782608692 0.28774433283561823 0.30980392156862746 0.5333333333333333
0.4058711309968659 0.23723890100521022 0.5340068742340687 0.2777777777777778 0.21025641025641026 0.5215686274509804 0.09254870821451748 0.09254870821451748 0.09254870821451748 0.07823129251700682 0.6944444444444443 0.10638297872340433 0.3235294117647059 0.27058823529411763 0.7725490196078432
0.40565388071730657 0.24927998760186676 0.5737982656441483 0.4583333333333332 0.2063492063492064 0.4588235294117647 0.08567258630863935 0.08567258630863935 0.08567258630863935 0.23076923076923075 0.5909090909090909 0.09523809523809523 0.4158634890037676 0.3137254901960784 0.9803921568627451
0.5606193399589164 0.209668026500607 0.5136482986749387 0.6116666666666667 0.21428571428571427 0.4 0.07532533621056887 0.07532533621056887 0.07532533621056887 0.5634920634920634 0.6464646464646464 0.08593750000000003 0.3033707865168539 0.3254901960784314 0.7529411764705882
0.319760219984114 0.22211222157300053 0.5030940635531557 0.11475409836065577 0.2 0.4588235294117647 0.08904462714761918 0.08904462714761918 0.08904462714761918 0.08771929824561402 0.5942982456140351 0.15337423312883433 0.29299363057324845 0.2 0.8117647058823529
0.27714694356941627 0.18137744315949272 0.3414005653530944 0.2111111111111111 0.13725490196078438 0.34509803921568627 0.028189575235608045 0.028189575235608045 0.028189575235608045 0.14705882352941171 0.43939393939393945 0.09523809523809518 0.21126760563380287 0.2549019607843137 0.4235294117647059
0.20644030346587008 0.40711448892009305 0.59458283069087 0.1282051282051282 0.4653465346534653 0.6196078431372549 0.06481148210843948 0.06481148210843948 0.06481148210843948 0.1198501872659176 0.269230769230769 0.12413793103448272 0.5846153846153845 0.4980392156862745 0.7215686274509804
0.519513453614766 0.19878519067977693 0.5490141027113971 0.6574074074074073 0.154639175257732 0.5098039215686274 0.08727566499792157 0.08727566499792157 0.08727566499792157 0.12179487179487185 0.7456140350877193 0.09900990099009895 0.2440944881889764 0.38823529411764707 0.7372549019607844
0.16095271382781967 0.13376200383713982 0.6081576478247548 0.08333333333333333 0.11363636363636355 0.48627450980392156 0.09768000169359824 0.09768000169359824 0.09768000169359824 0.03333333333333343 0.1358024691358025 0.05490196078431375 0.1707317073170731 0.33725490196078434 0.9686274509803922
0.06962625937861956 0.1682639513090697 0.5196042528339461 0.044715447154471545 0.14285714285714293 0.45098039215686275 0.06788551435559749 0.06788551435559749 0.06788551435559749 0.033333333333333236 0.0643939393939394 0.09259259259259266 0.22518047849173678 0.34509803921568627 0.6509803921568628
0.29033942401994695 0.21857023373650325 0.5769215303308823 0.1614583333333333 0.16571428571428576 0.6235294117647059 0.0663051645977993 0.0663051645977993 0.0663051645977993 0.04861111111111113 0.6236559139784946 0.13698630136986292 0.22916666666666663 0.5490196078431373 0.6901960784313725
0.09456232198143946 0.2113231591273744 0.5853367824180453 0.059523809523809514 0.2312925170068027 0.5647058823529412 0.07880819135641737 0.07880819135641737 0.07880819135641737 0.03645833333333335 0.07142857142857113 0.15863796170789563 0.26785714285714285 0.4156862745098039 0.7529411764705882
0.39569701818253905 0.12193095026588324 0.6088618259803923 0.5 0.09259259259259266 0.596078431372549 0.07738781636151087 0.07738781636151087 0.07738781636151087 0.19444444444444442 0.5333333333333333 0.04347826086956519 0.16666666666666666 0.4156862745098039 0.8627450980392157
0.24444163883559894 0.19753190595490938 0.5377644856770833 0.06172839506172834 0.125 0.5490196078431373 0.07507180674424287 0.07507180674424287 0.07507180674424287 0.02777777777777771 0.6056910569105691 0.08571428571428581 0.3047619047619048 0.44705882352941173 0.6274509803921569
0.11979065024100831 0.17405107851130927 0.48878203747319243 0.07142857142857148 0.1074380165289256 0.4 0.06001504536743759 0.06001504536743759 0.06001504536743759 0.06250000000000007 0.11224489795918367 0.07526881720430097 0.23015873015873023 0.34901960784313724 0.5843137254901961
0.6221828571217003 0.10346708262928345 0.5192924349915746 0.7121212121212123 0.08527131782945728 0.4980392156862745 0.09792672814136975 0.09792672814136975 0.09792672814136975 0.5980392156862746 0.7878787878787877 0.05172413793103442 0.11111111111111113 0.4156862745098039 0.5882352941176471
0.5636030361582747 0.09714761269909361 0.4662457634420956 0.6666666666666666 0.06285714285714296 0.43529411764705883 0.1075452183138098 0.1075452183138098 0.1075452183138098 0.13333333333333344 0.9074074074074074 0.034482758620689655 0.11111111111111115 0.3137254901960784 0.5450980392156862
0.5842996346695307 0.16377513623211964 0.4836185230928308 0.6839080459770116 0.17322834645669297 0.5098039215686274 0.06755125400752254 0.06755125400752254 0.06755125400752254 0.4833333333333334 0.7051282051282052 0.11724137931034481 0.20886075949367094 0.3137254901960784 0.596078431372549
0.5681587327986515 0.20295364004208818 0.5299298454733455 0.6190476190476191 0.2183908045977012 0.5176470588235293 0.0639965870490724 0.0639965870490724 0.0639965870490724 0.5833333333333334 0.6533333333333333 0.10882930578088976 0.2794117647058824 0.4392156862745098 0.5647058823529412
0.3652015869200487 0.13429727495589433 0.7293173995672488 0.40740740740740716 0.11344537815126057 0.8627450980392157 0.0974470916649936 0.0974470916649936 0.0974470916649936 0.22222222222222215 0.509009009009009 0.04147465437788017 0.18750000000000006 0.580392156862745 0.9137254901960784
0.22134985811626173 0.11935277936299427 0.4764992508233763 0.0454545454545455 0.10416666666666659 0.34509803921568627 0.09456679461071683 0.09456679461071683 0.09456679461071683 0.033333333333333284 0.1250000000000002 0.047619047619047616 0.1639344262295081 0.2588235294117647 0.7568627450980392
0.06889004121258811 0.17560048362888622 0.5400697595932904 0.040000000000000056 0.15151515151515155 0.44313725490196076 0.07517452009147495 0.07517452009147495 0.07517452009147495 0.02564102564102556 0.05319148936170214 0.11494252873563227 0.22900763358778622 0.3529411764705882 0.7372549019607844
0.10688230052590475 0.16504194909233338 0.4599260517195159 0.07407407407407411 0.14102564102564105 0.3764705882352941 0.06166002142503813 0.06166002142503813 0.06166002142503813 0.05303030303030304 0.10416666666666684 0.10098693355574095 0.20282253977906156 0.2784313725490196 0.5529411764705883
0.08876504734274075 0.1991281663242949 0.49135981541053914 0.05555555555555552 0.16129032258064505 0.38823529411764707 0.06427267209924513 0.06427267209924513 0.06427267209924513 0.03333333333333343 0.07692307692307686 0.12790697674418608 0.25139664804469264 0.32941176470588235 0.6470588235294118
0.2237057745911446 0.18408304487590363 0.5490885416666668 0.06250000000000007 0.10738255033557047 0.5058823529411764 0.07746378875434028 0.07746378875434028 0.07746378875434028 0.027777777777777877 0.5833333333333334 0.08810572687224663 0.24657534246575333 0.4549019607843137 0.6549019607843137
0.5701324340560282 0.3493394658333815 0.49817044127221205 0.6309523809523809 0.34615384615384615 0.34901960784313724 0.08327773323035835 0.08327773323035835 0.08327773323035835 0.5595238095238096 0.6666666666666666 0.10196078431372546 0.5052631578947369 0.23529411764705882 1.0
0.4783616726727534 0.11631027112268294 0.5122167250689338 0.4166666666666667 0.09433962264150937 0.403921568627451 0.1239136314150457 0.1239136314150457 0.1239136314150457 0.03333333333333371 0.9444444444444443 0.05747126436781621 0.14179104477611942 0.32941176470588235 0.7294117647058823
0.41976207115383635 0.21993909478533374 0.532270902745864 0.5399999999999999 0.16346153846153844 0.4980392156862745 0.06292524707914685 0.06292524707914685 0.06292524707914685 0.19696969696969688 0.5833333333333336 0.07106598984771577 0.37500000000000006 0.3607843137254902 0.6039215686274509
0.4806589095213149 0.12261615450659706 0.4620989631204043 0.5789473684210525 0.07643312101910836 0.43529411764705883 0.08639156225518381 0.08639156225518381 0.08639156225518381 0.08333333333333333 0.8055555555555557 0.04511278195488727 0.14563106796116507 0.3254901960784314 0.596078431372549
0.6258754770793283 0.1241793247207575 0.5287588680491727 0.6470588235294118 0.09554140127388537 0.5450980392156862 0.09413432050361514 0.09413432050361514 0.09413432050361514 0.4833333333333334 0.9393939393939396 0.0729166666666667 0.1428571428571429 0.4235294117647059 0.6313725490196078
0.09104239726211609 0.16070132614010704 0.5113419476677389 0.06837606837606837 0.11711711711711721 0.42745098039215684 0.06970872231172137 0.06970872231172137 0.06970872231172137 0.03333333333333343 0.07692307692307696 0.07865168539325847 0.22377622377622378 0.34901960784313724 0.6235294117647059
0.43815694852057446 0.3517049826791875 0.5059814453125 0.5 0.32361441686501197 0.4627450980392157 0.07788096449246715 0.07788096449246715 0.07788096449246715 0.08522371269081794 0.6666666666666666 0.1555555555555555 0.5681818181818182 0.29411764705882354 0.6705882352941176
0.6888723527888345 0.12455281580726635 0.5247199563419118 0.7666666666666667 0.10891089108910895 0.44313725490196076 0.10868481893818248 0.10868481893818248 0.10868481893818248 0.6923076923076922 0.8666666666666666 0.07746478873239449 0.14285714285714282 0.34901960784313724 0.7019607843137254
0.6709778152733776 0.31735656248118005 0.4287562949984682 0.6666666666666666 0.23404255319148942 0.3333333333333333 0.09118189615571633 0.09118189615571633 0.09118189615571633 0.6249999999999999 0.7333333333333338 0.09219858156028375 0.4545454545454545 0.1568627450980392 0.5411764705882353
0.23216840143733783 0.19152400631086727 0.5350250244140625 0.07407407407407411 0.11570247933884292 0.49411764705882355 0.06911330744957736 0.06911330744957736 0.06911330744957736 0.038461538461538464 0.6089743589743589 0.09523809523809534 0.25 0.43529411764705883 0.6901960784313725
0.3413620710341016 0.18909907235508427 0.488284122242647 0.14285714285714285 0.17091312344476906 0.4392156862745098 0.08196320415270796 0.08196320415270796 0.08196320415270796 0.06818181818181818 0.5909090909090909 0.08641975308641968 0.24268797985132223 0.2588235294117647 0.6980392156862745
0.3370916731426315 0.17598093694744996 0.5669269636565565 0.21031746031746032 0.12500000000000006 0.5215686274509804 0.07567022749599103 0.07567022749599103 0.07567022749599103 0.06250000000000007 0.6205673758865248 0.08176100628930824 0.21854304635761587 0.40784313725490196 0.7764705882352941
0.5038780267149893 0.10774102188003626 0.7031695197610295 0.5277777777777777 0.06355932203389832 0.8196078431372549 0.0969078730271233 0.0969078730271233 0.0969078730271233 0.48148148148148157 0.5526315789473685 0.04390243902439036 0.14285714285714285 0.5647058823529412 0.8901960784313725
0.5909975955875623 0.14025046850513723 0.4599887025122549 0.6666666666666666 0.06632653061224482 0.3686274509803922 0.09162445060772191 0.09162445060772191 0.09162445060772191 0.5909090909090909 0.6944444444444445 0.03947368421052636 0.15068493150684928 0.24313725490196078 0.7803921568627451
0.08735182061332962 0.19545082636413902 0.40817075243183204 0.07407407407407411 0.1639344262295081 0.30980392156862746 0.05120592228790283 0.05120592228790283 0.05120592228790283 0.06439393939393942 0.09090909090909088 0.1106678869953995 0.24999999999999994 0.24313725490196078 0.49411764705882355
0.561733155586112 0.3387706435289076 0.5912688012216605 0.6202185792349727 0.31343283582089554 0.5176470588235293 0.06567924039966644 0.06567924039966644 0.06567924039966644 0.6045197740112994 0.6464646464646465 0.15322580645161293 0.5196271421954609 0.44313725490196076 0.7803921568627451
0.3935818376995594 0.3791140743155199 0.4937713623046875 0.4444444444444444 0.3541666666666667 0.32941176470588235 0.06848372688260061 0.06848372688260061 0.06848372688260061 0.24999999999999992 0.52046783625731 0.25 0.43137254901960786 0.1843137254901961 0.9647058823529412
0.4069354969891543 0.16016651519996664 0.699295103783701 0.5 0.11111111111111116 0.788235294117647 0.08638803152612963 0.08638803152612963 0.08638803152612963 0.16666666666666666 0.5348258706467661 0.058536585365853724 0.24324324324324326 0.580392156862745 0.8588235294117647
0.10585000931405428 0.17936749121769247 0.5833459592333028 0.06172839506172834 0.1111111111111111 0.4549019607843137 0.09268370618497418 0.09268370618497418 0.09268370618497418 0.011111111111111113 0.10975609756097564 0.050980392156862786 0.28260869565217384 0.396078431372549 0.9686274509803922
0.5199203392163914 0.17191896726288974 0.5365714877259498 0.5952380952380951 0.14179104477611942 0.47058823529411764 0.07986851122853118 0.07986851122853118 0.07986851122853118 0.5517241379310345 0.6428571428571429 0.05487804878048779 0.24460431654676257 0.3529411764705882 0.6901960784313725
0.5274236148869299 0.15299690734519822 0.6023475198184742 0.550314465408805 0.13333333333333336 0.7215686274509804 0.07709903444924086 0.07709903444924086 0.07709903444924086 0.5 0.6075268817204301 0.03846153846153848 0.21818181818181817 0.4117647058823529 0.807843137254902
0.28638769103145845 0.2741264180104664 0.5246735815908394 0.2528735632183908 0.15068493150684928 0.5137254901960784 0.0707688997852549 0.0707688997852549 0.0707688997852549 0.11904761904761903 0.4433962264150943 0.11016949152542381 0.3548387096774194 0.3333333333333333 0.7254901960784313
0.27734538128948627 0.16869239690048182 0.41630488376991415 0.07333333333333329 0.12987012987012977 0.32941176470588235 0.08436933220522029 0.08436933220522029 0.08436933220522029 0.05172413793103447 0.3055555555555557 0.060975609756097525 0.24742268041237114 0.2549019607843137 0.5019607843137255
0.685277855446264 0.11158944911285568 0.5802107867072611 0.8666666666666669 0.07843137254901952 0.5607843137254902 0.13467448871115284 0.13467448871115284 0.13467448871115284 0.611111111111111 0.9444444444444445 0.054545454545454605 0.11874999999999994 0.4 0.7450980392156863
0.3081590459509418 0.18391911778659886 0.4987770230162377 0.15343915343915346 0.11820420958351999 0.4549019607843137 0.07705398865085049 0.07705398865085049 0.07705398865085049 0.08666666666666661 0.5344827586206896 0.03636363636363649 0.19815668202764972 0.3568627450980392 0.6666666666666666
0.20280586360394873 0.1882950689856141 0.5118766635071997 0.08333333333333333 0.13784306826178744 0.4235294117647059 0.06883834179944068 0.06883834179944068 0.06883834179944068 0.043209876543209874 0.23402777777777822 0.1212121212121212 0.2238805970149254 0.3058823529411765 0.796078431372549
0.23009986192615806 0.1666942795613598 0.384498566272212 0.07142857142857148 0.13432835820895528 0.3137254901960784 0.07203674429529815 0.07203674429529815 0.07203674429529815 0.04545454545454545 0.13333333333333305 0.08021390374331538 0.21126760563380287 0.24313725490196078 0.4392156862745098
0.0966686208241474 0.21876156339971928 0.4184406953699448 0.06589147286821707 0.1805555555555555 0.30980392156862746 0.06049265240009528 0.06049265240009528 0.06049265240009528 0.03333333333333343 0.07894736842105259 0.11940298507462686 0.30645161290322576 0.24313725490196078 0.5058823529411764
0.5119261528877967 0.25236135381239916 0.480673397288603 0.620253164556962 0.21428571428571422 0.42745098039215684 0.0772225415844154 0.0772225415844154 0.0772225415844154 0.2000000000000001 0.6533333333333334 0.1184210526315789 0.3333333333333334 0.20784313725490194 0.7843137254901961
0.29789263402975363 0.3681485503502889 0.36373261096430765 0.1388888888888889 0.3148148148148149 0.396078431372549 0.040494818822243726 0.040494818822243726 0.040494818822243726 0.10416666666666669 0.576923076923077 0.23015873015873023 0.5283018867924528 0.2392156862745098 0.4627450980392157
0.3928037599078745 0.11653114989597921 0.4913870418772978 0.2777777777777783 0.07333333333333344 0.49019607843137253 0.09506226552340669 0.09506226552340669 0.09506226552340669 0.04403758096939915 0.7777777777777772 0.037313432835820975 0.13043478260869562 0.3529411764705882 0.611764705882353
0.6012898603365745 0.45281193741705705 0.4272337670419731 0.648936170212766 0.4252873563218391 0.3568627450980392 0.06936295566819696 0.06936295566819696 0.06936295566819696 0.6216931216931217 0.6927083333333334 0.2727272727272727 0.6333333333333333 0.24313725490196078 0.5372549019607843
0.16362269349063327 0.17167603129808554 0.5439588359757965 0.08333333333333333 0.13698630136986292 0.47058823529411764 0.0845626726161978 0.0845626726161978 0.0845626726161978 0.07142857142857113 0.10975609756097558 0.07608695652173916 0.24000000000000007 0.32941176470588235 0.7372549019607844
0.5337827303676977 0.2505857825103276 0.49109185910692404 0.6166666666666666 0.20610687022900756 0.4666666666666667 0.06895787700038644 0.06895787700038644 0.06895787700038644 0.5681818181818182 0.6666666666666666 0.12380952380952379 0.32608695652173914 0.3333333333333333 0.6078431372549019
0.3591661234124452 0.1796522478650238 0.5238869461358763 0.3666666666666667 0.11504424778761059 0.4627450980392157 0.08699715006815233 0.08699715006815233 0.08699715006815233 0.027777777777777877 0.6470588235294118 0.09478672985781984 0.1724137931034483 0.37254901960784315 0.8313725490196078
0.6820593991551869 0.11249453381715116 0.5999500349456188 0.6923076923076924 0.11764705882352933 0.48627450980392156 0.10391841261134153 0.10391841261134153 0.10391841261134153 0.6590909090909088 0.7857142857142856 0.07623318385650223 0.1388888888888889 0.3803921568627451 0.8901960784313725
0.09547409382162872 0.16547430510455247 0.4836472455193015 0.06818181818181814 0.1428571428571429 0.42745098039215684 0.06790241292236578 0.06790241292236578 0.06790241292236578 0.03333333333333343 0.07692307692307694 0.08333333333333337 0.21178963110667992 0.2980392156862745 0.6431372549019607
0.5947070017643113 0.12803004028144424 0.49258213417202823 0.6428571428571427 0.10638297872340427 0.47058823529411764 0.10442054692740271 0.10442054692740271 0.10442054692740271 0.16666666666666666 0.9444444444444443 0.0461538461538461 0.17948717948717946 0.3607843137254902 0.5607843137254902
0.619023114101197 0.2607166702039851 0.5098777023016238 0.6933333333333334 0.23239436619718315 0.49019607843137253 0.07432288223854354 0.07432288223854354 0.07432288223854354 0.6521739130434783 0.7222222222222222 0.1568627450980392 0.3296703296703297 0.3411764705882353 0.6078431372549019
0.5121147202031908 0.4480490131656548 0.5930179371553309 0.5981481481481482 0.4125874125874126 0.596078431372549 0.08144918439066594 0.08144918439066594 0.08144918439066594 0.5789473684210525 0.6272727272727273 0.24193548387096767 0.6866666666666666 0.3529411764705882 0.8431372549019608
0.08278527008218414 0.20174912879495985 0.656533633961397 0.04861111111111113 0.17408906882591088 0.592156862745098 0.09126807460573677 0.09126807460573677 0.09126807460573677 0.02777777777777782 0.07317073170731708 0.14814814814814817 0.2601156069364162 0.5137254901960784 0.8666666666666667
0.1427595125335011 0.17747255940184564 0.44584254844515936 0.07142857142857142 0.13194444444444448 0.34509803921568627 0.0750208027611191 0.0750208027611191 0.0750208027611191 0.033333333333333236 0.10416666666666664 0.08333333333333327 0.2435897435897436 0.2784313725490196 0.5411764705882353
0.5365633180971346 0.2739254817645567 0.5808624267578125 0.6008771929824561 0.21428571428571436 0.5490196078431373 0.09061105946475885 0.09061105946475885 0.09061105946475885 0.5555555555555556 0.6827956989247311 0.08750000000000005 0.3841947065208316 0.396078431372549 0.8156862745098039
0.3871087115365852 0.2264748184478042 0.5125800637637867 0.12121212121212123 0.22641509433962265 0.43137254901960786 0.09217902332718549 0.09217902332718549 0.09217902332718549 0.07291666666666666 0.7666666666666667 0.1333333333333333 0.2983870967741935 0.26666666666666666 0.7490196078431373
0.17692327223299528 0.1528005151730965 0.5468940286075368 0.07142857142857148 0.10989010989010996 0.4235294117647059 0.0966201789217389 0.0966201789217389 0.0966201789217389 0.03333333333333336 0.12499999999999979 0.052083333333333294 0.19148936170212777 0.32941176470588235 0.9019607843137255
0.09613712787797726 0.21278579433969783 0.4017520680147058 0.07142857142857148 0.18000000000000002 0.36470588235294116 0.05225627728622186 0.05225627728622186 0.05225627728622186 0.04444444444444459 0.07870370370370368 0.11818181818181828 0.2769230769230768 0.2196078431372549 0.4666666666666667
0.47230597894308635 0.11962959471971851 0.44018811992570467 0.5333333333333334 0.07142857142857142 0.44705882352941173 0.08600153850393912 0.08600153850393912 0.08600153850393912 0.07291666666666641 0.8055555555555554 0.034782608695652174 0.1538461538461539 0.3058823529411765 0.5254901960784314
0.37768381418796404 0.21438092929532956 0.5433448342715993 0.13333333333333258 0.17241379310344826 0.5686274509803921 0.07740370819643412 0.07740370819643412 0.07740370819643412 0.04861111111111113 0.6666666666666666 0.13698630136986292 0.24175824175824182 0.48627450980392156 0.6627450980392157
0.37905962682079297 0.2956906138431441 0.40091044108072915 0.4166666666666667 0.2000000000000001 0.3411764705882353 0.07768785780022715 0.07768785780022715 0.07768785780022715 0.09895833333333327 0.6190476190476191 0.11111111111111104 0.4125496031746032 0.10980392156862745 0.6745098039215687
0.573670652086459 0.3171569644097039 0.4635286817363665 0.6206349206349207 0.2894736842105263 0.4235294117647059 0.06909610994691176 0.06909610994691176 0.06909610994691176 0.5833333333333334 0.6666666666666666 0.1 0.48837209302325585 0.22745098039215686 0.6941176470588235
0.3746477052647389 0.21396983270612796 0.536167698280484 0.5277777777777778 0.20560747663551407 0.4745098039215686 0.060568892851586974 0.060568892851586974 0.060568892851586974 0.07407407407407408 0.6016260162601627 0.1428571428571428 0.27040816326530603 0.37254901960784315 0.6666666666666666
0.569611209269886 0.18618726601516472 0.5720793480966606 0.6519607843137255 0.16666666666666666 0.5450980392156862 0.08767001021882881 0.08767001021882881 0.08767001021882881 0.5897435897435896 0.6944444444444445 0.05428987337332076 0.2650602409638555 0.396078431372549 0.8588235294117647
0.41149495341016906 0.16235745853925768 0.498585719688266 0.16666666666666666 0.11111111111111104 0.396078431372549 0.0998140130757681 0.0998140130757681 0.0998140130757681 0.05172413793103445 0.8055555555555557 0.06315789473684218 0.22777777777777777 0.33725490196078434 0.6666666666666666
0.11969926232662631 0.20189164928034664 0.5147507611443015 0.0555555555555556 0.17783119658119662 0.44705882352941173 0.07980426751057171 0.07980426751057171 0.07980426751057171 0.033333333333333236 0.07291666666666666 0.10989010989010996 0.28 0.3254901960784314 0.7333333333333333
0.4380806963232019 0.3900336182233134 0.5729483810125614 0.5242424242424243 0.3384226884226884 0.6666666666666666 0.06654290163370193 0.06654290163370193 0.06654290163370193 0.3854166666666667 0.5555555555555556 0.2633928571428571 0.45454545454545453 0.21568627450980393 0.9137254901960784
0.4758308210616992 0.1925264045031898 0.5353520412071079 0.6319444444444443 0.15740740740740738 0.5254901960784314 0.08265956079542928 0.08265956079542928 0.08265956079542928 0.17156862745098042 0.6759259259259259 0.09523809523809523 0.25373134328358216 0.3333333333333333 0.6980392156862745
0.09490856912761102 0.1597867589019347 0.4943085913564645 0.07142857142857148 0.12698412698412698 0.403921568627451 0.07159676160222779 0.07159676160222779 0.07159676160222779 0.04444444444444443 0.07894736842105259 0.07368421052631582 0.20748845220386752 0.2901960784313725 0.6431372549019607
0.2720847514286808 0.3969028820426785 0.44598915249693627 0.16666666666666666 0.320754716981132 0.43137254901960786 0.08456435129087432 0.08456435129087432 0.08456435129087432 0.11666666666666647 0.5595238095238095 0.07108403300695265 0.7107048183377513 0.19215686274509802 0.7137254901960784
0.11811332003177663 0.1697610033747479 0.4002679563036152 0.03333333333333343 0.14492753623188395 0.3254901960784314 0.061263913894424815 0.061263913894424815 0.061263913894424815 0.033333333333333236 0.05555555555555555 0.11764705882352933 0.210843373493976 0.2588235294117647 0.44705882352941173
0.12238772731626628 0.2202700200109521 0.46512983733532476 0.07692307692307704 0.154639175257732 0.39215686274509803 0.059446452893264085 0.059446452893264085 0.059446452893264085 0.07142857142857138 0.0931372549019608 0.11224489795918358 0.3047619047619048 0.36470588235294116 0.5098039215686274
0.43333664874592404 0.15591265385910602 0.5625138226677391 0.5740740740740738 0.10465116279069779 0.5019607843137255 0.09056657927512829 0.09056657927512829 0.09056657927512829 0.11666666666666674 0.5909090909090909 0.07203389830508485 0.18888888888888886 0.28627450980392155 0.8980392156862745
0.5302331097659583 0.2666116265125371 0.41617724848728554 0.6020408163265306 0.21739130434782616 0.42745098039215684 0.08156765978448206 0.08156765978448206 0.08156765978448206 0.04320987654320991 0.9285714285714286 0.10666666666666666 0.3829787234042554 0.2823529411764706 0.5490196078431373
0.6781791508431912 0.1368195817126098 0.6499579336128983 0.7121212121212119 0.0982658959537572 0.6509803921568628 0.11823200192799606 0.11823200192799606 0.11823200192799606 0.6250000000000001 0.9215686274509803 0.07142857142857137 0.18181818181818174 0.42745098039215684 0.9647058823529412
0.21714181426081094 0.2117370372620987 0.4229837455001532 0.10317460317460315 0.12727272727272732 0.2549019607843137 0.08866995091990759 0.08866995091990759 0.08866995091990759 0.07142857142857138 0.18750000000000022 0.05445544554455441 0.35714285714285715 0.2 0.6509803921568628
0.3341777670885685 0.18107314652002848 0.6714945475260417 0.4166666666666667 0.13580246913580235 0.6627450980392157 0.11380699359589948 0.11380699359589948 0.11380699359589948 0.0 0.574712643678161 0.0 0.27972027972027974 0.4666666666666667 0.996078431372549
0.6319970584833733 0.3701760277651647 0.44455309101179535 0.6097560975609756 0.3166666666666667 0.3607843137254902 0.06651197061954132 0.06651197061954132 0.06651197061954132 0.5866666666666667 0.6666666666666666 0.15151515151515144 0.5333333333333333 0.2627450980392157 0.5490196078431373
0.44995707408081764 0.09214614359868989 0.5117054060393689 0.5652173913043478 0.06192583227981456 0.5058823529411764 0.09496448172781032 0.09496448172781032 0.09496448172781032 0.05555555555555555 0.7333333333333334 0.04132231404958675 0.1034482758620689 0.4196078431372549 0.592156862745098
0.17140098162670725 0.3299298074729954 0.5099029541015625 0.0763888888888889 0.2222222222222222 0.4980392156862745 0.1145751170196016 0.1145751170196016 0.1145751170196016 0.03448275862068955 0.16666666666666666 0.061475409836065475 0.49209449404761907 0.13333333333333333 0.9333333333333333
0.42472914189966726 0.20219376149370366 0.40597234987745096 0.46031746031746024 0.11711711711711721 0.33725490196078434 0.07905946906870022 0.07905946906870022 0.07905946906870022 0.1041666666666667 0.6944444444444443 0.060240963855421645 0.2608695652173913 0.2 0.6
0.4163731788988325 0.08418973457860164 0.4869287827435661 0.5 0.06796116504854371 0.4156862745098039 0.10756187001977442 0.10756187001977442 0.10756187001977442 0.033333333333333236 0.7333333333333334 0.02777777777777781 0.12048192771084346 0.28627450980392155 0.5725490196078431
0.40709028236435096 0.14005750275064477 0.587996239755668 0.4833333333333334 0.12987012987012977 0.5333333333333333 0.07442286827691373 0.07442286827691373 0.07442286827691373 0.27043269230769235 0.5424836601307189 0.07450980392156858 0.184873949579832 0.34901960784313724 0.8470588235294118
0.3578625393341499 0.2056097942954786 0.5483865775314032 0.1969696969696971 0.19642857142857148 0.5019607843137255 0.07809545195955653 0.07809545195955653 0.07809545195955653 0.05303030303030302 0.6133333333333333 0.09448818897637795 0.2666666666666666 0.3686274509803922 0.7490196078431373
0.10813498145548225 0.13911272224528914 0.5382217108034621 0.044444444444444314 0.09615384615384609 0.43529411764705883 0.07937500646591554 0.07937500646591554 0.07937500646591554 0.033333333333333236 0.07692307692307686 0.0862068965517242 0.18285714285714286 0.4 0.6039215686274509
0.266758896504016 0.11085286816694637 0.5109779507506127 0.06249999999999978 0.0975609756097561 0.3529411764705882 0.11021844915501429 0.11021844915501429 0.11021844915501429 0.033333333333333236 0.5566666666666666 0.03137254901960784 0.1604938271604938 0.2980392156862745 0.8980392156862745
0.16511817945385385 0.19662484400121877 0.4619864669500613 0.06589147286821709 0.1292000430084404 0.34509803921568627 0.07795594417038536 0.07795594417038536 0.07795594417038536 0.03333333333333343 0.07894736842105264 0.0864197530864198 0.2816091954022989 0.2980392156862745 0.615686274509804
0.1233652288854276 0.12043909074255052 0.5882857977175245 0.07692307692307704 0.11445783132530131 0.5058823529411764 0.08078950562553015 0.08078950562553015 0.08078950562553015 0.05882352941176478 0.0931372549019608 0.06422018348623844 0.17105263157894732 0.42745098039215684 0.7490196078431373
0.4591307017243389 0.09282051282896138 0.4970190908394608 0.5733333333333334 0.0508474576271187 0.4980392156862745 0.08910547991889027 0.08910547991889027 0.08910547991889027 0.07692307692307686 0.7333333333333338 0.03937007874015756 0.11249999999999996 0.4156862745098039 0.5490196078431373
0.3538894198908755 0.11757754526141984 0.4643606148514092 0.19135802469135796 0.0875576036866359 0.4588235294117647 0.07505916821025356 0.07505916821025356 0.07505916821025356 0.05952380952380962 0.6333333333333334 0.05421686746987949 0.15384615384615385 0.30196078431372547 0.5882352941176471
0.5677897994006873 0.15705763586795157 0.5507421755323224 0.6333333333333332 0.14788732394366205 0.5411764705882353 0.06625064237168587 0.06625064237168587 0.06625064237168587 0.5486111111111112 0.6578947368421053 0.07470668192874522 0.2137931034482759 0.45098039215686275 0.6352941176470588
0.5393016892128903 0.15603728957047336 0.5923312916475184 0.6507936507936508 0.1555555555555555 0.6235294117647059 0.09760876147046821 0.09760876147046821 0.09760876147046821 0.3878205128205128 0.7058823529411765 0.03896103896103901 0.23880597014925373 0.38431372549019605 0.8705882352941177
0.43220197977156954 0.16769399503641266 0.6340343400543812 0.5705128205128205 0.14901960784313728 0.5647058823529412 0.10260030535759589 0.10260030535759589 0.10260030535759589 0.12499999999999994 0.6428571428571429 0.06428571428571446 0.23333333333333334 0.30980392156862746 0.996078431372549
0.3693429818310697 0.226632813592957 0.49833290249693635 0.5 0.18454935622317592 0.396078431372549 0.058675511864141584 0.058675511864141584 0.058675511864141584 0.1041666666666669 0.5745614035087719 0.12719298245614027 0.2857142857142858 0.3058823529411765 0.7137254901960784
0.4265501885011329 0.16050433572336611 0.5335279277726716 0.4833333333333334 0.13750000000000004 0.4549019607843137 0.06427313146060519 0.06427313146060519 0.06427313146060519 0.27499999999999997 0.5303030303030304 0.09090909090909093 0.19607843137254916 0.3058823529411765 0.7686274509803921
0.10297546029218016 0.242317199377696 0.5070864808325674 0.06837606837606845 0.20575147183334314 0.4235294117647059 0.06790189218887965 0.06790189218887965 0.06790189218887965 0.044444444444444474 0.07894736842105264 0.14423076923076927 0.31851851851851853 0.36470588235294116 0.6666666666666666
0.33883436008463547 0.17083228412061013 0.45135085161994487 0.13095238095238093 0.12199923180334171 0.3529411764705882 0.08699995022445099 0.08699995022445099 0.08699995022445099 0.09090909090909094 0.6999999999999998 0.06960649422124389 0.2553191489361702 0.20392156862745098 0.6509803921568628
0.3702717364139497 0.31008426590267096 0.5806925455729166 0.1495726495726495 0.22510822510822517 0.6039215686274509 0.10966706663337296 0.10966706663337296 0.10966706663337296 0.0472636815920398 0.8695652173913044 0.1568627450980392 0.433833255524432 0.2901960784313725 0.8588235294117647
0.37373681266955483 0.192813976874292 0.6632863362630209 0.38888888888888945 0.1622807017543859 0.7843137254901961 0.08183295203713788 0.08183295203713788 0.08183295203713788 0.21212121212121202 0.513888888888889 0.06951871657754001 0.2557077625570776 0.4588235294117647 0.8862745098039215
0.319967407443737 0.15860969474195633 0.4881350648169424 0.07142857142857148 0.08196721311475405 0.37254901960784315 0.10654214020770858 0.10654214020770858 0.10654214020770858 0.03333333333333343 0.9166666666666666 0.043478260869565216 0.25000000000000006 0.3137254901960784 0.6088235294117647
0.21721466003316253 0.16791599964869375 0.5198741838043811 0.050000000000000024 0.13709677419354835 0.45098039215686275 0.09537543005335902 0.09537543005335902 0.09537543005335902 0.032051282051282125 0.07471264367816091 0.07079646017699115 0.21333333333333332 0.32156862745098036 0.6901960784313725
0.31494032629616076 0.3452507944307541 0.5531191358379288 0.20666666666666667 0.29702970297029696 0.592156862745098 0.051259724281299095 0.051259724281299095 0.051259724281299095 0.1481481481481481 0.58 0.13043478260869568 0.5823529411764705 0.44313725490196076 0.6745098039215687
0.34677392983931016 0.1922665745608918 0.4991078694661458 0.0993589743589744 0.16666666666666674 0.403921568627451 0.10211832964627506 0.10211832964627506 0.10211832964627506 0.0729166666666667 0.9444444444444443 0.10000000000000005 0.25903614457831325 0.22745098039215686 0.7803921568627451
0.42141550776313874 0.13865896508161882 0.4527748257506127 0.11538461538461536 0.08955223880597012 0.34509803921568627 0.10609057028050091 0.10609057028050091 0.10609057028050091 0.07317073170731705 0.958333333333333 0.05633802816901408 0.20149253731343286 0.27058823529411763 0.6
0.4468071399508977 0.3634611187598176 0.5321768966375614 0.5061728395061728 0.37037037037037035 0.4235294117647059 0.054793576143707855 0.054793576143707855 0.054793576143707855 0.4090909090909091 0.5643939393939393 0.25263157894736843 0.43555555555555553 0.2196078431372549 0.8784313725490196
0.5379097416058786 0.18881950999814684 0.46572409237132356 0.6007751937984497 0.16129032258064516 0.3803921568627451 0.08016557682763173 0.08016557682763173 0.08016557682763173 0.5595238095238094 0.6785714285714287 0.058823529411764774 0.2967032967032967 0.27058823529411763 0.596078431372549
0.44739413320602367 0.08954175533257513 0.4950607000612745 0.4583333333333333 0.06874999999999994 0.48627450980392156 0.10188032188686025 0.10188032188686025 0.10188032188686025 0.04545454545454534 0.9166666666666666 0.032 0.12307692307692308 0.4117647058823529 0.5411764705882353
0.5461418089322356 0.17760494468184942 0.5718578862208946 0.6333333333333334 0.17142857142857137 0.5215686274509804 0.08191041157205557 0.08191041157205557 0.08191041157205557 0.5888888888888889 0.6612903225806451 0.07801418439716325 0.22463768115942023 0.4196078431372549 0.7294117647058823
0.2499691404154617 0.17933162136770409 0.5169735179227941 0.09803921568627445 0.1595092024539877 0.5058823529411764 0.07225763204042991 0.07225763204042991 0.07225763204042991 0.04861111111111113 0.3333333333333333 0.10810810810810811 0.22222222222222232 0.34901960784313724 0.6627450980392157
0.2796404360582426 0.1578889042958448 0.5272238338694852 0.08888888888888886 0.11627906976744193 0.3686274509803922 0.11138325041628998 0.11138325041628998 0.11138325041628998 0.033333333333333236 0.4166666666666667 0.028688524590163834 0.2293577981651376 0.3058823529411765 0.9686274509803922
0.09495186299147063 0.24558373526210953 0.433166384229473 0.07317073170731705 0.22077922077922074 0.3607843137254902 0.05848841348110653 0.05848841348110653 0.05848841348110653 0.049019607843137254 0.07894736842105261 0.14285714285714282 0.3125 0.23529411764705882 0.5764705882352941
0.2421304305803677 0.25887564964933124 0.5402970257927389 0.044715447154471545 0.28301886792452835 0.5607843137254902 0.07023476439671746 0.07023476439671746 0.07023476439671746 0.028846153846153882 0.5729166666666666 0.12264150943396224 0.34161490683229817 0.40784313725490196 0.6392156862745098
0.3457594772154395 0.2224715041041189 0.48463116814108453 0.31250000000000006 0.16666666666666666 0.3686274509803922 0.065064307387918 0.065064307387918 0.065064307387918 0.1785714285714286 0.5333333333333333 0.10000000000000005 0.31343283582089554 0.21568627450980393 0.8156862745098039
0.45241770215033794 0.14081761616802424 0.4057321585860907 0.5 0.11864406779661023 0.2549019607843137 0.08398267356554011 0.08398267356554011 0.08398267356554011 0.23333333333333361 0.6041666666666666 0.05633802816901408 0.18461538461538463 0.19215686274509802 0.47058823529411764
0.10277166395691745 0.16582204043417803 0.6276842304304534 0.08333333333333337 0.14563106796116507 0.5686274509803921 0.0945136838259827 0.0945136838259827 0.0945136838259827 0.028735632183908042 0.11666666666666664 0.025641025641025716 0.25 0.3803921568627451 0.996078431372549
0.3825294171133657 0.25909201846351937 0.5048133401309742 0.5833333333333333 0.22832847948800922 0.5137254901960784 0.07807545589513155 0.07807545589513155 0.07807545589513155 0.10606060606060602 0.6159420289855072 0.1111111111111111 0.3412322274881517 0.2549019607843137 0.7764705882352941
0.5406425844580947 0.10058753779257912 0.5132165048636642 0.62 0.07499999999999997 0.4745098039215686 0.10014619327343215 0.10014619327343215 0.10014619327343215 0.13333333333333344 0.8333333333333334 0.04255319148936185 0.10964912280701754 0.3764705882352941 0.5568627450980392
0.5074952977635065 0.2751362683995286 0.4661598953546262 0.5808080808080808 0.25 0.36470588235294116 0.06653838733847345 0.06653838733847345 0.06653838733847345 0.46875 0.6153846153846153 0.1411764705882353 0.3777777777777777 0.2784313725490196 0.7686274509803921
0.34768295192143495 0.13600848500272 0.5512071198108149 0.4166666666666661 0.09929078014184402 0.47058823529411764 0.06899376851159071 0.06899376851159071 0.06899376851159071 0.19565217391304346 0.5 0.04347826086956527 0.1834862385321101 0.38823529411764707 0.6901960784313725
0.14810686418519642 0.1873108995440013 0.5158752441406249 0.06818181818181822 0.12299465240641713 0.5176470588235293 0.06063626800487495 0.06063626800487495 0.06063626800487495 0.04444444444444443 0.09722222222222222 0.08527131782945728 0.254335260115607 0.4588235294117647 0.6078431372549019
0.3524729614298473 0.2645796127746291 0.5397995892693015 0.11683045893952532 0.2022471910112359 0.44313725490196076 0.08181877263510956 0.08181877263510956 0.08181877263510956 0.07407407407407404 0.638888888888889 0.11494252873563227 0.4140127388535032 0.34901960784313724 0.7333333333333333
0.509967961453463 0.4153582743762463 0.642683739755668 0.6209439528023598 0.45495495495495497 0.792156862745098 0.07569390387513435 0.07569390387513435 0.07569390387513435 0.22777777777777777 0.626984126984127 0.2647058823529412 0.5305164319248826 0.45098039215686275 0.8705882352941177
0.4700921882109536 0.09091944527788717 0.47636066511565567 0.5333333333333333 0.07185628742514978 0.44313725490196076 0.10800739061187131 0.10800739061187131 0.10800739061187131 0.033333333333333236 0.9393939393939394 0.03389830508474588 0.11249999999999996 0.37254901960784315 0.5333333333333333
0.43400196425360815 0.2916886137614542 0.6153094123391545 0.5 0.3 0.5568627450980392 0.07287851185296793 0.07287851185296793 0.07287851185296793 0.34313725490196073 0.5503875968992248 0.13872832369942195 0.3937007874015748 0.28627450980392155 0.996078431372549
0.34094391879154595 0.2360056525924553 0.6231646369485294 0.4666666666666666 0.23255813953488377 0.5333333333333333 0.08239460887979712 0.08239460887979712 0.08239460887979712 0.09859154929577463 0.5609756097560975 0.06916789844361368 0.39495798319327735 0.43529411764705883 0.996078431372549
0.5487212506047107 0.1732030644103328 0.5304449343213847 0.603448275862069 0.16666666666666674 0.4980392156862745 0.06894746711949705 0.06894746711949705 0.06894746711949705 0.5617283950617283 0.6250000000000001 0.055944055944055944 0.23728813559322046 0.43137254901960786 0.611764705882353
0.525837484091749 0.2666317229143202 0.524328732958027 0.6089743589743589 0.19642857142857148 0.5215686274509804 0.07063844804562155 0.07063844804562155 0.07063844804562155 0.4166666666666667 0.6578947368421053 0.1059322033898306 0.36434108527131787 0.3568627450980392 0.6784313725490196
0.5243538147577607 0.19697629987258392 0.6220342299517462 0.5593607305936072 0.17120202394175 0.7215686274509804 0.0805289142658117 0.0805289142658117 0.0805289142658117 0.532608695652174 0.6153846153846155 0.05851063829787243 0.2790697674418605 0.4392156862745098 0.8235294117647058
0.29314682507058104 0.23643913886087908 0.6255033605238971 0.2142857142857144 0.17821782178217815 0.7647058823529411 0.07320355482950007 0.07320355482950007 0.07320355482950007 0.18253968253968247 0.48076923076923067 0.08823529411764716 0.36065573770491793 0.4117647058823529 0.8235294117647058
0.0973843456472763 0.16111837084885666 0.46086557425704666 0.07142857142857129 0.13541666666666663 0.3686274509803922 0.06339349825893885 0.06339349825893885 0.06339349825893885 0.04444444444444445 0.07692307692307696 0.08333333333333337 0.20833333333333334 0.30196078431372547 0.592156862745098
0.10836502822144717 0.15955413642212596 0.5529897652420344 0.04444444444444459 0.13513513513513517 0.4823529411764706 0.08078038594514021 0.08078038594514021 0.08078038594514021 0.033333333333333236 0.06481481481481484 0.09090909090909101 0.20895522388059698 0.36470588235294116 0.7568627450980392
0.5863368509865229 0.19149248940730285 0.5657994887408089 0.6464646464646465 0.17518248175182483 0.5411764705882353 0.07822107723029942 0.07822107723029942 0.07822107723029942 0.6089743589743589 0.6785714285714287 0.08383233532934135 0.23199999999999998 0.4235294117647059 0.6627450980392157
0.524923401234558 0.14761349966898404 0.4810369154986214 0.6590909090909091 0.15833333333333335 0.4235294117647059 0.07941704926381153 0.07941704926381153 0.07941704926381153 0.15789473684210517 0.7083333333333334 0.08163265306122452 0.1979166666666667 0.36470588235294116 0.5490196078431373
0.47648820346980125 0.10468127077199199 0.5103859097349877 0.5980392156862746 0.0625 0.5568627450980392 0.08679445690362213 0.08679445690362213 0.08679445690362213 0.07142857142857162 0.7380952380952381 0.03699908925318751 0.14414414414414414 0.4156862745098039 0.6235294117647059
0.35228529477579623 0.15624070080307778 0.6773859360638786 0.10416666666666669 0.14720812182741122 0.6509803921568628 0.11856568509310589 0.11856568509310589 0.11856568509310589 0.08333333333333338 0.8333333333333334 0.007843137254901933 0.22580645161290316 0.49019607843137253 1.0
0.23817489302069547 0.22860136777243656 0.4563085219439338 0.1521739130434783 0.20689655172413793 0.44313725490196076 0.05849873355529048 0.05849873355529048 0.05849873355529048 0.021276595744680826 0.3611111111111112 0.0892857142857143 0.3595505617977528 0.3176470588235294 0.580392156862745
0.3740089717948297 0.29281897631134796 0.5043045343137255 0.4166666666666667 0.2882882882882883 0.4980392156862745 0.0689595325444253 0.0689595325444253 0.0689595325444253 0.0729166666666667 0.611111111111111 0.13445378151260504 0.4242424242424242 0.2980392156862745 0.6941176470588235
0.37205747316804755 0.11446215001994495 0.4788768693512562 0.3846153846153846 0.07211538461538464 0.4784313725490196 0.07802908377906854 0.07802908377906854 0.07802908377906854 0.07407407407407411 0.625 0.02083333333333326 0.1547619047619047 0.29411764705882354 0.611764705882353
0.38640080969320006 0.403264355054744 0.5198146446078431 0.5787037037037036 0.33701758671226184 0.44313725490196076 0.08687024337551197 0.08687024337551197 0.08687024337551197 0.07755775577557755 0.6208333333333333 0.22799999999999998 0.562874251497006 0.2588235294117647 0.8470588235294118
0.5795824546097522 0.10779937285222572 0.5006955614276961 0.75 0.08333333333333326 0.5019607843137255 0.11223175021623642 0.11223175021623642 0.11223175021623642 0.0454545454545455 0.9393939393939394 0.05263157894736853 0.130952380952381 0.3529411764705882 0.5882352941176471
0.3809641235871462 0.17190004213500418 0.527542174096201 0.5 0.11038961038961037 0.5137254901960784 0.082172029213307 0.082172029213307 0.082172029213307 0.03333333333333362 0.6222222222222222 0.06818181818181826 0.2390278917145201 0.37254901960784315 0.6313725490196078
0.45825039968950304 0.09521297511383923 0.6743460860906862 0.5591397849462365 0.06299212598425197 0.6980392156862745 0.09838765163379441 0.09838765163379441 0.09838765163379441 0.19999999999999998 0.5980392156862745 0.027027027027027084 0.10240963855421684 0.5686274509803921 0.8823529411764706
0.31236713706881003 0.21247785669043429 0.33630496754365813 0.16666666666666666 0.15942028985507242 0.2823529411764706 0.050205942446022084 0.050205942446022084 0.050205942446022084 0.0787037037037037 0.5714285714285714 0.1032130056323605 0.26760563380281693 0.23137254901960785 0.38823529411764707
0.5192899857362194 0.10536045272418057 0.5129581825405943 0.548611111111111 0.05263157894736842 0.5137254901960784 0.10194671641501347 0.10194671641501347 0.10194671641501347 0.2549019607843137 0.8666666666666666 0.02614379084967311 0.14161135693215338 0.29411764705882354 0.611764705882353
0.31313743774310115 0.3070597952391648 0.5400124942555147 0.19696969696969693 0.2820512820512821 0.5372549019607843 0.05677286554044933 0.05677286554044933 0.05677286554044933 0.15144500561167223 0.5444444444444444 0.21538461538461529 0.36458333333333337 0.30196078431372547 0.788235294117647
0.21593893944119433 0.08099809654549173 0.5614400227864583 0.1153846153846156 0.06626506024096396 0.5294117647058824 0.08195033114782627 0.08195033114782627 0.08195033114782627 0.07142857142857138 0.23333333333333317 0.027522935779816547 0.11802320565907516 0.3686274509803922 0.6823529411764706
0.260855850863484 0.1810714069066066 0.5306372549019608 0.06172839506172842 0.13513513513513506 0.44705882352941173 0.10801830560183474 0.10801830560183474 0.10801830560183474 0.033333333333333236 0.19999999999999982 0.04597701149425287 0.22916666666666674 0.3176470588235294 0.796078431372549
0.38174075827696663 0.1942018004625735 0.5020757338579963 0.4444444444444444 0.12571428571428575 0.5411764705882353 0.07440577650462656 0.07440577650462656 0.07440577650462656 0.05303030303030304 0.62 0.08333333333333343 0.27061034940291906 0.34901960784313724 0.615686274509804
0.2606706767856961 0.204949099466228 0.4738159778071386 0.12076149425287358 0.13529411764705884 0.4666666666666667 0.07969648203745855 0.07969648203745855 0.07969648203745855 0.06481481481481481 0.5 0.06211180124223598 0.260204081632653 0.25098039215686274 0.6705882352941176
0.09150831575148448 0.22810284603299774 0.49118197571997557 0.07352941176470588 0.19594594594594583 0.3764705882352941 0.06726161850926486 0.06726161850926486 0.06726161850926486 0.0591397849462365 0.07692307692307704 0.1444444444444444 0.28484848484848485 0.3058823529411765 0.6784313725490196
0.368406160476405 0.2987291162426937 0.6076761283126532 0.42156862745098045 0.2211538461538462 0.6274509803921569 0.05576216077377139 0.05576216077377139 0.05576216077377139 0.18749999999999992 0.5390070921985816 0.12371134020618557 0.51875 0.48627450980392156 0.7294117647058823
0.34741579436745135 0.30572821073093864 0.3983956131280638 0.43939393939393945 0.21387283236994226 0.39215686274509803 0.059567736893634156 0.059567736893634156 0.059567736893634156 0.12176943426943423 0.5 0.0939597315436242 0.45263157894736844 0.19215686274509802 0.5450980392156862
0.3397064607988859 0.18901755992698166 0.4741356344784007 0.10416666666666669 0.16666666666666674 0.3411764705882353 0.10251635307006339 0.10251635307006339 0.10251635307006339 0.07142857142857148 0.9166666666666666 0.08474576271186446 0.2619047619047619 0.22352941176470587 0.7176470588235294
0.10047265887523976 0.23412797496488313 0.517202579273897 0.06439393939393943 0.2 0.45098039215686275 0.07787544494018643 0.07787544494018643 0.07787544494018643 0.044444444444444405 0.08024691358024688 0.12605042016806725 0.29761904761904756 0.3176470588235294 0.6901960784313725
0.1908372525997835 0.4219682174424977 0.5451985677083333 0.14166666666666666 0.37352859714720954 0.5686274509803921 0.08285141466172163 0.08285141466172163 0.08285141466172163 0.12760416666666666 0.1929824561403508 0.16078431372549018 0.6458333333333334 0.3254901960784314 0.7411764705882353
0.5627984012228651 0.3619354620576917 0.40728095559512867 0.5897435897435898 0.32142857142857145 0.3607843137254902 0.059897897948130635 0.059897897948130635 0.059897897948130635 0.5729166666666666 0.6078431372549019 0.17449664429530204 0.49078282828282827 0.19607843137254902 0.5333333333333333
0.2562775838652694 0.19163405699239328 0.5536305745442708 0.06481481481481483 0.14814814814814822 0.6235294117647059 0.0798137648969352 0.0798137648969352 0.0798137648969352 0.032051282051281944 0.23958333333333337 0.09411764705882353 0.26086956521739124 0.4156862745098039 0.6666666666666666
0.633040456182479 0.22164322387326746 0.5757223091873468 0.6857142857142856 0.23076923076923078 0.5490196078431373 0.06666895226223156 0.06666895226223156 0.06666895226223156 0.6631205673758865 0.702020202020202 0.162962962962963 0.2719298245614034 0.4392156862745098 0.6627450980392157
0.2689708153349492 0.28433218650723213 0.5352613262101716 0.12222222222222232 0.2647058823529412 0.5019607843137255 0.05817537143386602 0.05817537143386602 0.05817537143386602 0.08888888888888886 0.5833333333333334 0.17073170731707313 0.34951456310679613 0.38431372549019605 0.7176470588235294