1872.00000 0.08295536677508748 617.79165 33.20178 67.31636
930.00000 0.355999588545835 723.21582 5.52030 162.18676
2116.00000 0.06055651715152109 349.32188 219.44211 70.37595
1400.00000 0.3162329403546362 448.04352 139.24638 2114.33554
516.00000 0.16844005739810433 254.85814 26.47752 174.37624
2146.00000 0.06339050231479712 459.86835 14.03871 50.78497
1541.00000 0.05566441874962516 612.97137 123.80831 525.50350
2263.00000 0.03860568436334106 315.81109 18.30959 37.80657
1292.00000 0.11137796983818062 433.45077 335.72467 308.15926
1233.00000 0.19603166358998178 358.62808 7.11061 18.67438
1712.00000 0.21737094088974654 280.64503 205.71557 1305.18812
913.00000 0.10102275971955164 782.11305 58.09399 251.00930
964.00000 0.1301227332375521 990.61639 56.68046 158.30262
2099.00000 0.051889859313170986 426.17179 23.57378 97.05378
1764.00000 0.1684774826901788 242.62679 41.12176 134.89273
1078.00000 0.09477071606844449 606.83191 34.00795 505.16715
1799.00000 0.1038832959436364 792.36312 34.95779 96.97065
2222.00000 0.047989145202500694 383.95884 114.87470 215.03065
1562.00000 0.07982495467651579 315.76632 2.29840 4.02281
2519.00000 0.0506231506310549 215.81999 34.22674 47.60006
1142.00000 0.0863334666404279 586.85045 18.14319 76.76797
2273.00000 0.0970944145629671 278.11097 38.15040 18.64056
1098.00000 0.06040026589522196 629.33290 26.12648 297.60230
1483.00000 0.06429540876163554 513.68970 84.61975 391.74327
1446.00000 0.12128585890404686 213.65770 72.42456 96.98755
1404.00000 0.06941578235546202 639.43832 68.01004 171.98938
918.00000 0.09027125325829063 785.63929 64.99192 299.46172
1215.00000 0.07128872627414745 691.97882 56.47038 198.01937
1412.00000 0.13600067802452998 373.21536 21.60845 198.20236
1621.00000 0.04806458532219605 463.36700 164.05520 153.03111
2269.00000 0.11440760062852559 315.02419 151.71872 432.86482
1259.00000 0.08591962273398349 682.20985 25.72511 145.24363
2128.00000 0.05918852074889012 220.52512 4.47715 19.47278
1313.00000 0.05007965334564351 756.17328 51.81368 58.76291
1527.00000 0.07602373853437583 369.19909 204.15837 315.49068
2250.00000 0.04636920921944055 283.73185 16.34322 128.03350
1098.00000 0.39786166227643416 464.35964 18.51728 305.61976
839.00000 0.1589148712098069 1100.48572 40.53500 211.57388
682.00000 0.19322029315556616 811.77192 12.86811 303.39201
942.00000 0.3144480637181802 261.61927 21.38829 66.92457
1219.00000 0.09280863606587593 574.42069 3.86877 10.02734
730.00000 0.15060200711112057 181.79764 18.22243 238.05132
960.00000 0.08505099855923719 758.92457 158.63522 184.86694
1194.00000 0.07492397375986397 402.80601 53.07714 1503.89170
1737.00000 0.11138957436860437 384.48261 19.94976 63.10691
729.00000 0.35786777076908594 737.45733 7.81199 169.59737
934.00000 0.1167992325727881 609.05538 58.68473 109.98349
1608.00000 0.06800558616518196 337.97511 15.49797 45.78416
1456.00000 0.04633736301647655 556.05682 112.65784 149.90504
961.00000 0.0712471464674619 495.30199 47.32137 128.12413
391.00000 0.1296408752522056 231.21859 44.95866 114.09203
1129.00000 0.1317116214656745 317.47369 14.18661 96.56959
1727.00000 0.17639781993538836 512.33774 29.98901 126.84964
1023.00000 0.09704149616295024 516.78128 3.10987 8.25302
1546.00000 0.09337485391298109 396.28977 85.63631 156.28591
1569.00000 0.19332767875245402 571.26642 30.21303 209.56995
1157.00000 0.12440652930053311 244.99823 71.66953 70.95820
765.00000 0.11022217856059124 122.97467 8.86618 21.74433
1473.00000 0.08711013488093547 594.42989 3.57952 18.65636
2461.00000 0.06666110980340213 437.45136 38.46267 55.01261
1034.00000 0.1037489773090689 549.77316 49.95464 149.09379
783.00000 0.4473053416588427 453.96902 21.27274 90.29510
2010.00000 0.0579848054145356 892.29198 29.12801 57.96336
1775.00000 0.071644863359495 182.00582 13.50431 103.12314
1528.00000 0.1083465949461271 264.85333 10.84604 147.04609
1201.00000 0.19433770624054 298.08064 6.14519 86.27727
2291.00000 0.0758780438265626 294.09700 87.96658 76.36755
882.00000 0.06274786188444118 697.54306 30.47236 37.54286
1830.00000 0.08469579640913599 267.91477 7.94020 57.90853
689.00000 0.12917911748178815 116.19490 8.47123 40.32613
1616.00000 0.06526225337276262 233.52725 41.46421 76.35703
1423.00000 0.12315246752831607 439.70509 111.79826 239.25126
1577.00000 0.07988730800455242 550.58885 140.77207 141.77132
1546.00000 0.06985903096994736 469.33337 86.93704 261.15591
1958.00000 0.10462920970325296 434.61299 72.29960 192.12244
675.00000 0.11127269564921384 842.32302 201.55174 257.07317
2006.00000 0.06557320734239741 228.15217 24.04943 222.98834
1041.00000 0.0937829563398182 793.07102 7.69391 72.49248
1233.00000 0.0815407926703673 754.24355 31.06022 123.27804
1101.00000 0.1530092809069772 339.08930 18.35718 118.09912
1810.00000 0.0608730008017832 605.37510 28.29054 158.37409
1210.00000 0.054642770355746585 657.83861 30.74757 162.47996
1804.00000 0.08153708123809252 467.83553 47.98630 94.90972
1555.00000 0.09572370876444457 862.18417 26.26244 127.32361
1141.00000 0.07012735712705921 488.12379 33.84519 155.42395
868.00000 0.20106198678974263 168.03008 12.42207 42.16206
1344.00000 0.1833330589800823 722.31556 22.07868 46.85139
1170.00000 0.11626534276488545 289.88143 10.17079 118.79954
908.00000 0.08751192988993467 979.92537 70.86195 272.18193
1150.00000 0.08758039046924268 553.29445 87.27170 133.53222
813.00000 0.1272137465326045 972.73772 52.59070 337.86570
2253.00000 0.04519830742801875 377.24793 12.88702 28.35625
1305.00000 0.08782679749975997 420.99380 24.11699 56.60503
1981.00000 0.046508839129809215 479.21144 17.79129 60.26907
1590.00000 0.17440552762197162 501.00133 61.33005 150.76931
1795.00000 0.12784957807613032 584.75961 20.69379 123.41009
1681.00000 0.16289308164063654 823.15053 87.44355 295.24240
619.00000 0.19672001765013064 525.65833 18.41336 57.54054
1435.00000 0.13376207355808287 356.01626 133.04609 1046.20978
1614.00000 0.07837130267893144 585.95163 50.44567 108.03650
2004.00000 0.05461684505736114 480.67795 382.35730 464.23053
2104.00000 0.06365742014156603 210.16573 6.21541 153.69495
1060.00000 0.07651141701723238 472.16696 121.46240 391.01340
1690.00000 0.06439029636228492 299.77535 77.59452 218.68476
1333.00000 0.10210772704485667 370.77256 158.68277 227.29481
1226.00000 0.10059070864298535 300.24631 88.36743 253.14797
1047.00000 0.06037961805918859 1052.94611 83.92665 226.56664
1289.00000 0.09167804654743317 534.09723 71.91361 300.68320
1717.00000 0.10851178143439048 522.16393 41.62025 233.50932
1944.00000 0.0847760220809059 415.69223 44.43743 79.70048
1861.00000 0.05845472842214307 655.30516 24.10021 101.26518
1250.00000 0.1523486487944765 677.41208 20.80577 123.02296
1331.00000 0.07677964525511013 671.07915 83.22653 145.23302
1578.00000 0.13475739736834508 545.19585 143.34882 311.72509
2118.00000 0.043712324035437546 376.89609 92.29086 131.68099
1363.00000 0.2447631565184471 704.76923 80.33962 274.47824
796.00000 0.1927186694008265 1068.21271 4.00989 29.24433
1939.00000 0.05756826286340555 237.97747 22.34463 171.32413
676.00000 0.11462800302796616 377.63173 109.95462 188.87530
1590.00000 0.09987714613853943 240.90943 28.56419 168.76828
1583.00000 0.09691357807246555 608.44194 36.85452 756.80139
2183.00000 0.06144192480656418 206.30372 34.80086 168.60040
1173.00000 0.1244574895145059 378.18771 28.84153 160.67405
899.00000 0.23817457625169286 995.10974 97.49528 505.08553
1281.00000 0.08957999492202624 403.77915 34.36868 106.03458
1349.00000 0.09952917781914775 267.12616 57.48396 114.40744
2128.00000 0.0575537329942421 270.80589 107.07426 146.40575
846.00000 0.18413872272218376 553.67459 21.56867 125.05701
1466.00000 0.12778106360876498 829.68632 139.36086 373.87726
2261.00000 0.08132727606966837 422.47410 325.41642 69.26415
1189.00000 0.18595877644547332 897.93085 22.62209 176.22693
277.00000 0.1995449650838122 407.70051 3.55787 25.93239
1522.00000 0.07331293536953952 316.98401 74.27977 53.51300
2323.00000 0.046111165731878435 380.25834 41.00696 50.85479
2395.00000 0.07153812088118043 302.17811 184.60775 215.94280
1299.00000 0.08715894681513846 380.73874 28.04124 133.52364
1578.00000 0.061360046879187946 528.24152 79.90012 337.52298
848.00000 0.11755756958322847 110.45092 10.25156 13.08715
1913.00000 0.06473459570611585 224.83788 24.42386 230.66699
1633.00000 0.07580367957717114 394.56811 302.66499 151.24235
1321.00000 0.10959656142292253 110.35867 6.36791 34.37248
1301.00000 0.15430430648527177 742.01166 37.24620 488.48907
1617.00000 0.06678868569470509 760.24789 142.45753 313.42812
940.00000 0.1428430822730276 880.50762 10.29739 258.93463
996.00000 0.09767019531303221 906.48758 110.27579 415.74777
110.00000 0.16854762334778253 98.33337 3.66423 39.50718
930.00000 0.10047188234356688 871.44145 13.31939 113.90055
1987.00000 0.060545342882359215 162.93938 11.77241 30.19004
1194.00000 0.10085055956418185 412.72325 21.97303 53.48228
1623.00000 0.10184062465811168 203.28297 8.27652 43.91895
1765.00000 0.14064890068388367 387.07481 35.32405 58.00429
1956.00000 0.08426429553890262 374.95329 32.86944 132.06312
1023.00000 0.1347989156541549 519.22486 58.04333 68.35784
1725.00000 0.09003020663916093 572.54486 45.97164 62.03931
1124.00000 0.16904105058405744 641.74789 50.71273 144.86052
2294.00000 0.058012329805156616 240.31697 54.75042 101.42128
1799.00000 0.08063461699609688 447.41628 31.79963 275.54096
1760.00000 0.10514789040339781 463.69430 163.67866 195.08492
1799.00000 0.08842982877423647 214.79331 48.40787 86.20055
980.00000 0.10916057107312803 153.47767 28.02722 41.12677
1122.00000 0.1115627899420334 469.31138 43.90458 183.89420
1665.00000 0.10050796284365011 327.77455 22.26775 123.30015
1108.00000 0.09102048989436437 563.94604 42.49948 337.03255
1744.00000 0.07453434416109889 211.44707 40.92682 102.41900
2354.00000 0.06641154821985047 249.99528 52.19534 151.51859
2407.00000 0.07060079714535723 582.41223 34.57086 101.26532
1770.00000 0.09315784153696754 668.83311 19.97965 44.56322
1744.00000 0.1364318458273905 355.23029 35.50603 197.94749
1159.00000 0.21059818010343634 679.62768 110.62111 138.48765
1357.00000 0.11228750700405288 499.85611 28.17346 206.46066
255.00000 0.3793872649628171 718.46982 4.52180 19.47304
1977.00000 0.18203729114141198 683.92714 49.31621 464.11407
2038.00000 0.11010630200015463 542.35717 15.15479 81.80525
831.00000 0.23832934339172016 798.04878 16.34678 132.13193
1086.00000 0.1392936316421673 931.33998 53.81839 49.48874
1831.00000 0.07788000322293206 140.40742 10.63563 26.34544
635.00000 0.180576870903954 929.64061 13.25799 347.35412
1299.00000 0.08363353982281921 340.91257 62.04225 137.42798
1263.00000 0.15728137790624197 822.93936 19.28391 203.72463
1575.00000 0.06018421088458573 588.41409 136.39613 333.88494
1441.00000 0.07582160153171294 388.29121 39.72152 59.77318
893.00000 0.10355903373638917 320.43110 38.88794 177.20704
992.00000 0.04130519223585407 549.92502 8.97737 42.43654
1388.00000 0.05254832770860093 523.57863 99.70859 138.99121
1335.00000 0.09682637561195132 590.15890 46.21642 142.99420
628.00000 0.1425949671885672 457.80010 7.51942 35.02142
1341.00000 0.0902218651561441 659.21083 58.96758 467.84741
1713.00000 0.10392512465529051 360.39573 53.90808 120.90343
1656.00000 0.05382875540382271 254.88921 22.93398 57.31695
1056.00000 0.16518585049098314 321.31296 15.35065 357.64543
654.00000 0.1009085495587896 854.59303 54.47800 242.82684
915.00000 0.12175513583780798 152.79852 28.52969 73.58813
1512.00000 0.07576686509626848 308.67935 22.50664 53.99960
1273.00000 0.05985792451942421 316.71130 19.19069 13.25178
733.00000 0.14616729106012916 128.08785 8.61303 80.40661
2309.00000 0.041127263998177004 291.87547 18.32782 160.62864
1437.00000 0.08919264679300248 805.22009 54.80611 440.57447
686.00000 0.27360891861958997 571.91650 7.05552 18.73395
1225.00000 0.10947236681226973 413.21687 69.48063 139.80946
1488.00000 0.0457440615407233 423.06644 12.02559 107.11946
912.00000 0.034118394962013146 825.61750 34.60954 150.95013
1129.00000 0.10207225063438519 876.68687 55.03485 273.55799
2048.00000 0.10655311231593897 182.81226 13.15756 78.14624
2631.00000 0.10315012135260622 372.41361 50.91038 144.49633
1215.00000 0.14958158078937117 269.03017 47.16616 129.51203
1356.00000 0.12024935555643831 264.60642 41.24824 52.08547
680.00000 0.1982153689569135 788.95455 12.42848 287.51464
1242.00000 0.11574365359415474 136.05421 22.86648 78.14040
815.00000 0.21678282993552656 597.51903 41.58916 145.09664
1332.00000 0.09426395154578988 420.98627 33.30127 1708.54418
1756.00000 0.03215600071115837 561.02651 131.35178 357.75221
1685.00000 0.092225955912761 753.53632 54.43308 112.47972
1408.00000 0.07180387147070783 442.57830 143.74073 132.17788
1464.00000 0.0704763420001973 289.38657 12.04829 46.24743
319.00000 0.41646477370499646 429.11122 24.15830 101.24803
1790.00000 0.1170654518890165 537.47291 58.99672 153.83450
1874.00000 0.06357188832073862 588.58455 35.85621 620.81367
2045.00000 0.0771877488948692 377.37565 8.56805 41.14281
1440.00000 0.0887118059708172 465.22340 12.31798 95.17487
926.00000 0.158622502167518 553.39980 72.38569 175.24933
1755.00000 0.21800878330279755 695.23538 4.33232 208.35935
1392.00000 0.09409708263983817 111.76920 6.05919 13.27093
1707.00000 0.1412120493994915 676.43406 83.93257 203.97435
1597.00000 0.0749879298075265 650.94628 88.67260 41.29435
1960.00000 0.0721850424573819 335.11112 59.80850 113.44054
1526.00000 0.14429655139580208 516.89376 146.73382 298.57152
1434.00000 0.12226597170310988 141.29344 15.43673 21.54555
1540.00000 0.10780784792389463 455.97635 10.69859 96.41421
1776.00000 0.09342842217733364 656.07006 88.83032 223.51785
1471.00000 0.09498225266775244 801.06819 82.79854 111.27324
1009.00000 0.11508872208105925 572.27220 33.98337 310.63080
2577.00000 0.05190408217567462 430.92722 69.76197 33.57971
898.00000 0.18895466007498662 181.55956 26.97271 60.83955
947.00000 0.12868982890516892 707.93926 158.96475 258.37164
1105.00000 0.02560675531514146 467.76913 5.78147 56.05058
573.00000 0.1284542886127041 260.70702 19.89632 53.52505
958.00000 0.1422327685289289 439.53551 150.65959 220.21180
1153.00000 0.1828551172887442 391.88808 31.60114 424.63375
649.00000 0.1499714768289322 385.28760 17.70064 34.15555
1208.00000 0.1114282226012021 699.93076 62.20768 445.43572
1603.00000 0.10632950841164307 433.34837 135.32083 292.11380
1617.00000 0.1352670750982291 628.91355 31.14261 664.58709
937.00000 0.15277130729422597 271.75154 90.39529 176.52030
1868.00000 0.07929021681609506 559.76279 121.31701 142.69273
1956.00000 0.10372052607011539 459.97721 45.62316 54.21688
1033.00000 0.23156989196482172 633.01086 102.42596 133.34415
1634.00000 0.07776381789367295 145.76441 28.28298 53.32207
822.00000 0.11873343401820494 451.05636 21.34391 37.49618
1499.00000 0.060600987728686426 318.99902 45.97837 64.13833
844.00000 0.10184898372119343 144.32476 12.84646 58.69369
388.00000 0.13462510545166903 211.21561 15.37228 112.72716
637.00000 0.14266382043968368 810.93497 111.88367 479.86730
1627.00000 0.13954134962582962 436.16331 30.40244 231.05104
1683.00000 0.10450509822890404 571.45295 69.76056 167.13612
2467.00000 0.057119568486549525 669.69862 51.45624 557.47576
1136.00000 0.048059997113708675 653.72324 111.78181 266.16544
1356.00000 0.08387244617732706 739.88098 61.43646 165.75163
1314.00000 0.0625103371985868 585.84409 59.46248 320.23804
1797.00000 0.08323686644218477 226.77208 7.83942 50.87243
1793.00000 0.05198413858548589 330.64459 10.85339 34.57098
1437.00000 0.15703359111108373 894.76815 24.54498 50.14595
473.00000 0.2513679257043 1559.42191 159.54897 284.60387
1242.00000 0.0906884059092232 612.30108 63.01114 122.32292
961.00000 0.05674019303388819 420.30029 4.25864 65.82556
1083.00000 0.1259229228449986 550.25884 170.74265 310.29750
1564.00000 0.07206869727344908 485.09297 41.34321 57.80813
2108.00000 0.06359124891032682 629.44829 113.79505 128.65350
974.00000 0.10075353773026022 753.55014 154.03816 183.67932
1237.00000 0.1389565591282499 747.00149 102.52714 128.63548
1238.00000 0.15033573262464284 588.28521 42.78644 111.10234
1363.00000 0.06343479232606034 274.16320 20.68327 49.80223
633.00000 0.17351170515000314 780.16949 22.47135 92.44263
1779.00000 0.04874847818826416 266.81780 11.38659 52.21130
1301.00000 0.09496896659174417 382.14220 68.25380 447.25977
1012.00000 0.08249387787100099 799.04493 130.68575 211.55959
868.00000 0.42399693446051356 364.92535 73.17796 196.93605
1840.00000 0.10137711455735045 273.11125 315.03045 145.45270
790.00000 0.13751332305036912 289.85864 277.12154 132.64143
818.00000 0.1517299365505313 817.10575 35.57043 75.02639
863.00000 0.17735226986575686 582.61434 5.37270 56.86943
885.00000 0.185169305497977 441.71754 33.43535 26.65605
1317.00000 0.13268323165001175 1185.64639 66.84830 364.76540
2274.00000 0.045536852450395834 185.05409 15.96449 82.44773
550.00000 0.15097503500248333 1428.54444 69.36084 168.74251
1440.00000 0.12655410129133599 385.17766 92.24748 311.75551
929.00000 0.12929640800425987 312.22441 21.38400 118.61286
642.00000 0.24417896461102304 482.05629 15.30183 37.75572
1305.00000 0.10908367749794137 392.88799 4.36143 15.65542
1869.00000 0.18270955341746015 702.77443 68.81571 768.62163
952.00000 0.1780533949331225 328.42311 45.19371 115.84484
1787.00000 0.11666574695055221 430.94322 64.26928 149.59458
1971.00000 0.15437710080517833 297.72528 82.56642 1944.35710
