410.00000 0.3952979293716189 448.28030 10.51096 111.46876
777.00000 0.3266531593815091 975.85818 6.69337 23.85583
680.00000 0.2957262141119592 992.27514 9.34714 13.62373
613.00000 0.2382222105757654 666.64783 15.29776 40.74054
580.00000 0.3820212369909674 546.77160 13.42802 29.63602
378.00000 0.46857052687454415 481.44918 10.28339 25.90624
321.00000 0.31568582456568467 442.50416 14.76927 73.33060
256.00000 0.34221807255534553 724.60065 16.14515 36.16766
356.00000 0.4387855009088433 835.27656 8.01639 22.80403
450.00000 0.32226228953860425 966.98222 17.70248 38.39037
636.00000 0.30413474857172884 405.10102 23.44653 130.51410
767.00000 0.30076517216896126 719.01867 9.99495 21.42170
608.00000 0.2492739418348547 838.20299 47.04903 63.93675
858.00000 0.21047268687718557 830.59796 85.43187 286.48386
645.00000 0.33989504574536505 531.45887 8.97869 11.19829
376.00000 0.17127432210970062 967.83551 34.94668 132.78993
345.00000 0.3267836259878472 610.89760 75.77640 127.57461
595.00000 0.25795256042917086 732.35378 7.53988 72.88042
675.00000 0.2629555145820342 709.84250 9.52052 12.42334
403.00000 0.22422749880574963 710.07525 73.97234 91.06239
596.00000 0.2854979762507351 378.63803 25.80989 48.82374
496.00000 0.3216636351974939 429.72039 12.82100 28.20596
361.00000 0.2838455597368292 570.27415 26.17173 34.13999
473.00000 0.2520004226501293 542.73724 16.13126 55.07275
661.00000 0.31030732109832787 832.45144 10.55968 54.29651
267.00000 0.24268323906889314 748.94051 27.67788 31.65663
424.00000 0.36342660889131356 582.52079 12.12695 49.14983
537.00000 0.3369355838491164 999.85133 14.60021 52.46422
528.00000 0.34504116568435866 585.61133 4.46476 10.16553
426.00000 0.26898364684205717 663.81734 135.71175 162.26507
441.00000 0.3449989300429068 608.42354 10.65966 31.41665
482.00000 0.3888099917103692 865.22862 28.88315 50.00922
591.00000 0.40580528589807324 617.86003 8.89895 33.54970
723.00000 0.2977664507662148 728.90881 4.67945 9.39617
639.00000 0.37173158356031266 561.73659 6.80530 19.34981
572.00000 0.27448540884311423 642.13072 13.62148 29.31844
725.00000 0.2598986528092958 902.85215 52.99374 145.22599
388.00000 0.40056731874608237 455.85011 159.24097 331.56043
369.00000 0.4398147434210573 580.47839 9.07643 98.68666
549.00000 0.2689892727100082 945.05526 4.19980 5.54315
510.00000 0.28902633776559267 426.61560 14.62105 57.97947
262.00000 0.34322344672058275 625.28381 50.09376 108.58956
442.00000 0.47666365744785627 588.67872 4.07505 26.73944
637.00000 0.37936448276146534 716.53125 14.12677 16.88598
399.00000 0.43253566731830007 660.38245 7.82441 54.82116
404.00000 0.296031831651735 376.38089 8.87346 66.45830
449.00000 0.24090403633220053 952.94158 25.35091 130.24772
686.00000 0.23651664555693078 922.69369 7.75712 21.98900
701.00000 0.22610561632462783 710.38191 6.42840 24.58688
691.00000 0.2763375167901578 630.72618 7.42931 7.05392
591.00000 0.39677622529860795 822.61299 8.71370 38.12474
656.00000 0.4072667895289547 982.30686 4.55309 7.67689
534.00000 0.16964024043855644 589.02272 23.65198 196.07718
344.00000 0.39692938582683546 857.76415 75.56007 42.68392
717.00000 0.27345227731741223 766.05008 13.41842 34.36454
324.00000 0.31372813357353957 899.51068 174.68578 83.76145
468.00000 0.2472254844971736 902.93963 66.03489 208.13715
571.00000 0.37294117616086997 583.31685 11.02448 45.95892
502.00000 0.2911055324860093 372.06267 27.51094 39.25379
378.00000 0.3508532495902621 987.26141 26.76765 106.32563
568.00000 0.31537260987530513 356.88352 21.05573 212.21791
492.00000 0.39040595290619345 553.99990 30.73745 49.47657
369.00000 0.36164683166436346 1106.73834 26.75189 43.09647
491.00000 0.19444140506756413 428.56060 17.67861 91.86158
440.00000 0.3870964055766083 494.94868 18.68391 91.28246
461.00000 0.37775456673396124 827.36468 16.31687 41.03580
583.00000 0.265081486038254 545.41021 8.18859 13.23909
618.00000 0.29538544906630115 495.33248 21.83746 69.60682
505.00000 0.2785299756991495 574.35509 15.26307 63.89987
453.00000 0.32024442503730655 438.94629 19.30026 73.36159
436.00000 0.28826450923050406 922.09169 84.10098 118.73630
389.00000 0.2967695916597417 490.82119 24.23790 55.91874
601.00000 0.3080719425433155 632.64284 30.11667 169.95456
573.00000 0.30491115153130155 545.70553 9.53704 66.35475
547.00000 0.31021256957271515 671.48549 5.67401 10.35574
316.00000 0.2963444179341687 482.11265 23.15072 340.05966
632.00000 0.38933269343308247 824.34911 9.18266 42.49910
479.00000 0.31666384715977 687.23071 17.49998 52.87574
535.00000 0.24321422496439782 579.60103 17.22205 142.51622
361.00000 0.3670308099344257 915.26248 18.91690 84.36859
436.00000 0.4249299127323922 256.33561 32.18883 216.29327
577.00000 0.3398549004433772 477.85000 21.29762 23.08477
453.00000 0.3047730217219344 435.85163 17.33588 251.61658
153.00000 0.49173778240204136 248.47374 17.29064 118.33114
376.00000 0.37117745182996403 755.01177 7.23305 29.82160
408.00000 0.3668350610461319 1011.28678 18.71094 66.20238
650.00000 0.3331644910626645 559.34917 9.82968 39.73131
515.00000 0.23979091088798543 875.91883 4.59772 24.55505
420.00000 0.3122281845870716 692.15799 8.08619 30.67041
489.00000 0.19764081738368314 864.86249 54.10614 93.87789
556.00000 0.19360693252881495 298.66840 15.73146 206.85330
717.00000 0.285216944848509 513.16579 19.02831 22.31173
346.00000 0.2809713771797296 258.49405 15.19472 85.48611
610.00000 0.2865925528916838 594.16897 8.39968 15.42379
514.00000 0.25464677716768974 671.88515 15.82953 44.08812
273.00000 0.3296257303505734 299.78918 22.16558 61.14058
539.00000 0.45162541839192527 1013.49670 4.29885 16.18739
535.00000 0.19251123557081576 645.18454 10.35595 44.12442
537.00000 0.275297375401324 659.04537 18.76027 36.56066
317.00000 0.48061124348179024 389.73253 92.77105 331.68689
432.00000 0.3106224011519443 363.08870 19.66503 118.25270
781.00000 0.2420307667610439 706.14852 22.95077 50.84362
531.00000 0.22627562876866433 592.57821 17.37522 34.41590
630.00000 0.272116270699062 449.53522 9.32079 28.55054
412.00000 0.39564544155438397 611.01327 14.07866 41.39686
229.00000 0.40393394562089313 786.65162 23.03071 48.97194
472.00000 0.2196652364905453 596.17120 26.98275 193.47749
300.00000 0.5855367952141706 654.85337 5.64914 25.34943
683.00000 0.2862308137760695 1039.18434 27.13435 46.30844
571.00000 0.32302025104563026 402.39800 11.66368 247.10502
126.00000 0.47791701277796556 391.45887 20.13121 419.45755
456.00000 0.206448268924679 805.25977 15.19472 53.05807
596.00000 0.44002869576118947 769.60743 8.91348 49.14382
436.00000 0.39510602055726474 559.28449 14.26839 394.64127
680.00000 0.22936002300203828 426.05954 19.70691 108.42528
454.00000 0.3314848312115029 1223.29772 62.45136 238.18790
287.00000 0.22767099108621702 582.31872 24.31932 160.07536
467.00000 0.3308993138351914 252.80238 45.31150 196.10464
273.00000 0.3656290697326383 523.47100 12.73624 295.95529
712.00000 0.2874465997520509 520.54335 11.60003 33.27885
707.00000 0.2915649314709701 532.50567 8.15015 21.71314
665.00000 0.25304103404090145 752.85878 35.65107 162.26393
222.00000 0.3091171585159081 944.02713 46.86875 194.38240
384.00000 0.3830336484647523 611.69024 14.48672 105.68819
445.00000 0.3340993928331918 833.09231 7.43680 138.04571
404.00000 0.1997503475720316 204.56603 12.90984 30.61865
576.00000 0.2450796015614617 327.03477 22.98241 257.70923
509.00000 0.2583656968120872 418.72317 27.61421 134.17944
379.00000 0.3653360240859262 903.16594 5.52214 31.51248
626.00000 0.33706065610747155 554.12403 8.12570 16.19504
427.00000 0.40185057723875417 230.11402 19.86775 151.00203
381.00000 0.3102690715005276 592.56409 11.08075 23.58606
307.00000 0.3519177055540226 519.09582 28.82876 39.40710
324.00000 0.3364622289634159 385.62930 30.98570 111.01834
489.00000 0.3911705948933682 507.31406 31.63151 39.10317
611.00000 0.2705991946533828 470.39891 7.57743 12.33839
488.00000 0.35669195705552864 600.67160 8.91523 12.57383
328.00000 0.3527391281244268 421.53898 26.74325 53.98601
425.00000 0.3892004012713503 416.49114 17.66731 51.23442
355.00000 0.41671543544984974 654.29992 38.72548 41.56289
509.00000 0.3481136699803934 925.47112 2.70891 5.22258
515.00000 0.3945434667470288 604.01018 11.10009 17.32684
685.00000 0.3691207077086357 714.81914 6.68028 12.53074
591.00000 0.32225812062533865 592.33005 10.84653 21.30801
373.00000 0.3845805100282237 407.96154 30.35592 71.46974
424.00000 0.39263538508372736 1367.91402 25.15039 57.05627
614.00000 0.3575368108760994 752.37275 6.37226 9.68462
634.00000 0.2977256867232544 404.17560 18.15117 238.75910
712.00000 0.19397486858877513 346.32298 21.59108 30.66941
357.00000 0.18049219022103402 336.41340 19.64135 26.19664
785.00000 0.29164277078416406 654.75371 15.33851 20.62855
488.00000 0.2091590926145085 527.12830 159.46888 753.51870
828.00000 0.28713346229983416 708.93744 9.17660 16.79043
431.00000 0.3433985702125734 1203.76572 8.41211 33.36838
395.00000 0.3984380805871381 328.29555 23.95667 81.91160
393.00000 0.3077812828540333 693.66904 33.92979 45.73247
382.00000 0.4084609722927388 390.81389 26.70322 107.81709
279.00000 0.3982799149824567 680.93093 17.94590 20.33604
439.00000 0.38735145842212726 782.94349 7.86712 17.05045
534.00000 0.30969433111169903 693.84435 4.50064 16.89094
506.00000 0.28765234947304 759.96516 12.68686 88.65279
403.00000 0.319024315388856 1044.71177 21.36091 257.60094
420.00000 0.3327070596172354 484.84525 39.00110 91.59490
773.00000 0.4410254098078693 806.11200 5.64938 56.01255
723.00000 0.23998026782729687 689.81943 8.88737 37.43433
345.00000 0.34005617513776193 698.04896 19.93483 67.01561
695.00000 0.18007998489837918 741.37198 79.19816 77.40625
674.00000 0.3036726085229213 629.25535 12.39363 23.96166
792.00000 0.2379910238845533 622.82009 22.53991 10.23324
578.00000 0.2526926559133221 415.11520 16.33843 167.83288
540.00000 0.25173631258616813 540.53317 45.19137 32.06497
757.00000 0.29136551612626554 608.97440 5.79953 13.33968
518.00000 0.3453452822070598 752.63709 6.79130 21.21267
397.00000 0.25781021552151034 754.52559 19.83094 156.98445
422.00000 0.2897368454931114 302.36977 9.69741 202.89626
680.00000 0.2409115123244833 511.68809 47.77764 36.82140
560.00000 0.26564214030789035 822.18534 32.23173 155.61696
468.00000 0.30402312805980464 732.43175 11.40470 36.25723
752.00000 0.26997075770956647 623.33566 24.70098 98.57649
165.00000 0.4704169447438433 670.13796 13.00455 43.12292
430.00000 0.36964788529639253 688.52862 14.91686 15.97711
675.00000 0.2372793180039699 721.68873 5.17450 14.65083
551.00000 0.2821534075797543 510.18777 21.51706 13.96376
662.00000 0.27896452284705253 755.29737 19.52446 44.88554
374.00000 0.28976390792226514 995.08236 29.04238 152.09669
658.00000 0.30937154709485626 478.63275 12.75700 41.07184
677.00000 0.36273055351772904 837.98646 8.69453 20.61979
462.00000 0.2379643450326108 822.57198 42.34772 146.56036
426.00000 0.397574383698081 833.16730 18.29905 109.12656
492.00000 0.4405321785723227 861.38979 31.53140 11.53677
553.00000 0.238239095757706 642.41773 4.81134 8.25028
638.00000 0.2072271396821528 353.14131 29.04772 45.23701
295.00000 0.3064409896317154 365.45224 13.85299 120.12985
647.00000 0.1988375034890687 893.09006 4.82450 73.14412
613.00000 0.3985675886564498 512.89268 38.67780 247.14683
532.00000 0.3142344890804918 387.23289 30.11197 116.49474
459.00000 0.323914655381353 676.35239 52.04575 89.07930
678.00000 0.3433219728714552 640.18212 27.82438 38.74522
780.00000 0.2645422124440021 743.35826 12.96113 33.63625
358.00000 0.3967487197773082 927.06860 22.70941 238.39159
605.00000 0.26118410799976843 606.17995 32.24558 88.63220
467.00000 0.3516007602590834 776.06617 6.47615 20.25168
256.00000 0.24685648736976967 662.12348 55.89468 395.83792
522.00000 0.32969728422671585 632.74100 5.54710 6.43433
751.00000 0.35720359478064506 520.00556 7.95776 25.71686
254.00000 0.42185050347060105 934.69637 10.85440 35.33542
368.00000 0.27287709287724116 363.86410 48.69396 57.94905
421.00000 0.32946991965565936 608.82923 17.01683 35.63999
560.00000 0.4362918433808004 942.88492 8.60423 99.35528
385.00000 0.38489679028311774 1033.44406 15.08100 70.67561
495.00000 0.30044749820142025 849.79754 38.31525 56.01030
621.00000 0.30279935106514744 358.73202 9.18025 27.60241
408.00000 0.2279758406607299 1294.44892 44.92664 73.87075
677.00000 0.14510358126477518 658.07160 37.63239 39.08269
482.00000 0.34297699903337153 912.08556 3.56346 12.32618
712.00000 0.27365039036792616 690.01349 15.04874 46.49559
456.00000 0.2684671552088758 388.71001 36.59740 153.52051
435.00000 0.5259627136131717 591.86128 4.99244 24.22988
495.00000 0.3695075523958775 980.53028 3.02678 6.34623
876.00000 0.3393310714004987 786.85363 8.41693 28.74381
605.00000 0.3213718137653276 487.47260 3.89704 15.34303
611.00000 0.3217642649124678 317.33923 7.61265 20.87945
537.00000 0.17842151520163513 410.06315 10.57553 27.71514
551.00000 0.3236721181847236 374.95528 20.16550 41.66620
381.00000 0.28782577627511896 685.06425 22.65568 65.67410
278.00000 0.46409774067376985 898.68190 13.63741 148.88185
421.00000 0.3196044699021574 510.05889 33.26380 126.37676
510.00000 0.27465891353775906 805.55355 11.23830 39.63174
911.00000 0.32182941315389846 626.12463 16.13376 37.86008
591.00000 0.3538944812324881 929.52471 5.54230 62.86148
495.00000 0.29754306059001584 974.84819 106.11410 135.04717
414.00000 0.37051174710446 734.26674 67.23716 94.42670
533.00000 0.31680531456680955 784.75986 20.82965 16.08400
498.00000 0.31225084933389935 643.19751 24.65529 18.73519
568.00000 0.3571390175418733 289.57183 24.30749 453.97266
542.00000 0.322877943796737 911.58738 12.53558 62.32675
366.00000 0.3676325100225892 662.71811 5.40561 32.91488
376.00000 0.37708071575141067 780.57782 9.74609 265.90626
862.00000 0.26290581419034326 836.95249 11.37711 29.43945
646.00000 0.302893597071128 380.88584 8.42461 10.95980
601.00000 0.2883272320225927 690.05593 10.02284 32.02112
896.00000 0.26056241695986854 420.89907 25.40865 41.07362
690.00000 0.4585963153573886 972.47993 5.43244 31.43107
602.00000 0.27136688023919736 699.87262 9.11357 21.30797
565.00000 0.30569064817813835 375.90754 53.32810 83.42917
361.00000 0.32582943589183694 885.22821 13.17316 172.97395
582.00000 0.3439380313491354 1109.77548 11.20571 12.00720
299.00000 0.40834403664784646 790.60974 35.77303 45.49293
681.00000 0.22184720042434367 664.28090 24.53550 236.42345
353.00000 0.4203299236538525 502.39745 11.00023 27.54657
274.00000 0.4517928006448249 849.91459 37.99671 72.51526
592.00000 0.3296780157843072 630.99748 8.06130 27.08324
327.00000 0.3623344033282077 268.17314 24.55684 62.76029
330.00000 0.2517253799138818 565.77033 30.93964 206.10848
267.00000 0.4539373829898133 466.83436 26.46351 543.30934
523.00000 0.3586198165754768 452.59826 8.01974 7.73383
407.00000 0.4179871702773834 767.81896 23.54721 173.38656
491.00000 0.41377850865122134 816.15045 35.28578 139.49537
567.00000 0.27441245561955857 504.13540 8.87083 30.51056
615.00000 0.21046126184631722 525.77537 33.47147 175.41281
308.00000 0.29604818246511955 620.26696 52.67323 87.56014
446.00000 0.2981907756498855 726.73856 65.25073 120.97872
422.00000 0.3698517904584879 725.92693 5.76751 11.81883
439.00000 0.35359781323512995 555.78263 14.46309 19.80136
631.00000 0.28795287994282337 601.18550 9.25367 36.32507
431.00000 0.3018136566271508 542.80248 8.90404 47.96250
418.00000 0.3495440203034886 339.14277 13.58284 17.38061
702.00000 0.3309963124470594 746.22691 4.59509 35.78313
281.00000 0.31231786126294175 355.00485 75.48638 48.76615
699.00000 0.1862946644981902 587.91469 58.89171 182.69457
559.00000 0.24421786739198625 605.20676 21.22059 24.62867
765.00000 0.2515043698543805 768.65725 39.58430 410.86546
748.00000 0.1943130986033049 458.95832 11.08126 10.13891
369.00000 0.2812894763459609 382.55322 32.62922 117.90702
462.00000 0.3368595973838121 502.02170 37.50150 35.34935
464.00000 0.29047863972017046 312.64964 15.97963 55.60063
531.00000 0.3812766414990644 693.16425 12.00370 12.97373
275.00000 0.3342724553771546 655.11893 10.25566 281.36498
704.00000 0.22065356772575506 528.64007 4.55085 21.98913
751.00000 0.3002650672600002 860.33545 45.00943 14.34106
545.00000 0.24442920575640414 418.66416 14.73312 125.88176
461.00000 0.18038787686342259 706.45510 35.36295 80.99638
573.00000 0.35764664336422575 735.54917 10.32267 26.00807
454.00000 0.3610225062529542 352.49352 56.04285 170.12300
703.00000 0.1692123244857699 509.85124 169.95059 279.06024
727.00000 0.3743729207215532 938.67266 9.48192 70.35140
690.00000 0.2371634796331091 812.30239 31.69114 26.00822
526.00000 0.19103635210707876 744.02779 31.11834 349.17338
611.00000 0.24014457420383672 749.74344 11.74908 25.00090
540.00000 0.25707946506159807 243.19766 49.30636 35.70443
895.00000 0.30009527441070666 521.88841 16.40097 41.91155
685.00000 0.2947606591666801 314.71905 14.38411 277.13122
