21.54037990196131 2.0313112745098425 0.5722288211167127 0.05363482768213193 0.9971066858351102 0.002876694740491986
178.43039215687878 4.923468137255032 0.46116676944363183 0.03569480650982566 0.9538636761607772 0.0012741192117738925
6.8762408088236056 1.527711397058835 0.555746060491031 0.036385263309808076 0.9988184813435564 0.0013238873861240656
26.223835784314495 2.826654411764739 0.3897401090202346 0.0326480401583526 0.9899680840380476 0.001065894526181404
8.670358455882468 1.002619485294133 0.7039444755682734 0.09711133836118856 0.977500952137122 0.009430612038301252
60.81447610294134 3.8094822303921276 0.31641623811208164 0.02598114859340433 0.9869049093380259 0.0006750200822325559
101.49782475490461 3.707352941176526 0.4693118369403063 0.03689539520536776 0.9661136822522913 0.0013612701873602744
30.470618872549455 1.9196078431372763 0.5118171908697816 0.03171573932438837 0.9950509095090091 0.0010058881208925548
17.612852328431767 2.4865349264705916 0.4140348343414243 0.03258138279159001 0.9960389526835076 0.0010615465046121175
36.950045955883645 2.345848651960815 0.5459723649874291 0.1171292021265499 0.9935934030837343 0.013719249990802181
95.20571384804644 4.7697150735292935 0.4409005391773656 0.04484003384653686 0.986730343398047 0.0020106286353585717
67.60369178921617 3.3592371323529355 0.5245202859531127 0.04901946901787955 0.964041770608271 0.002402908342794853
21.33760723039231 1.8333792892157001 0.5484102060010125 0.03998714605681837 0.9955158216109727 0.0015989718497693248
181.55577512254834 7.55274203431347 0.237862326389145 0.021086434281458333 0.9722080595700898 0.00044463771070626126
28.076715686276497 2.0606311274510425 0.5626370468200084 0.05016444588616646 0.9935317839093166 0.002516471631066123
29.162392769608324 3.4905484068627515 0.34385614579411533 0.027341495022221753 0.9956011900141094 0.0007475573500501768
303.50284926473336 8.99031862745075 0.296490405773186 0.03403328294309383 0.933541481835299 0.0011582643478846816
38.15418198529465 2.918060661764691 0.49497163496723817 0.11018666097854826 0.981622430490259 0.01214110025760153
1913.0064031864474 26.09485294117807 0.09161413010436269 0.015043274337727043 0.6985208208981171 0.00022630010280011702
443.78844975495986 10.717493872548937 0.23859977106421676 0.0232072908537917 0.9204723550778958 0.0005385783487724838
86.08521752451371 3.8513633578431676 0.40814389719877286 0.03963642828468801 0.9456630433940577 0.001571046447167216
67.25557598039596 3.3634497549020557 0.48540547918350063 0.04681510018650029 0.9854090519008685 0.0021916536054720596
16.051807598039172 1.7989276960784346 0.5750843389439791 0.04064300348477524 0.9972979854431027 0.0016518537322634521
106.21992953431368 4.789935661764529 0.42632547894384143 0.03643542060172745 0.9763384869901941 0.0013275398744247852
87.53394607843045 3.6682598039215693 0.4517753914798131 0.04501792640931486 0.9737019755581378 0.0020266136981944884
50.88895526961009 2.304794730392202 0.5887362391241383 0.054478436653629024 0.9887988477183655 0.00296790006022347
53.3833026960798 5.063327205882191 0.22075848223839603 0.019274446510264588 0.989224638714465 0.0003715042882770508
163.36516544117953 7.127267156862613 0.3410663049609892 0.04120980132789172 0.9780314570991384 0.001698247725484306
5.074295343137311 1.0805147058823639 0.6813587128457141 0.06754506849116367 0.9969198526647524 0.004562336277475991
6.610110294117727 1.1902879901960917 0.6555804189431147 0.12382293222036586 0.9957010904914001 0.015332118543649319
60.24983149510123 2.793367034313778 0.5090113723942529 0.0479414379477265 0.9738432438151673 0.0022983814724957105
176.03069852942286 5.090870098039141 0.3546008098421199 0.026235089424842928 0.9644660143046626 0.0006882799171295052
51.89996936274582 3.6515625000000176 0.3530410088325568 0.02806959060720296 0.9787532256052989 0.0007879019168559767
46.190058210784116 2.824586397058757 0.5154649972664916 0.04229807167393494 0.9935623504020625 0.0017891268673333378
92.09076286764932 5.316038602940768 0.3462425738860385 0.05281717798149868 0.9750669843993672 0.0027896542899293088
86.58259803922154 4.432843137255008 0.49088410972760643 0.04817630765414435 0.9831338078470396 0.0023209566191867673
97.20784313726757 4.54662990196114 0.5421084591475671 0.08164009289190094 0.9823378413741799 0.006665104767398215
114.69874387255648 4.105453431372701 0.5057190932776736 0.04023214625732176 0.9807758767792139 0.001618625592470529
99.25347732843827 5.851179534313296 0.26166364077157833 0.019449650525373303 0.9854246090644914 0.00037828890555915404
15.25854779411749 2.0663296568627576 0.4856969244755296 0.04319813558000869 0.9969744284859492 0.0018660789175888128
22.30168504902066 1.9977328431373385 0.6119490221609615 0.0630613268112657 0.9913495168505573 0.003976730939197257
12.130484068627625 1.7750612745098233 0.5345358886278277 0.059295049016346246 0.993950627399972 0.0035159028378509037
83.07368259804134 3.9236825980392576 0.4427670144199052 0.03334667110561901 0.9853383376415262 0.0011120004738263255
118.69744178921857 5.080958946078256 0.4138789897440955 0.051123501930264166 0.9469772472780748 0.0026136124496137243
43.23172487745229 3.129856004902053 0.4092699001253388 0.03296506341551115 0.995026326493555 0.0010866954059886717
19.94987745098071 1.7359987745098169 0.6163305831559217 0.05632946869143083 0.9901729623961024 0.003173009043058886
71.46182598039697 4.277236519607981 0.33603835082456046 0.02510449410627418 0.9909562663718616 0.000630235624331955
17.275428921568906 1.3767156862745205 0.671922207541138 0.04196239729079867 0.9967850319907553 0.0017608427863908273
157.08564644608975 6.571461397058964 0.37473678197203086 0.03640397765956681 0.9408149181952478 0.0013252495894382392
265.99312193628475 8.94796262254852 0.32477742010003524 0.02342005480205739 0.953143725759919 0.0005484989669313714
142.50683210784356 5.100582107842937 0.36939856735605864 0.03189280477218134 0.9691202544815334 0.001017150996236473
41.17457107843105 3.4408700980391647 0.4744548138844981 0.042192818632601894 0.9939568252908001 0.0017802339441636375
70.32585784314182 4.511151960784356 0.3207759980443617 0.026857383305397647 0.9916323543883827 0.0007213190380130522
19.072794117647778 2.245343137254853 0.48169090517790497 0.032169526141198064 0.9963179122497184 0.0010348784121492257
32.01732536764791 3.2913449754902206 0.3542229134152856 0.03339490472806082 0.9873339455762082 0.001115219661796259
31.497564338236693 1.4360447303921955 0.7766101834939219 0.18940796063107113 0.9499552485961671 0.03587537555042139
45.13307291666685 2.7150888480391804 0.509447085411883 0.04745187237138755 0.9771335170330905 0.0022516801915504533
11.763970588235434 1.5857843137255017 0.5077822252452361 0.029483210732995202 0.9985554445726342 0.0008692597151262034
81.20844056372744 4.758716299019515 0.31268499344611145 0.027299478942749637 0.9769660079843453 0.0007452615505456309
11.973498774509899 1.5435355392157002 0.5308244690447474 0.07239456109166899 0.9983848661084309 0.0052409724756553935
17.64865196078467 2.512775735294081 0.4602093991690075 0.06304415138769623 0.9984014961643697 0.003974565024194761
14.574065563725908 1.4554381127451377 0.6589888973703333 0.12857478539043213 0.9658962457689783 0.01653147543819568
13.252496936274483 1.8140471813725747 0.5389029214505866 0.03612925969452392 0.9973088358795419 0.0013053234060743507
35.499586397057406 2.709972426470595 0.5044959619255941 0.05103940698117361 0.9956112355427554 0.002605021064989873
101.1721354166685 5.6330422794116775 0.2596435651114042 0.028400051566136078 0.9879242868606147 0.0008065629289591883
10.565471813725313 1.438878676470588 0.664048953623834 0.062106586168887284 0.9970739277869521 0.0038572280455534216
32.964629289216816 2.7638327205882165 0.44678300491635453 0.03991438953138781 0.9828422242798731 0.0015931584916633607
37.6567248774518 3.187699142156899 0.4076994852758123 0.03674093198344321 0.9894224371160195 0.0013498960830120002
18.926577818627614 2.395266544117632 0.42704358134826215 0.03835675876621031 0.9905885799560058 0.001471240943049251
40.924816176471076 2.9738970588234763 0.5177169315913412 0.0628479273920569 0.9792886345011951 0.003949861977477255
48.883532475489766 4.363281249999946 0.32310478413944277 0.029075632602483994 0.9872199604720515 0.00084539241123463
117.63187806373588 5.441130514705953 0.2876559588094897 0.025629533282706653 0.982063827912137 0.000656872976289368
149.95977328432215 6.639644607842686 0.28425760187788385 0.02366203877031516 0.9819152879505951 0.0005598920787678978
51.20405943627467 4.843520220588034 0.2544400292253829 0.02089882172537256 0.9890290764330819 0.00043676074950890406
108.02838541666856 5.447594975490279 0.28371320347811785 0.025615012557658114 0.9706658165884307 0.0006561288683289828
637.6750153187368 13.319408700980278 0.22000899965376866 0.023677083285774753 0.8747065840972759 0.0005606042729215141
181.74113051471355 6.429457720587965 0.3723832018873082 0.05284185352269756 0.9258398210851939 0.002792261483714225
30.326118259804954 2.909757965686249 0.4235949790887281 0.03447181848244076 0.9956255278765098 0.0011883062694863443
6.998177083333426 1.5206648284313855 0.5108258268540804 0.05610472033255472 0.9916145349397738 0.0031477396435941785
220.4954810049187 7.350628063725676 0.346979862004504 0.05534457814878648 0.9777304565049137 0.0030630223304671344
43.291344975490574 4.19229473039206 0.24767235482262298 0.025098422271947883 0.9842370038576547 0.0006299308005410096
46.32207414215733 3.666344975490144 0.38770923863303897 0.10119258329619649 0.9942509822208684 0.010239938914157665
8.529718137254967 1.5823529411764776 0.5501912344463384 0.04572353436885342 0.9970415066907806 0.0020906415951797205
267.22545955882373 9.769944852940629 0.1445904268384834 0.02145754792216932 0.9025789953115376 0.0004604263628321929
67.15401348039391 4.762561274509622 0.2754802882566036 0.0312917229161122 0.9950856594705761 0.0009791719230587417
14.162009803921858 1.7405330882353387 0.5921570494968911 0.04707399634803062 0.9958441704963577 0.0022159611321744
85.81432291667329 5.115088848039273 0.4436493253739423 0.07375359719971092 0.9752449886544055 0.005439593099897206
200.99255514707266 8.184865196078357 0.2874869193609098 0.031677767835712495 0.97192931760177 0.0010034809750533013
66.91493566176536 3.744102328431358 0.39204074317766363 0.03961574617047651 0.9798069683616858 0.001569407344643624
17.3784007352949 2.05652573529419 0.5061762673261725 0.044755976653202634 0.9983858098960279 0.002003097446182019
94.11106004902342 5.818229166666332 0.247741406402609 0.02178600471964744 0.9739405014071675 0.0004746300016445005
46.453722426471025 3.7020373774510213 0.35562409632027686 0.024006322489187215 0.9935158848083996 0.0005763035194548558
20.314460784313997 2.264123774509799 0.5127977215615785 0.041034089730440364 0.9922922598580892 0.0016837965200058314
123.38806678922869 5.817570465685934 0.32371841117145633 0.025232941528936115 0.9755394257021011 0.0006367013382027088
25.630269607845037 2.6066176470589144 0.4382386933589876 0.05317856610496646 0.9875066682253281 0.002827959892980288
136.9484221813822 6.134727328431179 0.4193254310032689 0.24829928149575142 0.965891101745134 0.061652533191306404
28.417800245099187 2.5939031862745443 0.518572736310809 0.03940788740436941 0.9964164109907314 0.001552981589675457
213.96383272059546 7.68291973039177 0.21378679200509138 0.023384061672438172 0.9760172635364145 0.000546814340300392
9.717601102941188 1.5051011029411854 0.5878931192942645 0.0602264155548241 0.9945642832010568 0.0036272211305823586
24.208685661765738 2.7677236519607376 0.41484747070454747 0.02797742971215042 0.99604333535094 0.0007827365732983172
45.276991421568326 3.3825980392156616 0.38701906547629145 0.031886266711546554 0.9899267852345016 0.0010167340047998819
81.6406096813751 4.33432904411769 0.3712116361971955 0.022899342184602905 0.9911439674346368 0.0005243798724875341
52.89270833333267 3.642585784313664 0.3741555453422211 0.03138552004876442 0.9872219010067904 0.0009850508687313934
14.322870710784613 2.091130514705924 0.49193643175292795 0.049941238198770437 0.9979113078774203 0.002494127272826327
94.4504595588219 2.8986825980392306 0.5048201828523996 0.0462119093668495 0.9819802906276172 0.0021355405673299122
132.97859987746045 6.023636642157014 0.26625465159988415 0.018859681710984576 0.9869310736010912 0.00035568759423964614
22.20617340686278 3.0077052696078326 0.31580890274909107 0.027955326241345786 0.9919471002261542 0.0007815002652600762
82.61265318627424 4.133394607843108 0.5663017224338134 0.11514538798298392 0.9866837430500355 0.013258460373751899
133.50975796569583 6.521583946078541 0.33688068723644504 0.026966832752360802 0.9700286166925315 0.0007272100686937993
72.40240502451077 4.304549632352908 0.39972766903986384 0.037838292019532614 0.9878324721250589 0.0014317363429554256
9.316804534313615 1.7275888480392074 0.5031823686454343 0.04913894786843059 0.9959934956097978 0.0024146361976163386
71.69911151960828 2.550398284313762 0.5601407873145631 0.08487568274536846 0.9908297093614449 0.0072038815214924366
46.87758884803968 4.118520220588282 0.323577005160871 0.024855918707392677 0.9890907088336266 0.0006178166947885132
1160.7606158090164 19.53561580882513 0.30697806035381076 0.05056510232870543 0.7490053507097422 0.002556829573512451
155.228936887255 6.737882965686248 0.24128855645161457 0.019835478416756248 0.9772663521532994 0.000393446204021603
248.44189644610992 8.408593750000582 0.3560427702632643 0.04217135645110717 0.939185445105518 0.0017784233049263384
33.47723651960888 3.227542892156868 0.3772184535991342 0.029591445097032494 0.994360223702169 0.0008756536229306885
136.80752144608738 5.983746936274224 0.3334298650237209 0.04124629265501743 0.9542112995969104 0.0017012566577833453
41.891253063727184 3.316038602941218 0.4109665235929387 0.027055942200964606 0.9959819998298705 0.0007320240083819375
129.78003982844456 6.019990808823553 0.34217823254762303 0.047878239604042236 0.9848978438073043 0.0022923258275820784
210.6300551470639 7.170312499999805 0.4132169275273271 0.051941992790810396 0.9277534140346378 0.0026979706150805994
16.41334252451 2.083226102941183 0.500052016067393 0.06368394697209058 0.9887424806377181 0.004055645101944045
665.5468596815098 16.506295955882962 0.10844516672512503 0.012593924270268099 0.9057011875493364 0.00015860692852524787
10.548345588235291 1.9752450980392369 0.45935562122668216 0.041838131700312434 0.99530742332563 0.0017504292641726882
8.3058363970589 1.6679993872549048 0.521569499116488 0.053269562792581944 0.9966428190614676 0.002837646320112831
10.466528799019802 1.6171109068627652 0.5538351349114663 0.036703151659483874 0.998152317667643 0.0013471213417390738
76.16856617647157 4.272824754901821 0.4034523859929544 0.024291950297646248 0.992162208524789 0.0005900988492633155
33.8365655637254 3.2321537990195517 0.4732002687878369 0.04426056495169924 0.9920637621759925 0.0019589976098435876
11.392264093137278 1.676179534313739 0.5409476524022324 0.04686920008892909 0.9977427594994314 0.0021967219169760706
108.41049325981038 4.401700367647056 0.4318937359070162 0.03173202743382408 0.9821422112545377 0.0010069215650609638
18.453339460785227 2.4709865196077736 0.4043662941714147 0.037087774823865785 0.9891542343235161 0.0013755030413857728
66.06847426471153 3.624080882353182 0.4862278039008497 0.06651821746138305 0.9887680524116138 0.004424673254239844
201.90171568628259 6.223192401960595 0.3431556168108513 0.02637362760119429 0.9694458913566429 0.0006955682328464772
56.3651501225522 3.199341299019763 0.5206815936147888 0.08062753612548647 0.9903500167394862 0.006500799581666626
6.564828431372643 1.3460171568627497 0.5775874517150676 0.04263420194897913 0.9981135275820044 0.0018176751758263354
48.029151348039704 3.0324908088235456 0.4986730124069388 0.053119439639143416 0.9520658203631837 0.0028216748675766005
157.13339460785326 6.12904411764695 0.42995099096903866 0.08202578603120478 0.9791949907137477 0.0067282295740369895
9.255575980392342 1.5357536764706294 0.5960892485672816 0.048745778915408725 0.9986575453306668 0.002376150962069906
146.1044730392148 5.1141237745097365 0.4210804708952289 0.03865672406668995 0.9667303247405136 0.0014943423155682057
363.23736213237396 10.278477328430352 0.23136906902689894 0.022668067326191588 0.9165119863325409 0.0005138412763047547
46.02208946078507 3.6178002450980338 0.3696210178456268 0.024613168606698193 0.9942905552874681 0.0006058080688617534
104.71360294117933 4.9602941176469235 0.3718976136620106 0.027090400380957544 0.9826297390179852 0.0007338897928005847
585.4482077206482 11.058287377450517 0.44983840538036296 0.09698554521777698 0.8074675932445358 0.009406195981189464
129.95574448530087 5.488373161764111 0.4506913524224326 0.14238757577429886 0.9909287196979816 0.0202742217348817
715.8992800246424 16.522503063726926 0.2368278166189943 0.02185467836107399 0.9018166151924947 0.0004776269662659957
71.97538296568844 3.7614736519608996 0.3697006136843507 0.030848100689137743 0.9930622351225937 0.0009516053161271804
21.460692401961364 1.6273590686274755 0.5377649077125658 0.041138823580183954 0.9952880068121595 0.0016924028055614996
85.57210477941638 3.4956954656863926 0.4326935912466732 0.038949264881611274 0.9790301900589208 0.0015170452348179171
119.09496017157313 3.736749387255019 0.5705334340841244 0.1015502472470686 0.958771447742739 0.010312452715940765
31.340196078433618 3.0893382352943206 0.4187164309000186 0.031094438492915967 0.9961258825976084 0.0009668641051897342
26.979748774511034 2.7112438725489634 0.3968862832762646 0.03041040981113199 0.9925674760622288 0.0009247930248809928
36.61511948529406 2.903140318627451 0.440976963122714 0.0345068991215433 0.9906645701840162 0.0011907260869843655
255.74730392157332 6.876562499999553 0.45296303785776043 0.041034924647513904 0.9471511600493439 0.0016838650408271439
114.93921568627727 5.602144607843023 0.4062711800964384 0.18442529986260608 0.9817071878257696 0.034012691229412174
151.48766850490827 6.008103553921243 0.35609952999951977 0.02554226673351769 0.9859294883101207 0.0006524073898861644
24.609344362747056 1.9534313725491588 0.6061138969073423 0.06345047885276277 0.9952870177982198 0.004025963266644896
88.07748161765225 4.58841911764706 0.37427305536649297 0.10575839108826214 0.9891382492839703 0.011184837285577804
51.14541973039268 4.903967524509614 0.24109129367775725 0.018968277683381368 0.98864172070353 0.00035979555827386365
16.983655024509964 2.503354779411774 0.337398029939417 0.038020350379984746 0.989103840742284 0.0014455470430168062
98.53030024510143 5.183333333332929 0.31085523473078086 0.03115287050285908 0.9768814462061228 0.0009705013405679074
7.110799632353 1.6222273284313724 0.4901165385596489 0.049323454181139655 0.9945021315220123 0.002432803132358983
29.60719975490302 3.396231617647004 0.3283464011293498 0.025714555464254833 0.9950523396802133 0.0006612383627242381
40.85916053921608 2.5193321078431685 0.6031418290028832 0.05541605952468514 0.9682942070901227 0.0030709396532434463
91.19468443628088 4.6289368872548655 0.3617953379473953 0.031105107693931912 0.9754388918622293 0.0009675277246511022
20.790686274510282 2.3211397058823846 0.4849453692364991 0.04122715527767565 0.9950502649767233 0.001699678332289579
121.42175245099013 5.720833333332964 0.40780277930712266 0.03502448983824474 0.9734725587460723 0.0012267148884293093
27.330484068628998 2.9256127450979825 0.36164203235003756 0.02945214186504737 0.9949718830395813 0.0008674286604388761
98.73656556372806 6.222840073529489 0.1963441809655143 0.03161486375545783 0.9179382470968122 0.000999499610276161
4.765441176470641 1.326317401960781 0.5408408878230935 0.05044723126362732 0.9975458189924064 0.0025449231421658977
20.366452205883164 1.9582107843138137 0.6553665550223383 0.09012080480077264 0.9928046202023021 0.008121759457938965
282.348223039242 9.48544730392132 0.2333710983541818 0.018718864444324048 0.9415806616092129 0.0003503958860849791
20.573667279412412 2.7598192401960393 0.38060072684123164 0.02836938462224775 0.994948860961529 0.0008048219838450271
51.04309129902264 3.7390471813727557 0.45492919032822343 0.0654276368026127 0.9906022107837527 0.004280775657574599
233.92208946078634 6.058884803921231 0.4550404319145596 0.05856035889360963 0.9009094128842825 0.003429315633748364
29.091222426471983 2.5066329656862267 0.5120669198571968 0.03456777181728314 0.995494411229865 0.0011949308484117548
65.49597120098231 4.651363357843129 0.392164219522014 0.04606520646402319 0.9884232474342628 0.002122003246573084
83.24391850490807 5.2349111519605 0.307976693238219 0.02286721175446066 0.9790703722224561 0.0005229093734233438
42.68990502451256 3.2905484068629525 0.39822165479197474 0.044416490392635066 0.9937598997342775 0.001972824618799043
34.4305759803917 3.5319852941176006 0.3981587767618466 0.037128674771721056 0.9925146081977023 0.0013785384903042357
37.964200367647486 4.139996936274493 0.26312411058860796 0.026461167553325955 0.9863694533113203 0.0007001933882851903
111.58481924019475 6.219316789215518 0.23094157801081813 0.018170872328359816 0.9875735171053551 0.00033018060117355247
66.8911151960817 3.0296262254902477 0.5320092541239166 0.05339188877906352 0.9862272090619293 0.002850693787395889
3.483854166666684 0.6543198529411827 0.7541546493287119 0.07442842887969325 0.9989045541587164 0.005539591025499557
77.77616421568537 4.330759803921518 0.4084302421109999 0.03482045831903484 0.9880733635694179 0.0012124643175476424
375.1429687500388 9.171308210784181 0.3787581613339065 0.0293787053627415 0.8956645849357364 0.0008631083287907762
74.08544730392515 4.324754901960858 0.35212935822464264 0.03335871450647211 0.9936183164861105 0.001112803833524313
102.40395220588796 3.54892769607841 0.5737452161602772 0.05500694943245799 0.983282382029914 0.0030257644858649904
142.13765318628626 6.205821078431601 0.38586627190389916 0.05826240636259669 0.9842599164826642 0.0033945079951603475
143.66666666668567 5.382077205882552 0.5241431415544668 0.07396444323978674 0.976744666414072 0.005470738863771633
225.26493566177464 7.240732230391791 0.28899090083678425 0.026620680637159066 0.9621207788332417 0.0007086606375856157
110.3861825980467 3.4206188725490843 0.5932654654933333 0.08373649390678527 0.9685106501177678 0.007011800411801087
99.6315870098134 4.731954656862841 0.4827999698385751 0.05037675331806668 0.9545765087194337 0.002537817274869342
89.82450980392743 4.857107843137195 0.38842997195219836 0.03319339969264536 0.9796180973063072 0.0011018017831557092
544.740042892232 12.592830882351697 0.2621083377038748 0.022259143808312197 0.9383665919261678 0.0004954694830791233
41.99937193627565 3.4289981617647896 0.42050198539907563 0.032445708183776 0.9888075765090861 0.0010527239795467488
76.05003063725569 4.589399509803829 0.3373622287230362 0.028673299489753477 0.9754413654423497 0.000822158103629097
95.74721200981153 4.764828431372502 0.3862435467198431 0.02777612712786149 0.9801735727595138 0.000771513238223123
14.25441176470594 1.54978553921571 0.5640389573486713 0.058446795243795195 0.9965188308803158 0.0034160278742701206
104.21044730392452 6.759528186274498 0.2036767687219551 0.02038758251040408 0.9906769829981794 0.00041565352061853443
150.71786151961157 5.499387254901758 0.36558495960666754 0.03581271667119522 0.9402282503477261 0.0012825506753713037
96.49503676470488 4.656832107843108 0.3968809677687518 0.030473967436694893 0.9854171417244074 0.0009286626913327407
126.96859681372966 3.953339460784365 0.5109684178848953 0.07826801266578874 0.9494902826742411 0.006125881806652066
9.640150122549242 0.9312346813725758 0.791094705796136 0.18834235444119457 0.9631364969186482 0.03547284247645257
167.59402573529636 5.810723039215339 0.4265498399333494 0.03404768015818352 0.9818062240231857 0.0011592445241539635
111.250275735295 5.898866421568272 0.3199670338424513 0.03567142966068464 0.9790019649401798 0.0012724508940371723
106.1433976715695 6.543826593136923 0.18240623161680752 0.017050946703826873 0.987226416622032 0.00029073478349674455
281.94094669120403 8.494500612745059 0.24925306701439076 0.02992586108321143 0.9461541656127922 0.0008955571615716682
85.97866115196618 3.3422947303923567 0.5121880035358622 0.04642053446704046 0.9906038623751314 0.0021548660202056914
200.72879901963088 7.7907169117652275 0.2788492544918044 0.024009638408368218 0.9525434679851796 0.0005764627365005904
18.697778799019925 1.6562959558823906 0.5924850031945028 0.05147867888931225 0.9946129683475193 0.0026500543801889227
533.687745098096 9.56672794117646 0.4808401494770277 0.06333272872189029 0.8656961120041536 0.004011034527360547
84.04609375000125 3.1844822303921676 0.4694272242594221 0.056687316175842634 0.953858460013297 0.00321345181521995
15.230882352941325 2.4061274509804074 0.41520637178039277 0.030236401854164492 0.9974258353680014 0.000914239997086522
61.81374080882496 3.2207873774510656 0.43756706658201516 0.03686396425321688 0.995106663669905 0.001358951860462452
87.63662683823901 4.338771446078422 0.41241248462550684 0.05629240434976042 0.9690574250834031 0.003168834787476926
46.111381740197174 4.007643995098122 0.3650064774778593 0.03826304752306607 0.9953557482550637 0.0014640608057524126
87.68014705882885 5.68587622549014 0.22837077360801183 0.02198114952166155 0.9726907860210374 0.00048317093429364174
132.81311274510756 4.890104166666821 0.37203915115746633 0.03620598511214507 0.9875682059849487 0.0013108733579408702
54.84371936274544 4.21697303921563 0.34471078408698735 0.03430972292339941 0.9888803761232866 0.001177157087080439
226.99116115197506 7.825260416666836 0.37168258613609756 0.054911680456447544 0.8683701871279431 0.0030152926505510034
19.534420955882982 2.6280790441176327 0.4275796749790946 0.04812885909981347 0.9764873203744171 0.002316387078249698
78.45519301470863 3.115211397058908 0.5892855144957662 0.09679118848738175 0.9748376053866598 0.00936853416879986
5.1646446078431785 1.1974264705882243 0.6302973056383478 0.06491178774542013 0.9975874512046916 0.004213540188306474
32.8129289215691 3.5499693627451108 0.3613634412348179 0.030185544882323313 0.9862328138783979 0.0009111671198427551
31.298360906863884 2.640242034313706 0.5422896670062244 0.05462890167391488 0.9709124122512451 0.00298431689809826
213.21996017157375 5.339966299019241 0.4837870083320059 0.044826155663164 0.9829424293411216 0.00200938423153821
8.868979779411974 1.6749846813725957 0.5218138167366738 0.032964305291251265 0.9986111125659693 0.001086645423334816
105.91181066177106 3.8106464460786422 0.4926822864654566 0.0778264085025469 0.9888015065853042 0.006056949860405306
22.98069852941244 1.1724264705882639 0.7891746367123684 0.13204134961721836 0.993674106236114 0.017434918008736495
14.184375000000095 0.9594362745098342 0.7352052462514777 0.08673125416952998 0.9942112297555974 0.007522310449819612
134.1394914215799 6.377542892157056 0.444374803772302 0.07748114821359889 0.9658079928364462 0.006003328328497679
81.07749693627355 3.2836856617646464 0.5524179819597579 0.06830893150036559 0.947659146814666 0.004666110122721638
77.58322610294299 4.232123161764797 0.44751767815344784 0.043030526220559 0.9879917428178311 0.0018516261868182155
71.11035539216134 5.637132352940742 0.2378726929804655 0.019417969136559396 0.9924476950765198 0.0003770575253883733
26.637745098040536 1.9065563725490773 0.6041579414000571 0.08172245184600013 0.9899075055090781 0.00667855913572181
23.530422794118397 2.5352328431372895 0.4970072038287338 0.034927522048371705 0.9941228289602072 0.0012199317964394917
69.74250919117786 4.800045955882348 0.2953553249823423 0.021062750665337197 0.9930059231416808 0.0004436394655901625
44.45903799019645 3.3928002450980177 0.4115273648127439 0.04825673402038946 0.9864010106874971 0.002328712378314614
20.187668504902092 2.6012408088235066 0.4461533089081273 0.058807056588829364 0.9985881216823548 0.0034582699046417794
210.0846813725606 7.438633578431192 0.3669420759561637 0.02743405159372109 0.9393054750454474 0.0007526271868469507
103.97863051470702 5.5333486519606145 0.3162041351599802 0.025973339301920542 0.9569761630919172 0.0006746143544926902
201.28247549019147 8.629687499999648 0.18694126516448328 0.016238435144189194 0.9804245414259553 0.0002636867759320388
16.653829656863174 2.0607536764706524 0.4985495856608289 0.04431230671517909 0.9979136938964159 0.0019635805264201062
20.834344362746158 2.556464460784209 0.437572748812177 0.05604973688016755 0.9886698782254354 0.0031415730043360146
138.63826593138333 5.884191176470363 0.302150030554181 0.0237058147913954 0.9816183092145023 0.0005619656549239409
21.929702818628215 2.7292738970588046 0.4154438512113161 0.026475549924054893 0.996804027088358 0.0007009547437811231
53.19056372549058 2.891115196078373 0.451454004953369 0.042576094730551635 0.9941948809205098 0.0018127238425049068
108.53265931372546 5.533088235293977 0.28967628545327145 0.023949352524963406 0.9807683819792788 0.000573571486364971
164.73386948529293 7.59967830882329 0.2295631301825468 0.03641745699070299 0.974646020129504 0.0013262311736697025
28.823023897060025 3.011657475490124 0.4228863771118757 0.05185368855334984 0.9940855383214999 0.0026888050165878043
209.97375919119114 7.575781250000421 0.36875329643200433 0.03080388395764808 0.9634945867829101 0.0009488792668762488
20.543504901961136 2.624540441176465 0.4397489555160913 0.03635571340719169 0.9975504655027875 0.0013217378973458577
109.10254289216083 4.597640931372556 0.3750992189451378 0.03527378003280243 0.9840068417623359 0.0012442395578025317
26.218596813726165 2.431280637254916 0.5304124321555379 0.04229415198656778 0.9916916095019439 0.0017887952922628952
153.8084252451075 7.9884497549022395 0.19296421995092844 0.01563159913268803 0.9701689126763307 0.0002443468914450532
97.92201286764775 3.329947916666625 0.5298413276552414 0.03777833024011484 0.9821129461402793 0.0014272022357311753
80.17058823529563 4.4071078431371475 0.4458377961492072 0.09632785594983408 0.9802640569274363 0.009279055831891985
219.51934742649044 8.139139093137233 0.256032323869791 0.02212236813483528 0.9596592024846157 0.0004893991718931755
28.389491421569616 2.4959252450980687 0.49583466435684836 0.04747859751395086 0.9976398456329727 0.0022542172218917404
67.1399356617658 5.589935661764653 0.23390670221503782 0.04538568341255698 0.933477651341872 0.0020598602588248493
144.59054840686673 4.7851256127449275 0.5340288519054218 0.08784938552283514 0.9785428116897935 0.007717514536739716
21.909175857843625 1.7377910539215926 0.6289668704005266 0.05801162597663645 0.988217291131937 0.0033653487484531608
145.8277267156886 3.826256127451006 0.5093568755058931 0.05224620291299968 0.9888692544360003 0.002729665718826336
93.88445159314377 3.933593750000214 0.5768889944971374 0.04513924123905185 0.9790598592665527 0.0020375510996373195
59.275214460783396 3.29132965686272 0.48556184863669055 0.03744085336508575 0.9854957502341779 0.0014018175007058527
206.58174019608776 7.442708333333449 0.2710605819404625 0.024684483996638324 0.9773272272767887 0.0006093237501802935
18.45487132352974 2.57117034313723 0.4111708744715835 0.02870135051907554 0.9959699900763918 0.0008237675216188378
62.5399509803956 3.9226409313727006 0.48657760515935305 0.06999586539724036 0.9616965414204528 0.004899421172708589
21.90647977941223 2.197074142156886 0.5337728512973255 0.04207369859141414 0.9970021337133544 0.0017701961131611644
179.80854779413087 5.4755514705882415 0.4095008741080153 0.11541522935716657 0.9823316604063949 0.013320675167567363
55.797962622549505 5.007613357842968 0.24423241599526935 0.021092000578024267 0.9877356817101391 0.000444872488383376
123.70087316177035 6.146155024509749 0.3958941490560052 0.04482661894923205 0.9471289731549267 0.00200942576641965
56.814644607843455 4.472855392156852 0.2799521251887432 0.03374327504215428 0.9830362513247586 0.0011386086105704722
422.34491421571965 7.6515931372551265 0.42234463381096726 0.039407881449715056 0.9372185316867447 0.0015529811203547962
458.8459865196468 11.965870098037735 0.29718190729836713 0.030346574084501643 0.8987833664470608 0.0009209145586661468
36.28379289215804 2.8644607843136476 0.4512280302902432 0.07827910059037846 0.9918085332284652 0.006127617589238589
20.517064950981432 2.53930759803915 0.39869899311850354 0.043429575901388996 0.9898014950021667 0.0018861280629745077
57.44776348039436 3.588633578431512 0.4865570978234541 0.050793553087381614 0.9868155246022627 0.002579985035240654
14.51668198529389 1.8913756127451036 0.5826821477939889 0.06587575143888115 0.9956738317449997 0.0043396146276372515
100.85150122549322 6.093351715686185 0.22810708084088469 0.02332264173627349 0.9431547381873852 0.0005439456175585661
19.50246629902005 1.7079197303921763 0.605507474835003 0.05021025826686632 0.9884062356753214 0.0025210700352254175
173.00672487746434 7.616498161765105 0.26906476791759426 0.041101030756728 0.9819961749560827 0.001689294729265501
3.140563725490243 0.7883272058823663 0.7303835413700724 0.060541884371128854 0.9993837625096764 0.0036653197632071366
91.17002144608223 4.578906249999941 0.4351006891229287 0.0352425291726314 0.9801355783231437 0.001242035862483775
594.1661305147653 11.169561887254362 0.43218679900999646 0.0983209840861164 0.8017110683153931 0.009667015911662354
16.787668504902413 1.8920496323529827 0.5363662802963607 0.09069034342894092 0.9957562432116349 0.008224738391259246
157.17751225491924 6.163235294117539 0.3581247476104577 0.024200253518269838 0.9766168289778829 0.0005856522703485316
41.90220588235254 3.357781862745082 0.40631006295730027 0.040221644644285265 0.9807951676342667 0.0016177806978911616
10.456249999999985 1.9472426470588244 0.5133337198133233 0.04268545091013801 0.994772677431792 0.001822047719401802
46.132797181371814 2.4714001225489715 0.5847935029628966 0.060401948271572505 0.991615338633643 0.0036483953550017208
49.37386642157149 2.897028186274543 0.47237386053303954 0.05234101077662573 0.9783018170804315 0.002739581409118851
83.01910232843814 5.437913602940773 0.24573559575621506 0.020764270959507506 0.9873240312228091 0.00043115494847984675