139 24.53956834532374 167.92167008241347 17.876086942418933
105 57.39047619047619 449.02689484066485 6.358280810489537
5 340.4 416.30834726197844 16.305590932995603
31 69.03225806451613 279.08311675232426 -54.94906038654936
87 29.517241379310345 118.7181402700178 14.208883340976827
160 22.58125 141.7715359246612 -12.959722372156097
76 49.828947368421055 384.8560697523266 -24.965473723105347
28 128.39285714285714 448.4862109112732 1.3711285180137753
3 716.6666666666666 1009.2774092829429 -57.40663025311424
98 33.96938775510204 254.67275737425223 -16.687439152960934
280 14.007142857142858 84.52822828825305 -4.837616335107062
292 14.222602739726028 101.77982096108042 7.1564911311010455
90 30.57777777777778 140.90130334369024 14.351546728179066
534 12.96816479400749 144.58427074225676 -10.510689439177474
110 13.763636363636364 53.72961385454653 -1.9108408016123097
286 16.636363636363637 117.37251947553823 1.4965334503039602
743 13.294751009421265 103.17931476477402 11.01455308073431
107 21.91588785046729 156.7142241959332 54.3921936304148
1517 8.64403427818062 127.11311013282706 5.594616632103306
485 22.05979381443299 181.10167598135712 -1.928303140983474
107 36.77570093457944 307.84230422306894 -6.119293897599032
321 16.573208722741434 84.85726571077875 8.955018283480616
38 33.05263157894737 124.80847376942695 32.76007117397404
331 20.187311178247736 86.64307425487159 15.266652660101867
165 28.32121212121212 141.61051954927504 14.83836787868996
96 25.416666666666668 65.1830222442078 25.950534376175117
366 10.546448087431694 52.71240432147949 16.695009129448923
396 11.123737373737374 73.4001922641615 9.045159430637682
63 26.857142857142858 160.88760319452211 -2.157994710730322
52 27.71153846153846 143.37810911905697 58.22115678968366
90 22.333333333333332 118.01186381038136 -2.9808492788033405
172 29.308139534883722 198.88454446429776 13.964139203589975
240 20.570833333333333 135.9355054770664 -1.4722085518623524
112 23.848214285714285 115.42802409645252 -25.781561936725804
560 10.1875 122.77928303972946 3.56546325751878
439 9.954441913439636 115.68281087023641 -2.7750862585934057
429 19.592074592074592 187.48533190833265 7.510589918596955
268 18.488805970149254 158.89096710301854 -10.029421748495903
445 7.373033707865169 42.546315184048986 5.801039255306868
93 30.150537634408604 176.7691493930157 -5.898820916954808
141 16.127659574468087 67.92150779218275 2.1687961202294237
74 29.283783783783782 197.6767440607006 -1.6568278020078637
360 9.894444444444444 65.39529351245581 3.108594499051285
446 10.986547085201794 91.58526522081033 12.610600023373946
159 31.9937106918239 141.17028821572197 -0.5104826531057324
78 25.474358974358974 160.19152994342343 3.305108063915778
251 16.840637450199203 95.42042899147103 4.0278728624721385
47 49.4468085106383 158.76100176461395 2.3585710710972165
884 7.257918552036199 58.219210441621875 4.449018262002282
1245 5.875502008032129 58.55392395296968 8.136301732470193
278 15.694244604316546 197.15068380593766 4.489893073229347
573 9.048865619546248 72.33085983211795 6.993739388525589
219 13.009132420091325 61.36126951140237 5.289632337151722
327 15.773700305810397 63.961314135026974 11.337895381814059
501 21.682634730538922 148.39831857515247 15.421164173248703
55 57.654545454545456 344.84917484087117 23.39622368651943
315 15.634920634920634 140.41581125496702 1.3808034956468689
14 86.0 150.96924947059347 43.13724363143775
376 15.768617021276595 162.39029741939544 -2.7965542756037123
10 163.3 338.808515241279 38.47530722227121
116 12.043103448275861 52.441164444543396 33.290547897869644
117 30.794871794871796 210.85773299418042 -27.390087557703072
121 22.173553719008265 105.11895486778322 26.545069501482928
204 8.416666666666666 47.30147281074195 7.207950378098663
374 13.705882352941176 172.7003188353332 0.6880108014339584
63 23.158730158730158 154.7878431661812 43.40476759053203
365 9.252054794520548 85.00966602507994 7.116868030495407
118 16.406779661016948 108.6720488043008 38.25218785055651
72 27.26388888888889 147.26978201921688 -15.537090033270285
300 11.186666666666667 88.79188301240653 7.318715150787445
442 10.217194570135746 103.87935864410481 6.514778443217796
386 14.163212435233161 82.87509669289337 1.092210733967396
486 21.314814814814813 259.4648609356509 -2.4909498826566376
574 6.7543554006968645 64.62360012854468 8.417153111757356
523 12.053537284894837 93.1338856266803 -0.5650713415055679
725 18.24137931034483 154.37331714507326 6.328040591903665
450 10.693333333333333 71.1318912693565 10.311245450090961
256 16.625 117.18054979389711 -10.831256553703092
15 103.53333333333333 312.09119749771145 -56.77436341080065
411 12.739659367396595 68.36344022927236 -8.458607932510603
99 19.838383838383837 126.5210252875476 -20.051725182528166
351 17.344729344729345 77.55485675026114 -0.9833554727077843
65 32.30769230769231 195.0743387356115 9.238925725071145
321 9.84423676012461 111.36373862200018 -9.570792357536803
79 19.835443037974684 116.0587400795578 1.8965096757990465
127 37.92913385826772 171.44256773948547 10.317075761325166
691 11.151953690303907 83.3382124994805 -1.2892568370454525
684 12.182748538011696 79.05492720414432 1.5321889473571875
115 44.2 317.4751534269702 3.6612901393938806
73 84.28767123287672 349.76816115868854 37.68278316323847
319 12.956112852664576 90.0150002403803 -2.8714102931920444
210 24.514285714285716 143.03250474967564 -8.460170119381514
241 14.132780082987551 84.92656703609708 7.181434464621101
345 15.318840579710145 126.07171788640647 3.8895372857253507
234 12.88034188034188 71.53537913689411 -0.8405409124080401
825 18.6 153.97665309055688 -0.4469418408818847
124 29.637096774193548 149.44679356781234 11.149297433203984
472 14.902542372881356 126.16091014166642 1.7979579836749044
75 38.25333333333333 230.7913974903648 16.408828019011693
73 31.52054794520548 150.47150639013418 -10.31887959589819
171 13.052631578947368 126.74749328676407 -0.5576992196782806
238 23.99579831932773 133.30960041264026 5.695534529367327
290 9.76896551724138 70.54755111196533 22.080594867583148
119 18.714285714285715 102.87637541947022 43.11218054114879
63 46.36507936507937 253.2038078393743 4.3426354273693955
353 17.257790368271955 134.87339085647395 1.0249854248985601
81 30.308641975308642 235.26227245118693 18.777975088397234
324 15.858024691358025 136.8407368089603 12.422433116943434
818 7.315403422982885 49.41267056255221 -6.878914583794915
282 10.907801418439716 73.68717670029065 -2.8076315692009213
189 17.17989417989418 74.51003567212821 -1.622440917415236
37 145.45945945945945 559.1843284833092 -7.963555324726007
323 11.854489164086687 82.77808299748821 0.6235042277749101
540 41.74629629629629 790.7640822537267 -0.812085361762292
395 12.09873417721519 171.95631730671846 -10.822959156843545
753 13.49402390438247 149.5273483986577 3.7997082042150065
267 19.808988764044944 74.93251041906973 9.383516250063025
646 10.26625386996904 64.16489260679901 9.947033263590383
79 34.87341772151899 135.82726997207155 9.470585768667718
285 26.312280701754386 192.1211533602758 -5.098921591940962
664 12.12198795180723 89.4168281426052 -0.45844355650832086
119 34.20168067226891 236.10888315151905 3.3397870850089273
985 17.057868020304568 168.89363998064437 -1.0637084732125945
340 20.141176470588235 67.97355072832312 4.8595781715947775
57 26.54385964912281 168.9230147683744 54.04719987182111
64 22.890625 108.70417384861253 24.37052285628389
346 14.514450867052023 119.85719378076158 -6.187965075821138
468 8.371794871794872 59.897442757727035 5.0029267867066505
42 49.642857142857146 180.0272229981015 11.094532052491564
372 15.043010752688172 161.71087394552563 6.158094429122921
233 22.622317596566525 158.60400608610135 11.750612011405819
264 21.386363636363637 120.5441669168855 -2.483969309694456
361 13.085872576177286 96.53286349183836 12.910257942560019
136 33.411764705882355 248.39719943091364 -5.485072310706304
45 39.888888888888886 171.41712895380505 38.2277834804978
384 11.489583333333334 84.49922889091785 -5.77248664776626
831 10.458483754512635 166.89917230361326 1.3253037976380213
39 61.0 255.56383115549 12.436328316791235
375 11.645333333333333 85.21220302802227 3.978573769877419
1087 10.699172033118675 103.28906850992266 7.840900166512119
283 17.342756183745582 74.14744532983286 12.749555156314251
339 17.967551622418878 194.3143352766477 6.768956751422939
707 15.613861386138614 85.05496670332073 3.1435327159970257
271 12.44649446494465 92.45110354534344 24.31339854907592
1539 9.328784925276153 68.66476290831591 -24.078381478497313
157 19.222929936305732 113.36838092117819 -0.20449139204891884
42 46.0 178.89102828258325 -0.3431116216539219
118 33.33050847457627 313.847260030345 5.779689475275303
192 23.052083333333332 101.20311360819416 -3.9150229875223683
230 17.256521739130434 60.85334706301098 -7.743585261097854
183 14.174863387978142 46.21855920672205 4.198627811408941
254 11.165354330708661 54.71029841294513 8.764229027344372
529 12.431001890359168 66.78752998693798 10.126941880771751
531 13.60075329566855 84.55289922760856 3.7371591878011063
559 10.198568872987478 106.362502966543 -2.1520057899151297
89 32.42696629213483 114.91392847784965 0.9364869596114083
350 13.14 57.13838189618504 14.306874010687476
243 12.05761316872428 95.74234958349442 8.911763965071978
17 79.82352941176471 293.67553830598143 -7.039010506641805
372 13.161290322580646 73.5490532416541 -9.889113368727147
107 42.28971962616822 312.0519969056738 14.034491249815876
127 25.511811023622048 110.57764337708787 15.724000258013138
311 9.115755627009646 67.1296157776967 1.3797969530195404
207 14.396135265700483 91.26225725123392 -2.8114318905788362
77 30.584415584415584 200.58060857507334 -28.166044412709805
489 8.30879345603272 41.55323715148021 -7.941670079608109
108 21.37037037037037 113.87091396845366 4.446745986269603
181 15.3646408839779 98.45575425191268 6.762702949054208
68 30.014705882352942 134.95996058167628 7.096818547931879
150 22.606666666666666 147.78795154620087 13.88076116674335
771 12.623865110246433 68.90647547012269 -4.467927057697767
191 16.20418848167539 100.96360436583268 15.61049956578253
208 18.16346153846154 69.24977236520807 -9.417767859270985
240 31.233333333333334 331.893927164823 -8.28253984755451
200 9.49 53.6487641982553 4.069818628224103
455 10.010989010989011 74.27195268851301 -6.107146416849836
513 22.619883040935672 140.7777815431279 7.268628931881501
185 46.75675675675676 241.2884564398036 16.478150729441126
482 9.186721991701244 59.274402244593176 0.4679672617317715
438 12.114155251141552 60.799323555730005 0.40704748511130845
429 8.678321678321678 101.74532409536965 -39.72911054460363
203 19.408866995073893 99.9883999192943 21.558766214290568
15 110.53333333333333 266.936163821157 -24.826434581856756
129 16.54263565891473 72.4278853052986 3.05258165616513
636 15.495283018867925 113.15792233226588 -0.8389424782023526
345 16.591304347826085 134.942020549171 16.80224090205119
240 17.066666666666666 101.6141175668464 11.623991650985621
366 12.811475409836065 74.6152973629095 -10.808540697781769
373 24.916890080428953 155.75407183874793 -3.621767987727927
377 27.74005305039788 316.0414493062148 -2.727291403165757
190 40.01052631578948 185.12831935184516 12.881925131412332
275 8.6 53.32984837098947 -2.398080697571408
319 19.865203761755485 132.7320255530052 -0.35990128169143454
751 16.22237017310253 182.57434822213241 7.537625123949127
175 11.914285714285715 84.30535364412644 -3.182193279972918
466 15.32618025751073 99.8152200608496 10.939633824515905
305 20.38360655737705 141.40848999522782 6.090479021419566
43 30.674418604651162 109.71542914332443 67.3349484104776
97 28.896907216494846 149.27104555800858 32.511885662987154
349 17.332378223495702 153.9474610274825 -5.59657262557596
397 12.926952141057935 68.83212304404725 -2.4158724700200214
133 32.21052631578947 151.58456547650368 7.650757669294703
105 25.17142857142857 182.82364425303197 -24.08720055761872
424 13.415094339622641 43.730384912709624 12.527222425866297
535 20.213084112149534 172.24901398690275 -5.045608088656775
429 8.398601398601398 72.67516960946284 16.073836405069397
476 16.531512605042018 82.7036641617483 1.70399262764391
121 39.710743801652896 362.431285890179 -5.881668725545059
511 21.240704500978474 205.9872195670013 -2.5200858767298833
57 40.578947368421055 210.51640327540937 24.845572172854414
290 42.44137931034483 280.73819871686 14.322779369652704
104 35.80769230769231 181.3970929354817 -8.16752885437497
52 39.36538461538461 209.16703197041738 -60.60263622811247
168 21.625 108.91005941448506 -13.883107111362728
137 25.153284671532848 134.46487021273518 -1.2599963226231
339 18.95575221238938 128.50931507027965 -6.025148260203559
312 9.35897435897436 71.48560449650064 -0.6968693893874496
207 24.67149758454106 174.11467793287926 -16.48014355558125
590 9.013559322033899 67.81675073720037 9.913755038809592
962 9.586278586278587 41.85537592275916 -3.256437548472887
254 7.4763779527559056 68.68871236075408 -8.176140258349157
161 25.26086956521739 105.07409522542942 -13.522006310781101
10 190.0 559.6734762341342 49.616280141127355
155 12.361290322580645 121.83409575589934 -4.590737862610646
114 20.149122807017545 95.44817942407745 17.3744710703899
302 21.490066225165563 140.22360891571225 -0.528820644459224
155 20.35483870967742 99.86401993003732 5.829034931978442
204 33.372549019607845 189.163116744887 0.6687298073444342
16 161.9375 388.98802500044906 -38.60536351171939
22 88.0909090909091 250.74559890833743 -29.301223155594336
832 10.758413461538462 81.18645770564562 2.040417776878068
263 13.665399239543726 144.4482955786016 -5.313436491929516
415 10.481927710843374 90.44593158822704 10.249091499535389
488 9.432377049180328 54.047637011073704 11.584128739321837
64 51.28125 310.5913446933728 -10.590550514616373
241 14.705394190871369 94.62799150294778 7.913957361745224
359 11.84958217270195 61.03174838074344 7.032533194304292
425 14.856470588235295 101.2794415548432 5.377415222257987
181 19.303867403314918 105.24405436659275 3.1925745724224406
712 9.344101123595506 53.53638234757911 9.3649408488291
800 9.605 129.03095161626922 -8.719183030490555
628 19.426751592356688 120.96289391683082 1.776037416590937
134 16.992537313432837 81.33324633404031 1.0039761312410937
52 79.61538461538461 477.5597890013415 -21.311803482550395
571 14.669001751313486 135.05676591657354 4.966270091564485
176 15.852272727272727 79.50708084142958 4.243758065408622
132 21.772727272727273 121.03534363033592 11.185511453976742
623 10.603531300160514 126.65313327077699 9.416255626853564
336 9.654761904761905 52.78076716083395 -6.432078734325655
411 11.467153284671532 81.75389313511494 8.356122552723122
877 6.865450399087799 69.68733006552517 -4.99146896762728
220 13.363636363636363 74.80838884324615 4.84922065220118
339 13.227138643067846 56.98836786357055 12.052780093056926
178 16.174157303370787 137.58845165486906 -3.0912950388414817
1071 9.288515406162466 62.267860945752474 0.16115836584127757
123 19.30081300813008 117.85646050977375 9.454048706778778
482 13.869294605809129 106.02736636441848 -3.56846013785955
635 13.899212598425196 129.64100370600224 -4.988267241570688
76 29.67105263157895 150.4672886428261 22.00395292043026
363 11.333333333333334 101.71646253752557 3.158824351612288
197 30.385786802030456 269.0842024744955 7.16963957207944
75 26.053333333333335 156.06886457230635 4.197984701001282
103 36.22330097087379 159.5870844251413 0.24304643684734034
219 35.0958904109589 203.84263993398778 12.087003606158493
209 17.60287081339713 85.34085999158275 0.6630992921098109
490 20.60612244897959 199.99188239461157 9.115142312480714
90 22.81111111111111 84.7171626904548 -4.750378780066012
845 6.76094674556213 27.025381697737533 -3.03743641617836
155 15.651612903225807 119.19393757848195 8.942586588880248
128 63.828125 489.3339399980185 14.455745274116929
453 6.640176600441501 63.3687193253208 11.870958869520596
623 19.948635634028893 246.17624204014587 8.879675056388129
186 16.811827956989248 122.12135718867854 -14.208642866647384
270 27.25925925925926 334.46528830497914 11.048171619746194
1153 10.523850823937554 48.2569337135409 5.79899615271849
172 17.912790697674417 145.8878131388793 36.43784531344048
75 30.64 141.28303884991527 -1.53804224372112
90 23.38888888888889 143.91908949471454 13.114598101775504
116 13.431034482758621 67.98177039344002 23.329325930171084
574 13.777003484320558 66.73883594859524 7.424577271333099
117 23.82051282051282 136.0576559149479 12.1923903754115
717 11.355648535564853 74.32296282322228 5.258857349344343
43 31.88372093023256 139.20391756421384 2.1751489159635056
431 17.691415313225058 200.27871506529522 13.512977090719623
710 15.364788732394366 112.0784466201524 2.7139534961194127
141 39.780141843971634 240.95322203384316 -1.86636513458097
566 9.508833922261484 51.22788165010903 -6.085211998284375
28 46.107142857142854 212.28911204260274 -34.45476392126653
108 21.703703703703702 190.40207258730624 2.5055296057899135
85 54.31764705882353 268.46724903836656 -5.155361746435918
96 50.4375 230.57897293642512 -29.54785611259223
321 19.623052959501557 92.15886644714517 3.0404371314758594