1872 12.688034188034187 164.04031290670207 1.4774641517413525
930 15.906451612903226 182.86489772121863 -0.0845662418336283
2116 10.189508506616257 77.22811020114683 0.6460247208914159
1400 12.317142857142857 139.33708148784737 6.497766545498574
516 16.308139534883722 54.28549290509871 0.9738906043666307
2146 8.184995340167754 140.79936145070198 0.23351725363382475
1541 18.17585983127839 322.2605317429733 3.944663210404063
2263 11.67123287671233 158.58580356117827 4.559607080349046
1292 14.59984520123839 107.73036416073765 3.2083930723851557
1233 15.679643146796431 156.5504939129807 5.56690831349588
1712 6.9702102803738315 47.62415820094152 -1.73201379300275
913 37.42168674698795 996.4422048093427 4.8755089848449185
964 18.283195020746888 233.82561613996836 1.4142449403652746
2099 9.371129109099572 88.1809929253662 1.9106246678767096
1764 9.141156462585034 41.08723541265995 0.5376387240435145
1078 26.53061224489796 493.77807474237403 -1.5566293920528622
1799 9.013340744858255 103.00899241312246 2.5281832604203163
2222 12.663816381638163 256.62945429072954 1.5681763494602778
1562 9.681818181818182 77.49112899390842 6.567507747755742
2519 5.233822945613339 42.94582052666625 3.783119744265871
1142 11.683012259194395 141.51857554593855 -0.18680081723737632
2273 6.729432468103828 111.51969596136543 6.656928057403466
1098 29.24408014571949 712.8877857487047 1.8805750711655933
1483 20.002022926500338 356.54047348644553 4.446432370966159
1446 5.94536652835408 44.579739457447175 5.276265187688033
1404 16.02279202279202 314.2155511522891 -6.351734782685723
918 29.947712418300654 391.96742379730534 -4.732659561885468
1215 23.74320987654321 515.6682426987029 -0.0024792772602758393
1412 15.140226628895185 124.11544884679569 0.10364760915914493
1621 15.900678593460826 229.8753933968588 1.0272697622294917
2269 5.722344645218158 24.99448222163764 5.563797307028086
1259 13.820492454328832 226.11305387017393 1.5080357396526418
2128 7.410244360902255 67.16764060114998 5.9016808603662305
1313 24.916222391469915 716.6797666172071 -1.6104817614267688
1527 16.09364767518009 365.04633611419945 3.4012253989844154
2250 9.948 90.0524166274534 1.4480478730391404
1098 13.425318761384336 129.9109698507319 -1.7845702383549067
839 26.547079856972587 282.0432385771913 -1.527924357675049
682 39.03519061583578 783.1284123300409 10.675752886829317
942 11.093418259023355 77.01594796652019 2.836619020683348
1219 16.9064807219032 122.45978844391284 -6.312257321221775
730 8.093150684931507 77.42103060851193 -1.2956197337634066
960 32.03854166666667 505.5853513234667 -3.1289653041648418
1194 26.84505862646566 692.3953508576717 1.3139955418052196
1737 7.497985031663788 55.692149974360085 4.238318876829703
729 21.45679012345679 372.07427479678574 7.0663915197922265
934 14.279443254817988 112.35631826506132 7.439627038735455
1608 8.093283582089553 99.74283477632912 4.711323940520009
1456 19.677884615384617 304.1070425969508 4.519774764873505
961 21.181061394380855 512.8340453398578 0.33105920714984116
391 6.936061381074169 84.96359084119798 -4.020753551086416
1129 8.677590788308237 70.69984611070247 0.4327900342082788
1727 6.193977996525767 55.225274383476474 -9.065694069308607
1023 25.653958944281523 149.4514423751801 0.8924169536893835
1546 9.359637774902975 84.7306822419925 7.2060043517367305
1569 7.884002549394519 54.229200389912144 1.2623346042729802
1157 11.257562662057044 117.69059551074548 1.3624327413333532
765 6.1986928104575165 27.879568237127366 -9.74784327375667
1473 16.134419551934826 188.11742765769023 -2.6207348852214056
2461 8.603819585534335 83.77767235030794 4.726829718213388
1034 19.172147001934235 224.52088545532206 -1.1777184762197956
783 11.245210727969349 81.72768007441005 1.926057118785207
2010 14.09502487562189 184.92897500430712 -0.26328506903981935
1775 6.929577464788732 39.63354815378108 -4.238398991604814
1528 5.62761780104712 33.65887071146626 -11.761986455365088
1201 9.765195670274771 68.90244455214534 5.115860127632497
2291 7.080750763858577 34.698300985408196 7.710365982232959
882 32.532879818594104 412.7780881450763 7.6941393813595695
1830 6.407103825136612 29.07583553108578 7.87330631742693
689 6.217706821480406 44.73452321703463 -5.971201755813004
1616 12.616955445544555 227.73164941045405 -5.760396457800092
1423 5.297259311314125 21.201759087696697 -2.2532274092946323
1577 9.698161065313887 62.19765334471861 5.449574902733737
1546 14.408150064683053 143.130653133094 0.6565736167398074
1958 4.496935648621042 37.83017723064874 -7.805827541414838
675 48.40592592592593 975.0902064833275 4.665989497068043
2006 7.52642073778664 83.50431210082596 2.3674198453157946
1041 26.52929875120077 638.3536140396867 -3.01814659761612
1233 14.454987834549879 104.26079251715674 -1.769886810028346
1101 12.633060853769301 65.1211527710027 2.029202788589447
1810 11.178453038674034 138.68456469991423 2.1205677899973456
1210 22.925619834710744 328.66654118427886 -0.2848681535635339
1804 10.088691796008868 107.30825680512511 8.892713341438876
1555 11.935691318327974 96.11238588079544 3.4670501529498003
1141 19.824715162138475 479.73125779406274 -0.4233649777789866
868 12.200460829493087 80.2138639071905 2.9576457341247178
1344 15.522321428571429 174.6251413111649 -1.0644860760196675
1170 13.457264957264957 145.34544869299282 6.328088366989023
908 28.898678414096917 643.5305364999748 0.4567097810170308
1150 21.289565217391303 159.31930360069668 3.959585915790833
813 37.38991389913899 582.5447033163938 0.12649201979044528
2253 9.500665778961384 95.92561488113903 2.764223740917012
1305 16.228352490421457 186.73401073992255 1.3009305326463667
1981 11.343260979303382 118.44003840292973 10.758748160461668
1590 7.60188679245283 64.7501487059783 -1.4877922426932508
1795 9.551532033426184 87.17164569064934 1.332680552686408
1681 6.814396192742415 48.142017323871855 3.8368860887715557
619 6.421647819063005 47.865470975043394 -13.369122078386383
1435 14.359581881533101 194.14521031159435 -1.6133418834919306
1614 11.31908302354399 48.24504181395259 -0.5593091380533344
2004 10.154191616766466 126.53272547512319 2.180261721747477
2104 9.13212927756654 62.088582264031686 0.2327607258484681
1060 21.969811320754715 345.4820682264162 -3.7297915063079228
1690 16.15562130177515 364.4054232148597 3.368294406857693
1333 7.919729932483121 39.6094437645357 -2.638459905104696
1226 16.806688417618272 159.71794364232713 -5.9102872320997175
1047 26.943648519579753 668.9191753187625 6.044613677536654
1289 15.104732350659425 255.80324342981024 -4.724558650812867
1717 12.68666278392545 130.90153200068673 5.728243569483222
1944 6.521604938271605 61.84870151349706 -3.397540837067138
1861 11.599677592692101 202.06065342476526 5.107422241130419
1250 8.848 60.9507284287891 0.6434036320426563
1331 19.324567993989483 419.0469435953554 -0.8693763193778433
1578 9.309252217997464 59.9585254041687 7.754487542137074
2118 12.12936732766761 127.04651537752382 1.5826738847422128
1363 5.855465884079237 31.14570080264714 3.2721103119461548
796 22.43718592964824 202.01754942454403 -8.713570751600434
1939 9.449716348633316 109.76094293409817 0.33215986739601366
676 29.261834319526628 520.4362937773067 0.08879575971027803
1590 7.340251572327044 24.23652999297205 4.490524030567099
1583 15.735944409349337 232.15384929827678 2.959868168192263
2183 7.464956481905634 38.690421633051756 3.159410217731474
1173 9.468030690537084 83.85269048096134 -4.1118896210767595
899 30.08008898776418 540.5626597688429 3.2298852849055475
1281 14.834504293520688 246.48008996696888 2.1374222756360295
1349 5.311341734618236 31.830178980022513 -3.175820188853453
2128 4.661654135338346 33.257061485002254 -5.0018519377832815
846 7.624113475177305 49.83751931095553 9.27696661535835
1466 15.995225102319235 203.40160974681592 16.208758309318203
2261 7.579831932773109 56.246389005275205 -5.908180503207622
1189 9.832632464255678 109.53353075587829 3.289603715654285
277 75.50180505415162 1065.4144042976084 -13.963670342180247
1522 15.265440210249672 106.22740081884413 5.991741799901264
2323 10.009470512268619 107.65563430179368 4.3297727006110724
2395 7.3160751565762006 52.63147066167782 0.17257418772361882
1299 9.575827559661278 137.89350936057969 1.263132860238911
1578 13.70595690747782 218.03156066818627 -4.9541074495182995
848 5.475235849056604 43.701947734551055 4.703651195924918
1913 7.10559330893884 49.86785816188354 -3.5410119663804465
1633 10.977954684629516 74.51383645094705 0.7806634665476352
1321 6.014383043149129 43.66399063027707 -0.8602912946945304
1301 10.573405073020753 111.05617693270453 -0.5514320783425897
1617 13.167594310451454 181.9867093727934 2.728228750376893
940 30.838297872340426 764.2596232464215 6.9025961124617075
996 21.8644578313253 420.7342581317451 8.148731092747045
110 12.872727272727273 108.46969489559659 -10.742140299618493
930 32.35591397849463 379.8239450577313 1.6735692770576256
1987 3.875188726723704 31.967593735250976 7.331215171156632
1194 12.556951423785595 247.25512330944022 -0.5970440142761181
1623 8.534195933456562 39.58171509842516 -1.3168235477846
1765 6.98356940509915 29.299358717447753 5.120563434718743
1956 6.598670756646217 22.36737733363613 -6.611153905519549
1023 13.178885630498534 93.89922149095618 10.12766646898309
1725 9.382608695652173 50.58331900251949 2.644649387907363
1124 4.927046263345196 42.335951105935045 -5.649018173041427
2294 6.883609415867481 52.31078712602751 1.686896031398333
1799 12.814897165091718 153.37867514159586 6.129169949792677
1760 9.4625 67.71679631259079 4.794797951451969
1799 9.687604224569204 41.434333841467314 8.052461622262848
980 5.985714285714286 19.369495268043913 -6.314149618689861
1122 10.496434937611408 57.184837170910896 3.537258380690635
1665 9.38978978978979 145.07252411504032 2.685272053892396
1108 10.675992779783394 159.74960291981841 -0.8497787610858181
1744 7.543004587155964 62.95891505948834 -6.643281716979203
2354 8.862786745964316 34.5148723692259 6.6716054796436
2407 7.584545076859161 55.72561177480514 -21.49420501295716
1770 9.177966101694915 42.608167042107276 11.083685917270197
1744 9.447821100917432 62.64059073506348 0.0250630185749337
1159 9.310612597066436 56.069907212273634 1.7095208042583525
1357 8.25939572586588 60.609388144483916 -0.7665217042513911
255 45.58039215686274 321.91824624054993 0.3093939838677795
1977 5.853313100657562 29.667415102542392 7.902691233261457
2038 6.563297350343474 43.43355462814231 3.8523215775286723
831 26.977135980746088 265.4459013679603 3.131026947181975
1086 25.28268876611418 338.6005216668533 3.5519828781864264
1831 8.864554888039322 51.67072368661316 -3.015982095274464
635 19.437795275590553 160.2720929181607 5.188743151816046
1299 12.367205542725173 80.91179699976175 0.5504340026463597
1263 11.529691211401426 150.93184987560505 3.9604388402098762
1575 18.144126984126984 284.17654280637015 1.3567426574876704
1441 8.256072172102707 55.88546896534997 -2.6881958458887234
893 9.74020156774916 71.81052996337782 7.224078270144562
992 33.95161290322581 871.2716915875982 4.739758902676062
1388 18.469020172910664 153.16901644695676 2.9308982723012953
1335 13.504868913857678 125.59445381953084 7.59719938228338
628 13.380573248407643 143.04678337546179 -0.8505645709642525
1341 14.853840417598807 233.12421334167732 0.49365554346409574
1713 3.4781085814360773 28.87430162380698 -10.621269725385194
1656 9.943236714975846 96.09192164770562 -3.4347957774156606
1056 7.084280303030303 35.51290177224422 -3.678622948144579
654 38.70183486238532 329.77031404784503 1.6772834476973095
915 5.395628415300546 42.11377748567907 2.2268962781315103
1512 7.15542328042328 92.60035481211055 1.223829188567542
1273 8.441476826394345 123.56127532061126 -4.969102951136867
733 4.994542974079127 41.48179597405523 -7.613080784213429
2309 9.71719359029883 68.75906909721681 0.1599913018095349
1437 11.826026443980515 125.55794063116842 0.32993940050903287
686 12.377551020408163 127.70711306095686 6.130000348236181
1225 15.928163265306122 80.11268430418697 1.729439661665732
1488 19.31787634408602 431.8760639036498 2.8565993358668447
912 42.78508771929825 1193.6479091447757 -0.2879305504196375
1129 17.79539415411869 157.31659147151007 -0.8007558891209711
2048 6.54443359375 20.545704060538945 -3.15200810093407
2631 8.443937666286583 92.87890842847469 3.837589461939732
1215 7.205761316872428 48.29675550512302 4.7235021601179
1356 11.752212389380531 85.30582992386357 -1.5761871174949058
680 19.889705882352942 155.91215818691538 3.2272436683085384
1242 8.816425120772946 43.277203939014065 0.24862630206928865
815 14.179141104294478 176.08100424436478 4.243307829607169
1332 19.96921921921922 338.27080784917564 4.1027113810324165
1756 16.199886104783598 379.8210186036414 3.003372267468524
1685 11.468249258160238 127.90683634651926 2.475395687437719
1408 14.995738636363637 109.16464829048932 5.423941141408839
1464 13.251366120218579 102.08392660896332 -1.6549527063851368
319 23.70846394984326 91.80635691356488 0.3560271305423375
1790 9.864245810055866 47.01375058410326 8.346971438181388
1874 14.678228388473853 352.8993684218025 -1.7401384410731313
2045 7.296821515892421 74.27142065645141 4.146382423191589
1440 14.104861111111111 124.41661968622753 1.3758713890133787
926 8.181425485961123 76.98587231561991 -3.190976115497248
1755 5.2638176638176635 30.41768915196667 3.242931052580734
1392 7.066091954022989 52.32557175454292 3.4128374754208584
1707 13.253075571177504 129.1082675125861 4.011210262444953
1597 16.289918597370068 243.18570402525748 8.98998024725568
1960 7.825 31.78684568612415 -2.967032382596734
1526 6.738532110091743 21.179453468431284 -1.2844850469476272
1434 7.923291492329149 30.36731848752607 5.652686796566915
1540 7.55974025974026 42.79388462118736 -14.065463789755947
1776 11.315878378378379 77.17829113002551 4.948266827259881
1471 15.002719238613189 296.3643191173709 10.436359514118367
1009 15.056491575817642 256.68056716073886 8.570604739651396
2577 6.673263484672099 139.5436668517143 8.146427286901579
898 7.589086859688196 52.773071491692505 -1.3140887264438255
947 19.166842661034845 297.11414443705183 2.622347333113455
1105 36.98190045248869 1136.3024124426936 3.113766099007916
573 9.762652705061083 64.45845992142026 -10.36904000617781
958 13.588726513569938 76.44511695531263 0.06175186390411329
1153 7.617519514310494 45.77387316033798 0.3260254677979266
649 9.508474576271187 99.2632661111845 -2.144912039345685
1208 17.016556291390728 271.753972519619 1.2534718541559984
1603 19.116656269494698 372.25956806644547 1.7982898007523491
1617 13.305504019789733 88.78256875738792 1.3200289681216972
937 15.235859124866595 125.16142351849255 2.3228232176258246
1868 13.399892933618844 168.41413007137297 8.98300277926501
1956 6.33282208588957 80.81958856691743 -12.723345318275268
1033 16.690222652468538 229.32888930263255 2.9486087637315754
1634 7.817013463892289 69.08140182233645 -0.7598186122285093
822 14.169099756690997 92.85542941944149 -3.513426392610928
1499 16.539026017344895 143.00440722220876 1.6662886907128505
844 5.059241706161138 40.065837966237986 -9.438622150598338
388 5.201030927835052 29.74645086633653 -20.530325506635904
637 49.59183673469388 1069.3433509960898 -1.037242289493966
1627 8.845113706207744 58.17804818933907 9.89130838484739
1683 10.506238859180035 63.63797024090757 6.019948518418062
2467 7.580056749087961 42.81010254521616 16.816559226831995
1136 32.80897887323944 861.6987805114225 7.1926640143056595
1356 18.793510324483776 260.32503818036184 6.098069264392465
1314 18.56392694063927 412.53182629875823 7.1121400199693365
1797 9.521981079577072 102.51169126355103 3.755785177965094
1793 14.054656999442276 267.03427972771794 4.3236543738812605
1437 8.24982602644398 53.12571789162665 -4.441477403127162
473 45.086680761099366 453.50297706095324 -3.531484419788302
1242 16.830917874396135 215.48706484366642 -1.1532890780871152
961 30.734651404786682 486.8169088508418 4.7483169794571145
1083 16.9067405355494 197.7148248551237 7.233179210364388
1564 10.164322250639387 117.20140481136754 4.893360083071689
2108 9.449240986717268 93.33485646377082 7.936499193738947
974 30.18788501026694 463.2880816828851 -1.4602816418372324
1237 17.031527890056587 228.71565372537071 3.939244785340333
1238 11.662358642972537 42.4215027804588 8.765793201684748
1363 13.022010271460015 78.10869329013379 -4.49312273543925
633 15.481832543443918 106.41370608215566 3.078458685815784
1779 15.384485666104553 183.28461667384238 1.1500167935493446
1301 11.638739431206764 82.50920898702996 1.9126992964024587
1012 28.097826086956523 532.9216522769832 -1.1069059222124136
868 15.34331797235023 204.26432481183392 8.121506960121126
1840 7.622826086956522 79.3648777910975 6.646351453105118
790 14.130379746835443 74.77770915140249 -7.489666171888724
818 14.3239608801956 216.52783225214407 -10.209367642999016
863 16.375434530706837 81.57148837892025 0.2689993234842465
885 7.63954802259887 37.82863555023267 -0.6193930445675166
1317 14.514806378132118 104.58625487432624 0.7141594921727592
2274 11.461741424802112 103.64424635633272 21.506749339232503
550 46.64363636363636 717.2719886711258 4.915530325026788
1440 17.127083333333335 247.08944588244364 4.845818418186948
929 12.783638320775028 110.98876246853825 7.598028047174728
642 17.13239875389408 91.26936056385559 -5.989082004870313
1305 18.36015325670498 168.95718183452013 7.0051287019365605
1869 10.29266987693954 91.23999511861093 4.200000716784763
952 14.107142857142858 128.03513941012253 0.09072726939316855
1787 11.120872971460548 88.71044013434617 4.82786073219507
1971 10.67579908675799 78.60918053988946 -0.3861619312823041