410 29.65609756097561 270.8880900683316 -12.908298212013705
777 9.821106821106822 52.0586756109705 4.38218007259811
680 9.730882352941176 68.53639813857808 -14.35197809858092
613 26.98858075040783 305.3096492498488 -6.905281690569543
580 15.689655172413794 107.68699964705368 9.268691640248726
378 15.238095238095237 96.83816985747626 13.738935078421095
321 36.822429906542055 391.67410828154743 4.8889495999805295
256 34.26171875 124.63129160466042 -0.07305188343173519
356 14.162921348314606 97.70545265800766 6.655201356297359
450 17.657777777777778 148.39256718266503 16.12894574478596
636 15.426100628930818 110.87263591269432 -1.9525254348674066
767 14.468057366362451 87.1001983167253 8.92634982706089
608 22.41611842105263 161.70998102739583 -8.853010101993998
858 21.502331002331 500.04642266467744 5.503696150785073
645 8.865116279069767 53.035124606629736 6.41148841565703
376 39.023936170212764 480.1141563737358 0.39161319857677646
345 38.904347826086955 491.203897695785 14.55884106215796
595 24.11764705882353 358.4156494292739 2.5057923261036166
675 11.456296296296296 83.4875857770194 -1.4071704272377752
403 24.049627791563275 175.3859197944474 1.6653042931104314
596 18.42953020134228 316.90304034564923 -1.025084017610726
496 18.330645161290324 123.10669197594898 2.8437217267644566
361 21.775623268698062 187.99418587022953 -3.5382090204807892
473 26.9830866807611 409.18661612708416 -9.422988618376971
661 14.166414523449319 113.41347708394237 -2.2764895456995182
267 47.91011235955056 600.8514116539166 -4.274711597874533
424 23.702830188679247 226.64168668392276 3.846439149133855
537 17.160148975791433 206.08595152868259 3.5966717037211815
528 10.988636363636363 62.802750552251894 -2.420621563357606
426 40.06103286384977 666.5674956986261 7.289536161884977
441 16.854875283446713 105.606774073446 2.4078785915803578
482 18.429460580912863 127.8751344219957 6.559558134668248
591 17.81218274111675 130.20600722925917 0.22275910113875
723 12.464730290456432 58.380469206889785 -6.508741382985595
639 12.075117370892018 78.87698068479949 -7.059552622637721
572 22.825174825174827 215.6221787794864 10.986671751734573
725 11.300689655172414 73.45447053041555 9.782203259446202
388 41.69845360824742 454.1851197334622 -1.2271628438451452
369 17.96747967479675 143.28979873704634 -8.99844394899811
549 18.908925318761383 221.19097010799288 7.508068229496869
510 18.876470588235293 113.84682879535526 6.7013849539446015
262 45.969465648854964 590.1935694747382 0.3746220842520802
442 18.242081447963802 223.14557621405547 6.655011408576224
637 14.293563579277865 178.5880524288969 -4.7064846923814905
399 14.230576441102757 128.6411026875556 5.813186100366346
404 36.82178217821782 278.3121118541998 1.0527550038868698
449 36.21826280623608 495.73739952504144 2.1193776772807396
686 26.723032069970845 292.9747284499809 4.926158437491285
701 14.249643366619116 80.9132018733077 -7.281493626511998
691 11.66425470332851 51.85078372527262 -0.8380954324676074
591 13.27580372250423 92.79130782992117 -0.7947574188546219
656 15.361280487804878 185.53829635801205 4.887895727858758
534 23.331460674157302 180.60574486333957 9.654973477862248
344 18.6046511627907 164.7367017655727 5.43692910370189
717 15.198047419804743 90.62179347295206 -5.071335479982963
324 39.824074074074076 423.3340586616061 18.279922422943518
468 27.89957264957265 319.39223226936093 0.717854050846551
571 19.164623467600702 234.25921743904965 3.221306729772772
502 26.792828685258964 321.1673443177902 8.299650323011551
378 31.1984126984127 295.8858912357957 2.7804443673792885
568 15.35387323943662 77.86515374733816 1.2440094225786265
492 13.237804878048781 116.62960947616843 4.704397176175026
369 14.56910569105691 95.28733451362993 33.47185574903514
491 21.228105906313644 152.0563625010941 6.587198144963173
440 21.62272727272727 151.4674685499352 0.4374246948064707
461 15.171366594360087 158.95833273079222 6.733211437768053
583 17.435677530017152 166.12422421032076 -0.409975704870903
618 22.673139158576053 222.16127984487747 8.022280635500486
505 20.28118811881188 172.07538108290217 11.76921110913626
453 21.20309050772627 205.90866465570176 1.762971077898268
436 24.201834862385322 125.98687712473254 9.48316848458378
389 22.23393316195373 176.23243380588949 24.498605632293888
601 24.292845257903494 359.3930695880826 7.099734645991342
573 21.350785340314136 125.05132274241471 -2.345839734705438
547 15.557586837294332 120.51922204029013 -9.204598969068703
316 43.62341772151899 563.3911006010127 -0.5459497415741649
632 14.02373417721519 110.42574860817639 -5.879786319912
479 27.73695198329854 261.5450433866907 5.893583569457286
535 14.85233644859813 109.01137156303935 -15.882598842885589
361 37.49030470914128 480.92386914307076 8.795602551192314
436 17.30275229357798 74.97339033603807 2.3159857962546586
577 19.630849220103986 199.96741663040228 5.344331814754226
453 26.792494481236204 376.3109315530979 0.442745143139152
153 52.372549019607845 559.4548336375608 -11.337835519994929
376 23.41223404255319 217.33140386434576 -21.41715473980127
408 17.808823529411764 105.35317690003299 -1.3990928377021101
650 18.073846153846155 214.93718744494996 1.6423858607597952
515 15.145631067961165 130.76298931317044 1.6652913604391397
420 23.733333333333334 159.9221397857432 17.35045747388976
489 46.443762781186095 763.0335227615004 2.8531822008094863
556 21.723021582733814 128.43119077922915 -6.743988701796476
717 11.649930264993026 104.066127542389 5.533691523962284
346 20.921965317919074 209.00798511354594 -5.746267186765581
610 18.83606557377049 142.02500130032158 -7.832501117367986
514 26.95330739299611 310.18144833908167 -0.6739738523345208
273 29.326007326007325 279.68543283172795 12.025093957983305
539 12.4860853432282 85.20300592265608 -0.5019943699374737
535 32.730841121495324 378.69434631022676 -7.086924973967004
537 24.931098696461824 188.76559933147684 5.187512860846829
317 38.38801261829653 281.3755042062896 20.24874876051885
432 25.35648148148148 158.47625933497173 5.916123258449736
781 12.769526248399488 67.61111700788123 5.151786165892729
531 17.504708097928436 191.54517268608055 12.577002382772351
630 13.682539682539682 73.08540891809128 8.94015414398898
412 18.114077669902912 106.44910400546723 1.4855442767433338
229 26.532751091703055 111.76982360570634 10.039216114131655
472 32.307203389830505 519.9301257965565 -3.3684678852739425
300 22.67 195.0557042659011 -1.9163173400139029
683 19.6896046852123 165.7552580104657 7.410004452988151
571 22.15936952714536 261.82222313584964 8.742788978225017
126 82.30952380952381 632.6154259982001 15.048957163448494
456 46.2171052631579 671.9628153653487 4.281529270618942
596 14.796979865771812 139.84171561848203 4.59027918207605
436 20.970183486238533 143.42520836791272 -11.23159722578572
680 20.985294117647058 168.8029039204371 8.128680450784065
454 25.748898678414097 382.80826849521225 -0.32186239753072277
287 45.926829268292686 310.3137642398513 -34.375792670676006
467 17.779443254817988 66.04605950173837 1.26382082425445
273 41.37728937728938 446.7237025768104 0.2626433216441144
712 14.866573033707866 110.8393558950168 -5.612677782385025
707 12.328147100424328 87.77520366758726 -10.547420278079901
665 18.18796992481203 153.02547580796715 3.3778973640002814
222 47.027027027027025 506.49368715256054 -10.868812244063278
384 23.723958333333332 270.1571916051806 7.179985763747811
445 20.240449438202248 144.39041388634467 0.5389033791144867
404 22.346534653465348 147.4965470744399 -2.3094107418351757
576 29.22222222222222 380.8382739366695 5.2276436598909095
509 27.956777996070727 262.0109066893901 7.951431853845406
379 23.160949868073878 237.4777155608837 12.465950852319057
626 15.97923322683706 104.17014781854091 7.978888080182476
427 17.59718969555035 155.93022757093098 4.388386004914451
381 16.719160104986877 82.35737612332758 0.7811917856024748
307 30.729641693811075 262.103894164802 18.68181086362588
324 38.04320987654321 428.71416776108464 -4.138128579763102
489 15.76278118609407 96.08308949629237 3.3590162698193207
611 22.410801963993453 204.88361587381834 3.3591849654130783
488 17.688524590163933 184.14024110146354 -3.209469078407045
328 14.847560975609756 83.65533197126105 8.572555276583794
425 17.63764705882353 66.72091474981366 -7.1089547117529115
355 35.738028169014086 514.7747343697122 -3.2000201942019464
509 16.840864440078587 243.78986293362115 17.232770185586144
515 19.314563106796115 172.7822527787347 2.9776738328223393
685 10.127007299270073 60.62053746525668 -5.2971129463927475
591 18.093062605752962 128.79017866699812 -3.685664803782701
373 35.34584450402145 516.3016772648904 -0.8088422708026449
424 12.233490566037736 121.13745393686675 5.692914707019822
614 18.51628664495114 187.07124414567573 7.0954124497500635
634 14.790220820189274 91.09196569136 6.805107498554916
712 14.662921348314606 117.828915092668 0.6706644086186729
357 25.893557422969188 238.2690729720578 0.043462308315105135
785 10.7171974522293 67.83044820910176 -7.9337366244156176
488 18.309426229508198 147.76178683560616 -8.431181872626073
828 15.21135265700483 81.9063770741735 -0.9092881744275129
431 15.440835266821345 119.8061489276742 11.450992469028836
395 25.29620253164557 293.84318707973165 2.331209910332672
393 23.51145038167939 207.96289426365766 7.913049210978979
382 25.17539267015707 322.3002536930509 -7.69385931827737
279 38.340501792114694 380.2699600040327 -8.032181615676526
439 30.109339407744876 230.07876610928264 6.118780305282681
534 16.01310861423221 125.35669637594785 -4.76121414197641
506 24.32608695652174 235.93889975645166 1.0719269268681313
403 22.094292803970223 161.5741455443006 7.317249428389381
420 29.357142857142858 340.08354865830717 -9.45135015386846
773 12.716688227684347 60.54191404878639 0.058556006718857814
723 16.20470262793914 100.39340117075514 3.558823470124828
345 33.65797101449275 369.87864692484715 -2.4089612037435564
695 28.218705035971222 256.233118782317 2.2503794869186446
674 10.891691394658753 74.06848917209737 14.054326196828546
792 15.05050505050505 103.00866627632722 11.266694024291004
578 16.124567474048444 183.63849054484197 10.25855405760816
540 20.118518518518517 170.0505067391734 -9.411464122032582
757 8.256274768824307 41.871923399980105 13.503005545381747
518 15.061776061776062 89.68156905689061 9.232307286249624
397 29.61712846347607 346.1269543429646 -4.291674596103027
422 36.177725118483416 379.5914356083946 -18.382720870425274
680 18.223529411764705 170.48604403608135 24.544738395287315
560 18.639285714285716 118.49621102829079 -13.490306072071215
468 14.775641025641026 79.40501827975288 0.9616455759113313
752 16.26595744680851 156.81174684151551 18.350523676479998
165 38.406060606060606 361.7827222865781 -6.923799079750891
430 17.893023255813954 194.31090574350148 10.018265702441544
675 14.020740740740742 96.32246543563683 3.1219892213080374
551 16.970961887477316 145.34147497308066 27.29555251941575
662 16.916918429003022 101.72723162135003 11.619324342375378
374 46.0 481.03027243059495 -13.960228291538112
658 19.253799392097264 160.09030798423942 -5.9903096896584636
677 10.961595273264402 79.55510526189117 -3.3762263767489546
462 32.84199134199134 489.4414863288129 0.07905275176584713
426 13.795774647887324 101.4677176673708 -9.542248117410036
492 13.414634146341463 74.48453507073498 5.2632782914364125
553 10.770343580470163 70.36839040532604 7.007721399572039
638 21.987460815047022 142.579427897915 9.619937258367507
295 28.413559322033898 344.9675766919076 -1.629956038856084
647 26.44822256568779 419.10931909598526 7.127557770629093
613 17.760195758564436 64.42854266988559 -7.083959537246228
532 21.82894736842105 220.98087656778446 7.418511246323331
459 24.980392156862745 228.7786593998577 0.32875838210776775
678 18.0 215.33351370349624 -2.3715890254407372
780 16.616666666666667 138.22017174084388 3.3540587841471985
358 22.145251396648046 301.42299593337395 5.602212034941407
605 17.912396694214877 100.07931034294084 -1.289925547919311
467 20.218415417558887 202.05569716598464 13.05943471038934
256 48.62890625 283.51232988298534 -8.99148469115422
522 13.833333333333334 93.5200769314912 4.870849475492239
751 15.954727030625833 198.57310721515123 -6.05915613017115
254 21.374015748031496 117.08004981625231 1.3107692698124676
368 33.18478260869565 216.34866079849112 -4.804607987938891
421 17.47268408551069 167.6394653608672 15.611398363319294
560 15.535714285714286 112.1489864112076 -11.472920288066796
385 29.724675324675324 319.8698956925286 16.529721600682084
495 21.961616161616163 111.0115861703394 1.4034290654619483
621 22.064412238325282 251.85254172904263 -15.926169890490865
408 56.205882352941174 728.7304544613978 -4.048928024346781
677 26.3781388478582 401.8603143565361 5.0950228414403265
482 22.008298755186722 148.93997486807655 -14.330756028192534
712 17.655898876404493 148.92667817023664 -4.76585647754928
456 37.53508771929825 325.62872868389616 7.386297962173857
435 16.698850574712644 147.7074737945605 6.6576920890802205
495 16.67878787878788 214.9580740294487 14.448684433122352
876 13.179223744292237 131.1143530915362 12.594822327679493
605 16.264462809917354 166.90672253197084 -1.9799380056771734
611 14.566284779050736 97.11642889753969 -1.38592077126254
537 24.35754189944134 260.27193683210953 20.872230484251617
551 15.490018148820326 101.13274681078892 13.358621943413958
381 30.139107611548557 214.2511810366085 3.987362855862528
278 22.600719424460433 165.12278709986188 10.99951123182764
421 16.919239904988125 88.40297571002134 7.859162262618651
510 20.649019607843137 171.14928797266037 4.615605352009441
911 12.334796926454446 87.34677276428289 6.167883470481024
591 13.88155668358714 65.80723154898617 -8.484307572914288
495 24.95959595959596 196.856247566333 3.974500979475109
414 35.56280193236715 486.38356831261916 11.788563215570422
533 17.634146341463413 193.46239730691445 7.4102875173210405
498 22.68273092369478 186.83059284996816 -18.22995440073974
568 17.913732394366196 187.28807165234082 -2.215612029794992
542 18.35977859778598 127.4852342450077 6.577624700013747
366 18.333333333333332 102.2304710776476 3.756150193237001
376 19.300531914893618 191.98294084158923 9.634778225483187
862 10.627610208816705 74.8364920141258 15.375184358949028
646 16.275541795665635 113.30202215903145 23.656637707700906
601 23.612312811980033 277.42706216848467 0.8543884844477615
896 13.371651785714286 114.31157120978688 0.9637986168271764
690 11.276811594202899 111.37284378098214 -3.5867762862037185
602 15.325581395348838 175.9166415120372 15.89682727857988
565 16.447787610619468 127.42283946463141 6.574609441608738
361 19.897506925207757 210.72775368012134 9.93191415869127
582 11.352233676975946 69.89993820447962 18.293005497971965
299 23.933110367892976 232.39941300393406 3.5849161679815396
681 28.22173274596182 414.1116378851797 -13.635362332590736
353 16.92067988668555 107.97441963132697 5.1127295386105
274 20.156934306569344 152.65815362427838 14.630365605710983
592 16.54054054054054 145.35783564531914 -9.620517051075286
327 30.24159021406728 257.98694888150806 -12.544215446992117
330 25.26969696969697 178.00343031227928 5.651726227367333
267 34.655430711610485 377.83849223686275 17.941677329412162
523 23.1395793499044 222.0793736573245 16.64448276260766
407 18.845208845208845 182.66040541273873 42.08645029558587
491 12.095723014256619 63.089541336948855 11.833687753969123
567 26.26278659611993 214.0028756041331 7.205257482998187
615 28.609756097560975 524.5200118504991 1.8371486963105452
308 54.642857142857146 785.0679115183176 -4.816390692485407
446 30.690582959641254 380.15244552622636 -4.522238890322662
422 17.39099526066351 125.37731192466582 5.8002110839058245
439 22.20501138952164 177.3324455341517 8.125387008755581
631 21.5229793977813 181.488027121867 5.871214015585381
431 30.26682134570766 316.05724435076866 9.238809035027986
418 18.875598086124402 108.61324136036532 6.002678489446093
702 10.53988603988604 69.76666833268894 15.363384038714537
281 33.62633451957296 224.60712845648547 -10.071433578145346
699 23.62947067238913 193.70881733311816 2.566255733849064
559 27.978533094812164 282.6203093426701 -5.111054266383181
765 18.76339869281046 155.16765621791578 -6.992973996222166
748 20.885026737967916 206.15747353285175 1.3229586017092771
369 36.482384823848236 282.4791434635017 0.4710228203515323
462 21.707792207792206 159.6463051659333 -6.955930912586073
464 13.060344827586206 55.18863244913061 4.145731089096492
531 18.91713747645951 112.74674012473758 17.802105439990445
275 48.02909090909091 607.0575703334681 8.691832805556162
704 15.995738636363637 129.74489276171866 5.757008419800371
751 10.250332889480692 77.9839252224344 1.4078599996364325
545 19.544954128440367 257.92671297004114 -6.131122255568662
461 48.273318872017356 868.8994429734746 4.853283792692188
573 17.57068062827225 136.3634041396077 9.959933126109672
454 23.90748898678414 179.6311940923726 -1.1292788132953777
703 20.041251778093883 187.60666687563514 4.362006695632472
727 10.9353507565337 55.30227007045684 -2.13954496724868
690 14.32463768115942 113.07711413372184 1.74990801677358
526 34.81178707224335 579.9334339127296 -6.713590400126323
611 17.178396072013093 93.32916559303189 0.7814483662638727
540 15.675925925925926 194.75097245531484 -11.972215851537369
895 12.863687150837988 109.7147106438162 -0.7751063128280438
685 15.693430656934307 149.96303009341983 3.8049927779388777