0.07142857142857113 0.17599999999999996
0.6038191596025886 0.9512195121951219
0.09649122807017545 0.8375
0.5333333333333333 0.544973544973545
0.6428571428571429 0.371900826446281
0.2753623188405797 0.2525252525252526
0.5246478873239436 0.9930555555555556
0.09316770186335405 0.7725490196078432
0.8611111111111114 0.1568627450980392
0.6219512195121951 0.475
0.5903426791277259 0.7592592592592592
0.6313131313131313 0.2345132743362831
0.07111111111111112 0.40454545454545465
0.5857843137254902 0.3333333333333333
0.06696428571428571 0.9323308270676692
0.10377358490566041 0.22857142857142865
0.5731707317073171 0.43333333333333335
0.5867768595041322 0.6748466257668712
0.07471264367816095 0.15584415584415584
0.5294117647058824 0.5194805194805195
0.5737704918032787 0.5662650602409639
0.9772727272727273 0.9863013698630138
0.5931372549019608 0.6
0.5619047619047618 0.48717948717948717
0.6927083333333334 0.16582914572864318
0.5958333333333333 0.6739130434782609
0.8939393939393939 0.3351351351351351
0.506172839506173 0.24795041322314043
0.042134831460674156 0.7434782608695653
0.5706214689265536 0.5048076923076923
0.9126984126984127 0.7222222222222223
0.5666666666666667 0.5333333333333333
0.5632183908045977 0.27175306577480485
0.4444444444444444 0.1639344262295081
0.5975609756097561 0.5454545454545455
0.6623376623376623 0.45751633986928103
0.8333333333333334 0.4117647058823529
0.5863095238095238 0.375
0.1904761904761905 0.5658914728682171
0.1923076923076923 0.23076923076923073
0.5873983739837398 0.8991596638655462
0.22222222222222232 0.43315508021390375
0.5982905982905983 0.3888888888888889
0.5833333333333334 0.5590551181102362
0.1149425287356322 0.49375
0.6041666666666666 0.48839888543564464
0.5617283950617283 0.5602836879432624
0.04227053140096618 0.7154811715481172
0.624031007751938 0.36065573770491793
0.509009009009009 0.8479330045543967
0.5593047034764825 0.9322033898305084
0.4916666666666667 0.17543859649122795
0.556547619047619 0.6109225741578682
0.9078947368421052 0.6641221374045801
0.07352941176470591 0.6
0.6196581196581196 0.475
0.053571428571428575 0.708133971291866
0.08974358974358976 0.2903225806451613
0.18571428571428572 0.3424657534246575
0.12152777777777773 0.6853932584269663
0.6416666666666667 0.4626865671641791
0.5683760683760684 0.4693877551020407
0.6956521739130435 0.27142857142857146
0.6846846846846848 0.3521526888604354
0.5111111111111111 0.8273381294964028
0.05213675213675214 0.7913385826771654
0.6222222222222222 0.17525773195876285
0.6827956989247311 0.3257251082251082
0.6166666666666668 0.2099447513812155
0.5740740740740741 0.3937007874015748
0.59375 0.3934426229508197
0.5660377358490566 0.6260869565217391
0.4583333333333324 0.2525252525252526
0.5833333333333334 0.46341463414634154
0.5730593607305936 0.5578231292517006
0.5628415300546448 0.4161073825503356
0.5813008130081301 0.5597014925373134
0.6333333333333335 0.2564102564102565
0.5512820512820512 0.2686567164179105
0.5752688172043011 0.569620253164557
0.5866666666666667 0.3088235294117647
0.12500000000000006 0.5
0.6904761904761904 0.13461538461538466
0.22222222222222232 0.16860465116279075
0.8333333333333334 0.4243748718999795
0.5662100456621005 0.47435897435897445
0.8888888888888888 0.20512820512820512
0.5873983739837398 0.4182692307692308
0.6256038647342995 0.4666666666666667
0.06469298245614036 0.9843137254901961
0.47222222222222215 0.4285714285714286
0.5886075949367089 0.7050359712230216
0.6216216216216216 0.3423423423423424
0.5608974358974359 0.8666666666666667
0.1097560975609756 0.37837837837837845
0.6666666666666666 0.75
0.5617283950617283 0.8615384615384616
0.5434782608695651 0.3532934131736527
0.5981481481481482 0.4383561643835616
0.5798319327731093 0.7428571428571428
0.510752688172043 0.4444444444444445
0.54 0.31147540983606553
0.6428571428571428 0.21739130434782608
0.11517615176151762 0.4642857142857143
0.11333333333333333 0.7568627450980392
0.5778985507246377 0.8672566371681416
0.05952380952380962 0.21476510067114102
0.6416666666666667 0.08368200836820089
0.5693069306930693 0.4635761589403974
0.5919540229885057 0.9166666666666666
0.10493827160493825 0.9951690821256038
0.08333333333333337 0.6440677966101694
0.3846153846153845 0.25961538461538464
0.40196078431372556 0.17261904761904767
0.5233333333333333 0.7164371441760271
0.07575757575757576 0.442490590987692
0.6166666666666666 0.39495798319327735
0.5576923076923077 0.47916666666666663
0.07333333333333326 0.4182692307692308
0.15909090909090912 0.6
0.5833333333333334 0.4411764705882354
0.5478927203065135 0.6216216216216217
0.18699186991869918 0.6839378238341969
0.023364485981308414 0.8018867924528302
0.6093189964157706 0.34334763948497854
0.5545454545454546 0.184873949579832
0.4705882352941176 0.6666666666666667
0.5790960451977402 0.4344827586206897
0.6136950904392765 0.5856715993170176
0.12962962962962962 0.6423357664233577
0.04273504273504272 0.6
0.6406727828746177 0.75
0.6058558558558559 0.640625
0.6382978723404255 0.2908366533864542
0.5919540229885057 0.23333333333333334
0.6045751633986928 0.2229729729729729
0.11111111111111116 0.7
0.6219512195121951 0.1212121212121212
0.596969696969697 0.3846153846153846
0.5888888888888889 0.3987031521469347
0.6759259259259259 0.3294117647058824
0.5297619047619048 0.5692307692307692
0.6421568627450981 0.3693693693693693
0.4613095238095238 0.82
0.5387666620543332 0.55
0.4875 0.8375267094017094
0.05555555555555557 0.9534883720930233
0.5707070707070706 0.3970588235294118
0.5620915032679739 0.3394511149228131
0.6097560975609756 0.5777777777777777
0.07622739018087854 0.8571428571428571
0.16666666666666666 0.4285714285714286
0.5576923076923077 0.5510204081632653
0.5740740740740741 0.12751677852349005
0.5454545454545454 0.4166666666666667
0.5608974358974359 0.7431192660550459
0.0625 0.777310924369748
0.6031746031746031 0.25454545454545463
0.4444444444444447 0.16999999999999996
0.13333333333333353 0.48148148148148145
0.10042735042735042 0.6874999999999999
0.5555555555555556 0.6666666666666667
0.5555555555555555 0.6682027649769585
0.6311111111111111 0.3901098901098901
0.5761316872427984 0.49122807017543857
0.6004140786749482 0.815
0.5399999999999999 0.47058823529411764
0.08666666666666666 0.4429530201342282
0.5989583333333334 0.6117021276595745
0.536036036036036 0.37323943661971837
0.5804597701149425 0.5490196078431373
0.05182072829131653 0.7291044156706507
0.5730994152046783 0.5775862068965517
0.58675799086758 0.42682926829268286
0.06545209176788123 0.9568627450980393
0.5333333333333333 0.3289473684210526
0.13888888888888865 0.4013157894736842
0.10657596371882087 0.49606299212598426
0.5445544554455446 0.5496688741721855
0.48611111111111116 0.7606382978723404
0.43333333333333335 0.4774193548387097
0.5517241379310345 0.6129032258064516
0.4393939393939394 0.7149122807017544
0.7666666666666669 0.15384615384615374
0.5539215686274509 0.724867724867725
0.12152777777777779 0.6250000000000001
0.08796296296296297 0.8150684931506849
0.5780141843971631 0.5142857142857142
0.5555555555555555 0.6048387096774194
0.573490813648294 0.7972350230414748
0.06666666666666667 0.90625
0.7051282051282052 0.34090909090909083
0.6041666666666666 0.7678571428571429
0.4617117117117117 0.49411764705882344
0.2380952380952381 0.4375
0.4895833333333333 0.2891566265060241
0.5905797101449276 0.73
0.04195011337868481 0.6538461538461539
0.5617283950617283 0.8661417322834646
0.633333333333333 0.17679558011049723
0.573170731707317 0.21951219512195116
0.5847457627118644 0.5918367346938775
0.6217948717948719 0.30985915492957755
0.5499999999999999 0.27388535031847144
0.4166666666666667 0.1214953271028037
0.2666666666666669 0.16149068322981364
0.5878787878787879 0.8
0.5879629629629629 0.9230769230769231
0.6097222222222222 0.7030303030303031
0.5833333333333334 0.251497005988024
0.6123188405797101 0.2433862433862434
0.6426940639269406 0.7073170731707317
0.19135802469135796 0.42658144607685894
0.565217391304348 0.26490066225165565
0.6006711409395974 0.695906432748538
0.5729166666666666 0.38095238095238093
0.5601851851851852 0.36082474226804123
0.5679012345679012 0.9134615384615385
0.5833333333333335 0.4659090909090909
0.07870370370370368 0.45762711864406785
0.08080808080808081 0.5120481927710844
0.58675799086758 0.37738161302256756
0.5745147443075774 0.8202247191011236
0.6432748538011697 0.21862348178137656
0.6 0.6357615894039735
0.15873015873015872 0.46564885496183195
0.0784313725490196 0.37804878048780477
0.6139240506329113 0.8787878787878788
0.07657657657657659 0.7580645161290324
0.7528735632183908 0.6
0.8888888888888888 0.20388349514563117
0.5813333333333334 0.5401079339963833
0.4833333333333334 0.15976331360946738
0.19444444444444456 0.33198380566801616
0.5666666666666668 0.46385542168674704
0.5833333333333334 0.2839506172839506
0.08249158249158249 0.5841584158415841
0.5869565217391305 0.39090909090909093
0.6060606060606061 0.3898305084745763
0.5704225352112676 0.7349397590361446
0.5572916666666666 0.715846994535519
0.7222222222222222 0.2222222222222222
0.18749999999999992 0.4545454545454546
0.6052631578947368 0.6666666666666666
0.10451977401129942 0.8862745098039215
0.6007751937984497 0.3526861611696702
0.5771349862258953 0.8055555555555556
0.5462962962962963 0.26775956284153
0.5813953488372093 0.3424657534246575
0.587719298245614 0.4727272727272728
0.6666666666666666 0.11111111111111108
0.18154761904761899 0.29060881647088543
0.5692883895131086 0.8602150537634409
0.07664233576642336 0.7868852459016394
0.057795698924731194 0.6244131455399061
0.5987654320987654 0.6041666666666666
0.5733333333333333 0.9433962264150944
0.3645833333333333 0.36051277163553186
0.07435897435897436 0.6438356164383561
0.6785714285714287 0.24161073825503362
0.573170731707317 0.3787878787878788
0.6045751633986928 0.4863636363636364
0.6097560975609756 0.304147465437788
0.5884353741496599 0.7021276595744682
0.2072072072072072 0.41500000000000004
0.3055555555555555 0.7171717171717171
0.5526315789473685 0.3103448275862069
0.6929824561403509 0.6627906976744187
0.527777777777778 0.23076923076923078
0.608187134502924 0.3541666666666667
0.5777777777777778 0.49295774647887325
0.5964912280701754 0.17460317460317465
0.5833333333333334 0.2142857142857143
0.5681818181818182 0.22891566265060245
0.5025252525252526 0.7654320987654321
0.617283950617284 0.4393939393939394
0.5399999999999999 0.388235294117647
0.5434782608695651 0.8023255813953489
0.07956448911222781 0.8658008658008658
0.040598290598290614 0.8920863309352518
0.5900673400673401 0.8070175438596491
0.14758001561280246 0.35266239648033126
0.05615942028985507 0.48888888888888893
0.5714285714285715 0.9675324675324675
0.643939393939394 0.3652173913043479
0.7564102564102564 0.8285714285714286
0.08169934640522876 1.0
0.6666666666666666 0.05844155844155842
0.572463768115942 0.9196428571428572
0.5857142857142856 0.2300469483568076
0.587719298245614 0.46391752577319584
0.1111111111111111 0.37735849056603776
0.6320987654320988 0.8601398601398601
0.550595238095238 0.5384615384615384
0.5092592592592592 0.23577235772357721
0.624087591240876 0.803680981595092
0.46124031007751937 0.9137931034482758
0.5873983739837398 0.4853801169590643
0.48888888888888893 0.5492957746478874
0.13194444444444445 0.8225108225108225
0.6025641025641025 0.4632352941176471
0.1135265700483092 0.7192982456140351
0.5582010582010583 0.5546218487394958
0.11979166666666669 0.3513513513513513
0.550351031154015 0.9065420560747663
0.8770833333333333 0.6545454545454545
0.5057471264367815 0.5892857142857142
0.16666666666666666 0.2256097560975609
0.5350877192982456 0.5483870967741935
0.6016260162601627 0.22627737226277375
0.6333333333333334 0.30952380952380953
0.5277777777777778 0.7118644067796611
0.14285714285714293 0.5535714285714286
0.4193548387096775 0.4239130434782609
0.5229885057471265 0.28682170542635654
0.13930348258706468 0.31468531468531474
0.5805555555555556 0.36213991769547327
0.5592592592592592 0.39759036144578314
0.6190476190476191 0.29591836734693877
0.5746527777777778 0.9421052631578948
0.6553030303030304 0.34594594594594597
0.0782608695652174 0.994535519125683
0.5526315789473683 0.15183246073298434
0.5608108108108109 0.775
0.5763888888888888 0.7403846153846153
0.12728937728937728 0.5785123966942148
0.5 0.03783783783783786
0.10606060606060609 0.6666666666666666
0.0948509485094851 0.7544642857142857
0.09090909090909094 0.34375
0.4444444444444444 0.6690647482014388
0.6463414634146342 0.41216216216216206
0.6291666666666667 0.46706586826347307
0.08333333333333333 0.783625730994152
0.475609756097561 0.5
0.34920634920634913 0.6083142639206712
0.05873015873015874 0.6538867250892567
0.07333333333333332 0.7362204724409449
0.565843621399177 0.5885714285714286
0.6122448979591837 0.281081081081081
0.14444444444444438 0.38317757009345804
0.4781420765027322 0.5083333333333333
0.5462962962962963 0.5596330275229358
0.6577380952380952 0.5942028985507246
0.5934065934065934 0.7540007806401249
0.11666666666666681 0.18666666666666676
0.6382978723404256 0.425
0.5297029702970297 0.5402530589543938
0.5 0.2717391304347826
0.5242424242424243 0.3356643356643357
0.5813953488372093 0.4017094017094016
0.47222222222222227 0.7443609022556392
0.6226415094339622 0.29545454545454547
0.5931372549019608 0.5463917525773195
0.4666666666666665 0.1917808219178082
0.573045267489712 0.8974358974358975
0.11666666666666665 0.5119190020505809
0.08754208754208757 0.5911949685534591
0.4444444444444444 0.3076923076923077
0.5808080808080808 0.2411347517730497
