0.24537037037037035 0.7777777777777778
0.5970149253731344 0.39877300613496935
0.15277777777777773 0.5517241379310345
0.2046979865771812 0.9285714285714286
0.21428571428571427 0.5581395348837209
0.23737373737373743 0.24705882352941172
0.11328125 1.0
0.17610062893081765 0.43157894736842106
0.10569105691056913 0.7999999999999999
0.5648148148148148 0.2952380952380953
0.2542372881355932 0.7820512820512822
0.2113095238095238 0.7619047619047619
0.2753623188405797 0.5423728813559322
0.22764227642276424 0.30695240576689237
0.2575757575757576 0.8974358974358975
0.20085470085470084 0.7262218045112782
0.26666666666666666 0.37735849056603776
0.144 0.7835051546391752
0.6944444444444443 0.043478260869565216
0.1944444444444444 0.16129032258064516
0.6333333333333334 0.2820512820512821
0.26 0.2876712328767123
0.19512195121951215 0.7857142857142857
0.1184738955823293 0.9813664596273293
0.08974358974358977 0.5125
0.1929824561403509 0.6352941176470588
0.2166666666666667 0.828125
0.23076923076923075 0.5934065934065934
0.19312169312169314 0.44360902255639106
0.16468253968253968 0.5344827586206896
0.26666666666666666 0.7115384615384615
0.10606060606060612 0.2921348314606741
0.1913580246913581 0.17821782178217815
0.3611111111111111 0.39772727272727276
0.17567567567567566 0.5333333333333333
0.16379310344827588 0.40939597315436244
0.6064814814814815 0.6257668711656442
0.4166666666666667 0.7241931918656057
0.5698924731182796 0.5732113821138212
0.25 0.375
0.07894736842105271 0.23595505617977525
0.1704545454545455 0.5379310344827586
0.09313725490196079 1.0
0.12430939226519337 0.8988913459239781
0.23076923076923075 0.48750000000000004
0.5966183574879227 0.7475728155339807
0.2916666666666667 0.5320197044334974
0.23148148148148148 0.45000000000000007
0.21505376344086016 0.796875
0.20491803278688528 0.5555555555555556
0.1894977168949772 0.5280898876404494
0.17375886524822692 0.4051724137931035
0.22222222222222218 0.9111111111111111
0.5444444444444444 0.35714285714285715
0.2911111111111111 0.7435897435897436
0.4517543859649123 0.43269230769230765
0.6111111111111114 0.16494845360824742
0.2121212121212121 0.39436619718309857
0.5555555555555557 0.34117647058823525
0.42635658914728675 0.48
0.2333333333333333 0.5
0.16666666666666666 0.5238095238095238
0.34313725490196073 0.5
0.1610169491525423 0.3928571428571429
0.2619047619047619 0.4927536231884057
0.5982905982905983 0.6666666666666666
0.31025641025641026 0.5179856115107913
0.2777777777777778 0.3222222222222222
0.11574074074074074 0.6021505376344086
0.18382352941176472 0.32919254658385094
0.22222222222222224 0.3043478260869565
0.23224043715846995 0.9659090909090908
0.3333333333333333 0.7590361445783133
0.14285714285714288 0.7681159420289855
0.22510822510822512 0.8983050847457628
0.12015503875968993 0.9731693432406519
0.18949771689497716 0.5526315789473685
0.10833333333333331 0.4835164835164835
0.14311594202898553 0.6987951807228916
0.10256410256410257 0.9189189189189189
0.16874999999999998 0.5148514851485149
0.1333333333333333 0.4887218045112782
0.3461538461538462 0.5466666666666666
0.10818713450292398 0.6458333333333333
0.21249999999999994 0.43749999999999994
0.15740740740740744 0.39428571428571435
0.19444444444444442 0.6923076923076923
0.13636363636363635 0.5555555555555556
0.2385057471264368 0.9142857142857141
0.4351851851851852 0.7538461538461538
0.29523809523809524 0.5294117647058824
0.22222222222222224 0.14563106796116507
0.1773049645390071 0.5151515151515151
0.19444444444444442 0.4761904761904763
0.2982456140350877 0.5757575757575758
0.4444444444444444 0.4042553191489362
0.25675675675675674 1.0
0.23958333333333337 0.6363636363636364
0.27777777777777773 0.6137931034482759
0.1437908496732026 0.46031746031746035
0.20306040537828618 0.8115942028985508
0.17412935323383083 0.5876288659793815
0.3333333333333333 0.5555555555555556
0.27651515151515155 0.5
0.28571428571428575 0.5488823962079111
0.30555555555555564 0.42574257425742573
0.09523809523809529 0.7216494845360825
0.32222222222222213 0.3715939299955693
0.1923076923076923 0.781301738410596
0.5729166666666666 0.327659574468085
0.17156862745098045 0.6666666666666666
0.5367476851851851 0.47368421052631576
0.36594202898550726 0.5857142857142859
0.4166666666666667 0.5619047619047619
0.2882352941176471 0.6339285714285715
0.18959882803696193 1.0
0.6031746031746031 0.2413793103448276
0.22307692307692303 0.6171875
0.26190476190476186 0.5384615384615384
0.18686868686868693 0.5319148936170213
0.11203333792533407 0.9448275862068966
0.16666666666666666 0.49612403100775193
0.20430107526881724 0.41726618705035967
0.19420289855072462 1.0
0.11445783132530118 0.5681818181818182
0.2733333333333333 0.523076923076923
0.425 0.43589743589743596
0.2333333333333333 0.42857142857142855
0.10714285714285716 0.8082901554404146
0.125 0.8148148148148148
0.23888888888888885 0.4545454545454546
0.6057692307692307 0.3113207547169811
0.173469387755102 0.4571428571428572
0.15891472868217058 0.39199999999999996
0.13194444444444445 0.8837502936340147
0.19281045751633985 0.4777777777777777
0.08590938047459787 0.9649122807017544
0.19135802469135796 0.2424242424242424
0.18229166666666666 0.5139213395638629
0.22163120567375885 0.5702479338842975
0.1923076923076922 0.2660550458715596
0.19047619047619047 0.6266666666666667
0.08403361344537817 0.8518518518518519
0.5111111111111112 0.4444444444444444
0.22030651340996169 0.9022988505747127
0.19047619047619058 0.27586206896551724
0.11458333333333331 0.8214285714285714
0.23333333333333317 0.12727272727272732
0.27956989247311825 0.2794117647058824
0.16666666666666666 0.42372881355932207
0.3888888888888889 0.5333333333333333
0.2575757575757576 0.607843137254902
0.5333333333333333 0.6785714285714286
0.16666666666666666 0.4693877551020407
0.2797619047619047 0.24166666666666664
0.29012345679012347 0.22368421052631574
0.10444444444444445 1.0
0.375 0.5087719298245613
0.32499999999999996 0.55
0.09166666666666669 0.5324675324675324
0.21666666666666665 0.5833333333333334
0.1929824561403508 0.42105263157894735
0.1865942028985507 0.5254237288135594
0.22222222222222232 0.2757412181759588
0.2579365079365079 0.7058823529411764
0.26811594202898553 0.5918367346938775
0.4444444444444445 0.5476190476190477
0.2333333333333334 0.46551724137931033
0.34684684684684686 0.5306122448979591
0.5567632850241546 0.6470588235294118
0.5625 0.5
0.20833333333333334 0.7058823529411765
0.2976190476190476 0.38534499235474
0.1368734335839599 0.75
0.5229885057471265 0.71875
0.3645833333333333 0.16268562622583366
0.2878787878787879 0.5669291338582677
0.18095238095238098 0.6666666666666666
0.24404761904761907 0.5151515151515151
0.13333333333333333 1.0
0.1759259259259259 0.4626865671641791
0.11983471074380166 0.5511111111111111
0.19281045751633985 0.41747572815533984
0.21031746031746035 0.813953488372093
0.23106060606060605 0.34042553191489366
0.19047619047619038 0.2079405940594059
0.24871794871794872 0.5614269631297496
0.23958333333333334 0.7903225806451613
0.23737373737373743 0.27272727272727265
0.19270833333333334 0.8155339805825242
0.2579365079365079 0.7894736842105263
0.18827160493827164 0.33143659711075446
0.12091503267973853 0.48684210526315785
0.19999999999999982 0.1900826446280992
0.1610169491525424 0.4012345679012346
0.15853658536585363 0.8076923076923077
0.14641744548286603 0.9374999999999999
0.5909090909090909 0.36000000000000004
0.4090909090909091 0.4482758620689655
0.18949771689497716 0.5555555555555556
0.16312056737588654 0.5714285714285714
0.19308943089430894 0.9428571428571428
0.18571428571428572 0.7727272727272726
0.2619047619047619 0.7857142857142857
0.3802083333333333 0.47826086956521735
0.1797385620915033 0.6888888888888889
0.3055555555555555 0.5059549745824256
0.1708333333333333 0.4166666666666667
0.40833333333333327 0.7164179104477612
0.12790697674418605 0.8770491803278688
0.19166666666666665 0.8387096774193549
0.5555555555555556 0.4074074074074074
0.13522012578616355 0.6809596844872918
0.19696969696969693 0.38636363636363635
0.6969696969696969 0.5833333333333334
0.25641025641025644 0.7916666666666666
0.1568627450980392 0.8636363636363636
0.1950354609929078 0.47761194029850745
0.18750000000000008 0.41304347826086957
0.26 0.725
0.2246376811594203 0.41588785046728977
0.1706349206349206 0.3363636363636364
0.25203252032520324 0.8974358974358975
0.4761904761904761 1.0
0.2351190476190476 0.7162162162162162
0.23976608187134504 0.9647887323943661
0.09523809523809523 0.5757575757575757
0.2692307692307692 0.40740740740740744
0.2570281124497992 0.8375
0.42222222222222205 0.2889974545261707
0.24468085106382978 0.7058823529411765
0.26666666666666666 0.41304347826086957
0.21839080459770113 0.627906976744186
0.3333333333333333 0.690909090909091
0.6219512195121951 0.31645569620253167
0.19607843137254907 0.6578947368421053
0.25862068965517243 0.6206896551724138
0.15555555555555553 0.592274678111588
0.2058823529411765 0.28
0.24468085106382978 0.5616438356164384
0.23359580052493442 0.9194630872483223
0.15873015873015875 0.625
0.38461538461538464 0.34090909090909083
0.32857142857142857 0.3802816901408451
0.2764227642276422 0.2765957446808511
0.44444444444444425 0.3092783505154639
0.15873015873015875 0.275
0.45555555555555555 0.4393939393939394
0.14285714285714282 0.3868613138686131
0.1759259259259259 0.36363636363636365
0.1904761904761905 0.8356675526477203
0.24731182795698925 0.7777777777777778
0.3518518518518518 0.3517241379310344
0.5444444444444444 0.42105263157894735
0.21726190476190474 0.7368945271545397
0.1431067925633143 0.7537037717814866
0.26282051282051283 0.48148148148148145
0.09121621621621621 0.6451612903225806
0.19017094017094016 0.4415584415584415
0.17567567567567574 0.4201680672268908
0.4215686274509804 0.6080562659846548
0.1175213675213675 0.6944444444444444
0.5619047619047619 0.43854256542996833
0.07323232323232323 0.38271604938271603
0.2967479674796748 0.47850286958242627
0.37356321839080464 0.31343283582089554
0.2948717948717949 0.45569620253164556
0.08928571428571429 1.0
0.2982456140350877 0.4117647058823529
0.2735042735042735 0.38095238095238093
0.23958333333333337 0.3577981651376146
0.14957264957264957 0.6666666666666666
0.18229166666666666 0.47058823529411764
0.1556372549019608 0.9837398373983739
0.31034482758620696 0.5
0.19999999999999998 0.5151515151515151
0.2147147147147147 0.6941176470588235
0.013440860215053767 0.8435374149659863
0.29411764705882354 0.6153846153846154
0.5980392156862745 0.4186046511627907
0.3333333333333333 0.7142857142857143
0.23148148148148148 0.5
0.27222222222222225 0.3565891472868217
0.23015873015873023 0.5960583290881305
0.18333333333333332 0.40588235294117647
0.12179487179487179 0.5158730158730159
0.30952380952380953 0.4
0.5490196078431373 0.3538801906058543
0.22121212121212122 0.6265060240963856
0.2941176470588235 0.46299403430275915
0.2342342342342342 0.7058823529411764
0.13596491228070173 0.9393939393939394
0.1929824561403509 0.3538461538461538
0.3717948717948718 0.68
0.16666666666666666 1.0
0.06730769230769233 0.8582841207349081
0.1839080459770114 0.3985507246376811
0.36666666666666675 0.4594594594594595
0.2748873873873874 0.6259541984732825
0.3333333333333333 0.45
0.5923423423423423 0.35714285714285726
0.22275641025641027 0.7023809523809524
0.25 0.5196850393700788
0.29411764705882354 0.5
0.26068376068376065 0.5827457239506408
0.2333333333333333 0.791044776119403
0.21990740740740744 0.6363636363636364
0.6266666666666667 0.4340659340659341
0.1884057971014493 0.44247787610619466
0.19607843137254907 0.6235294117647059
0.4871794871794872 0.5
0.23015873015873015 0.5333333333333333
0.3888888888888889 0.6888888888888889
0.2777777777777778 0.368421052631579
0.2180685358255452 0.8819963012073418
0.48333333333333334 0.6161616161616161
0.092757667364287 1.0
0.18209876543209869 0.4520547945205479
0.17499999999999996 0.6533333333333333
0.3333333333333333 0.4850074850299401
0.1759259259259259 0.340788385900744
0.1646090534979424 0.4916666666666667
0.19999999999999998 0.21428571428571427
0.482456140350877 0.6352941176470588
0.22514619883040934 0.9629629629629629
0.1851851851851852 0.65
0.19281045751633985 0.6144578313253012
0.1792929292929293 0.43209876543209874
