0.11666666666666665 0.22429906542056074
0.06818181818181816 0.22018348623853212
0.548611111111111 0.36
0.23333333333333317 0.280912252541466
0.06284153005464481 0.25961538461538464
0.6319444444444443 0.10300429184549356
0.6333333333333333 0.2293577981651376
0.07070707070707068 0.2720147058823529
0.06837606837606837 0.21367521367521364
0.5426356589147286 0.5609756097560975
0.19047619047619038 0.22872340425531923
0.0729166666666667 0.19075144508670516
0.23148148148148126 0.3076923076923077
0.44444444444444436 0.42790697674418604
0.07692307692307686 0.16799999999999998
0.17857142857142852 0.5294117647058824
0.2916666666666667 0.38207547169811323
0.6185185185185186 0.27932960893854747
0.04444444444444459 0.20282253977906156
0.18518518518518512 0.3934426229508197
0.23333333333333317 0.19480519480519476
0.5909090909090909 0.13333333333333341
0.07142857142857148 0.20370370370370364
0.11111111111111117 0.19780219780219788
0.5931372549019608 0.5137614678899083
0.08024691358024684 0.24
0.6078431372549019 0.23809523809523808
0.4691358024691359 0.23437500000000006
0.07142857142857142 0.23636363636363641
0.25555555555555554 0.40476190476190477
0.6319444444444445 0.16666666666666666
0.07142857142857148 0.29113924050632917
0.0729166666666667 0.20207253886010365
0.062499999999999924 0.19834710743801653
0.07142857142857148 0.2636363636363637
0.06306306306306307 0.23722901064249122
0.2777777777777775 0.47619047619047616
0.06212121212121211 0.6847826086956522
0.5972222222222222 0.3548387096774193
0.10416666666666655 0.1935483870967742
0.25 0.19767441860465126
0.6098484848484849 0.40196078431372556
0.07692307692307686 0.18461538461538454
0.07692307692307696 0.27102803738317754
0.6153846153846153 0.3228346456692913
0.6041666666666666 0.24161073825503362
0.12499999999999979 0.5384615384615384
0.5919540229885057 0.17094017094017094
0.07692307692307686 0.23456790123456786
0.03333333333333343 0.2424242424242424
0.6875 0.1639344262295081
0.06249999999999978 0.154639175257732
0.09322033898305086 0.4533333333333334
0.6929824561403509 0.14942528735632196
0.0769230769230769 0.28
0.3055555555555555 0.2811059907834101
0.12865497076023394 0.45070422535211263
0.06837606837606837 0.22994652406417107
0.07407407407407411 0.2595057493477631
0.6206896551724138 0.34782608695652173
0.13333333333333333 0.33986928104575165
0.1166666666666666 0.21276595744680865
0.5794573643410853 0.6666666666666666
0.12499999999999979 0.38095238095238093
0.48148148148148145 0.2222222222222222
0.561904761904762 0.23913043478260862
0.04861111111111104 0.20312499999999997
0.1944444444444443 0.1843137254901961
0.6111111111111112 0.24637681159420285
0.6666666666666666 0.20547945205479448
0.1708333333333333 0.4090909090909091
0.5333333333333332 0.22891566265060245
0.1929824561403508 0.3297872340425532
0.16666666666666666 0.3333333333333333
0.07692307692307686 0.2037037037037037
0.6244444444444445 0.40384615384615385
0.6875 0.2
0.2246376811594203 0.19230769230769232
0.5219298245614034 0.5121951219512195
0.62 0.23842333163525214
0.6185185185185186 0.6046511627906977
0.04861111111111113 0.24999999999999994
0.35000000000000003 0.34934497816593885
0.41666666666666674 0.2445652173913044
0.5740740740740738 0.18604651162790697
0.5343137254901961 0.42105263157894735
0.07692307692307686 0.27058823529411763
0.1759259259259259 0.22580645161290322
0.0769230769230769 0.25192342369417564
0.07407407407407407 0.47540983606557374
0.5 0.6274509803921569
0.0634920634920635 0.30327868852459017
0.277777777777778 0.3333333333333333
0.07142857142857148 0.1551196340605208
0.5737704918032787 0.22613065326633172
0.19999999999999987 0.2115384615384616
0.5533333333333333 0.21621621621621614
0.15789473684210528 0.3263340643274854
0.6904761904761906 0.23703703703703702
0.044849690539345705 0.6923076923076923
0.13333333333333325 0.24000000000000005
0.07692307692307704 0.3333333333333333
0.08050766283524906 0.3859649122807017
0.6875 0.15384615384615388
0.48148148148148157 0.19148936170212771
0.5333333333333332 0.3035714285714285
0.2777777777777778 0.3237704918032786
0.03333333333333343 0.12711864406779663
0.5454545454545455 0.42857142857142855
0.14646464646464646 0.46153846153846156
0.6233333333333333 0.4834123222748815
0.5952380952380952 0.32142857142857145
0.08333333333333333 0.28301886792452824
0.3611111111111111 0.3846153846153846
0.15350877192982462 0.33632286995515703
0.587719298245614 0.5483870967741935
0.1923076923076922 0.29652165196471536
0.6145833333333334 0.5
0.3611111111111112 0.4148936170212766
0.06250000000000007 0.2873563218390805
0.07692307692307686 0.28774433283561823
0.2777777777777778 0.3235294117647059
0.4583333333333332 0.4158634890037676
0.6116666666666667 0.3033707865168539
0.11475409836065577 0.29299363057324845
0.2111111111111111 0.21126760563380287
0.1282051282051282 0.5846153846153845
0.6574074074074073 0.2440944881889764
0.08333333333333333 0.1707317073170731
0.044715447154471545 0.22518047849173678
0.1614583333333333 0.22916666666666663
0.059523809523809514 0.26785714285714285
0.5 0.16666666666666666
0.06172839506172834 0.3047619047619048
0.07142857142857148 0.23015873015873023
0.7121212121212123 0.11111111111111113
0.6666666666666666 0.11111111111111115
0.6839080459770116 0.20886075949367094
0.6190476190476191 0.2794117647058824
0.40740740740740716 0.18750000000000006
0.0454545454545455 0.1639344262295081
0.040000000000000056 0.22900763358778622
0.07407407407407411 0.20282253977906156
0.05555555555555552 0.25139664804469264
0.06250000000000007 0.24657534246575333
0.6309523809523809 0.5052631578947369
0.4166666666666667 0.14179104477611942
0.5399999999999999 0.37500000000000006
0.5789473684210525 0.14563106796116507
0.6470588235294118 0.1428571428571429
0.06837606837606837 0.22377622377622378
0.5 0.5681818181818182
0.7666666666666667 0.14285714285714282
0.6666666666666666 0.4545454545454545
0.07407407407407411 0.25
0.14285714285714285 0.24268797985132223
0.21031746031746032 0.21854304635761587
0.5277777777777777 0.14285714285714285
0.6666666666666666 0.15068493150684928
0.07407407407407411 0.24999999999999994
0.6202185792349727 0.5196271421954609
0.4444444444444444 0.43137254901960786
0.5 0.24324324324324326
0.06172839506172834 0.28260869565217384
0.5952380952380951 0.24460431654676257
0.550314465408805 0.21818181818181817
0.2528735632183908 0.3548387096774194
0.07333333333333329 0.24742268041237114
0.8666666666666669 0.11874999999999994
0.15343915343915346 0.19815668202764972
0.08333333333333333 0.2238805970149254
0.07142857142857148 0.21126760563380287
0.06589147286821707 0.30645161290322576
0.620253164556962 0.3333333333333334
0.1388888888888889 0.5283018867924528
0.2777777777777783 0.13043478260869562
0.648936170212766 0.6333333333333333
0.08333333333333333 0.24000000000000007
0.6166666666666666 0.32608695652173914
0.3666666666666667 0.1724137931034483
0.6923076923076924 0.1388888888888889
0.06818181818181814 0.21178963110667992
0.6428571428571427 0.17948717948717946
0.6933333333333334 0.3296703296703297
0.5981481481481482 0.6866666666666666
0.04861111111111113 0.2601156069364162
0.07142857142857142 0.2435897435897436
0.6008771929824561 0.3841947065208316
0.12121212121212123 0.2983870967741935
0.07142857142857148 0.19148936170212777
0.07142857142857148 0.2769230769230768
0.5333333333333334 0.1538461538461539
0.13333333333333258 0.24175824175824182
0.4166666666666667 0.4125496031746032
0.6206349206349207 0.48837209302325585
0.5277777777777778 0.27040816326530603
0.6519607843137255 0.2650602409638555
0.16666666666666666 0.22777777777777777
0.0555555555555556 0.28
0.5242424242424243 0.45454545454545453
0.6319444444444443 0.25373134328358216
0.07142857142857148 0.20748845220386752
0.16666666666666666 0.7107048183377513
0.03333333333333343 0.210843373493976
0.07692307692307704 0.3047619047619048
0.5740740740740738 0.18888888888888886
0.6020408163265306 0.3829787234042554
0.7121212121212119 0.18181818181818174
0.10317460317460315 0.35714285714285715
0.4166666666666667 0.27972027972027974
0.6097560975609756 0.5333333333333333
0.5652173913043478 0.1034482758620689
0.0763888888888889 0.49209449404761907
0.46031746031746024 0.2608695652173913
0.5 0.12048192771084346
0.4833333333333334 0.184873949579832
0.1969696969696971 0.2666666666666666
0.044444444444444314 0.18285714285714286
0.06249999999999978 0.1604938271604938
0.06589147286821709 0.2816091954022989
0.07692307692307704 0.17105263157894732
0.5733333333333334 0.11249999999999996
0.19135802469135796 0.15384615384615385
0.6333333333333332 0.2137931034482759
0.6507936507936508 0.23880597014925373
0.5705128205128205 0.23333333333333334
0.5 0.2857142857142858
0.4833333333333334 0.19607843137254916
0.06837606837606845 0.31851851851851853
0.13095238095238093 0.2553191489361702
0.1495726495726495 0.433833255524432
0.38888888888888945 0.2557077625570776
0.07142857142857148 0.25000000000000006
0.050000000000000024 0.21333333333333332
0.20666666666666667 0.5823529411764705
0.0993589743589744 0.25903614457831325
0.11538461538461536 0.20149253731343286
0.5061728395061728 0.43555555555555553
0.6007751937984497 0.2967032967032967
0.4583333333333333 0.12307692307692308
0.6333333333333334 0.22463768115942023
0.09803921568627445 0.22222222222222232
0.08888888888888886 0.2293577981651376
0.07317073170731705 0.3125
0.044715447154471545 0.34161490683229817
0.31250000000000006 0.31343283582089554
0.5 0.18461538461538463
0.08333333333333337 0.25
0.5833333333333333 0.3412322274881517
0.62 0.10964912280701754
0.5808080808080808 0.3777777777777777
0.4166666666666661 0.1834862385321101
0.06818181818181822 0.254335260115607
0.11683045893952532 0.4140127388535032
0.6209439528023598 0.5305164319248826
0.5333333333333333 0.11249999999999996
0.5 0.3937007874015748
0.4666666666666666 0.39495798319327735
0.603448275862069 0.23728813559322046
0.6089743589743589 0.36434108527131787
0.5593607305936072 0.2790697674418605
0.2142857142857144 0.36065573770491793
0.07142857142857129 0.20833333333333334
0.04444444444444459 0.20895522388059698
0.6464646464646465 0.23199999999999998
0.6590909090909091 0.1979166666666667
0.5980392156862746 0.14414414414414414
0.10416666666666669 0.22580645161290316
0.1521739130434783 0.3595505617977528
0.4166666666666667 0.4242424242424242
0.3846153846153846 0.1547619047619047
0.5787037037037036 0.562874251497006
0.75 0.130952380952381
0.5 0.2390278917145201
0.5591397849462365 0.10240963855421684
0.16666666666666666 0.26760563380281693
0.548611111111111 0.14161135693215338
0.19696969696969693 0.36458333333333337
0.1153846153846156 0.11802320565907516
0.06172839506172842 0.22916666666666674
0.4444444444444444 0.27061034940291906
0.12076149425287358 0.260204081632653
0.07352941176470588 0.28484848484848485
0.42156862745098045 0.51875
0.43939393939393945 0.45263157894736844
0.10416666666666669 0.2619047619047619
0.06439393939393943 0.29761904761904756
0.14166666666666666 0.6458333333333334
0.5897435897435898 0.49078282828282827
0.06481481481481483 0.26086956521739124
0.6857142857142856 0.2719298245614034
0.12222222222222232 0.34951456310679613
