139.00000 0.5722288211167127 0.07143 0.03883 0.07143 0.17600 0.85882
105.00000 0.46116676944363183 0.60382 0.87368 0.62500 0.95122 0.71765
5.00000 0.555746060491031 0.09649 0.76250 0.10504 0.83750 0.65490
31.00000 0.3897401090202346 0.53333 0.34706 0.56000 0.54497 0.73333
87.00000 0.7039444755682734 0.64286 0.32407 0.71505 0.37190 0.49412
160.00000 0.31641623811208164 0.27536 0.17886 0.32222 0.25253 0.62353
76.00000 0.4693118369403063 0.52465 0.52740 0.53801 0.99306 0.70196
28.00000 0.5118171908697816 0.09317 0.62500 0.12433 0.77255 0.98824
3.00000 0.4140348343414243 0.86111 0.09043 0.91667 0.15686 0.84706
98.00000 0.5459723649874291 0.62195 0.45098 0.62931 0.47500 0.49020
280.00000 0.4409005391773656 0.59034 0.62295 0.60271 0.75926 0.64706
292.00000 0.5245202859531127 0.63131 0.19689 0.69444 0.23451 0.75686
90.00000 0.5484102060010125 0.07111 0.30496 0.16667 0.40455 0.65490
534.00000 0.237862326389145 0.58578 0.23810 0.59701 0.33333 0.93333
110.00000 0.5626370468200084 0.06696 0.88636 0.07111 0.93233 0.66667
286.00000 0.34385614579411533 0.10377 0.18182 0.68391 0.22857 0.87059
743.00000 0.296490405773186 0.57317 0.35878 0.59957 0.43333 0.77255
107.00000 0.49497163496723817 0.58678 0.37273 0.60889 0.67485 0.84706
1517.00000 0.09161413010436269 0.07471 0.11515 0.11111 0.15584 0.72941
485.00000 0.23859977106421676 0.52941 0.39665 0.56039 0.51948 0.67843
107.00000 0.40814389719877286 0.57377 0.53271 0.60584 0.56627 0.80000
321.00000 0.48540547918350063 0.97727 0.92727 0.98384 0.98630 0.76078
38.00000 0.5750843389439791 0.59314 0.53448 0.60290 0.60000 0.99608
331.00000 0.42632547894384143 0.56190 0.31655 0.57143 0.48718 0.77255
165.00000 0.4517753914798131 0.69271 0.08876 0.81818 0.16583 0.75686
96.00000 0.5887362391241383 0.59583 0.57386 0.60784 0.67391 0.63137
366.00000 0.22075848223839603 0.89394 0.27320 0.93939 0.33514 0.81569
396.00000 0.3410663049609892 0.50617 0.19331 0.53431 0.24795 0.90980
63.00000 0.6813587128457141 0.04213 0.65190 0.05556 0.74348 0.85882
52.00000 0.6555804189431147 0.57062 0.34123 0.57407 0.50481 0.90588
90.00000 0.5090113723942529 0.91270 0.62319 0.93791 0.72222 0.42745
172.00000 0.3546008098421199 0.56667 0.42998 0.62500 0.53333 0.78039
240.00000 0.3530410088325568 0.56322 0.15823 0.57333 0.27175 0.74902
112.00000 0.5154649972664916 0.44444 0.11932 0.50000 0.16393 0.83529
560.00000 0.3462425738860385 0.59756 0.46269 0.60452 0.54545 0.80000
439.00000 0.49088410972760643 0.66234 0.32051 0.71111 0.45752 0.71765
429.00000 0.5421084591475671 0.83333 0.30189 0.88889 0.41176 0.43529
268.00000 0.5057190932776736 0.58631 0.23243 0.62719 0.37500 0.73725
445.00000 0.26166364077157833 0.19048 0.38462 0.48077 0.56589 0.58824
93.00000 0.4856969244755296 0.19231 0.15068 0.50000 0.23077 0.60784
141.00000 0.6119490221609615 0.58740 0.82308 0.59365 0.89916 0.58431
74.00000 0.5345358886278277 0.22222 0.19255 0.34722 0.43316 0.82353
360.00000 0.4427670144199052 0.59829 0.31667 0.62366 0.38889 0.82745
446.00000 0.4138789897440955 0.58333 0.49351 0.58861 0.55906 0.55686
159.00000 0.4092699001253388 0.11494 0.40164 0.12185 0.49375 0.67059
78.00000 0.6163305831559217 0.60417 0.38255 0.60714 0.48840 0.82353
251.00000 0.33603835082456046 0.56173 0.39474 0.57865 0.56028 0.71373
47.00000 0.671922207541138 0.04227 0.62869 0.08939 0.71548 0.92941
884.00000 0.37473678197203086 0.62403 0.24828 0.64242 0.36066 0.54902
1245.00000 0.32477742010003524 0.50901 0.59434 0.53814 0.84793 0.85882
278.00000 0.36939856735605864 0.55930 0.73500 0.57479 0.93220 0.87451
573.00000 0.4744548138844981 0.49167 0.11111 0.58333 0.17544 0.83922
219.00000 0.3207759980443617 0.55655 0.45833 0.57895 0.61092 0.79608
327.00000 0.48169090517790497 0.90789 0.56364 0.96847 0.66412 0.70588
501.00000 0.3542229134152856 0.07353 0.49206 0.08095 0.60000 0.70196
55.00000 0.7766101834939219 0.61966 0.29323 0.63333 0.47500 0.52157
315.00000 0.509447085411883 0.05357 0.55793 0.06604 0.70813 0.81569
14.00000 0.5077822252452361 0.08974 0.21124 0.38889 0.29032 0.74902
376.00000 0.31268499344611145 0.18571 0.23472 0.58333 0.34247 0.72549
10.00000 0.5308244690447474 0.12153 0.50000 0.13889 0.68539 0.56078
116.00000 0.4602093991690075 0.64167 0.22222 0.67708 0.46269 0.70980
117.00000 0.6589888973703333 0.56838 0.27941 0.58454 0.46939 0.57647
121.00000 0.5389029214505866 0.69565 0.17925 0.80556 0.27143 0.57255
204.00000 0.5044959619255941 0.68468 0.24088 0.74242 0.35215 0.78039
374.00000 0.2596435651114042 0.51111 0.66005 0.54874 0.82734 0.85490
63.00000 0.664048953623834 0.05214 0.76471 0.07463 0.79134 1.00000
365.00000 0.44678300491635453 0.62222 0.10063 0.66667 0.17526 0.73333
118.00000 0.4076994852758123 0.68280 0.27354 0.71591 0.32573 0.76078
72.00000 0.42704358134826215 0.61667 0.15033 0.64216 0.20994 0.75686
300.00000 0.5177169315913412 0.57407 0.33516 0.60215 0.39370 0.72157
442.00000 0.32310478413944277 0.59375 0.33913 0.62083 0.39344 0.93333
386.00000 0.2876559588094897 0.56604 0.41573 0.57108 0.62609 0.81176
486.00000 0.28425760187788385 0.45833 0.14423 0.56667 0.25253 0.78824
574.00000 0.2544400292253829 0.58333 0.31276 0.62092 0.46341 0.94902
523.00000 0.28371320347811785 0.57306 0.41346 0.57831 0.55782 0.81569
725.00000 0.22000899965376866 0.56284 0.37234 0.58095 0.41611 0.67843
450.00000 0.3723832018873082 0.58130 0.46291 0.59053 0.55970 0.60000
256.00000 0.4235949790887281 0.63333 0.11450 0.81250 0.25641 0.77647
15.00000 0.5108258268540804 0.55128 0.21466 0.58696 0.26866 0.86667
411.00000 0.346979862004504 0.57527 0.39519 0.58743 0.56962 0.81569
99.00000 0.24767235482262298 0.58667 0.26437 0.59770 0.30882 0.89804
351.00000 0.38770923863303897 0.12500 0.29684 0.21429 0.50000 0.69412
65.00000 0.5501912344463384 0.69048 0.08995 0.76923 0.13462 0.81569
321.00000 0.1445904268384834 0.22222 0.09341 0.82222 0.16860 0.74118
79.00000 0.2754802882566036 0.83333 0.32114 0.94444 0.42437 0.97647
127.00000 0.5921570494968911 0.56621 0.16667 0.59583 0.47436 0.60784
691.00000 0.4436493253739423 0.88889 0.18497 0.90278 0.20513 0.69020
684.00000 0.2874869193609098 0.58740 0.30556 0.61404 0.41827 0.71373
115.00000 0.39204074317766363 0.62560 0.38095 0.64461 0.46667 0.87059
73.00000 0.5061762673261725 0.06469 0.92500 0.08800 0.98431 0.96863
319.00000 0.247741406402609 0.47222 0.30625 0.57801 0.42857 0.65098
210.00000 0.35562409632027686 0.58861 0.50000 0.59568 0.70504 0.69020
241.00000 0.5127977215615785 0.62162 0.26357 0.69231 0.34234 0.61961
345.00000 0.32371841117145633 0.56090 0.59459 0.60452 0.86667 0.50196
234.00000 0.4382386933589876 0.10976 0.26190 0.16667 0.37838 0.43529
825.00000 0.4193254310032689 0.66667 0.46377 0.66667 0.75000 0.38431
124.00000 0.518572736310809 0.56173 0.24365 0.59319 0.86154 0.78431
472.00000 0.21378679200509138 0.54348 0.23830 0.55864 0.35329 0.93725
75.00000 0.5878931192942645 0.59815 0.36607 0.60544 0.43836 0.86667
73.00000 0.41484747070454747 0.57983 0.64904 0.58788 0.74286 0.83922
171.00000 0.38701906547629145 0.51075 0.36697 0.53556 0.44444 0.77647
238.00000 0.3712116361971955 0.54000 0.23636 0.57692 0.31148 0.85882
290.00000 0.3741555453422211 0.64286 0.12381 0.68750 0.21739 0.63529
119.00000 0.49193643175292795 0.11518 0.23423 0.69048 0.46429 0.99216
63.00000 0.5048201828523996 0.11333 0.67600 0.15542 0.75686 1.00000
353.00000 0.26625465159988415 0.57790 0.59917 0.58796 0.86726 0.90980
81.00000 0.31580890274909107 0.05952 0.17391 0.71212 0.21477 0.79216
324.00000 0.5663017224338134 0.64167 0.03419 0.69444 0.08368 0.93725
818.00000 0.33688068723644504 0.56931 0.32432 0.61574 0.46358 0.72941
282.00000 0.39972766903986384 0.59195 0.63840 0.60667 0.91667 0.83922
189.00000 0.5031823686454343 0.10494 0.95726 0.11667 0.99517 0.58039
37.00000 0.5601407873145631 0.08333 0.52489 0.08924 0.64407 0.87059
323.00000 0.323577005160871 0.38462 0.16667 0.52778 0.25962 0.70196
540.00000 0.30697806035381076 0.40196 0.15126 0.53205 0.17262 0.67451
395.00000 0.24128855645161457 0.52333 0.56098 0.53974 0.71644 0.93725
753.00000 0.3560427702632643 0.07576 0.35146 0.11985 0.44249 0.75686
267.00000 0.3772184535991342 0.61667 0.19355 0.64444 0.39496 0.61176
646.00000 0.3334298650237209 0.55769 0.45361 0.58170 0.47917 0.74902
79.00000 0.4109665235929387 0.07333 0.29412 0.72464 0.41827 0.88627
285.00000 0.34217823254762303 0.15909 0.37500 0.28788 0.60000 0.59608
664.00000 0.4132169275273271 0.58333 0.35385 0.60588 0.44118 0.76471
119.00000 0.500052016067393 0.54789 0.54400 0.55618 0.62162 0.65490
985.00000 0.10844516672512503 0.18699 0.51613 0.23765 0.68394 0.60784
340.00000 0.45935562122668216 0.02336 0.74074 0.95690 0.80189 0.61176
57.00000 0.521569499116488 0.60932 0.22314 0.61310 0.34335 0.89020
64.00000 0.5538351349114663 0.55455 0.09146 0.63889 0.18487 0.67843
346.00000 0.4034523859929544 0.47059 0.46539 0.51990 0.66667 0.83922
468.00000 0.4732002687878369 0.57910 0.35000 0.60354 0.43448 0.90980
42.00000 0.5409476524022324 0.61370 0.50598 0.67228 0.58567 0.97255
372.00000 0.4318937359070162 0.12963 0.45907 0.16923 0.64234 0.62451
233.00000 0.4043662941714147 0.04274 0.51807 0.05556 0.60000 0.49020
264.00000 0.4862278039008497 0.64067 0.70968 0.64815 0.75000 0.64314
361.00000 0.3431556168108513 0.60586 0.54000 0.63043 0.64062 0.90588
136.00000 0.5206815936147888 0.63830 0.19626 0.75000 0.29084 0.69804
45.00000 0.5775874517150676 0.59195 0.19580 0.59896 0.23333 0.84314
384.00000 0.4986730124069388 0.60458 0.18229 0.63333 0.22297 0.73725
831.00000 0.42995099096903866 0.11111 0.39474 0.55952 0.70000 0.69412
39.00000 0.5960892485672816 0.62195 0.08444 0.73810 0.12121 0.89804
375.00000 0.4210804708952289 0.59697 0.22749 0.61972 0.38462 0.77647
1087.00000 0.23136906902689894 0.58889 0.28378 0.59829 0.39870 0.62353
283.00000 0.3696210178456268 0.67593 0.22059 0.75000 0.32941 0.71765
339.00000 0.3718976136620106 0.52976 0.41477 0.54321 0.56923 0.89412
707.00000 0.44983840538036296 0.64216 0.17318 0.65333 0.36937 0.67451
271.00000 0.4506913524224326 0.46131 0.47826 0.56838 0.82000 0.99216
1539.00000 0.2368278166189943 0.53877 0.32990 0.57292 0.55000 0.54902
157.00000 0.3697006136843507 0.48750 0.53939 0.57864 0.83753 0.93725
42.00000 0.5377649077125658 0.05556 0.74074 0.07738 0.95349 0.70980
118.00000 0.4326935912466732 0.57071 0.30488 0.64319 0.39706 0.73333
192.00000 0.5705334340841244 0.56209 0.30769 0.58073 0.33945 0.80000
230.00000 0.4187164309000186 0.60976 0.41745 0.62719 0.57778 0.58431
183.00000 0.3968862832762646 0.07623 0.82353 0.08743 0.85714 0.69020
254.00000 0.440976963122714 0.16667 0.35507 0.62222 0.42857 0.45098
529.00000 0.45296303785776043 0.55769 0.46364 0.61879 0.55102 0.84314
531.00000 0.4062711800964384 0.57407 0.05263 0.62500 0.12752 0.96863
559.00000 0.35609952999951977 0.54545 0.20115 0.57456 0.41667 0.73333
89.00000 0.6061138969073423 0.56090 0.65000 0.58571 0.74312 0.50196
350.00000 0.37427305536649297 0.06250 0.68862 0.07483 0.77731 0.87451
243.00000 0.24109129367775725 0.60317 0.15263 0.62121 0.25455 0.74510
17.00000 0.337398029939417 0.44444 0.07317 0.52941 0.17000 0.60000
372.00000 0.31085523473078086 0.13333 0.37118 0.68910 0.48148 0.70980
107.00000 0.4901165385596489 0.10043 0.57463 0.11538 0.68750 0.58824
127.00000 0.3283464011293498 0.55556 0.44737 0.56322 0.66667 0.68627
311.00000 0.6031418290028832 0.55556 0.57604 0.57489 0.66820 0.84706
207.00000 0.3617953379473953 0.63111 0.27835 0.64815 0.39011 0.67843
77.00000 0.4849453692364991 0.57613 0.33333 0.58095 0.49123 0.85490
489.00000 0.40780277930712266 0.60041 0.69849 0.61039 0.81500 0.81569
108.00000 0.36164203235003756 0.54000 0.36424 0.56667 0.47059 0.54902
181.00000 0.1963441809655143 0.08667 0.37647 0.61520 0.44295 0.65098
68.00000 0.5408408878230935 0.59896 0.38000 0.68750 0.61170 0.36471
150.00000 0.6553665550223383 0.53604 0.18737 0.59091 0.37324 0.56471
771.00000 0.2333710983541818 0.58046 0.43684 0.59155 0.54902 0.66667
191.00000 0.38060072684123164 0.05182 0.60386 0.07381 0.72910 0.88235
208.00000 0.45492919032822343 0.57310 0.51678 0.58442 0.57759 0.54902
240.00000 0.4550404319145596 0.58676 0.38608 0.59387 0.42683 0.73333
200.00000 0.5120669198571968 0.06545 0.89888 0.07870 0.95686 0.99216
455.00000 0.392164219522014 0.53333 0.23894 0.55172 0.32895 0.67451
513.00000 0.307976693238219 0.13889 0.27778 0.61728 0.40132 0.55294
185.00000 0.39822165479197474 0.10658 0.34855 0.88889 0.49606 0.58039
482.00000 0.3981587767618466 0.54455 0.46479 0.56878 0.54967 0.88627
438.00000 0.26312411058860796 0.48611 0.68687 0.49094 0.76064 0.73725
429.00000 0.23094157801081813 0.43333 0.39437 0.49573 0.47742 0.89804
203.00000 0.5320092541239166 0.55172 0.36441 0.57292 0.61290 0.41176
15.00000 0.7541546493287119 0.43939 0.57447 0.62500 0.71491 0.85490
129.00000 0.4084302421109999 0.76667 0.05957 0.85000 0.15385 0.90588
636.00000 0.3787581613339065 0.55392 0.61947 0.58333 0.72487 0.83529
345.00000 0.35212935822464264 0.12153 0.57143 0.14124 0.62500 0.83922
240.00000 0.5737452161602772 0.08796 0.60769 0.11224 0.81507 0.73725
366.00000 0.38586627190389916 0.57801 0.39310 0.58772 0.51429 0.82353
373.00000 0.5241431415544668 0.55556 0.49600 0.59146 0.60484 0.52549
377.00000 0.28899090083678425 0.57349 0.63060 0.57984 0.79724 0.84314
190.00000 0.5932654654933333 0.06667 0.73793 0.07639 0.90625 0.48627
275.00000 0.4827999698385751 0.70513 0.21705 0.86667 0.34091 0.54902
319.00000 0.38842997195219836 0.60417 0.54032 0.61364 0.76786 0.59216
751.00000 0.2621083377038748 0.46171 0.35951 0.51780 0.49412 0.83529
175.00000 0.42050198539907563 0.23810 0.18634 0.61275 0.43750 0.76863
466.00000 0.3373622287230362 0.48958 0.18033 0.54545 0.28916 0.62353
305.00000 0.3862435467198431 0.59058 0.49302 0.61594 0.73000 0.81176
43.00000 0.5640389573486713 0.04195 0.58636 0.04861 0.65385 0.87843
97.00000 0.2036767687219551 0.56173 0.53216 0.58524 0.86614 0.85882
349.00000 0.36558495960666754 0.63333 0.12575 0.65789 0.17680 0.71373
397.00000 0.3968809677687518 0.57317 0.12778 0.58333 0.21951 0.89412
133.00000 0.5109684178848953 0.58475 0.51111 0.59314 0.59184 0.65490
105.00000 0.791094705796136 0.62179 0.19643 0.64706 0.30986 0.56078
424.00000 0.4265498399333494 0.55000 0.21827 0.56838 0.27389 0.80000
535.00000 0.3199670338424513 0.41667 0.06466 0.54487 0.12150 0.85098
429.00000 0.18240623161680752 0.26667 0.09434 0.81250 0.16149 0.76471
476.00000 0.24925306701439076 0.58788 0.66667 0.59859 0.80000 0.63137
121.00000 0.5121880035358622 0.58796 0.75000 0.70430 0.92308 0.87059
511.00000 0.2788492544918044 0.60972 0.36609 0.70588 0.70303 0.66275
57.00000 0.5924850031945028 0.58333 0.10945 0.59524 0.25150 0.85098
290.00000 0.4808401494770277 0.61232 0.13661 0.63333 0.24339 0.71373
104.00000 0.4694272242594221 0.64269 0.65488 0.65989 0.70732 0.85098
52.00000 0.41520637178039277 0.19136 0.31827 0.60043 0.42658 0.85098
168.00000 0.43756706658201516 0.56522 0.15789 0.57895 0.26490 0.85098
137.00000 0.41241248462550684 0.60067 0.60550 0.60559 0.69591 0.93333
339.00000 0.3650064774778593 0.57292 0.27273 0.59226 0.38095 0.98824
312.00000 0.22837077360801183 0.56019 0.19231 0.58772 0.36082 0.77255
207.00000 0.37203915115746633 0.56790 0.58865 0.60112 0.91346 0.80784
590.00000 0.34471078408698735 0.58333 0.41379 0.60417 0.46591 0.89020
962.00000 0.37168258613609756 0.07870 0.41322 0.08333 0.45763 0.54118
254.00000 0.4275796749790946 0.08081 0.29565 0.14286 0.51205 0.63137
161.00000 0.5892855144957662 0.58676 0.33495 0.59662 0.37738 0.83529
10.00000 0.6302973056383478 0.57451 0.71812 0.58416 0.82022 0.59608
155.00000 0.3613634412348179 0.64327 0.16296 0.69048 0.21862 0.72549
114.00000 0.5422896670062244 0.60000 0.54651 0.61228 0.63576 0.62745
302.00000 0.4837870083320059 0.15873 0.25926 0.23333 0.46565 0.93725
155.00000 0.5218138167366738 0.07843 0.24841 0.60345 0.37805 0.66667
204.00000 0.4926822864654566 0.61392 0.59091 0.64056 0.87879 0.83137
16.00000 0.7891746367123684 0.07658 0.61307 0.85354 0.75806 0.62745
22.00000 0.7352052462514777 0.75287 0.44444 0.82609 0.60000 0.35686
832.00000 0.444374803772302 0.88889 0.18367 0.90278 0.20388 0.74510
263.00000 0.5524179819597579 0.58133 0.48536 0.62500 0.54011 0.99608
415.00000 0.44751767815344784 0.48333 0.09836 0.57143 0.15976 0.75686
488.00000 0.2378726929804655 0.19444 0.23077 0.53333 0.33198 0.55686
64.00000 0.6041579414000571 0.56667 0.42778 0.61688 0.46386 0.67843
241.00000 0.4970072038287338 0.58333 0.18987 0.60417 0.28395 0.67451
359.00000 0.2953553249823423 0.08249 0.45291 0.12121 0.58416 0.91765
425.00000 0.4115273648127439 0.58696 0.30345 0.59667 0.39091 0.71373
181.00000 0.4461533089081273 0.60606 0.19298 0.65909 0.38983 0.80000
712.00000 0.3669420759561637 0.57042 0.61702 0.60624 0.73494 0.86275
800.00000 0.3162041351599802 0.55729 0.47682 0.56854 0.71585 0.68235
628.00000 0.18694126516448328 0.72222 0.11184 0.82222 0.22222 0.84314
134.00000 0.4985495856608289 0.18750 0.31051 0.38889 0.45455 0.65490
52.00000 0.437572748812177 0.60526 0.57407 0.61905 0.66667 0.69020
571.00000 0.302150030554181 0.10452 0.75000 0.12403 0.88627 0.83529
176.00000 0.4154438512113161 0.60078 0.23077 0.66667 0.35269 0.65098
132.00000 0.451454004953369 0.57713 0.77536 0.58537 0.80556 0.96863
623.00000 0.28967628545327145 0.54630 0.21930 0.56522 0.26776 0.82745
336.00000 0.2295631301825468 0.58140 0.16346 0.67857 0.34247 0.90196
411.00000 0.4228863771118757 0.58772 0.38843 0.60354 0.47273 0.87843
877.00000 0.36875329643200433 0.66667 0.05952 0.91667 0.11111 0.79216
220.00000 0.4397489555160913 0.18155 0.23144 0.64394 0.29061 0.83922
339.00000 0.3750992189451378 0.56929 0.81053 0.59583 0.86022 0.49412
178.00000 0.5304124321555379 0.07664 0.72775 0.08831 0.78689 0.94118
1071.00000 0.19296421995092844 0.05780 0.51867 0.08333 0.62441 0.90588
123.00000 0.5298413276552414 0.59877 0.53901 0.60550 0.60417 0.99608
482.00000 0.4458377961492072 0.57333 0.78153 0.58046 0.94340 0.76471
635.00000 0.256032323869791 0.36458 0.23593 0.57353 0.36051 0.67451
76.00000 0.49583466435684836 0.07436 0.53571 0.10417 0.64384 0.91765
363.00000 0.23390670221503782 0.67857 0.18803 0.90196 0.24161 0.51765
197.00000 0.5340288519054218 0.57317 0.19907 0.59009 0.37879 0.84706
75.00000 0.6289668704005266 0.60458 0.38150 0.60753 0.48636 0.82353
103.00000 0.5093568755058931 0.60976 0.18280 0.65351 0.30415 0.94902
219.00000 0.5768889944971374 0.58844 0.56250 0.59319 0.70213 0.71765
209.00000 0.48556184863669055 0.20721 0.14689 0.62500 0.41500 0.81569
490.00000 0.2710605819404625 0.30556 0.48341 0.57018 0.71717 0.85882
90.00000 0.4111708744715835 0.55263 0.18103 0.60674 0.31034 0.87059
845.00000 0.48657760515935305 0.69298 0.46552 0.94298 0.66279 0.36863
155.00000 0.5337728512973255 0.52778 0.17273 0.54264 0.23077 0.88627
128.00000 0.4095008741080153 0.60819 0.28276 0.63095 0.35417 0.75294
453.00000 0.24423241599526935 0.57778 0.33333 0.62121 0.49296 0.97255
623.00000 0.3958941490560052 0.59649 0.11888 0.61667 0.17460 0.54608
186.00000 0.2799521251887432 0.58333 0.13853 0.59091 0.21429 0.92549
270.00000 0.42234463381096726 0.56818 0.14400 0.66667 0.22892 0.64314
1153.00000 0.29718190729836713 0.50253 0.66667 0.56863 0.76543 0.81961
172.00000 0.4512280302902432 0.61728 0.33333 0.65217 0.43939 0.53725
75.00000 0.39869899311850354 0.54000 0.26389 0.56349 0.38824 0.51765
90.00000 0.4865570978234541 0.54348 0.59763 0.57682 0.80233 0.77647
116.00000 0.5826821477939889 0.07956 0.82533 0.08943 0.86580 0.89804
574.00000 0.22810708084088469 0.04060 0.81304 0.04949 0.89209 0.73725
117.00000 0.605507474835003 0.59007 0.38333 0.60417 0.80702 0.88235
717.00000 0.26906476791759426 0.14758 0.22581 0.68750 0.35266 0.88627
43.00000 0.7303835413700724 0.05616 0.46512 0.05936 0.48889 0.83137
431.00000 0.4351006891229287 0.57143 0.64753 0.58222 0.96753 0.74902
710.00000 0.43218679900999646 0.64394 0.15957 0.65333 0.36522 0.67451
141.00000 0.5363662802963607 0.75641 0.73864 0.96726 0.82857 0.53725
566.00000 0.3581247476104577 0.08170 0.98272 0.09259 1.00000 0.94118
28.00000 0.40631006295730027 0.66667 0.04425 0.69231 0.05844 0.98431
108.00000 0.5133337198133233 0.57246 0.78400 0.58689 0.91964 0.71765
85.00000 0.5847935029628966 0.58571 0.19780 0.59091 0.23005 0.87451
96.00000 0.47237386053303954 0.58772 0.32323 0.60317 0.46392 0.53333
321.00000 0.24573559575621506 0.11111 0.26549 0.16346 0.37736 0.51765
