410.00000 0.3952979293716189 0.11667 0.16038 0.61966 0.22430 0.77255
777.00000 0.3266531593815091 0.06818 0.11321 0.52778 0.22018 0.80000
680.00000 0.2957262141119592 0.54861 0.18812 0.58333 0.36000 0.58039
613.00000 0.2382222105757654 0.23333 0.13462 0.57317 0.28091 0.57647
580.00000 0.3820212369909674 0.06284 0.14563 0.07407 0.25962 0.59216
378.00000 0.46857052687454415 0.63194 0.06855 0.91667 0.10300 0.56078
321.00000 0.31568582456568467 0.63333 0.11811 0.69231 0.22936 0.69020
256.00000 0.34221807255534553 0.07071 0.14220 0.16667 0.27201 0.70588
356.00000 0.4387855009088433 0.06838 0.13559 0.09091 0.21368 0.98039
450.00000 0.32226228953860425 0.54264 0.29730 0.55952 0.56098 0.63137
636.00000 0.30413474857172884 0.19048 0.14058 0.60417 0.22872 0.68627
767.00000 0.30076517216896126 0.07292 0.10204 0.11667 0.19075 0.79216
608.00000 0.2492739418348547 0.23148 0.19022 0.39583 0.30769 0.78431
858.00000 0.21047268687718557 0.44444 0.26984 0.60321 0.42791 0.84706
645.00000 0.33989504574536505 0.07692 0.08333 0.70000 0.16800 0.45882
376.00000 0.17127432210970062 0.17857 0.27273 0.55882 0.52941 0.64706
345.00000 0.3267836259878472 0.29167 0.19118 0.50704 0.38208 0.85098
595.00000 0.25795256042917086 0.61852 0.18000 0.66667 0.27933 0.74510
675.00000 0.2629555145820342 0.04444 0.11765 0.07353 0.20282 0.57255
403.00000 0.22422749880574963 0.18519 0.24648 0.40278 0.39344 0.68627
596.00000 0.2854979762507351 0.23333 0.10000 0.63889 0.19481 0.63529
496.00000 0.3216636351974939 0.59091 0.07018 0.73810 0.13333 0.60000
361.00000 0.2838455597368292 0.07143 0.14211 0.56522 0.20370 0.70980
473.00000 0.2520004226501293 0.11111 0.09868 0.46667 0.19780 0.73333
661.00000 0.31030732109832787 0.59314 0.29839 0.61224 0.51376 0.65098
267.00000 0.24268323906889314 0.08025 0.13043 0.24561 0.24000 0.76471
424.00000 0.36342660889131356 0.60784 0.11111 0.63333 0.23810 0.91765
537.00000 0.3369355838491164 0.46914 0.16667 0.51042 0.23438 0.93333
528.00000 0.34504116568435866 0.07143 0.15789 0.07692 0.23636 0.44706
426.00000 0.26898364684205717 0.25556 0.14912 0.44444 0.40476 0.82745
441.00000 0.3449989300429068 0.63194 0.10417 0.72222 0.16667 0.60000
482.00000 0.3888099917103692 0.07143 0.13725 0.09444 0.29114 0.81176
591.00000 0.40580528589807324 0.07292 0.08046 0.09568 0.20207 0.74118
723.00000 0.2977664507662148 0.06250 0.13095 0.07895 0.19835 0.53333
639.00000 0.37173158356031266 0.07143 0.15049 0.07692 0.26364 0.53725
572.00000 0.27448540884311423 0.06306 0.15814 0.07323 0.23723 0.67451
725.00000 0.2598986528092958 0.27778 0.21875 0.52525 0.47619 0.62745
388.00000 0.40056731874608237 0.06212 0.47154 0.12038 0.68478 0.49020
369.00000 0.4398147434210573 0.59722 0.30851 0.61404 0.35484 0.91765
549.00000 0.2689892727100082 0.10417 0.11250 0.90741 0.19355 0.60392
510.00000 0.28902633776559267 0.25000 0.14894 0.33333 0.19767 0.67843
262.00000 0.34322344672058275 0.60985 0.23158 0.63333 0.40196 0.70980
442.00000 0.47666365744785627 0.07692 0.11111 0.08772 0.18462 0.83529
637.00000 0.37936448276146534 0.07692 0.15476 0.11667 0.27103 0.52157
399.00000 0.43253566731830007 0.61538 0.22642 0.63580 0.32283 0.76863
404.00000 0.296031831651735 0.60417 0.13571 0.61667 0.24161 0.47843
449.00000 0.24090403633220053 0.12500 0.21337 0.23810 0.53846 0.85882
686.00000 0.23651664555693078 0.59195 0.08271 0.66667 0.17094 0.90980
701.00000 0.22610561632462783 0.07692 0.13768 0.09936 0.23457 0.58824
691.00000 0.2763375167901578 0.03333 0.16667 0.05263 0.24242 0.47451
591.00000 0.39677622529860795 0.68750 0.10204 0.76667 0.16393 0.64706
656.00000 0.4072667895289547 0.06250 0.10465 0.91667 0.15464 0.92549
534.00000 0.16964024043855644 0.09322 0.21805 0.26923 0.45333 0.63529
344.00000 0.39692938582683546 0.69298 0.11029 0.90909 0.14943 0.93333
717.00000 0.27345227731741223 0.07692 0.19718 0.11667 0.28000 0.69804
324.00000 0.31372813357353957 0.30556 0.12554 0.52424 0.28111 0.83137
468.00000 0.2472254844971736 0.12865 0.29940 0.62500 0.45070 0.83529
571.00000 0.37294117616086997 0.06838 0.10753 0.20455 0.22995 0.66275
502.00000 0.2911055324860093 0.07407 0.12838 0.56250 0.25951 0.64314
378.00000 0.3508532495902621 0.62069 0.17551 0.64444 0.34783 0.83137
568.00000 0.31537260987530513 0.13333 0.21469 0.61585 0.33987 0.74510
492.00000 0.39040595290619345 0.11667 0.15385 0.54545 0.21277 0.69412
369.00000 0.36164683166436346 0.57946 0.40992 0.60377 0.66667 0.48235
491.00000 0.19444140506756413 0.12500 0.15439 0.59105 0.38095 0.52549
440.00000 0.3870964055766083 0.48148 0.13300 0.63095 0.22222 0.77647
461.00000 0.37775456673396124 0.56190 0.12500 0.66667 0.23913 0.70196
583.00000 0.265081486038254 0.04861 0.12245 0.13333 0.20312 0.52549
618.00000 0.29538544906630115 0.19444 0.10345 0.58140 0.18431 0.58824
505.00000 0.2785299756991495 0.61111 0.15254 0.69697 0.24638 0.74118
453.00000 0.32024442503730655 0.66667 0.12174 0.78571 0.20548 0.59216
436.00000 0.28826450923050406 0.17083 0.19231 0.88272 0.40909 0.78039
389.00000 0.2967695916597417 0.53333 0.13366 0.65333 0.22892 0.65490
601.00000 0.3080719425433155 0.19298 0.21569 0.54167 0.32979 0.90196
573.00000 0.30491115153130155 0.16667 0.18349 0.30556 0.33333 0.43529
547.00000 0.31021256957271515 0.07692 0.14474 0.07692 0.20370 0.52941
316.00000 0.2963444179341687 0.62444 0.26058 0.64368 0.40385 0.80784
632.00000 0.38933269343308247 0.68750 0.14679 0.86667 0.20000 0.67843
479.00000 0.31666384715977 0.22464 0.13178 0.60784 0.19231 0.66275
535.00000 0.24321422496439782 0.52193 0.36986 0.53571 0.51220 0.67451
361.00000 0.3670308099344257 0.62000 0.12903 0.66667 0.23842 0.80000
436.00000 0.4249299127323922 0.61852 0.25888 0.63194 0.60465 0.40784
577.00000 0.3398549004433772 0.04861 0.16529 0.07317 0.25000 0.65490
453.00000 0.3047730217219344 0.35000 0.17910 0.61502 0.34934 0.80392
153.00000 0.49173778240204136 0.41667 0.13253 0.64368 0.24457 0.70588
376.00000 0.37117745182996403 0.57407 0.10538 0.63333 0.18605 0.87451
408.00000 0.3668350610461319 0.53431 0.22830 0.55952 0.42105 0.79216
650.00000 0.3331644910626645 0.07692 0.16964 0.08333 0.27059 0.66275
515.00000 0.23979091088798543 0.17593 0.12632 0.27778 0.22581 0.64706
420.00000 0.3122281845870716 0.07692 0.17791 0.09091 0.25192 0.72549
489.00000 0.19764081738368314 0.07407 0.30000 0.44444 0.47541 0.75686
556.00000 0.19360693252881495 0.50000 0.28993 0.55496 0.62745 0.61176
717.00000 0.285216944848509 0.06349 0.17778 0.07692 0.30328 0.51373
346.00000 0.2809713771797296 0.27778 0.21739 0.56190 0.33333 0.41961
610.00000 0.2865925528916838 0.07143 0.09130 0.11594 0.15512 0.71765
514.00000 0.25464677716768974 0.57377 0.08451 0.61538 0.22613 0.83922
273.00000 0.3296257303505734 0.20000 0.12887 0.63333 0.21154 0.64314
539.00000 0.45162541839192527 0.55333 0.05085 0.59804 0.21622 0.98039
535.00000 0.19251123557081576 0.15789 0.24490 0.22464 0.32633 0.60784
537.00000 0.275297375401324 0.69048 0.16774 0.72059 0.23704 0.69020
317.00000 0.48061124348179024 0.04485 0.45455 0.09524 0.69231 0.33333
432.00000 0.3106224011519443 0.13333 0.15556 0.61111 0.24000 0.65882
781.00000 0.2420307667610439 0.07692 0.17273 0.08772 0.33333 0.65490
531.00000 0.22627562876866433 0.08051 0.26804 0.09444 0.38596 0.83137
630.00000 0.272116270699062 0.68750 0.09434 0.90741 0.15385 0.57647
412.00000 0.39564544155438397 0.48148 0.11905 0.63580 0.19149 0.61961
229.00000 0.40393394562089313 0.53333 0.09626 0.63580 0.30357 0.83922
472.00000 0.2196652364905453 0.27778 0.20788 0.59091 0.32377 0.75294
300.00000 0.5855367952141706 0.03333 0.09009 0.07692 0.12712 0.99608
683.00000 0.2862308137760695 0.54545 0.17143 0.58772 0.42857 0.64706
571.00000 0.32302025104563026 0.14646 0.36139 0.20290 0.46154 0.73333
126.00000 0.47791701277796556 0.62333 0.32292 0.73810 0.48341 0.83922
456.00000 0.206448268924679 0.59524 0.12755 0.63194 0.32143 0.83529
596.00000 0.44002869576118947 0.08333 0.11538 0.14167 0.28302 0.56078
436.00000 0.39510602055726474 0.36111 0.32895 0.55303 0.38462 0.80000
680.00000 0.22936002300203828 0.15351 0.25263 0.23611 0.33632 0.71765
454.00000 0.3314848312115029 0.58772 0.29412 0.62121 0.54839 0.98824
287.00000 0.22767099108621702 0.19231 0.16296 0.21111 0.29652 0.75294
467.00000 0.3308993138351914 0.61458 0.23077 0.68750 0.50000 0.32157
273.00000 0.3656290697326383 0.36111 0.33871 0.54598 0.41489 0.73725
712.00000 0.2874465997520509 0.06250 0.19580 0.07692 0.28736 0.63922
707.00000 0.2915649314709701 0.07692 0.19565 0.08333 0.28774 0.53333
665.00000 0.25304103404090145 0.27778 0.21026 0.69444 0.32353 0.77255
222.00000 0.3091171585159081 0.45833 0.20635 0.59091 0.41586 0.98039
384.00000 0.3830336484647523 0.61167 0.21429 0.64646 0.30337 0.75294
445.00000 0.3340993928331918 0.11475 0.20000 0.59430 0.29299 0.81176
404.00000 0.1997503475720316 0.21111 0.13725 0.43939 0.21127 0.42353
576.00000 0.2450796015614617 0.12821 0.46535 0.26923 0.58462 0.72157
509.00000 0.2583656968120872 0.65741 0.15464 0.74561 0.24409 0.73725
379.00000 0.3653360240859262 0.08333 0.11364 0.13580 0.17073 0.96863
626.00000 0.33706065610747155 0.04472 0.14286 0.06439 0.22518 0.65098
427.00000 0.40185057723875417 0.16146 0.16571 0.62366 0.22917 0.69020
381.00000 0.3102690715005276 0.05952 0.23129 0.07143 0.26786 0.75294
307.00000 0.3519177055540226 0.50000 0.09259 0.53333 0.16667 0.86275
324.00000 0.3364622289634159 0.06173 0.12500 0.60569 0.30476 0.62745
489.00000 0.3911705948933682 0.07143 0.10744 0.11224 0.23016 0.58431
611.00000 0.2705991946533828 0.71212 0.08527 0.78788 0.11111 0.58824
488.00000 0.35669195705552864 0.66667 0.06286 0.90741 0.11111 0.54510
328.00000 0.3527391281244268 0.68391 0.17323 0.70513 0.20886 0.59608
425.00000 0.3892004012713503 0.61905 0.21839 0.65333 0.27941 0.56471
355.00000 0.41671543544984974 0.40741 0.11345 0.50901 0.18750 0.91373
509.00000 0.3481136699803934 0.04545 0.10417 0.12500 0.16393 0.75686
515.00000 0.3945434667470288 0.04000 0.15152 0.05319 0.22901 0.73725
685.00000 0.3691207077086357 0.07407 0.14103 0.10417 0.20282 0.55294
591.00000 0.32225812062533865 0.05556 0.16129 0.07692 0.25140 0.64706
373.00000 0.3845805100282237 0.06250 0.10738 0.58333 0.24658 0.65490
424.00000 0.39263538508372736 0.63095 0.34615 0.66667 0.50526 1.00000
614.00000 0.3575368108760994 0.41667 0.09434 0.94444 0.14179 0.72941
634.00000 0.2977256867232544 0.54000 0.16346 0.58333 0.37500 0.60392
712.00000 0.19397486858877513 0.57895 0.07643 0.80556 0.14563 0.59608
357.00000 0.18049219022103402 0.64706 0.09554 0.93939 0.14286 0.63137
785.00000 0.29164277078416406 0.06838 0.11712 0.07692 0.22378 0.62353
488.00000 0.2091590926145085 0.50000 0.32361 0.66667 0.56818 0.67059
828.00000 0.28713346229983416 0.76667 0.10891 0.86667 0.14286 0.70196
431.00000 0.3433985702125734 0.66667 0.23404 0.73333 0.45455 0.54118
395.00000 0.3984380805871381 0.07407 0.11570 0.60897 0.25000 0.69020
393.00000 0.3077812828540333 0.14286 0.17091 0.59091 0.24269 0.69804
382.00000 0.4084609722927388 0.21032 0.12500 0.62057 0.21854 0.77647
279.00000 0.3982799149824567 0.52778 0.06356 0.55263 0.14286 0.89020
439.00000 0.38735145842212726 0.66667 0.06633 0.69444 0.15068 0.78039
534.00000 0.30969433111169903 0.07407 0.16393 0.09091 0.25000 0.49412
506.00000 0.28765234947304 0.62022 0.31343 0.64646 0.51963 0.78039
403.00000 0.319024315388856 0.44444 0.35417 0.52047 0.43137 0.96471
420.00000 0.3327070596172354 0.50000 0.11111 0.53483 0.24324 0.85882
773.00000 0.4410254098078693 0.06173 0.11111 0.10976 0.28261 0.96863
723.00000 0.23998026782729687 0.59524 0.14179 0.64286 0.24460 0.69020
345.00000 0.34005617513776193 0.55031 0.13333 0.60753 0.21818 0.80784
695.00000 0.18007998489837918 0.25287 0.15068 0.44340 0.35484 0.72549
674.00000 0.3036726085229213 0.07333 0.12987 0.30556 0.24742 0.50196
792.00000 0.2379910238845533 0.86667 0.07843 0.94444 0.11875 0.74510
578.00000 0.2526926559133221 0.15344 0.11820 0.53448 0.19816 0.66667
540.00000 0.25173631258616813 0.08333 0.13784 0.23403 0.22388 0.79608
757.00000 0.29136551612626554 0.07143 0.13433 0.13333 0.21127 0.43922
518.00000 0.3453452822070598 0.06589 0.18056 0.07895 0.30645 0.50588
397.00000 0.25781021552151034 0.62025 0.21429 0.65333 0.33333 0.78431
422.00000 0.2897368454931114 0.13889 0.31481 0.57692 0.52830 0.46275
680.00000 0.2409115123244833 0.27778 0.07333 0.77778 0.13043 0.61176
560.00000 0.26564214030789035 0.64894 0.42529 0.69271 0.63333 0.53725
468.00000 0.30402312805980464 0.08333 0.13699 0.10976 0.24000 0.73725
752.00000 0.26997075770956647 0.61667 0.20611 0.66667 0.32609 0.60784
165.00000 0.4704169447438433 0.36667 0.11504 0.64706 0.17241 0.83137
430.00000 0.36964788529639253 0.69231 0.11765 0.78571 0.13889 0.89020
675.00000 0.2372793180039699 0.06818 0.14286 0.07692 0.21179 0.64314
551.00000 0.2821534075797543 0.64286 0.10638 0.94444 0.17949 0.56078
662.00000 0.27896452284705253 0.69333 0.23239 0.72222 0.32967 0.60784
374.00000 0.28976390792226514 0.59815 0.41259 0.62727 0.68667 0.84314
658.00000 0.30937154709485626 0.04861 0.17409 0.07317 0.26012 0.86667
677.00000 0.36273055351772904 0.07143 0.13194 0.10417 0.24359 0.54118
462.00000 0.2379643450326108 0.60088 0.21429 0.68280 0.38419 0.81569
426.00000 0.397574383698081 0.12121 0.22642 0.76667 0.29839 0.74902
492.00000 0.4405321785723227 0.07143 0.10989 0.12500 0.19149 0.90196
553.00000 0.238239095757706 0.07143 0.18000 0.07870 0.27692 0.46667
638.00000 0.2072271396821528 0.53333 0.07143 0.80556 0.15385 0.52549
295.00000 0.3064409896317154 0.13333 0.17241 0.66667 0.24176 0.66275
647.00000 0.1988375034890687 0.41667 0.20000 0.61905 0.41255 0.67451
613.00000 0.3985675886564498 0.62063 0.28947 0.66667 0.48837 0.69412
532.00000 0.3142344890804918 0.52778 0.20561 0.60163 0.27041 0.66667
459.00000 0.323914655381353 0.65196 0.16667 0.69444 0.26506 0.85882
678.00000 0.3433219728714552 0.16667 0.11111 0.80556 0.22778 0.66667
780.00000 0.2645422124440021 0.05556 0.17783 0.07292 0.28000 0.73333
358.00000 0.3967487197773082 0.52424 0.33842 0.55556 0.45455 0.91373
605.00000 0.26118410799976843 0.63194 0.15741 0.67593 0.25373 0.69804
467.00000 0.3516007602590834 0.07143 0.12698 0.07895 0.20749 0.64314
256.00000 0.24685648736976967 0.16667 0.32075 0.55952 0.71070 0.71373
522.00000 0.32969728422671585 0.03333 0.14493 0.05556 0.21084 0.44706
751.00000 0.35720359478064506 0.07692 0.15464 0.09314 0.30476 0.50980
254.00000 0.42185050347060105 0.57407 0.10465 0.59091 0.18889 0.89804
368.00000 0.27287709287724116 0.60204 0.21739 0.92857 0.38298 0.54902
421.00000 0.32946991965565936 0.71212 0.09827 0.92157 0.18182 0.96471
560.00000 0.4362918433808004 0.10317 0.12727 0.18750 0.35714 0.65098
385.00000 0.38489679028311774 0.41667 0.13580 0.57471 0.27972 0.99608
495.00000 0.30044749820142025 0.60976 0.31667 0.66667 0.53333 0.54902
621.00000 0.30279935106514744 0.56522 0.06193 0.73333 0.10345 0.59216
408.00000 0.2279758406607299 0.07639 0.22222 0.16667 0.49209 0.93333
677.00000 0.14510358126477518 0.46032 0.11712 0.69444 0.26087 0.60000
482.00000 0.34297699903337153 0.50000 0.06796 0.73333 0.12048 0.57255
712.00000 0.27365039036792616 0.48333 0.12987 0.54248 0.18487 0.84706
456.00000 0.2684671552088758 0.19697 0.19643 0.61333 0.26667 0.74902
435.00000 0.5259627136131717 0.04444 0.09615 0.07692 0.18286 0.60392
495.00000 0.3695075523958775 0.06250 0.09756 0.55667 0.16049 0.89804
876.00000 0.3393310714004987 0.06589 0.12920 0.07895 0.28161 0.61569
605.00000 0.3213718137653276 0.07692 0.11446 0.09314 0.17105 0.74902
611.00000 0.3217642649124678 0.57333 0.05085 0.73333 0.11250 0.54902
537.00000 0.17842151520163513 0.19136 0.08756 0.63333 0.15385 0.58824
551.00000 0.3236721181847236 0.63333 0.14789 0.65789 0.21379 0.63529
381.00000 0.28782577627511896 0.65079 0.15556 0.70588 0.23881 0.87059
278.00000 0.46409774067376985 0.57051 0.14902 0.64286 0.23333 0.99608
421.00000 0.3196044699021574 0.50000 0.18455 0.57456 0.28571 0.71373
510.00000 0.27465891353775906 0.48333 0.13750 0.53030 0.19608 0.76863
911.00000 0.32182941315389846 0.06838 0.20575 0.07895 0.31852 0.66667
591.00000 0.3538944812324881 0.13095 0.12200 0.70000 0.25532 0.65098
495.00000 0.29754306059001584 0.14957 0.22511 0.86957 0.43383 0.85882
414.00000 0.37051174710446 0.38889 0.16228 0.51389 0.25571 0.88627
533.00000 0.31680531456680955 0.07143 0.08197 0.91667 0.25000 0.60882
498.00000 0.31225084933389935 0.05000 0.13710 0.07471 0.21333 0.69020
568.00000 0.3571390175418733 0.20667 0.29703 0.58000 0.58235 0.67451
542.00000 0.322877943796737 0.09936 0.16667 0.94444 0.25904 0.78039
366.00000 0.3676325100225892 0.11538 0.08955 0.95833 0.20149 0.60000
376.00000 0.37708071575141067 0.50617 0.37037 0.56439 0.43556 0.87843
862.00000 0.26290581419034326 0.60078 0.16129 0.67857 0.29670 0.59608
646.00000 0.302893597071128 0.45833 0.06875 0.91667 0.12308 0.54118
601.00000 0.2883272320225927 0.63333 0.17143 0.66129 0.22464 0.72941
896.00000 0.26056241695986854 0.09804 0.15951 0.33333 0.22222 0.66275
690.00000 0.4585963153573886 0.08889 0.11628 0.41667 0.22936 0.96863
602.00000 0.27136688023919736 0.07317 0.22078 0.07895 0.31250 0.57647
565.00000 0.30569064817813835 0.04472 0.28302 0.57292 0.34161 0.63922
361.00000 0.32582943589183694 0.31250 0.16667 0.53333 0.31343 0.81569
582.00000 0.3439380313491354 0.50000 0.11864 0.60417 0.18462 0.47059
299.00000 0.40834403664784646 0.08333 0.14563 0.11667 0.25000 0.99608
681.00000 0.22184720042434367 0.58333 0.22833 0.61594 0.34123 0.77647
353.00000 0.4203299236538525 0.62000 0.07500 0.83333 0.10965 0.55686
274.00000 0.4517928006448249 0.58081 0.25000 0.61538 0.37778 0.76863
592.00000 0.3296780157843072 0.41667 0.09929 0.50000 0.18349 0.69020
327.00000 0.3623344033282077 0.06818 0.12299 0.09722 0.25434 0.60784
330.00000 0.2517253799138818 0.11683 0.20225 0.63889 0.41401 0.73333
267.00000 0.4539373829898133 0.62094 0.45495 0.62698 0.53052 0.87059
523.00000 0.3586198165754768 0.53333 0.07186 0.93939 0.11250 0.53333
407.00000 0.4179871702773834 0.50000 0.30000 0.55039 0.39370 0.99608
491.00000 0.41377850865122134 0.46667 0.23256 0.56098 0.39496 0.99608
567.00000 0.27441245561955857 0.60345 0.16667 0.62500 0.23729 0.61176
615.00000 0.21046126184631722 0.60897 0.19643 0.65789 0.36434 0.67843
308.00000 0.29604818246511955 0.55936 0.17120 0.61538 0.27907 0.82353
446.00000 0.2981907756498855 0.21429 0.17822 0.48077 0.36066 0.82353
422.00000 0.3698517904584879 0.07143 0.13542 0.07692 0.20833 0.59216
439.00000 0.35359781323512995 0.04444 0.13514 0.06481 0.20896 0.75686
631.00000 0.28795287994282337 0.64646 0.17518 0.67857 0.23200 0.66275
431.00000 0.3018136566271508 0.65909 0.15833 0.70833 0.19792 0.54902
418.00000 0.3495440203034886 0.59804 0.06250 0.73810 0.14414 0.62353
702.00000 0.3309963124470594 0.10417 0.14721 0.83333 0.22581 1.00000
281.00000 0.31231786126294175 0.15217 0.20690 0.36111 0.35955 0.58039
699.00000 0.1862946644981902 0.41667 0.28829 0.61111 0.42424 0.69412
559.00000 0.24421786739198625 0.38462 0.07212 0.62500 0.15476 0.61176
765.00000 0.2515043698543805 0.57870 0.33702 0.62083 0.56287 0.84706
748.00000 0.1943130986033049 0.75000 0.08333 0.93939 0.13095 0.58824
369.00000 0.2812894763459609 0.50000 0.11039 0.62222 0.23903 0.63137
462.00000 0.3368595973838121 0.55914 0.06299 0.59804 0.10241 0.88235
464.00000 0.29047863972017046 0.16667 0.15942 0.57143 0.26761 0.38824
531.00000 0.3812766414990644 0.54861 0.05263 0.86667 0.14161 0.61176
275.00000 0.3342724553771546 0.19697 0.28205 0.54444 0.36458 0.78824
704.00000 0.22065356772575506 0.11538 0.06627 0.23333 0.11802 0.68235
751.00000 0.3002650672600002 0.06173 0.13514 0.20000 0.22917 0.79608
545.00000 0.24442920575640414 0.44444 0.12571 0.62000 0.27061 0.61569
461.00000 0.18038787686342259 0.12076 0.13529 0.50000 0.26020 0.67059
573.00000 0.35764664336422575 0.07353 0.19595 0.07692 0.28485 0.67843
454.00000 0.3610225062529542 0.42157 0.22115 0.53901 0.51875 0.72941
703.00000 0.1692123244857699 0.43939 0.21387 0.50000 0.45263 0.54510
727.00000 0.3743729207215532 0.10417 0.16667 0.91667 0.26190 0.71765
690.00000 0.2371634796331091 0.06439 0.20000 0.08025 0.29762 0.69020
526.00000 0.19103635210707876 0.14167 0.37353 0.19298 0.64583 0.74118
611.00000 0.24014457420383672 0.58974 0.32143 0.60784 0.49078 0.53333
540.00000 0.25707946506159807 0.06481 0.14815 0.23958 0.26087 0.66667
895.00000 0.30009527441070666 0.68571 0.23077 0.70202 0.27193 0.66275
685.00000 0.2947606591666801 0.12222 0.26471 0.58333 0.34951 0.71765
