0.11926 0.07143 0.04861 0.07143
0.53588 0.60382 0.58750 0.62500
0.12210 0.09649 0.08046 0.10504
0.50293 0.53333 0.43333 0.56000
0.68519 0.64286 0.62403 0.71505
0.28942 0.27536 0.25758 0.32222
0.48607 0.52465 0.44363 0.53801
0.10284 0.09317 0.08046 0.12433
0.64218 0.86111 0.05172 0.91667
0.61695 0.62195 0.60078 0.62931
0.54018 0.59034 0.56349 0.60271
0.66790 0.63131 0.61475 0.69444
0.17517 0.07111 0.06061 0.16667
0.47374 0.58578 0.31250 0.59701
0.06968 0.06696 0.05946 0.07111
0.34310 0.10377 0.04167 0.68391
0.47135 0.57317 0.26536 0.59957
0.57427 0.58678 0.57738 0.60889
0.15463 0.07471 0.05882 0.11111
0.37682 0.52941 0.14167 0.56039
0.36823 0.57377 0.05243 0.60584
0.63416 0.97727 0.06852 0.98384
0.58320 0.59314 0.57255 0.60290
0.51247 0.56190 0.53213 0.57143
0.68046 0.69271 0.65196 0.81818
0.55954 0.59583 0.58333 0.60784
0.82330 0.89394 0.75000 0.93939
0.41646 0.50617 0.27273 0.53431
0.04818 0.04213 0.02752 0.05556
0.57346 0.57062 0.56854 0.57407
0.79381 0.91270 0.89912 0.93791
0.53583 0.56667 0.52830 0.62500
0.45100 0.56322 0.16667 0.57333
0.43111 0.44444 0.40000 0.50000
0.60506 0.59756 0.59387 0.60452
0.60625 0.66234 0.65152 0.71111
0.78291 0.83333 0.71171 0.88889
0.59136 0.58631 0.56627 0.62719
0.29101 0.19048 0.11039 0.48077
0.29957 0.19231 0.07407 0.50000
0.57322 0.58740 0.58091 0.59365
0.23603 0.22222 0.10795 0.34722
0.55101 0.59829 0.56731 0.62366
0.48582 0.58333 0.40741 0.58861
0.11569 0.11494 0.10884 0.12185
0.58640 0.60417 0.59649 0.60714
0.49442 0.56173 0.44118 0.57865
0.13488 0.04227 0.02336 0.08939
0.51984 0.62403 0.41667 0.64242
0.35401 0.50901 0.08772 0.53814
0.53902 0.55930 0.54518 0.57479
0.42570 0.49167 0.16667 0.58333
0.45778 0.55655 0.41667 0.57895
0.59946 0.90789 0.04911 0.96847
0.07178 0.07353 0.05952 0.08095
0.46629 0.61966 0.08772 0.63333
0.13105 0.05357 0.03407 0.06604
0.22929 0.08974 0.06383 0.38889
0.29991 0.18571 0.08333 0.58333
0.12650 0.12153 0.11022 0.13889
0.52233 0.64167 0.20000 0.67708
0.51705 0.56838 0.52778 0.58454
0.48312 0.69565 0.01667 0.80556
0.66994 0.68468 0.63580 0.74242
0.45232 0.51111 0.39744 0.54874
0.09067 0.05214 0.03723 0.07463
0.62384 0.62222 0.60638 0.66667
0.68115 0.68280 0.65459 0.71591
0.61228 0.61667 0.58571 0.64216
0.54814 0.57407 0.55667 0.60215
0.56116 0.59375 0.58519 0.62083
0.56032 0.56604 0.55637 0.57108
0.37600 0.45833 0.17857 0.56667
0.58107 0.58333 0.54225 0.62092
0.56904 0.57306 0.56410 0.57831
0.55132 0.56284 0.52963 0.58095
0.45271 0.58130 0.21171 0.59053
0.48993 0.63333 0.06667 0.81250
0.53841 0.55128 0.51515 0.58696
0.50711 0.57527 0.55263 0.58743
0.48982 0.58667 0.54487 0.59770
0.20855 0.12500 0.10856 0.21429
0.62650 0.69048 0.62057 0.76923
0.42085 0.22222 0.12500 0.82222
0.65774 0.83333 0.33333 0.94444
0.49786 0.56621 0.40196 0.59583
0.88626 0.88889 0.87745 0.90278
0.53355 0.58740 0.57407 0.61404
0.61662 0.62560 0.61979 0.64461
0.07928 0.06469 0.03488 0.08800
0.34066 0.47222 0.07895 0.57801
0.58551 0.58861 0.58059 0.59568
0.56133 0.62162 0.58333 0.69231
0.51640 0.56090 0.50000 0.60452
0.17028 0.10976 0.09444 0.16667
0.63056 0.66667 0.61966 0.66667
0.37577 0.56173 0.06536 0.59319
0.49420 0.54348 0.52020 0.55864
0.55126 0.59815 0.58491 0.60544
0.53823 0.57983 0.53646 0.58788
0.48730 0.51075 0.47312 0.53556
0.48902 0.54000 0.44444 0.57692
0.65163 0.64286 0.61538 0.68750
0.37294 0.11518 0.06870 0.69048
0.11560 0.11333 0.08266 0.15542
0.42833 0.57790 0.11224 0.58796
0.27360 0.05952 0.04815 0.71212
0.52333 0.64167 0.54301 0.69444
0.52462 0.56931 0.55060 0.61574
0.53017 0.59195 0.58273 0.60667
0.10863 0.10494 0.09216 0.11667
0.12397 0.08333 0.07143 0.08924
0.32490 0.38462 0.12000 0.52778
0.40840 0.40196 0.33333 0.53205
0.45238 0.52333 0.40341 0.53974
0.22792 0.07576 0.03704 0.11985
0.44330 0.61667 0.07377 0.64444
0.52294 0.55769 0.53005 0.58170
0.33330 0.07333 0.03958 0.72464
0.20945 0.15909 0.11240 0.28788
0.57441 0.58333 0.56349 0.60588
0.54305 0.54789 0.53922 0.55618
0.22008 0.18699 0.10569 0.23765
0.29949 0.02336 0.01535 0.95690
0.60169 0.60932 0.60317 0.61310
0.44561 0.55455 0.07407 0.63889
0.40747 0.47059 0.25641 0.51990
0.56919 0.57910 0.54444 0.60354
0.62814 0.61370 0.60606 0.67228
0.14156 0.12963 0.10078 0.16923
0.09730 0.04274 0.03167 0.05556
0.58569 0.64067 0.59455 0.64815
0.47899 0.60586 0.23889 0.63043
0.48423 0.63830 0.09663 0.75000
0.59157 0.59195 0.58667 0.59896
0.60616 0.60458 0.58081 0.63333
0.27622 0.11111 0.03333 0.55952
0.61697 0.62195 0.53333 0.73810
0.46001 0.59697 0.19697 0.61972
0.54178 0.58889 0.57917 0.59829
0.55497 0.67593 0.15641 0.75000
0.51985 0.52976 0.51916 0.54321
0.64071 0.64216 0.60985 0.65333
0.38767 0.46131 0.26562 0.56838
0.39926 0.53877 0.06970 0.57292
0.37748 0.48750 0.10088 0.57864
0.19553 0.05556 0.02885 0.07738
0.49740 0.57071 0.46914 0.64319
0.41856 0.56209 0.14286 0.58073
0.57692 0.60976 0.58519 0.62719
0.08249 0.07623 0.06931 0.08743
0.35614 0.16667 0.08140 0.62222
0.44428 0.55769 0.18254 0.61879
0.46290 0.57407 0.33333 0.62500
0.44753 0.54545 0.21429 0.57456
0.54133 0.56090 0.51667 0.58571
0.06803 0.06250 0.04568 0.07483
0.57653 0.60317 0.57829 0.62121
0.41299 0.44444 0.28571 0.52941
0.35948 0.13333 0.05556 0.68910
0.09868 0.10043 0.08030 0.11538
0.47509 0.55556 0.53333 0.56322
0.47550 0.55556 0.53968 0.57489
0.57322 0.63111 0.62069 0.64815
0.57583 0.57613 0.57111 0.58095
0.47238 0.60041 0.55820 0.61039
0.36045 0.54000 0.10638 0.56667
0.26381 0.08667 0.07895 0.61520
0.57057 0.59896 0.58081 0.68750
0.48626 0.53604 0.45679 0.59091
0.55695 0.58046 0.54902 0.59155
0.05759 0.05182 0.03933 0.07381
0.44566 0.57310 0.14286 0.58442
0.51762 0.58676 0.53865 0.59387
0.07815 0.06545 0.05721 0.07870
0.49507 0.53333 0.50000 0.55172
0.33749 0.13889 0.05926 0.61728
0.39291 0.10658 0.04167 0.88889
0.54003 0.54455 0.51829 0.56878
0.45503 0.48611 0.45265 0.49094
0.36502 0.43333 0.19298 0.49573
0.51624 0.55172 0.53333 0.57292
0.35853 0.43939 0.06019 0.62500
0.69904 0.76667 0.58081 0.85000
0.45789 0.55392 0.19681 0.58333
0.13776 0.12153 0.11420 0.14124
0.10007 0.08796 0.07479 0.11224
0.53759 0.57801 0.56122 0.58772
0.50699 0.55556 0.50000 0.59146
0.49790 0.57349 0.45238 0.57984
0.06929 0.06667 0.04902 0.07639
0.73925 0.70513 0.62963 0.86667
0.60026 0.60417 0.59524 0.61364
0.36912 0.46171 0.13333 0.51780
0.36165 0.23810 0.13333 0.61275
0.34593 0.48958 0.11538 0.54545
0.58097 0.59058 0.56984 0.61594
0.05699 0.04195 0.03528 0.04861
0.50017 0.56173 0.53241 0.58524
0.55189 0.63333 0.58333 0.65789
0.56753 0.57317 0.55882 0.58333
0.55639 0.58475 0.57692 0.59314
0.55466 0.62179 0.61232 0.64706
0.47626 0.55000 0.38889 0.56838
0.38905 0.41667 0.21212 0.54487
0.43668 0.26667 0.13333 0.81250
0.49127 0.58788 0.52899 0.59859
0.65286 0.58796 0.56631 0.70430
0.65041 0.60972 0.59701 0.70588
0.52468 0.58333 0.47222 0.59524
0.58063 0.61232 0.60345 0.63333
0.64521 0.64269 0.63485 0.65989
0.34850 0.19136 0.09430 0.60043
0.55741 0.56522 0.54861 0.57895
0.55668 0.60067 0.52987 0.60559
0.54601 0.57292 0.52299 0.59226
0.49200 0.56019 0.53333 0.58772
0.50620 0.56790 0.48870 0.60112
0.57614 0.58333 0.57310 0.60417
0.08461 0.07870 0.07333 0.08333
0.10302 0.08081 0.06019 0.14286
0.50102 0.58676 0.56863 0.59662
0.55170 0.57451 0.54248 0.58416
0.64543 0.64327 0.62195 0.69048
0.57624 0.60000 0.58743 0.61228
0.21238 0.15873 0.11111 0.23333
0.31501 0.07843 0.04444 0.60345
0.63995 0.61392 0.60606 0.64056
0.42323 0.07658 0.02694 0.85354
0.65311 0.75287 0.68687 0.82609
0.88510 0.88889 0.87356 0.90278
0.57359 0.58133 0.57214 0.62500
0.34643 0.48333 0.07692 0.57143
0.30274 0.19444 0.13445 0.53333
0.51746 0.56667 0.54000 0.61688
0.51499 0.58333 0.55303 0.60417
0.21802 0.08249 0.06093 0.12121
0.55218 0.58696 0.57801 0.59667
0.45475 0.60606 0.16667 0.65909
0.50442 0.57042 0.40909 0.60624
0.51113 0.55729 0.46032 0.56854
0.58494 0.72222 0.11111 0.82222
0.24442 0.18750 0.09788 0.38889
0.60257 0.60526 0.58427 0.61905
0.10907 0.10452 0.08796 0.12403
0.56206 0.60078 0.54487 0.66667
0.56545 0.57713 0.55620 0.58537
0.51192 0.54630 0.53571 0.56522
0.57086 0.58140 0.54701 0.67857
0.58701 0.58772 0.57738 0.60354
0.46708 0.66667 0.05882 0.91667
0.39332 0.18155 0.08519 0.64394
0.53313 0.56929 0.55691 0.59583
0.08013 0.07664 0.07018 0.08831
0.11634 0.05780 0.04635 0.08333
0.56647 0.59877 0.57491 0.60550
0.57508 0.57333 0.56869 0.58046
0.35810 0.36458 0.12403 0.57353
0.11137 0.07436 0.05983 0.10417
0.66179 0.67857 0.62121 0.90196
0.50818 0.57317 0.56173 0.59009
0.58730 0.60458 0.59701 0.60753
0.47255 0.60976 0.13333 0.65351
0.51248 0.58844 0.57364 0.59319
0.35152 0.20721 0.10659 0.62500
0.37508 0.30556 0.18910 0.57018
0.42068 0.55263 0.18750 0.60674
0.74217 0.69298 0.62000 0.94298
0.49322 0.52778 0.46667 0.54264
0.56417 0.60819 0.53333 0.63095
0.57980 0.57778 0.53958 0.62121
0.48216 0.59649 0.52778 0.61667
0.56584 0.58333 0.57407 0.59091
0.45262 0.56818 0.09009 0.66667
0.40207 0.50253 0.20614 0.56863
0.55611 0.61728 0.45833 0.65217
0.49841 0.54000 0.51042 0.56349
0.53702 0.54348 0.52778 0.57682
0.07977 0.07956 0.06545 0.08943
0.05168 0.04060 0.03247 0.04949
0.59016 0.59007 0.58333 0.60417
0.38591 0.14758 0.04301 0.68750
0.14783 0.05616 0.04945 0.05936
0.56107 0.57143 0.56233 0.58222
0.64200 0.64394 0.60985 0.65333
0.61604 0.75641 0.09902 0.96726
0.08507 0.08170 0.07082 0.09259
0.55706 0.66667 0.38889 0.69231
0.57288 0.57246 0.55983 0.58689
0.58106 0.58571 0.57292 0.59091
0.57723 0.58772 0.56667 0.60317
0.17704 0.11111 0.09091 0.16346