0.24260 0.24537 0.21644 0.27044
0.50138 0.59701 0.45833 0.61538
0.20688 0.15278 0.04264 0.22778
0.32379 0.20470 0.13475 0.59957
0.29834 0.21429 0.16667 0.36667
0.28564 0.23737 0.20202 0.32222
0.13144 0.11328 0.09489 0.13934
0.17036 0.17610 0.15580 0.19333
0.15168 0.10569 0.09146 0.20588
0.56343 0.56481 0.54301 0.58519
0.36081 0.25424 0.21705 0.58521
0.22023 0.21131 0.18732 0.23538
0.29671 0.27536 0.22599 0.36508
0.26994 0.22764 0.19811 0.27451
0.27936 0.25758 0.22956 0.30556
0.29735 0.20085 0.17778 0.53646
0.31311 0.26667 0.22481 0.37879
0.15694 0.14400 0.11842 0.18519
0.57533 0.69444 0.44444 0.73333
0.34928 0.19444 0.18182 0.57692
0.48907 0.63333 0.13404 0.76923
0.25319 0.26000 0.20455 0.32407
0.25934 0.19512 0.17333 0.24253
0.13447 0.11847 0.10034 0.14080
0.10294 0.08974 0.06383 0.11979
0.34726 0.19298 0.13667 0.52381
0.22469 0.21667 0.19681 0.23611
0.25705 0.23077 0.19444 0.27652
0.25263 0.19312 0.18056 0.20430
0.16565 0.16468 0.02632 0.19318
0.32117 0.26667 0.23256 0.33333
0.30990 0.10606 0.07333 0.63194
0.20471 0.19136 0.17708 0.19608
0.39726 0.36111 0.10819 0.60417
0.42366 0.17568 0.08772 0.81863
0.19402 0.16379 0.14323 0.18750
0.57061 0.60648 0.59524 0.61232
0.40300 0.41667 0.23780 0.59375
0.44950 0.56989 0.19444 0.59314
0.28615 0.25000 0.16667 0.45833
0.19611 0.07895 0.05263 0.11728
0.18314 0.17045 0.14840 0.19608
0.19594 0.09314 0.03846 0.14693
0.21035 0.12431 0.10874 0.14719
0.26932 0.23077 0.19318 0.32222
0.50753 0.59662 0.23810 0.61111
0.28903 0.29167 0.22222 0.36905
0.23931 0.23148 0.22109 0.25000
0.20518 0.21505 0.16092 0.24638
0.23291 0.20492 0.17778 0.23737
0.20063 0.18950 0.16667 0.20930
0.19491 0.17376 0.15625 0.19444
0.24161 0.22222 0.20000 0.27778
0.49766 0.54444 0.48148 0.56818
0.29033 0.29111 0.26705 0.31707
0.40068 0.45175 0.28571 0.50321
0.55903 0.61111 0.37037 0.75000
0.21776 0.21212 0.19333 0.23737
0.55088 0.55556 0.53646 0.57292
0.42573 0.42636 0.39216 0.46000
0.32276 0.23333 0.14815 0.40741
0.14792 0.16667 0.08333 0.16667
0.40388 0.34314 0.27536 0.60417
0.18124 0.16102 0.14693 0.18750
0.31674 0.26190 0.23203 0.40741
0.59002 0.59829 0.59226 0.60458
0.30885 0.31026 0.29268 0.32407
0.28369 0.27778 0.23504 0.32500
0.11702 0.11574 0.10677 0.12560
0.17628 0.18382 0.16146 0.19333
0.28134 0.22222 0.20270 0.26812
0.25722 0.23224 0.21689 0.25676
0.34994 0.33333 0.30802 0.38462
0.14801 0.14286 0.09322 0.18519
0.24675 0.22511 0.21627 0.23881
0.27142 0.12016 0.04708 0.17134
0.23521 0.18950 0.17371 0.21212
0.11375 0.10833 0.09524 0.12667
0.13670 0.14312 0.11404 0.16000
0.13004 0.10256 0.09091 0.11299
0.18379 0.16875 0.14167 0.18954
0.15513 0.13333 0.11240 0.14695
0.34198 0.34615 0.30147 0.37805
0.11589 0.10819 0.08333 0.13131
0.27365 0.21250 0.18750 0.27132
0.15725 0.15741 0.14646 0.17063
0.28395 0.19444 0.10985 0.36667
0.14859 0.13636 0.12121 0.15152
0.24598 0.23851 0.20461 0.27567
0.44163 0.43519 0.41026 0.47154
0.35290 0.29524 0.21486 0.50758
0.33273 0.22222 0.19697 0.44444
0.17164 0.17730 0.16038 0.19006
0.20395 0.19444 0.18571 0.21069
0.29845 0.29825 0.26368 0.32857
0.39834 0.44444 0.24405 0.53333
0.28906 0.25676 0.21242 0.33333
0.24302 0.23958 0.21250 0.27500
0.38681 0.27778 0.20412 0.61304
0.19038 0.14379 0.08140 0.21111
0.24642 0.20306 0.13152 0.28056
0.21781 0.17413 0.16410 0.20085
0.36637 0.33333 0.14394 0.57738
0.30198 0.27652 0.23551 0.31034
0.29776 0.28571 0.26296 0.33333
0.36408 0.30556 0.13884 0.57870
0.20427 0.09524 0.05820 0.12963
0.39851 0.32222 0.22764 0.60417
0.19733 0.19231 0.14694 0.22619
0.53151 0.57292 0.38542 0.65217
0.24425 0.17157 0.12222 0.22222
0.48507 0.53675 0.40196 0.59091
0.36883 0.36594 0.29464 0.43939
0.41995 0.41667 0.32906 0.53604
0.28964 0.28824 0.26626 0.31173
0.18535 0.18960 0.13667 0.22115
0.57243 0.60317 0.57292 0.62121
0.23289 0.22308 0.20528 0.24848
0.45776 0.26190 0.16959 0.79688
0.22062 0.18687 0.10317 0.23148
0.21118 0.11203 0.09176 0.16667
0.18392 0.16667 0.14815 0.18333
0.22530 0.20430 0.18627 0.23413
0.18949 0.19420 0.16071 0.22436
0.17479 0.11446 0.08743 0.16667
0.28070 0.27333 0.25731 0.29592
0.48026 0.42500 0.32051 0.66146
0.30099 0.23333 0.19608 0.40909
0.21623 0.10714 0.07692 0.17500
0.19301 0.12500 0.05498 0.22917
0.32219 0.23889 0.20270 0.50000
0.60574 0.60577 0.59697 0.61364
0.17733 0.17347 0.14167 0.18750
0.14358 0.15891 0.09829 0.18841
0.13438 0.13194 0.10331 0.15778
0.19241 0.19281 0.17803 0.20502
0.10165 0.08591 0.05417 0.10569
0.18030 0.19136 0.17188 0.19444
0.23719 0.18229 0.16410 0.20833
0.24269 0.22163 0.10045 0.26812
0.19849 0.19231 0.17188 0.20290
0.29176 0.19048 0.15079 0.48333
0.28606 0.08403 0.03492 0.68750
0.47288 0.51111 0.36667 0.58278
0.22779 0.22031 0.19577 0.24031
0.19754 0.19048 0.17593 0.20588
0.17168 0.11458 0.08681 0.14706
0.35995 0.23333 0.14706 0.61111
0.32025 0.27957 0.20202 0.37879
0.17338 0.16667 0.15079 0.18687
0.38685 0.38889 0.30000 0.47222
0.29410 0.25758 0.22424 0.35185
0.51516 0.53333 0.48958 0.57292
0.15781 0.16667 0.12057 0.19048
0.26925 0.27976 0.23504 0.31250
0.39748 0.29012 0.19298 0.63889
0.11403 0.10444 0.08824 0.12500
0.39004 0.37500 0.34553 0.43496
0.33302 0.32500 0.28788 0.36752
0.10120 0.09167 0.07527 0.12092
0.26935 0.21667 0.16667 0.29825
0.22899 0.19298 0.17568 0.19919
0.24544 0.18659 0.15190 0.25000
0.31275 0.22222 0.07823 0.51111
0.27275 0.25794 0.24242 0.28571
0.27515 0.26812 0.23810 0.31250
0.44572 0.44444 0.33333 0.59091
0.29062 0.23333 0.21505 0.33333
0.36256 0.34685 0.30556 0.41892
0.51130 0.55676 0.37879 0.59701
0.44819 0.56250 0.16667 0.61111
0.32056 0.20833 0.18182 0.59772
0.34953 0.29762 0.21505 0.54545
0.25115 0.13687 0.09524 0.45833
0.48576 0.52299 0.39147 0.58333
0.37055 0.36458 0.28125 0.44118
0.36269 0.28788 0.21212 0.57500
0.17887 0.18095 0.13333 0.21667
0.32774 0.24405 0.20621 0.50000
0.13281 0.13333 0.10684 0.15439
0.20266 0.17593 0.07692 0.21429
0.13214 0.11983 0.10417 0.13333
0.18768 0.19281 0.18000 0.19504
0.20726 0.21032 0.16038 0.24806
0.33742 0.23106 0.19608 0.56818
0.22940 0.19048 0.16092 0.20833
0.34615 0.24872 0.20222 0.56250
0.25195 0.23958 0.22396 0.25379
0.27452 0.23737 0.21429 0.27778
0.27042 0.19271 0.15774 0.30952
0.27863 0.25794 0.21465 0.31008
0.17107 0.18827 0.16146 0.19444
0.12074 0.12092 0.09936 0.13842
0.37643 0.20000 0.04321 0.88889
0.16759 0.16102 0.13288 0.19271
0.22293 0.15854 0.13441 0.20398
0.16860 0.14642 0.12613 0.19444
0.59182 0.59091 0.57823 0.60345
0.39849 0.40909 0.29012 0.51515
0.20151 0.18950 0.18000 0.19444
0.20729 0.16312 0.13333 0.19811
0.23976 0.19309 0.15476 0.29012
0.18265 0.18571 0.17157 0.19298
0.26522 0.26190 0.24150 0.28571
0.38311 0.38021 0.33007 0.43519
0.17457 0.17974 0.14762 0.19828
0.37436 0.30556 0.20000 0.57749
0.22093 0.17083 0.15041 0.19608
0.39301 0.40833 0.29688 0.48485
0.27954 0.12791 0.10995 0.58054
0.17319 0.19167 0.15805 0.20225
0.50244 0.55556 0.40476 0.61111
0.13478 0.13522 0.10417 0.16667
0.23107 0.19697 0.15196 0.28788
0.67190 0.69697 0.69048 0.73016
0.27475 0.25641 0.23469 0.30303
0.22498 0.15686 0.13333 0.20930
0.20451 0.19504 0.19281 0.21914
0.21415 0.18750 0.17083 0.20000
0.26626 0.26000 0.23810 0.28571
0.32141 0.22464 0.13333 0.56177
0.16616 0.17063 0.15580 0.17778
0.26395 0.25203 0.23148 0.31034
0.47516 0.47619 0.45411 0.50000
0.22498 0.23512 0.21569 0.24848
0.27108 0.23977 0.21014 0.31034
0.10857 0.09524 0.08081 0.12179
0.28129 0.26923 0.24242 0.31061
0.25805 0.25703 0.22727 0.28744
0.45425 0.42222 0.29825 0.62366
0.32383 0.24468 0.17544 0.51515
0.25413 0.26667 0.20588 0.32407
0.20710 0.21839 0.18750 0.23810
0.34711 0.33333 0.28464 0.40404
0.60251 0.62195 0.60833 0.64394
0.19993 0.19608 0.17045 0.21250
0.30829 0.25862 0.23200 0.29412
0.21106 0.15556 0.12500 0.17484
0.28044 0.20588 0.15789 0.28788
0.32636 0.24468 0.19919 0.50000
0.23405 0.23360 0.21605 0.25516
0.28177 0.15873 0.12712 0.58608
0.41030 0.38462 0.29353 0.54348
0.37625 0.32857 0.26894 0.44444
0.27629 0.27642 0.25000 0.30303
0.40925 0.44444 0.25203 0.57143
0.17120 0.15873 0.11111 0.18827
0.44029 0.45556 0.40972 0.48438
0.12997 0.14286 0.06306 0.16959
0.16938 0.17593 0.15641 0.19136
0.19850 0.19048 0.18333 0.19444
0.30967 0.24731 0.21212 0.32639
0.38480 0.35185 0.25862 0.53448
0.47874 0.54444 0.32456 0.59649
0.24867 0.21726 0.19921 0.26736
0.18042 0.14311 0.10417 0.21839
0.28964 0.26282 0.19892 0.38462
0.13683 0.09122 0.05952 0.11167
0.18615 0.19017 0.17969 0.19444
0.17615 0.17568 0.16296 0.19298
0.42189 0.42157 0.36000 0.50758
0.23093 0.11752 0.03788 0.16875
0.53613 0.56190 0.48095 0.59829
0.20680 0.07323 0.05333 0.08772
0.33785 0.29675 0.27273 0.40152
0.38606 0.37356 0.31373 0.45833
0.31563 0.29487 0.22509 0.38571
0.18863 0.08929 0.03409 0.14352
0.36750 0.29825 0.21875 0.45833
0.32670 0.27350 0.22222 0.38235
0.25157 0.23958 0.21818 0.26667
0.18866 0.14957 0.11232 0.20430
0.18385 0.18229 0.17045 0.19318
0.18356 0.15564 0.13333 0.18408
0.35992 0.31034 0.26460 0.38889
0.16050 0.20000 0.00000 0.23333
0.19259 0.21471 0.15789 0.23043
0.21298 0.01344 0.00622 0.04520
0.30327 0.29412 0.25743 0.35185
0.59746 0.59804 0.58889 0.60833
0.36742 0.33333 0.23810 0.44444
0.27727 0.23148 0.17105 0.31818
0.29721 0.27222 0.25000 0.32051
0.23722 0.23016 0.16667 0.27778
0.24415 0.18333 0.13878 0.19512
0.16954 0.12179 0.09009 0.15278
0.32832 0.30952 0.16667 0.48148
0.54876 0.54902 0.53205 0.56884
0.29704 0.22121 0.17730 0.47596
0.29712 0.29412 0.24872 0.36667
0.24018 0.23423 0.22115 0.24667
0.25627 0.13596 0.11793 0.58466