0.27087 0.11667 0.07310 0.61966
0.27277 0.06818 0.03333 0.52778
0.47406 0.54861 0.48958 0.58333
0.32891 0.23333 0.07143 0.57317
0.10310 0.06284 0.03333 0.07407
0.55945 0.63194 0.19444 0.91667
0.59850 0.63333 0.58095 0.69231
0.20760 0.07071 0.03205 0.16667
0.19375 0.06838 0.03333 0.09091
0.48076 0.54264 0.50000 0.55952
0.31232 0.19048 0.04444 0.60417
0.13071 0.07292 0.05172 0.11667
0.28250 0.23148 0.18056 0.39583
0.42299 0.44444 0.13889 0.60321
0.31067 0.07692 0.04444 0.70000
0.32832 0.17857 0.10417 0.55882
0.33984 0.29167 0.22222 0.50704
0.55624 0.61852 0.58333 0.66667
0.11441 0.04444 0.03333 0.07353
0.26994 0.18519 0.16296 0.40278
0.36229 0.23333 0.07407 0.63889
0.52939 0.59091 0.23333 0.73810
0.28856 0.07143 0.03571 0.56522
0.25619 0.11111 0.07407 0.46667
0.54923 0.59314 0.57456 0.61224
0.21253 0.08025 0.05303 0.24561
0.55607 0.60784 0.53333 0.63333
0.38880 0.46914 0.20833 0.51042
0.09307 0.07143 0.04444 0.07692
0.30491 0.25556 0.18254 0.44444
0.57753 0.63194 0.52857 0.72222
0.12947 0.07143 0.04444 0.09444
0.11477 0.07292 0.07143 0.09568
0.15047 0.06250 0.03333 0.07895
0.08840 0.07143 0.05172 0.07692
0.13959 0.06306 0.04167 0.07323
0.32246 0.27778 0.16667 0.52525
0.16486 0.06212 0.00758 0.12038
0.59035 0.59722 0.58333 0.61404
0.43879 0.10417 0.02564 0.90741
0.27527 0.25000 0.19298 0.33333
0.53078 0.60985 0.49621 0.63333
0.09328 0.07692 0.03333 0.08772
0.12999 0.07692 0.06173 0.11667
0.47966 0.61538 0.44444 0.63580
0.50161 0.60417 0.36667 0.61667
0.19517 0.12500 0.10088 0.23810
0.50065 0.59195 0.41667 0.66667
0.12497 0.07692 0.04545 0.09936
0.12124 0.03333 0.02778 0.05263
0.47810 0.68750 0.09091 0.76667
0.29483 0.06250 0.03333 0.91667
0.21415 0.09322 0.07292 0.26923
0.62043 0.69298 0.50000 0.90909
0.12635 0.07692 0.06284 0.11667
0.34880 0.30556 0.13194 0.52424
0.32915 0.12865 0.07692 0.62500
0.25304 0.06838 0.03333 0.20455
0.24690 0.07407 0.03571 0.56250
0.54360 0.62069 0.55882 0.64444
0.30606 0.13333 0.05952 0.61585
0.28941 0.11667 0.06667 0.54545
0.57010 0.57946 0.54861 0.60377
0.31448 0.12500 0.07407 0.59105
0.37956 0.48148 0.07407 0.63095
0.43804 0.56190 0.06349 0.66667
0.25401 0.04861 0.03333 0.13333
0.28061 0.19444 0.07407 0.58140
0.56505 0.61111 0.57042 0.69697
0.59630 0.66667 0.58512 0.78571
0.43377 0.17083 0.05303 0.88272
0.42155 0.53333 0.02381 0.65333
0.29053 0.19298 0.12963 0.54167
0.24311 0.16667 0.11667 0.30556
0.11760 0.07692 0.05882 0.07692
0.47549 0.62444 0.09936 0.64368
0.50572 0.68750 0.07692 0.86667
0.35657 0.22464 0.05263 0.60784
0.41943 0.52193 0.19298 0.53571
0.51317 0.62000 0.17204 0.66667
0.44671 0.61852 0.10317 0.63194
0.08993 0.04861 0.04321 0.07317
0.36767 0.35000 0.06349 0.61502
0.37322 0.41667 0.02778 0.64368
0.47411 0.57407 0.20000 0.63333
0.41158 0.53431 0.16667 0.55952
0.10658 0.07692 0.06818 0.08333
0.24722 0.17593 0.11538 0.27778
0.09976 0.07692 0.07143 0.09091
0.26766 0.07407 0.04321 0.44444
0.43438 0.50000 0.32222 0.55496
0.09414 0.06349 0.04444 0.07692
0.32664 0.27778 0.10897 0.56190
0.17385 0.07143 0.03333 0.11594
0.48639 0.57377 0.26923 0.61538
0.34717 0.20000 0.01667 0.63333
0.39080 0.55333 0.00000 0.59804
0.19825 0.15789 0.13580 0.22464
0.60947 0.69048 0.63426 0.72059
0.18261 0.04485 0.00000 0.09524
0.34280 0.13333 0.07359 0.61111
0.10030 0.07692 0.06439 0.08772
0.12750 0.08051 0.06173 0.09444
0.50426 0.68750 0.04902 0.90741
0.39424 0.48148 0.03205 0.63580
0.37656 0.53333 0.02778 0.63580
0.34734 0.27778 0.08025 0.59091
0.07264 0.03333 0.00000 0.07692
0.46642 0.54545 0.41026 0.58772
0.22344 0.14646 0.12162 0.20290
0.58597 0.62333 0.61774 0.73810
0.52573 0.59524 0.54167 0.63194
0.23934 0.08333 0.03333 0.14167
0.34081 0.36111 0.14461 0.55303
0.20252 0.15351 0.13450 0.23611
0.49639 0.58772 0.48000 0.62121
0.23896 0.19231 0.17188 0.21111
0.44108 0.61458 0.08333 0.68750
0.34454 0.36111 0.14957 0.54598
0.08055 0.06250 0.04472 0.07692
0.09175 0.07692 0.06250 0.08333
0.40587 0.27778 0.07823 0.69444
0.40565 0.45833 0.23077 0.59091
0.56062 0.61167 0.56349 0.64646
0.31976 0.11475 0.08772 0.59430
0.27715 0.21111 0.14706 0.43939
0.20644 0.12821 0.11985 0.26923
0.51951 0.65741 0.12179 0.74561
0.16095 0.08333 0.03333 0.13580
0.06963 0.04472 0.03333 0.06439
0.29034 0.16146 0.04861 0.62366
0.09456 0.05952 0.03646 0.07143
0.39570 0.50000 0.19444 0.53333
0.24444 0.06173 0.02778 0.60569
0.11979 0.07143 0.06250 0.11224
0.62218 0.71212 0.59804 0.78788
0.56360 0.66667 0.13333 0.90741
0.58430 0.68391 0.48333 0.70513
0.56816 0.61905 0.58333 0.65333
0.36520 0.40741 0.22222 0.50901
0.22135 0.04545 0.03333 0.12500
0.06889 0.04000 0.02564 0.05319
0.10688 0.07407 0.05303 0.10417
0.08877 0.05556 0.03333 0.07692
0.22371 0.06250 0.02778 0.58333
0.57013 0.63095 0.55952 0.66667
0.47836 0.41667 0.03333 0.94444
0.41976 0.54000 0.19697 0.58333
0.48066 0.57895 0.08333 0.80556
0.62588 0.64706 0.48333 0.93939
0.09104 0.06838 0.03333 0.07692
0.43816 0.50000 0.08522 0.66667
0.68887 0.76667 0.69231 0.86667
0.67098 0.66667 0.62500 0.73333
0.23217 0.07407 0.03846 0.60897
0.34136 0.14286 0.06818 0.59091
0.33709 0.21032 0.06250 0.62057
0.50388 0.52778 0.48148 0.55263
0.59100 0.66667 0.59091 0.69444
0.08735 0.07407 0.06439 0.09091
0.56173 0.62022 0.60452 0.64646
0.39358 0.44444 0.25000 0.52047
0.40694 0.50000 0.16667 0.53483
0.10585 0.06173 0.01111 0.10976
0.51992 0.59524 0.55172 0.64286
0.52742 0.55031 0.50000 0.60753
0.28639 0.25287 0.11905 0.44340
0.27735 0.07333 0.05172 0.30556
0.68528 0.86667 0.61111 0.94444
0.30816 0.15344 0.08667 0.53448
0.20281 0.08333 0.04321 0.23403
0.23010 0.07143 0.04545 0.13333
0.09667 0.06589 0.03333 0.07895
0.51193 0.62025 0.20000 0.65333
0.29789 0.13889 0.10417 0.57692
0.39280 0.27778 0.04404 0.77778
0.60129 0.64894 0.62169 0.69271
0.16362 0.08333 0.07143 0.10976
0.53378 0.61667 0.56818 0.66667
0.35917 0.36667 0.02778 0.64706
0.68206 0.69231 0.65909 0.78571
0.09547 0.06818 0.03333 0.07692
0.59471 0.64286 0.16667 0.94444
0.61902 0.69333 0.65217 0.72222
0.51211 0.59815 0.57895 0.62727
0.08279 0.04861 0.02778 0.07317
0.14276 0.07143 0.03333 0.10417
0.53656 0.60088 0.55556 0.68280
0.38711 0.12121 0.07292 0.76667
0.17692 0.07143 0.03333 0.12500
0.09614 0.07143 0.04444 0.07870
0.47231 0.53333 0.07292 0.80556
0.37768 0.13333 0.04861 0.66667
0.37906 0.41667 0.09896 0.61905
0.57367 0.62063 0.58333 0.66667
0.37465 0.52778 0.07407 0.60163
0.56961 0.65196 0.58974 0.69444
0.41149 0.16667 0.05172 0.80556
0.11970 0.05556 0.03333 0.07292
0.43808 0.52424 0.38542 0.55556
0.47583 0.63194 0.17157 0.67593
0.09491 0.07143 0.04444 0.07895
0.27208 0.16667 0.11667 0.55952
0.11811 0.03333 0.03333 0.05556
0.12239 0.07692 0.07143 0.09314
0.43334 0.57407 0.11667 0.59091
0.53023 0.60204 0.04321 0.92857
0.67818 0.71212 0.62500 0.92157
0.21714 0.10317 0.07143 0.18750
0.33418 0.41667 0.00000 0.57471
0.63200 0.60976 0.58667 0.66667
0.44996 0.56522 0.05556 0.73333
0.17140 0.07639 0.03448 0.16667
0.42473 0.46032 0.10417 0.69444
0.41637 0.50000 0.03333 0.73333
0.40709 0.48333 0.27043 0.54248
0.35786 0.19697 0.05303 0.61333
0.10813 0.04444 0.03333 0.07692
0.26676 0.06250 0.03333 0.55667
0.16512 0.06589 0.03333 0.07895
0.12337 0.07692 0.05882 0.09314
0.45913 0.57333 0.07692 0.73333
0.35389 0.19136 0.05952 0.63333
0.56779 0.63333 0.54861 0.65789
0.53930 0.65079 0.38782 0.70588
0.43220 0.57051 0.12500 0.64286
0.36934 0.50000 0.10417 0.57456
0.42655 0.48333 0.27500 0.53030
0.10298 0.06838 0.04444 0.07895
0.33883 0.13095 0.09091 0.70000
0.37027 0.14957 0.04726 0.86957
0.37374 0.38889 0.21212 0.51389
0.31997 0.07143 0.03333 0.91667
0.21721 0.05000 0.03205 0.07471
0.31494 0.20667 0.14815 0.58000
0.34677 0.09936 0.07292 0.94444
0.42142 0.11538 0.07317 0.95833
0.44681 0.50617 0.40909 0.56439
0.53791 0.60078 0.55952 0.67857
0.44739 0.45833 0.04545 0.91667
0.54614 0.63333 0.58889 0.66129
0.24997 0.09804 0.04861 0.33333
0.27964 0.08889 0.03333 0.41667
0.09495 0.07317 0.04902 0.07895
0.24213 0.04472 0.02885 0.57292
0.34576 0.31250 0.17857 0.53333
0.45242 0.50000 0.23333 0.60417
0.10277 0.08333 0.02874 0.11667
0.38253 0.58333 0.10606 0.61594
0.54064 0.62000 0.13333 0.83333
0.50750 0.58081 0.46875 0.61538
0.34768 0.41667 0.19565 0.50000
0.14811 0.06818 0.04444 0.09722
0.35247 0.11683 0.07407 0.63889
0.50997 0.62094 0.22778 0.62698
0.47009 0.53333 0.03333 0.93939
0.43400 0.50000 0.34314 0.55039
0.34094 0.46667 0.09859 0.56098
0.54872 0.60345 0.56173 0.62500
0.52584 0.60897 0.41667 0.65789
0.52435 0.55936 0.53261 0.61538
0.29315 0.21429 0.18254 0.48077
0.09738 0.07143 0.04444 0.07692
0.10837 0.04444 0.03333 0.06481
0.58634 0.64646 0.60897 0.67857
0.52492 0.65909 0.15789 0.70833
0.47649 0.59804 0.07143 0.73810
0.35229 0.10417 0.08333 0.83333
0.23817 0.15217 0.02128 0.36111
0.37401 0.41667 0.07292 0.61111
0.37206 0.38462 0.07407 0.62500
0.38640 0.57870 0.07756 0.62083
0.57958 0.75000 0.04545 0.93939
0.38096 0.50000 0.03333 0.62222
0.45825 0.55914 0.20000 0.59804
0.31237 0.16667 0.07870 0.57143
0.51929 0.54861 0.25490 0.86667
0.31314 0.19697 0.15145 0.54444
0.21594 0.11538 0.07143 0.23333
0.26086 0.06173 0.03333 0.20000
0.38174 0.44444 0.05303 0.62000
0.26067 0.12076 0.06481 0.50000
0.09151 0.07353 0.05914 0.07692
0.36841 0.42157 0.18750 0.53901
0.34742 0.43939 0.12177 0.50000
0.33971 0.10417 0.07143 0.91667
0.10047 0.06439 0.04444 0.08025
0.19084 0.14167 0.12760 0.19298
0.56280 0.58974 0.57292 0.60784
0.25628 0.06481 0.03205 0.23958
0.63304 0.68571 0.66312 0.70202
0.26897 0.12222 0.08889 0.58333
