Classe 0: 
Mean: 
-0.769926 -0.989692 -0.998944 -0.999885 -0.997593 -0.999993
Covariance: 
0.091943 0.002181 0.000014 0.000002 0.000121 -0.000000
0.002181 0.000072 0.000002 0.000000 0.000008 -0.000000
0.000014 0.000002 0.000001 0.000000 0.000001 0.000000
0.000002 0.000000 0.000000 0.000000 0.000000 0.000000
0.000121 0.000008 0.000001 0.000000 0.000002 0.000000
-0.000000 -0.000000 0.000000 0.000000 0.000000 0.000000
Classe 1: 
Mean: 
0.773208 -0.958503 -0.999691 -0.999939 -0.997905 -0.999995
Covariance: 
0.186339 0.001339 -0.000034 -0.000003 -0.000183 0.000001
0.001339 0.000178 0.000002 0.000000 0.000015 0.000000
-0.000034 0.000002 0.000000 0.000000 0.000000 0.000000
-0.000003 0.000000 0.000000 0.000000 0.000000 0.000000
-0.000183 0.000015 0.000000 0.000000 0.000002 0.000000
0.000001 0.000000 0.000000 0.000000 0.000000 0.000000
Classe 2: 
Mean: 
0.252212 -0.972901 -0.999210 -0.999844 -0.997706 -0.999986
Covariance: 
0.397548 0.007597 0.000167 0.000033 0.000526 0.000002
0.007597 0.000187 0.000006 0.000001 0.000017 0.000000
0.000167 0.000006 0.000000 0.000000 0.000001 0.000000
0.000033 0.000001 0.000000 0.000000 0.000000 0.000000
0.000526 0.000017 0.000001 0.000000 0.000002 0.000000
0.000002 0.000000 0.000000 0.000000 0.000000 0.000000
