Classe 0: 
Mean: 
-0.568044 -0.855270 -0.999404 -1.000000
Covariance: 
0.156121 0.053714 -0.000002 0.000000
0.053714 0.044268 -0.000008 0.000000
-0.000002 -0.000008 0.000000 -0.000000
0.000000 0.000000 -0.000000 0.000000
Classe 1: 
Mean: 
0.763629 0.228266 -0.999819 -0.999993
Covariance: 
0.175709 -0.131369 -0.000002 -0.000000
-0.131369 0.357988 -0.000011 0.000001
-0.000002 -0.000011 0.000000 -0.000000
-0.000000 0.000001 -0.000000 0.000000
Classe 2: 
Mean: 
-0.275008 -0.215812 -0.999556 -0.999997
Covariance: 
0.133868 0.114747 0.000049 0.000000
0.114747 0.229854 0.000043 0.000001
0.000049 0.000043 0.000000 0.000000
0.000000 0.000001 0.000000 0.000000
