Classe 0: 
Mean: 
-0.950243 -0.997923 -0.999799 -0.999978 -0.999540 -0.999999
Covariance: 
0.006133 0.000099 -0.000002 -0.000000 -0.000001 -0.000000
0.000099 0.000002 -0.000000 -0.000000 -0.000000 -0.000000
-0.000002 -0.000000 0.000000 0.000000 0.000000 0.000000
-0.000000 -0.000000 0.000000 0.000000 -0.000000 0.000000
-0.000001 -0.000000 0.000000 -0.000000 0.000000 -0.000000
-0.000000 -0.000000 0.000000 0.000000 -0.000000 0.000000
Classe 1: 
Mean: 
-0.511699 -0.990431 -0.999945 -0.999989 -0.999613 -0.999999
Covariance: 
0.116918 0.001158 -0.000003 -0.000001 -0.000011 -0.000000
0.001158 0.000012 -0.000000 -0.000000 -0.000000 -0.000000
-0.000003 -0.000000 0.000000 0.000000 0.000000 0.000000
-0.000001 -0.000000 0.000000 0.000000 0.000000 0.000000
-0.000011 -0.000000 0.000000 0.000000 0.000000 0.000000
-0.000000 -0.000000 0.000000 0.000000 0.000000 0.000000
Classe 2: 
Mean: 
-0.734414 -0.994520 -0.999851 -0.999969 -0.999563 -0.999997
Covariance: 
0.019548 0.000200 -0.000002 -0.000000 -0.000002 -0.000000
0.000200 0.000002 -0.000000 -0.000000 -0.000000 -0.000000
-0.000002 -0.000000 0.000000 0.000000 0.000000 0.000000
-0.000000 -0.000000 0.000000 0.000000 0.000000 0.000000
-0.000002 -0.000000 0.000000 0.000000 0.000000 0.000000
-0.000000 -0.000000 0.000000 0.000000 0.000000 0.000000
