Classe 0: 
Mean: 
-0.872857 -0.999838 0.355183 -0.622745 -0.999991
Covariance: 
0.011857 -0.000002 0.003166 0.002457 -0.000000
-0.000002 0.000000 0.000001 0.000005 0.000000
0.003166 0.000001 0.273065 0.023435 0.000002
0.002457 0.000005 0.023435 0.035879 0.000000
-0.000000 0.000000 0.000002 0.000000 0.000000
Classe 1: 
Mean: 
-0.404476 -0.999971 0.359000 -0.713850 -0.999994
Covariance: 
0.083359 -0.000002 0.006902 0.017037 0.000000
-0.000002 0.000000 -0.000000 -0.000000 0.000000
0.006902 -0.000000 0.294362 0.028612 0.000002
0.017037 -0.000000 0.028612 0.015714 0.000000
0.000000 0.000000 0.000002 0.000000 0.000000
Classe 2: 
Mean: 
-0.782581 -0.999887 0.707408 -0.679339 -0.999986
Covariance: 
0.007916 0.000001 0.006657 0.002475 0.000000
0.000001 0.000000 0.000002 0.000002 0.000000
0.006657 0.000002 0.142493 0.013943 0.000001
0.002475 0.000002 0.013943 0.009828 0.000000
0.000000 0.000000 0.000001 0.000000 0.000000
