Classe 0: 
Mean: 
-0.985137 -0.998764 -0.760516 -0.956306
Covariance: 
0.000158 -0.000009 0.001395 -0.000008
-0.000009 0.000006 -0.000055 -0.000002
0.001395 -0.000055 0.022193 -0.000192
-0.000008 -0.000002 -0.000192 0.000312
Classe 1: 
Mean: 
-0.932044 -0.999444 -0.135232 -0.966575
Covariance: 
0.000584 -0.000006 0.001217 0.000027
-0.000006 0.000000 0.000107 0.000001
0.001217 0.000107 0.130621 0.001507
0.000027 0.000001 0.001507 0.000144
Classe 2: 
Mean: 
-0.974942 -0.999051 -0.480150 -0.961961
Covariance: 
0.000053 -0.000002 0.000187 -0.000017
-0.000002 0.000000 0.000046 0.000001
0.000187 0.000046 0.026327 0.000133
-0.000017 0.000001 0.000133 0.000097
