Classe 0: 
Mean: 
-0.523417 -0.999525 -0.357525 -0.903387
Covariance: 
0.186937 -0.000029 0.038418 0.002947
-0.000029 0.000000 0.000005 0.000009
0.038418 0.000005 0.171994 0.010394
0.002947 0.000009 0.010394 0.021362
Classe 1: 
Mean: 
0.928491 -0.999994 -0.211544 -0.915759
Covariance: 
0.059786 -0.000002 -0.034901 0.000193
-0.000002 0.000000 0.000003 -0.000000
-0.034901 0.000003 0.247760 0.008479
0.000193 -0.000000 0.008479 0.007912
Classe 2: 
Mean: 
-0.202308 -0.999700 0.004492 -0.963937
Covariance: 
0.124944 0.000003 0.092972 0.001100
0.000003 0.000000 0.000018 -0.000000
0.092972 0.000018 0.219804 0.002981
0.001100 -0.000000 0.002981 0.001443
