Classe 0: 
Mean: 
-0.984992 -0.998619 -0.760388 -0.956163 -0.999785 -0.999980
Covariance: 
0.000158 -0.000009 0.001395 -0.000008 0.000001 -0.000000
-0.000009 0.000006 -0.000055 -0.000002 -0.000000 0.000000
0.001395 -0.000055 0.022190 -0.000192 0.000017 -0.000000
-0.000008 -0.000002 -0.000192 0.000312 0.000000 -0.000000
0.000001 -0.000000 0.000017 0.000000 0.000000 -0.000000
-0.000000 0.000000 -0.000000 -0.000000 -0.000000 0.000000
Classe 1: 
Mean: 
-0.931903 -0.999299 -0.135149 -0.966432 -0.999007 -0.999996
Covariance: 
0.000584 -0.000006 0.001217 0.000027 0.000002 -0.000000
-0.000006 0.000000 0.000107 0.000001 0.000000 0.000000
0.001217 0.000107 0.130602 0.001507 0.000115 -0.000000
0.000027 0.000001 0.001507 0.000144 0.000001 -0.000000
0.000002 0.000000 0.000115 0.000001 0.000000 -0.000000
-0.000000 0.000000 -0.000000 -0.000000 -0.000000 0.000000
Classe 2: 
Mean: 
-0.974798 -0.998905 -0.480042 -0.961818 -0.999432 -0.999986
Covariance: 
0.000053 -0.000002 0.000186 -0.000017 0.000001 -0.000000
-0.000002 0.000000 0.000046 0.000001 0.000000 -0.000000
0.000186 0.000046 0.026324 0.000133 0.000019 -0.000000
-0.000017 0.000001 0.000133 0.000097 -0.000000 0.000000
0.000001 0.000000 0.000019 -0.000000 0.000000 -0.000000
-0.000000 -0.000000 -0.000000 0.000000 -0.000000 0.000000
