Classe 0: 
Mean: 
-0.502030 -0.999438 -0.999380 -0.999499 -0.999237 -0.999298 -0.998913
Covariance: 
0.206266 -0.000014 0.000047 0.000036 0.000058 0.000050 0.000063
-0.000014 0.000000 0.000000 0.000000 0.000000 0.000000 0.000000
0.000047 0.000000 0.000000 0.000000 0.000000 0.000000 0.000000
0.000036 0.000000 0.000000 0.000000 0.000000 0.000000 0.000000
0.000058 0.000000 0.000000 0.000000 0.000000 0.000000 0.000000
0.000050 0.000000 0.000000 0.000000 0.000000 0.000000 0.000000
0.000063 0.000000 0.000000 0.000000 0.000000 0.000000 0.000000
Classe 1: 
Mean: 
0.970052 -0.999927 -0.999705 -0.999481 -0.999566 -0.999224 -0.999194
Covariance: 
0.025477 -0.000008 -0.000013 -0.000009 -0.000012 -0.000012 -0.000008
-0.000008 0.000000 0.000000 0.000000 0.000000 0.000000 0.000000
-0.000013 0.000000 0.000000 0.000000 0.000000 0.000000 0.000000
-0.000009 0.000000 0.000000 0.000000 0.000000 0.000000 0.000000
-0.000012 0.000000 0.000000 0.000000 0.000000 0.000000 0.000000
-0.000012 0.000000 0.000000 0.000000 0.000000 0.000000 0.000000
-0.000008 0.000000 0.000000 0.000000 0.000000 0.000000 0.000000
Classe 2: 
Mean: 
-0.162579 -0.999622 -0.999610 -0.999854 -0.999327 -0.999663 -0.998989
Covariance: 
0.170624 0.000040 0.000031 0.000015 0.000073 0.000040 0.000129
0.000040 0.000000 0.000000 0.000000 0.000000 0.000000 0.000000
0.000031 0.000000 0.000000 0.000000 0.000000 0.000000 0.000000
0.000015 0.000000 0.000000 0.000000 0.000000 0.000000 0.000000
0.000073 0.000000 0.000000 0.000000 0.000000 0.000000 0.000000
0.000040 0.000000 0.000000 0.000000 0.000000 0.000000 0.000000
0.000129 0.000000 0.000000 0.000000 0.000000 0.000000 0.000000
