Classe 0: 
Mean: 
-0.894728 -0.940926 -0.946852 -0.053127
Covariance: 
0.000132 -0.000041 -0.000017 0.003006
-0.000041 0.000088 0.000081 -0.001846
-0.000017 0.000081 0.000324 -0.003646
0.003006 -0.001846 -0.003646 0.128752
Classe 1: 
Mean: 
-0.902790 -0.949681 -0.930109 -0.261777
Covariance: 
0.000100 -0.000002 0.000030 0.001728
-0.000002 0.000064 -0.000016 -0.000817
0.000030 -0.000016 0.000130 0.000589
0.001728 -0.000817 0.000589 0.059518
Classe 2: 
Mean: 
-0.895174 -0.942252 -0.942876 -0.168032
Covariance: 
0.000055 -0.000006 0.000001 0.001182
-0.000006 0.000010 -0.000001 -0.000258
0.000001 -0.000001 0.000036 -0.000413
0.001182 -0.000258 -0.000413 0.039921
