Classe 0: 
Mean: 
-0.872873 0.355177 -0.931504 -0.999836 -0.999827 -0.999855
Covariance: 
0.011857 0.003167 0.000696 0.000002 0.000000 -0.000002
0.003167 0.273070 0.002188 -0.000003 0.000022 0.000002
0.000696 0.002188 0.000982 0.000002 -0.000000 0.000001
0.000002 -0.000003 0.000002 0.000000 0.000000 0.000000
0.000000 0.000022 -0.000000 0.000000 0.000000 0.000000
-0.000002 0.000002 0.000001 0.000000 0.000000 0.000000
Classe 1: 
Mean: 
-0.404488 0.358994 -0.956796 -0.999929 -0.999802 -0.999988
Covariance: 
0.083361 0.006903 0.001891 0.000003 0.000010 -0.000002
0.006903 0.294367 0.002957 0.000003 0.000021 0.000000
0.001891 0.002957 0.000369 0.000000 -0.000000 -0.000000
0.000003 0.000003 0.000000 0.000000 -0.000000 0.000000
0.000010 0.000021 -0.000000 -0.000000 0.000000 0.000000
-0.000002 0.000000 -0.000000 0.000000 0.000000 0.000000
Classe 2: 
Mean: 
-0.782597 0.707405 -0.933764 -0.999897 -0.999918 -0.999904
Covariance: 
0.007916 0.006657 0.000472 0.000002 0.000000 0.000001
0.006657 0.142495 0.002336 0.000004 0.000000 0.000002
0.000472 0.002336 0.000371 0.000001 0.000000 0.000000
0.000002 0.000004 0.000001 0.000000 0.000000 0.000000
0.000000 0.000000 0.000000 0.000000 0.000000 0.000000
0.000001 0.000002 0.000000 0.000000 0.000000 0.000000
