Classe 0: 
Mean: 
-0.727094 -0.933981 -0.844738 -0.952411
Covariance: 
0.036319 -0.002087 -0.005157 -0.000149
-0.002087 0.001401 0.002221 -0.000080
-0.005157 0.002221 0.006654 -0.000167
-0.000149 -0.000080 -0.000167 0.000144
Classe 1: 
Mean: 
0.078924 -0.944301 -0.816209 -0.953997
Covariance: 
0.134507 -0.001277 -0.020600 0.000319
-0.001277 0.000047 0.000935 0.000001
-0.020600 0.000935 0.024161 0.000039
0.000319 0.000001 0.000039 0.000016
Classe 2: 
Mean: 
-0.572325 -0.938330 -0.795341 -0.953013
Covariance: 
0.012293 -0.000503 -0.005184 0.000001
-0.000503 0.000055 0.000715 -0.000006
-0.005184 0.000715 0.012268 -0.000068
0.000001 -0.000006 -0.000068 0.000046
