Classe 0: 
Mean: 
-0.985023 -0.998650 -0.760415 -0.956193 -0.999816
Covariance: 
0.000158 -0.000009 0.001395 -0.000008 0.000001
-0.000009 0.000006 -0.000055 -0.000002 -0.000000
0.001395 -0.000055 0.022191 -0.000192 0.000017
-0.000008 -0.000002 -0.000192 0.000312 0.000000
0.000001 -0.000000 0.000017 0.000000 0.000000
Classe 1: 
Mean: 
-0.931933 -0.999329 -0.135167 -0.966463 -0.999037
Covariance: 
0.000584 -0.000006 0.001217 0.000027 0.000002
-0.000006 0.000000 0.000107 0.000001 0.000000
0.001217 0.000107 0.130606 0.001507 0.000115
0.000027 0.000001 0.001507 0.000144 0.000001
0.000002 0.000000 0.000115 0.000001 0.000000
Classe 2: 
Mean: 
-0.974829 -0.998936 -0.480065 -0.961849 -0.999462
Covariance: 
0.000053 -0.000002 0.000186 -0.000017 0.000001
-0.000002 0.000000 0.000046 0.000001 0.000000
0.000186 0.000046 0.026324 0.000133 0.000019
-0.000017 0.000001 0.000133 0.000097 -0.000000
0.000001 0.000000 0.000019 -0.000000 0.000000
