139.00097274 21.5403799019425 0.5722288211167127 0.002140466093190574
105.00034414 178.430392156032 0.46116676944363183 0.0030756097395610027
5.000004 6.876240808823605 0.555746060491031 0.0013033724461518625
31.00002223 26.2238357843139 0.3897401090202346 0.0018534483690354486
87.0000953 8.6703584558824 0.7039444755682734 0.0007856197241838392
160.0002380 60.8144761029476 0.31641623811208164 0.0023791142209090843
76.00000930 101.497824754926 0.4693118369403063 0.0020948361074462213
28.00004621 30.47061887254763 0.5118171908697816 0.001598294434895342
3.0000038 17.61285232843176 0.4140348343414243 0.0015893206788808456
98.0000592 36.9500459558835 0.5459723649874291 0.001839929978282917
280.0000739 95.2057138480435 0.4409005391773656 0.0028474504586796234
292.0002197 67.6036917892155 0.5245202859531127 0.0021085846682501463
90.0000735 21.3376072303921 0.5484102060010125 0.0016463998050360307
534.00031877 181.55577512247 0.237862326389145 0.004425435015680268
110.0004931 28.07671568627425 0.5626370468200084 0.0013191563984539662
286.0000379 29.16239276960515 0.34385614579411533 0.003741987130998048
743.0003010 303.50284926475 0.296490405773186 0.00476565404654572
107.00099747 38.154181985291 0.49497163496723817 0.002168629285406287
1517.0044653 1913.00640318807 0.09161413010436269 0.008713652503164582
485.00012224 443.7884497548937 0.23859977106421676 0.006069460115613712
107.0001405 86.0852175245176 0.40814389719877286 0.002151305697168121
321.0003184 67.2555759803957 0.48540547918350063 0.00245865360871457
38.00006669 16.05180759803346 0.5750843389439791 0.0017933813062262077
331.00094501 106.219929534529 0.42632547894384143 0.0032066307921836956
165.00022890 87.5339460784693 0.4517753914798131 0.0028226283280605724
96.0000661 50.888955269610 0.5887362391241383 0.0015539532606513584
366.0001191 53.38330269607 0.22075848223839603 0.003319612051792653
396.00094961 163.365165441613 0.3410663049609892 0.0038264277345019804
63.0000670 5.07429534313739 0.6813587128457141 0.0011564538417140335
52.00004549 6.61011029411717 0.6555804189431147 0.0011746320053795736
90.0000364 60.249831495101 0.5090113723942529 0.001701440844794594
172.0007902 176.030698529441 0.3546008098421199 0.0035845297133365595
240.0006415 51.8999693627476 0.3530410088325568 0.002454875042927185
112.00058211 46.1900582107757 0.5154649972664916 0.00182942950046594
560.00023561 92.090762867668 0.3462425738860385 0.003459260384402675
439.0004160 86.582598039228 0.49088410972760643 0.0028928954533280204
429.0007018 97.20784313726 0.5421084591475671 0.00364330235509408
268.0009126 114.698743872501 0.5057190932776736 0.0029030682242466715
445.000071 99.253477328438 0.26166364077157833 0.00341536806292142
93.0000349 15.2585477941176 0.4856969244755296 0.0018519810655688307
141.0002772 22.3016850490285 0.6119490221609615 0.0016707303518969097
74.0000124 12.13048406862733 0.5345358886278277 0.0014060538980007475
360.000115 83.0736825980416 0.4427670144199052 0.0024988040406613288
446.0001522 118.697441789256 0.4138789897440955 0.002783019383665375
159.0006697 43.231724877453 0.4092699001253388 0.0026787521782797516
78.00000362 19.9498774509869 0.6163305831559217 0.0015953617450011892
251.0001988 71.461825980391 0.33603835082456046 0.003145697830957861
47.0000158 17.27542892156805 0.671922207541138 0.0010020457067553556
884.000509 157.085646446084 0.37473678197203086 0.0035381176268167447
1245.0045576 265.99312193652 0.32477742010003524 0.004411977662811761
278.00007254 142.506832107937 0.36939856735605864 0.003171845607411433
573.0002792 41.1745710784347 0.4744548138844981 0.0031185891380764996
219.0005705 70.325857843146 0.3207759980443617 0.0028426056393641153
327.0000898 19.0727941176453 0.48169090517790497 0.0026277524080128845
501.00091057 32.0173253676206 0.3542229134152856 0.0035288564976005965
55.0000921 31.49756433823655 0.7766101834939219 0.0012954608680093571
315.0009829 45.1330729166604 0.509447085411883 0.002062622934709754
14.0000410 11.76397058823517 0.5077822252452361 0.0009703152482587463
376.0008886 81.208440563725 0.31268499344611145 0.0035420646908104203
10.00002066 11.97349877450002 0.5308244690447474 0.0010105646647150524
116.0007858 17.648651960781 0.4602093991690075 0.00219562012132226
117.0001149 14.57406556372377 0.6589888973703333 0.001312667930921968
121.0001456 13.25249693627747 0.5389029214505866 0.0020208430648846476
204.000711 35.4995863970575 0.5044959619255941 0.0017843009115455222
374.00022277 101.172135416775 0.2596435651114042 0.004131328510301291
63.0000476 10.5654718137258 0.664048953623834 0.0013160643458751536
365.000009 32.96462928921665 0.44678300491635453 0.0022200250277088496
118.0003131 37.65672487745 0.4076994852758123 0.0016387211205994845
72.00008107 18.9265778186232 0.42704358134826215 0.0016790401991100268
300.0001803 40.92481617647763 0.5177169315913412 0.00232813674724152
442.00067843 48.8835324754946 0.32310478413944277 0.0034285404414811094
386.00036626 117.631878063953 0.2876559588094897 0.0035886685365253967
486.00082246 149.959773284686 0.28425760187788385 0.005028098616985943
574.0009437 51.204059436274 0.2544400292253829 0.004056170571421491
523.00016372 108.028385416279 0.28371320347811785 0.003594120059287942
725.00039429 637.675015318278 0.22000899965376866 0.006846177178561508
450.0007438 181.741130514765 0.3723832018873082 0.003156111679006618
256.0007084 30.3261182598049 0.4235949790887281 0.0026634893986089425
15.000017390 6.99817708333855 0.5108258268540804 0.000994804886366385
411.00038952 220.49548100476 0.346979862004504 0.004119764434620296
99.00009917 43.291344975496 0.24767235482262298 0.0023121332890818636
351.0000599 46.322074142154 0.38770923863303897 0.00306816599440507
65.00000789 8.52971813725476 0.5501912344463384 0.0013429801949478293
321.000996 267.225459558829 0.1445904268384834 0.0037862945270710213
79.0000339 67.154013480393 0.2754802882566036 0.0020903298010912508
127.0002324 14.16200980392387 0.5921570494968911 0.002065934348765064
691.0006636 85.814322916673 0.4436493253739423 0.004129209216896634
684.0000196 200.992555147057 0.2874869193609098 0.004792484577157585
115.00018514 66.914935661758 0.39204074317766363 0.002654219921498502
73.0000378 17.378400735294 0.5061762673261725 0.00310345614150187
319.0009278 94.111060049022 0.247741406402609 0.0034127666297735226
210.0008145 46.45372242647213 0.35562409632027686 0.0030066582851518975
241.0004765 20.3144607843199 0.5127977215615785 0.002044407997488229
345.0008565 123.388066789234 0.32371841117145633 0.0035909955241451574
234.0009744 25.63026960784144 0.4382386933589876 0.001510775511570861
825.00079546 136.94842218179 0.4193254310032689 0.005113533098232981
124.0004420 28.41780024509443 0.518572736310809 0.0022751792863269366
472.00030215 213.96383272077 0.21378679200509138 0.004415299689970453
75.00003197 9.71760110294154 0.5878931192942645 0.0012117214720502867
73.00000208 24.20868566176376 0.41484747070454747 0.0020431079730292012
171.00089075 45.27699142156616 0.38701906547629145 0.0016741269613254062
238.00097218 81.6406096813 0.3712116361971955 0.003786982479958012
290.000895 52.892708333332 0.3741555453422211 0.0024184608522968
119.0000142 14.3228707107824 0.49193643175292795 0.001796881908995407
63.00006933 94.450459558826 0.5048201828523996 0.002149269086061275
353.00053059 132.978599877014 0.26625465159988415 0.004112791472175914
81.0000877 22.2061734068626 0.31580890274909107 0.0020514652621876905
324.00075366 82.612653186208 0.5663017224338134 0.0028184061836631497
818.000693 133.509757965691 0.33688068723644504 0.003678890240137511
282.00060720 72.402405024508 0.39972766903986384 0.002510561450117077
189.0004575 9.31680453431374 0.5031823686454343 0.0014073089928240412
37.00008565 71.699111519602 0.5601407873145631 0.0020640798432197127
323.0005609 46.877588848032 0.323577005160871 0.00308178058103481
540.0008322 1160.76061582513 0.30697806035381076 0.009844817836091924
395.00065309 155.2289368878 0.24128855645161457 0.003717205316734251
753.00050166 248.441896446582 0.3560427702632643 0.004652400315946298
267.0000071 33.477236519608 0.3772184535991342 0.0025895375773575258
646.00086572 136.807521446224 0.3334298650237209 0.0037521682558369074
79.0000587 41.8912530637278 0.4109665235929387 0.002471762538537481
285.0002335 129.780039828453 0.34217823254762303 0.0034624638217711223
664.0003261 210.63005514705 0.4132169275273271 0.0038834229452518326
119.0006078 16.41334252451 0.500052016067393 0.002059213389298542
985.00046184 665.546859681962 0.10844516672512503 0.007491576014735379
340.0001458 10.54834558823369 0.45935562122668216 0.001957974689707709
57.00008233 8.305836397058 0.521569499116488 0.0013319411235720446
64.0000383 10.46652879901952 0.5538351349114663 0.0014097641493683866
346.00080638 76.168566176421 0.4034523859929544 0.003400792966349986
468.0005559 33.836565563727 0.4732002687878369 0.0027332057502637286
42.00006355 11.3922640931339 0.5409476524022324 0.0012104661380690773
372.0008118 108.410493259856 0.4318937359070162 0.003449076976046482
233.0008377 18.45333946078736 0.4043662941714147 0.0018720504327616183
264.00061085 66.068474264782 0.4862278039008497 0.0030225645842184012
361.00083876 201.901715686595 0.3431556168108513 0.00367710525385051
136.0004846 56.36515012255 0.5206815936147888 0.0024874684720770646
45.00001047 6.56482843137297 0.5775874517150676 0.0014759574693546385
384.00029761 48.02915134805456 0.4986730124069388 0.0022711207175469816
831.0007825 157.13339460785 0.42995099096903866 0.0037516947788051314
39.00003036 9.25557598039294 0.5960892485672816 0.0018398133421068663
375.00083891 146.104473039365 0.4210804708952289 0.0028353336660632
1087.002620 363.2373621330352 0.23136906902689894 0.005827884347937129
283.0005883 46.0220894607838 0.3696210178456268 0.0029273614321634334
339.00095026 104.7136029419235 0.3718976136620106 0.0037179725462116453
707.00070971 585.448207720517 0.44983840538036296 0.005299288542195135
271.00099131 129.955744485111 0.4506913524224326 0.0029288607770147357
1539.0006554 715.899280024926 0.2368278166189943 0.006745752719413467
157.00030369 71.9753829656996 0.3697006136843507 0.00238762505520862
42.0000709 21.46069240196155 0.5377649077125658 0.0011827420645694198
118.0004042 85.5721047794126 0.4326935912466732 0.002091874376013214
192.00004132 119.094960171019 0.5705334340841244 0.002321665742672452
230.0003905 31.34019607843206 0.4187164309000186 0.0029613779644854787
183.0000221 26.97974877451634 0.3968862832762646 0.001976462541912749
254.0001521 36.615119485291 0.440976963122714 0.0018076825373616323
529.00061124 255.747303921553 0.45296303785776043 0.0035188434970878646
531.00095117 114.939215686023 0.4062711800964384 0.004150917333026527
559.0008805 151.487668504943 0.35609952999951977 0.0034408357127114764
89.0000525 24.60934436274788 0.6061138969073423 0.0017972423856359165
350.0000377 88.07748161765 0.37427305536649297 0.002853329935217336
243.0008457 51.145419730394 0.24109129367775725 0.003636218122204493
17.0000220 16.9836550245094 0.337398029939417 0.00112553276545313
372.0000079 98.530300245109 0.31085523473078086 0.003359484834457138
107.0002234 7.1107996323530 0.4901165385596489 0.001508613154027505
127.0001176 29.607199754904 0.3283464011293498 0.002503982064182786
311.0009880 40.8591605392185 0.6031418290028832 0.0014595079813951722
207.0002564 91.1946844362855 0.3617953379473953 0.0025224927023073107
77.00005196 20.79068627451846 0.4849453692364991 0.0018140768823255438
489.0006212 121.421752450964 0.40780277930712266 0.003028089288904544
108.0009459 27.33048406862825 0.36164203235003756 0.0020614329917647556
181.0009940 98.736565563729 0.1963441809655143 0.00242625012345421
68.0000802 4.7654411764706 0.5408408878230935 0.0009783243491648247
150.0000878 20.36645220588137 0.6553665550223383 0.0019794190325428673
771.0002615 282.34822303920 0.2333710983541818 0.005730460199646625
191.0007191 20.57366727941393 0.38060072684123164 0.002111975807197908
208.0009349 51.0430912990257 0.45492919032822343 0.0025963527237002904
240.00030054 233.922089460231 0.4550404319145596 0.0034033287918759925
200.000169 29.09122242647167 0.5120669198571968 0.001885480393294059
455.0008820 65.495971200989 0.392164219522014 0.00375125394959247
513.00000264 83.2439185049 0.307976693238219 0.005081410360233574
185.0007448 42.6899050245125 0.39822165479197474 0.0033615450605929686
482.0003517 34.430575980396 0.3981587767618466 0.0029401214359131567
438.00092833 37.9642003676493 0.26312411058860796 0.0029523351902831507
429.0002166 111.584819240118 0.23094157801081813 0.003710030058925673
203.0007442 66.891115196087 0.5320092541239166 0.0019221339873685198
15.00009248 3.48385416666627 0.7541546493287119 0.0008049282208896502
129.00073618 77.776164215618 0.4084302421109999 0.002034904164839757
636.00076875 375.14296875081 0.3787581613339065 0.004643925099172719
345.0003364 74.085447303928 0.35212935822464264 0.0037142057091950065
240.0009059 102.40395220581 0.5737452161602772 0.0023276809597849585
366.00081715 142.137653186601 0.38586627190389916 0.003865046414984419
373.0006512 143.666666666652 0.5241431415544668 0.004485684007946189
377.00073750 225.264935661791 0.28899090083678425 0.005344022544734317
190.0007689 110.386182598043 0.5932654654933333 0.0028436990343949087
275.000997 99.6315870098130 0.4827999698385751 0.0022753643826924352
319.0007570 89.824509803925 0.38842997195219836 0.0031114398933859005
751.00035171 544.74004289697 0.2621083377038748 0.0060671833858546576
175.00053589 41.9993719362896 0.42050198539907563 0.0020110858034801116
466.0001528 76.050030637259 0.3373622287230362 0.0029872923248683847
305.0007121 95.747212009812 0.3862435467198431 0.0033370433669920874
43.0000241 14.2544117647050 0.5640389573486713 0.0009361452634903955
97.00008591 104.210447303998 0.2036767687219551 0.0034578278805716955
349.0001929 150.717861519658 0.36558495960666754 0.003047768196833278
397.00080739 96.495036764708 0.3968809677687518 0.0035150750286367938
133.0000550 126.968596813765 0.5109684178848953 0.002143585813300819
105.0000378 9.64015012254958 0.791094705796136 0.0009501547199466734
424.00052467 167.594025735339 0.4265498399333494 0.003188401324209722
535.000 111.2502757372 0.3199670338424513 0.004820918393007467
429.000164 106.14339767156 0.18240623161680752 0.003523758272864441
476.0001851 281.940946691259 0.24925306701439076 0.004879287553571032
121.00041518 85.9786611519567 0.5121880035358622 0.00283120012880278
511.00014322 200.7287990192275 0.2788492544918044 0.005223708310409303
57.00004209 18.69777879901906 0.5924850031945028 0.0014521777769655464
290.00010891 533.687745098 0.4808401494770277 0.005907523301204504
104.00041131 84.0460937500676 0.4694272242594221 0.0019865095363182927
52.0000884 15.23088235294174 0.41520637178039277 0.001811442629392035
168.00099665 61.8137408088656 0.43756706658201516 0.0026863216779180465
137.00045703 87.636626838222 0.41241248462550684 0.002585669098297938
339.00025859 46.1113817401122 0.3650064774778593 0.004031325297081084
312.000158 87.6801470588280 0.22837077360801183 0.0027286672203032936
207.00031776 132.813112745821 0.37203915115746633 0.002891980974915276
590.0002787 54.84371936274 0.34471078408698735 0.0029217914259289657
962.000570 226.991161151976 0.37168258613609756 0.004587596832680896
254.000832 19.53442095588227 0.4275796749790946 0.0014319599416996454
161.00057212 78.455193014708 0.5892855144957662 0.0021210753858434198
10.00007185 5.164644607843243 0.6302973056383478 0.0013625462595508175
155.0007563 32.812928921568 0.3613634412348179 0.0025288288887334587
114.0001383 31.2983609068606 0.5422896670062244 0.0015493265397008293
302.00006068 213.219960171241 0.4837870083320059 0.0032939662886377896
155.0007723 8.86897977941157 0.5218138167366738 0.0015742422330247141
204.00071527 105.9118106616422 0.4926822864654566 0.0036391142645694624
16.00009754 22.9806985294139 0.7891746367123684 0.0008799629112788213
22.0000237 14.18437500000042 0.7352052462514777 0.0010073149091965536
832.0003757 134.13949142156 0.444374803772302 0.004551246112178192
263.00075681 81.0774969362464 0.5524179819597579 0.001933495548892078
415.00046460 77.583226102997 0.44751767815344784 0.0025842317203055853
488.000865 71.110355392161 0.2378726929804655 0.0038413158998933383
64.0000742 26.63774509804073 0.6041579414000571 0.0018008156963095767
241.0004767 23.53042279411895 0.4970072038287338 0.0023223349425600115
359.0004105 69.742509191178 0.2953553249823423 0.0032489812948486296
425.0008496 44.4590379901977 0.4115273648127439 0.002574149767095024
181.0004864 20.18766850490066 0.4461533089081273 0.002998240001097066
712.0009740 210.08468137252 0.3669420759561637 0.0040475416026083955
800.000635 103.9786305147045 0.3162041351599802 0.003674935033985971
628.00077367 201.282475490648 0.18694126516448328 0.005586281745628696
134.0003108 16.65382965686524 0.4985495856608289 0.0021547584896052657
52.00003360 20.8343443627409 0.437572748812177 0.002823258987295324
571.0002257 138.638265931363 0.302150030554181 0.004591030182702988
176.0004651 21.92970281862046 0.4154438512113161 0.0023352663351161873
132.00019650 53.190563725473 0.451454004953369 0.0021448137129342904
623.00057849 108.532659313977 0.28967628545327145 0.0037358236154982905
336.0002560 164.73386948529 0.2295631301825468 0.0029034718032523443
411.00036033 28.8230238970124 0.4228863771118757 0.002641749037372687
877.000094 209.973759191191 0.36875329643200433 0.003718535878319329
220.0006694 20.5435049019665 0.4397489555160913 0.0026316576784022883
339.0003502 109.102542892156 0.3750992189451378 0.0029084128865057846
178.0004356 26.2185968137216 0.5304124321555379 0.00210226883272871
1071.007722 153.808425245195 0.19296421995092844 0.005141664724823691
123.00049683 97.922012867625 0.5298413276552414 0.0022361901016881847
482.000 80.1705882352475 0.4458377961492072 0.002908211266712306
635.000 219.519347426433 0.256032323869791 0.004676421657532348
76.0000 28.38949142156987 0.49583466435684836 0.0021652355137581902
363.000 67.13993566176 0.23390670221503782 0.002913939001706445
197.00004376 144.5905484069275 0.5340288519054218 0.0030472869267099134
75.00004918 21.90917585784926 0.6289668704005266 0.0015374499429059024
103.00077712 145.82772671506 0.5093568755058931 0.0021296463540650123
219.0001136 93.884451593144 0.5768889944971374 0.00294367310851186
209.00069471 59.275214460772 0.48556184863669055 0.002669174789336981
490.00045398 206.581740193449 0.2710605819404625 0.005171299491742332
90.00005844 18.45487132352 0.4111708744715835 0.0018395825258944454
845.000375 62.539950980395 0.48657760515935305 0.0023372581668244657
155.00030697 21.906479779486 0.5337728512973255 0.0020209814125577985
128.0009985 179.8085477941415 0.4095008741080153 0.004010621431146555
453.0002992 55.7979626225468 0.24423241599526935 0.0037778463578884702
623.00034267 123.700873161749 0.3958941490560052 0.004406131520825335
186.00003314 56.8146446078852 0.2799521251887432 0.0024626569418551014
270.0005347 422.3449142157265 0.42234463381096726 0.004492952698799679
1153.00 458.845986537735 0.29718190729836713 0.005769316538207003
172.0003774 36.2837928921576 0.4512280302902432 0.0020012831831587863
75.0000554 20.517064950981 0.39869899311850354 0.0013831295594475268
90.00002690 57.447763480392 0.4865570978234541 0.0019520752476873127
116.0003281 14.5166819852936 0.5826821477939889 0.001415615283263033
574.0009106 100.851501225485 0.22810708084088469 0.003449750660300843
117.00070568 19.5024662990763 0.605507474835003 0.0014070269624716636
717.0004359 173.006724877405 0.26906476791759426 0.004719883797296043
43.0000876 3.14056372549023 0.7303835413700724 0.000710357126128075
431.00006679 91.170021446041 0.4351006891229287 0.003035431273556266
710.00088121 594.166130514362 0.43218679900999646 0.005206331821097643
141.0003146 16.78766850490827 0.5363662802963607 0.0025895745134524306
566.000359 157.177512254919 0.3581247476104577 0.0034900315444184316
28.00003590 41.902205882352 0.40631006295730027 0.0017216288928263435
108.0005945 10.45624999999244 0.5133337198133233 0.0019639110112314173
85.00007704 46.13279718137715 0.5847935029628966 0.0021796923997014495
96.0000366 49.373866421571 0.47237386053303954 0.002521898970880898
321.0006726 83.019102328433 0.24573559575621506 0.004316125724397324
