410.00630 399.6879289225 0.3952979293716189 0.005487239910686448
777.006 630.316053921676 0.3266531593815091 0.00500368698091197
680.006 349.22556678928 0.2957262141119592 0.004584645934059453
613.00189 686.457506122868 0.2382222105757654 0.00719809384577802
580.0092 645.742601103973 0.3820212369909674 0.0046981783278917805
378.0088 203.982889093187 0.46857052687454415 0.0030697341848946735
321.00417 439.1257659322991 0.31568582456568467 0.004875851127268072
256.0039 290.21899509814 0.34221807255534553 0.004121557727931241
356.0069 277.90182291638 0.4387855009088433 0.0034078233810318215
450.0082 403.640594362426 0.32226228953860425 0.004424439393576063
636.0098 352.2470435042 0.30413474857172884 0.004486485470247659
767.00121 612.376470584425 0.30076517216896126 0.005481957014557087
608.00005 521.070251227352 0.2492739418348547 0.006039391711298747
858.006238 862.507643988806 0.21047268687718557 0.008318621787176905
645.007 404.121951593114 0.33989504574536505 0.0038020888797358765
376.00562 1601.157536711645 0.17127432210970062 0.007769804897131638
345.008567 531.57394301232 0.3267836259878472 0.00589091840438305
595.00189 766.538495710131 0.25795256042917086 0.007043216669272767
675.0010 502.5557291665546 0.2629555145820342 0.004910959098229251
403.0040 320.964797794985 0.22422749880574963 0.004913711557584577
596.00348 384.8061274595231 0.2854979762507351 0.005458707253282333
496.0093 369.382245710493 0.3216636351974939 0.00435690469923844
361.0095 348.231234681964 0.2838455597368292 0.004367680350305436
473.00729 736.089154419172 0.2520004226501293 0.006307608074405557
661.0069 320.84817708373 0.31030732109832787 0.004864463829853283
267.00300 487.321155020015 0.24268323906889314 0.005569684475588421
424.007860 349.554610929364 0.36342660889131356 0.004332462148618266
537.0084 453.71122855361 0.3369355838491164 0.004700344747877144
528.0077 404.941145833926 0.34504116568435866 0.0038366158209198475
426.008328 732.558578407056 0.26898364684205717 0.007099138995920851
441.0005 419.7079044116024 0.3449989300429068 0.004081929962552161
482.0014 664.021706495679 0.3888099917103692 0.004632030000145879
591.00687 778.869469972766 0.40580528589807324 0.005038570747096793
723.0087 549.997947304346 0.2977664507662148 0.004923788339862151
639.0045 549.253416053434 0.37173158356031266 0.004296028639478033
572.00794 809.955683214989 0.27448540884311423 0.006022204222329242
725.0000 427.16969975499 0.2598986528092958 0.0050709816234513205
388.00588 475.445634192329 0.40056731874608237 0.0052349274105316715
369.0041 217.621017156119 0.4398147434210573 0.0034968701278194902
549.00649 1165.56841295873 0.2689892727100082 0.006142307571383787
510.0051 402.79333639733 0.28902633776559267 0.005024079087256217
262.00588 437.175183823708 0.34322344672058275 0.005105462917455367
442.0093 496.67579656874 0.47666365744785627 0.003955519282469039
637.0059 783.742662377522 0.37936448276146534 0.005297455146253599
399.0044 183.949371936568 0.43253566731830007 0.003241498220413336
404.00130 561.73163296766 0.296031831651735 0.005676896731342751
449.002229 893.19503676455 0.24090403633220053 0.007130112453757942
686.004535 1035.39119158814 0.23651664555693078 0.008565131004645343
701.0027 655.20116421564 0.22610561632462783 0.005562086206144179
691.0040 482.7815870098871 0.2763375167901578 0.004650228598953421
591.0083 584.2496936276 0.39677622529860795 0.004238748086951974
656.00945 1020.807138466857 0.4072667895289547 0.005472236961885202
534.00747 627.61767769818 0.16964024043855644 0.006402142913295883
344.0049 474.05533088224 0.39692938582683546 0.0037491941477025698
717.00933 656.223697910507 0.27345227731741223 0.005601941583207162
324.006517 536.435922173385 0.31372813357353957 0.005636912861757604
468.00885 673.030085782231 0.2472254844971736 0.005694713461805778
571.00087 816.426761640565 0.37294117616086997 0.005260921954769238
502.00344 491.412086395336 0.2911055324860093 0.005752216132899241
378.00216 825.659788609971 0.3508532495902621 0.0055719176812295546
568.0008 291.202236519604 0.31537260987530513 0.004525226100654645
492.0046 212.18316482802 0.39040595290619345 0.0033538752648473724
369.0099 243.846369485464 0.36164683166436346 0.0034027117548635633
491.00347 463.7900582170128 0.19444140506756413 0.005124257339614413
440.0076 258.154595588865 0.3870964055766083 0.004081927512314953
461.0000 245.246492034335 0.37775456673396124 0.003931997884153646
583.00430 823.630912998652 0.265081486038254 0.005399642100914731
618.00252 657.72814031674 0.29538544906630115 0.006592343456448685
505.00159 401.5523897081845 0.2785299756991495 0.004977001088435962
453.0073 316.5643841913 0.32024442503730655 0.00447983273612973
436.00427 427.809206493213 0.28826450923050406 0.004937593893390185
389.0094 488.4997242642 0.2967695916597417 0.004742170210853991
601.003255 548.30873169693 0.3080719425433155 0.006661771200527716
573.00227 557.524142159746 0.30491115153130155 0.0059118408197418315
547.0080 600.361182598755 0.31021256957271515 0.004759745473151666
316.00175 1080.055560661477 0.2963444179341687 0.006217280584214446
632.0024 667.418412990172 0.38933269343308247 0.004625661160714306
479.00734 425.887071072648 0.31666384715977 0.005832571844497758
535.0095 251.566482843352 0.24321422496439782 0.004358481604673781
361.00304 724.47244178856 0.3670308099344257 0.006001012407141709
436.0054 278.781862745513 0.4249299127323922 0.0035231992560390557
577.00792 933.767846202549 0.3398549004433772 0.005466835206658027
453.00170 499.993198528993 0.3047730217219344 0.005372963081806875
153.0013 259.64857536779 0.49173778240204136 0.0035477444615315545
376.0040 272.78128063744 0.37117745182996403 0.004074468804767445
408.0052 279.17631740159 0.3668350610461319 0.0037146438326739195
650.00558 770.59967830857 0.3331644910626645 0.005483452478773257
515.0007 450.098667279682 0.23979091088798543 0.004372158847172181
420.0006 724.540594362829 0.3122281845870716 0.004933901635785817
489.00364 1372.228354732 0.19764081738368314 0.008744435339996831
556.00450 478.7745404487867 0.19360693252881495 0.005691391236360199
717.0060 546.77904411703 0.285216944848509 0.004826523043314199
346.0061 150.82711397055 0.2809713771797296 0.0033453236132809927
610.00509 763.769546563813 0.2865925528916838 0.005642346724218955
514.001929 547.544286182867 0.25464677716768974 0.006310149047978664
273.0075 342.13301164287 0.3296257303505734 0.004352545466277641
539.00531 248.4107077212 0.45162541839192527 0.004035189789373506
535.00172 456.5505974224473 0.19251123557081576 0.0061296518648794596
537.00483 460.4231464496968 0.275297375401324 0.006185733764229123
317.00895 436.476501223 0.48061124348179024 0.0043329229751975645
432.00375 374.789522054646 0.3106224011519443 0.004564838442765229
781.0045 681.97573529413 0.2420307667610439 0.005724722194218074
531.0078 437.2688572302331 0.22627562876866433 0.004824201696226105
630.0017 661.876838235613 0.272116270699062 0.0046830247121336654
412.0040 246.280407475447 0.39564544155438397 0.003915305403965397
229.0003 205.590824142155 0.40393394562089313 0.003382238204986343
472.00119 1004.930422746426 0.2196652364905453 0.0070975955282331915
300.00560 428.955300247514 0.5855367952141706 0.0032340715923775964
683.00867 754.608180142541 0.2862308137760695 0.006630308812260399
571.00248 767.12510723613 0.32302025104563026 0.005838287624537641
126.009223 881.60024506432 0.47791701277796556 0.004648663265404751
456.008882 1045.67670066618 0.206448268924679 0.008693070036736472
596.0041 706.619209558536 0.44002869576118947 0.004642440910174135
436.00264 346.39722732344 0.39510602055726474 0.0042195745288124975
680.00696 380.547625619129 0.22936002300203828 0.005815080391973759
454.007755 832.022135438953 0.3314848312115029 0.005358760186598699
287.00490 626.75533088139 0.22767099108621702 0.005989603407656863
467.0044 359.61861213278 0.3308993138351914 0.004277163620838867
273.00881 564.972257965478 0.3656290697326383 0.004696875776786125
712.00803 573.434497542742 0.2874465997520509 0.005281974951661439
707.0093 581.046185661003 0.2915649314709701 0.004898780226774813
665.00719 458.6248774510867 0.25304103404090145 0.005704680482808255
222.005274 964.688066748457 0.3091171585159081 0.0056876551148822285
384.0039 379.965870098463 0.3830336484647523 0.004189006402864376
445.0048 567.521415441911 0.3340993928331918 0.0045971252165109555
404.0045 326.777113970271 0.1997503475720316 0.004152155699354121
576.00967 725.674617035385 0.2450796015614617 0.006629407599900272
509.00435 503.9015012249864 0.2583656968120872 0.005994105536136163
379.00356 825.024218754842 0.3653360240859262 0.0050142362328706724
626.00832 618.176271443033 0.33706065610747155 0.004914438500139728
427.0082 385.18794424052 0.40185057723875417 0.003716142293950342
381.0088 378.26280637284 0.3102690715005276 0.0037392293807379795
307.00396 267.55986519274 0.3519177055540226 0.004025597699930383
324.00517 416.297181370683 0.3364622289634159 0.005344358969591623
489.0004 536.76167279496 0.3911705948933682 0.004214050669968522
611.00501 685.11744791326 0.2705991946533828 0.00612107547657037
488.0035 169.283149509398 0.35669195705552864 0.004134265632966094
328.0009 196.665471813251 0.3527391281244268 0.0033702754434369736
425.0018 249.412239583357 0.3892004012713503 0.003903425750604733
355.002193 577.59952519723 0.41671543544984974 0.005443270702402886
509.0067 1027.942340688314 0.3481136699803934 0.005240253405904505
515.0096 643.04077818638 0.3945434667470288 0.004761912253573947
685.0063 453.7361213235484 0.3691207077086357 0.004328906956488882
591.00043 794.297288608257 0.32225812062533865 0.005283520275553039
373.00461 453.8486213218823 0.3845805100282237 0.005147548344846875
424.00491 341.15065870011 0.39263538508372736 0.003606727276526528
614.00532 761.383256740242 0.3575368108760994 0.005783556052107036
634.0090 357.7619791662663 0.2977256867232544 0.004869180369154985
712.00265 354.8344056320612 0.19397486858877513 0.00548309449641321
357.0067 547.261397058427 0.18049219022103402 0.005336101244072175
785.0074 549.05470281841 0.29164277078416406 0.004856035127123182
488.0041 500.3174325988646 0.2091590926145085 0.005119636436280217
828.00299 867.9118259849 0.28713346229983416 0.006105523100782398
431.0076 482.98495710793 0.3433985702125734 0.004019678015315865
395.0055 306.9953737745 0.3984380805871381 0.004205970202547538
393.0098 385.87198223006 0.3077812828540333 0.00462271707470957
382.0068 260.991804534122 0.4084609722927388 0.003785824518919234
279.006892 414.944010412 0.3982799149824567 0.00463924781341879
439.00932 449.400490198221 0.38735145842212726 0.0059849357778990475
534.0058 679.464675245484 0.30969433111169903 0.00470313160525257
506.005221 710.46130517791 0.28765234947304 0.0059911042272754594
403.0026 384.252374387126 0.319024315388856 0.004696246215540489
420.005613 509.791099894684 0.3327070596172354 0.005845304228114467
773.0061 793.062714460704 0.4410254098078693 0.005236428635541468
723.00840 451.479289215072 0.23998026782729687 0.005632217367805392
345.000623 452.198054536107 0.34005617513776193 0.0050019161190465455
695.00883 1134.79690564804 0.18007998489837918 0.008101189814970655
674.0057 574.339659926234 0.3036726085229213 0.004393134430477064
792.00431 773.057000618195 0.2379910238845533 0.005950555677594324
578.0094 305.4153952205 0.2526926559133221 0.005036700538493033
540.00059 675.079335174178 0.25173631258616813 0.006076439245878196
757.009 430.0214920343233 0.29136551612626554 0.004167893807471346
518.0091 598.838388480342 0.3453452822070598 0.004439426066765284
397.00881 574.18527879753 0.25781021552151034 0.005972720197963632
422.00046 407.3630208303648 0.2897368454931114 0.005222270173000476
680.00410 338.7513939989425 0.2409115123244833 0.005410632383601899
560.00752 502.8690257311685 0.26564214030789035 0.005237220050497218
468.0049 444.862760416431 0.30402312805980464 0.004217381310700097
752.00070 678.796599260242 0.26997075770956647 0.005840646918511341
165.0072 171.919194240583 0.4704169447438433 0.0029265500788181464
430.00332 552.173851100248 0.36964788529639253 0.004264345493096677
675.0013 533.955683210 0.2372793180039699 0.005423091438401473
551.0037 366.548697916101 0.2821534075797543 0.0046875003151487515
662.00664 495.389093136732 0.27896452284705253 0.0054696921626785355
374.000412 851.50856318392 0.28976390792226514 0.00754829236516244
658.00271 960.893964466826 0.30937154709485626 0.006175012986029779
677.0041 551.53082107822 0.36273055351772904 0.004596645108226938
462.001508 598.517830867238 0.2379643450326108 0.0069986331663561
426.0016 393.069439338013 0.397574383698081 0.0038828139836437
492.0011 408.804993872975 0.4405321785723227 0.0037789795552855138
553.0024 393.1287990195055 0.238239095757706 0.00472266546165287
638.00547 649.645404411831 0.2072271396821528 0.006699923200118807
295.0035 536.742693014917 0.3064409896317154 0.004578509767535904
647.00272 636.693213843462 0.1988375034890687 0.006995130639688513
613.00676 179.6325674069485 0.3985675886564498 0.003737035118019344
532.00259 322.469607846439 0.3142344890804918 0.0049844693473126145
459.00289 677.845312502864 0.323914655381353 0.005440840228475463
678.00737 858.33811274667 0.3433219728714552 0.005736809337976795
780.00231 879.429886644576 0.2645422124440021 0.0064288981432095715
358.00715 307.017631744445 0.3967487197773082 0.004032571499082177
605.00639 364.766681984446 0.26118410799976843 0.005610565036951551
467.0071 659.23204656846 0.3516007602590834 0.00475677317420839
256.00297 479.2568474264419 0.24685648736976967 0.005211061590027377
522.0074 568.14273897086 0.32969728422671585 0.004227352427201403
751.00290 1150.79303009144 0.35720359478064506 0.0061447076485478536
254.00425 158.38134191993 0.42185050347060105 0.0030089606776612654
368.00092 320.5686887287394 0.27287709287724116 0.005128965722748902
421.00091 356.166329658329 0.32946991965565936 0.004141943461946407
560.0013 650.685263480841 0.4362918433808004 0.004582217324056934
385.008361 1037.22694582264 0.38489679028311774 0.005806731464131437
495.00639 426.049693624357 0.30044749820142025 0.005250741003567705
621.00554 644.8255055199 0.30279935106514744 0.005855762720327201
408.00095 3123.84322915562 0.2279758406607299 0.010855627886374314
677.00907 949.35991115002 0.14510358126477518 0.007717917601967883
482.00029 501.115839466826 0.34297699903337153 0.004875563045698153
712.003394 519.797656275829 0.27365039036792616 0.005897656669019757
456.00525 499.341314336949 0.2684671552088758 0.0059768659081070735
435.0049 357.6055912991 0.5259627136131717 0.003469346931925646
495.0084 939.683425245221 0.3695075523958775 0.004998664505058703
876.00297 1121.226332745304 0.3393310714004987 0.006257409972935557
605.0089 604.869898897006 0.3213718137653276 0.0051393434696273
611.0045 411.155024509548 0.3217642649124678 0.0044562709712414605
537.00085 340.207460174413 0.17842151520163513 0.005997053246204032
551.0097 264.526041666613 0.3236721181847236 0.004494034693440951
381.005652 442.141605309217 0.28782577627511896 0.005174248449759833
278.00984 412.75586703966 0.46409774067376985 0.003306110127792722
421.0053 282.983363970294 0.3196044699021574 0.0035576590429217125
510.00189 606.138403793233 0.27465891353775906 0.005385838479951555
911.00644 768.78866421903 0.32182941315389846 0.005649578959680698
591.0037 637.08337928984 0.3538944812324881 0.004473512822661119
495.00281 486.8346507310786 0.29754306059001584 0.005364887336998692
414.008940 613.533486563014 0.37051174710446 0.0061298112708434715
533.0001 1019.340119484704 0.31680531456680955 0.00551231144074521
498.00200 852.911243872726 0.31225084933389935 0.005459108028785312
568.00564 504.721139702386 0.3571390175418733 0.004862333133066915
542.0007 717.830300245778 0.322877943796737 0.005034920544650906
366.0066 529.777833946977 0.3676325100225892 0.0038220014244529366
376.00737 383.516789214084 0.37708071575141067 0.003663389453736232
862.0049 496.0170343135067 0.26290581419034326 0.0053473890889614295
646.00233 386.989200366745 0.302893597071128 0.004678817539476576
601.00199 653.02011335677 0.2883272320225927 0.006206763173460389
896.00926 418.337254904589 0.26056241695986854 0.005887605829161535
690.0062 640.042493872617 0.4585963153573886 0.0044928446989838805
602.0097 732.5894301471 0.27136688023919736 0.005064464185811579
565.0062 335.250183823441 0.30569064817813835 0.004604742638081305
361.0014 307.97074142158 0.32582943589183694 0.004182143701444874
582.0053 511.4417126220342 0.3439380313491354 0.00397949300650377
299.00968 499.5857536711 0.40834403664784646 0.004049684347315435
681.00470 1588.201470516343 0.22184720042434367 0.00886731501360516
353.0061 193.437653186959 0.4203299236538525 0.002977930696614617
274.0065 189.214246323337 0.4517928006448249 0.003046933078982794
592.0024 447.196017156303 0.3296780157843072 0.004825461434479247
327.0048 192.99944852958 0.3623344033282077 0.004028029767834118
330.0053 635.806004902188 0.2517253799138818 0.004736762310313836
267.00706 575.92371323861 0.4539373829898133 0.004286018418108883
523.00082 355.958838841697 0.3586198165754768 0.004699982040263562
407.00991 217.2866574727 0.4179871702773834 0.003600810569687335
491.00875 187.067386648464 0.41377850865122134 0.003291468224464189
567.00787 803.722074145077 0.27441245561955857 0.006608160164448651
615.00499 735.728630518705 0.21046126184631722 0.007998526650120574
308.006532 629.813878614075 0.29604818246511955 0.007001686179316957
446.004854 661.33904712982 0.2981907756498855 0.005974760005741486
422.0057 451.754687500928 0.3698517904584879 0.0040143368246742805
439.0061 653.20958946042 0.35359781323512995 0.004582365763696777
631.00045 457.7007659334166 0.28795287994282337 0.006304586331813966
431.00597 595.976302082812 0.3018136566271508 0.005630940739496937
418.0026 292.52729779414 0.3495440203034886 0.003715123192859715
702.00950 338.7785386034191 0.3309963124470594 0.004838221091578027
281.0087 363.801685049492 0.31231786126294175 0.004811309534884595
699.00328 568.979335175603 0.1862946644981902 0.006822806155382999
559.00059 691.218244484104 0.24421786739198625 0.007625671080234431
765.00965 1130.674800827792 0.2515043698543805 0.006656362365225599
748.00428 1112.4603094893 0.1943130986033049 0.007050644088336375
369.00754 553.614889705519 0.2812894763459609 0.005633007994789718
462.001489 295.94267768447 0.3368595973838121 0.0046703148677954
464.0018 187.528492647503 0.29047863972017046 0.003369239069009655
531.00932 453.81956188599 0.3812766414990644 0.0046621259914790825
275.00380 765.255744486 0.3342724553771546 0.006229430890845045
704.00424 957.239001222068 0.22065356772575506 0.006137229755339535
751.0081 682.9648284311 0.3002650672600002 0.005099604093818627
545.00392 375.525183828947 0.24442920575640414 0.005302422316345368
461.00087 1464.005591252527 0.18038787686342259 0.009703442070473578
573.00079 732.249402572521 0.35764664336422575 0.005011535097357744
454.006236 250.068321043176 0.3610225062529542 0.004726570478518821
703.00969 723.652190562143 0.1692123244857699 0.007163408203862964
727.0011 719.590242034893 0.3743729207215532 0.0046343099319605535
690.0054 697.248498774775 0.2371634796331091 0.005753888569954402
526.00687 1700.18135728644 0.19103635210707876 0.009492173837647444
611.00721 358.40421262571 0.24014457420383672 0.005105755399841205
540.0099 489.515992647722 0.25707946506159807 0.004876276340328944
895.00876 598.720542270216 0.30009527441070666 0.005953736958955846
685.00820 490.08114276448 0.2947606591666801 0.0051525865640662805
