21.54037990196131
178.43039215687878
6.8762408088236056
26.223835784314495
8.670358455882468
60.81447610294134
101.49782475490461
30.470618872549455
17.612852328431767
36.950045955883645
95.20571384804644
67.60369178921617
21.33760723039231
181.55577512254834
28.076715686276497
29.162392769608324
303.50284926473336
38.15418198529465
1913.0064031864474
443.78844975495986
86.08521752451371
67.25557598039596
16.051807598039172
106.21992953431368
87.53394607843045
50.88895526961009
53.3833026960798
163.36516544117953
5.074295343137311
6.610110294117727
60.24983149510123
176.03069852942286
51.89996936274582
46.190058210784116
92.09076286764932
86.58259803922154
97.20784313726757
114.69874387255648
99.25347732843827
15.25854779411749
22.30168504902066
12.130484068627625
83.07368259804134
118.69744178921857
43.23172487745229
19.94987745098071
71.46182598039697
17.275428921568906
157.08564644608975
265.99312193628475
142.50683210784356
41.17457107843105
70.32585784314182
19.072794117647778
32.01732536764791
31.497564338236693
45.13307291666685
11.763970588235434
81.20844056372744
11.973498774509899
17.64865196078467
14.574065563725908
13.252496936274483
35.499586397057406
101.1721354166685
10.565471813725313
32.964629289216816
37.6567248774518
18.926577818627614
40.924816176471076
48.883532475489766
117.63187806373588
149.95977328432215
51.20405943627467
108.02838541666856
637.6750153187368
181.74113051471355
30.326118259804954
6.998177083333426
220.4954810049187
43.291344975490574
46.32207414215733
8.529718137254967
267.22545955882373
67.15401348039391
14.162009803921858
85.81432291667329
200.99255514707266
66.91493566176536
17.3784007352949
94.11106004902342
46.453722426471025
20.314460784313997
123.38806678922869
25.630269607845037
136.9484221813822
28.417800245099187
213.96383272059546
9.717601102941188
24.208685661765738
45.276991421568326
81.6406096813751
52.89270833333267
14.322870710784613
94.4504595588219
132.97859987746045
22.20617340686278
82.61265318627424
133.50975796569583
72.40240502451077
9.316804534313615
71.69911151960828
46.87758884803968
1160.7606158090164
155.228936887255
248.44189644610992
33.47723651960888
136.80752144608738
41.891253063727184
129.78003982844456
210.6300551470639
16.41334252451
665.5468596815098
10.548345588235291
8.3058363970589
10.466528799019802
76.16856617647157
33.8365655637254
11.392264093137278
108.41049325981038
18.453339460785227
66.06847426471153
201.90171568628259
56.3651501225522
6.564828431372643
48.029151348039704
157.13339460785326
9.255575980392342
146.1044730392148
363.23736213237396
46.02208946078507
104.71360294117933
585.4482077206482
129.95574448530087
715.8992800246424
71.97538296568844
21.460692401961364
85.57210477941638
119.09496017157313
31.340196078433618
26.979748774511034
36.61511948529406
255.74730392157332
114.93921568627727
151.48766850490827
24.609344362747056
88.07748161765225
51.14541973039268
16.983655024509964
98.53030024510143
7.110799632353
29.60719975490302
40.85916053921608
91.19468443628088
20.790686274510282
121.42175245099013
27.330484068628998
98.73656556372806
4.765441176470641
20.366452205883164
282.348223039242
20.573667279412412
51.04309129902264
233.92208946078634
29.091222426471983
65.49597120098231
83.24391850490807
42.68990502451256
34.4305759803917
37.964200367647486
111.58481924019475
66.8911151960817
3.483854166666684
77.77616421568537
375.1429687500388
74.08544730392515
102.40395220588796
142.13765318628626
143.66666666668567
225.26493566177464
110.3861825980467
99.6315870098134
89.82450980392743
544.740042892232
41.99937193627565
76.05003063725569
95.74721200981153
14.25441176470594
104.21044730392452
150.71786151961157
96.49503676470488
126.96859681372966
9.640150122549242
167.59402573529636
111.250275735295
106.1433976715695
281.94094669120403
85.97866115196618
200.72879901963088
18.697778799019925
533.687745098096
84.04609375000125
15.230882352941325
61.81374080882496
87.63662683823901
46.111381740197174
87.68014705882885
132.81311274510756
54.84371936274544
226.99116115197506
19.534420955882982
78.45519301470863
5.1646446078431785
32.8129289215691
31.298360906863884
213.21996017157375
8.868979779411974
105.91181066177106
22.98069852941244
14.184375000000095
134.1394914215799
81.07749693627355
77.58322610294299
71.11035539216134
26.637745098040536
23.530422794118397
69.74250919117786
44.45903799019645
20.187668504902092
210.0846813725606
103.97863051470702
201.28247549019147
16.653829656863174
20.834344362746158
138.63826593138333
21.929702818628215
53.19056372549058
108.53265931372546
164.73386948529293
28.823023897060025
209.97375919119114
20.543504901961136
109.10254289216083
26.218596813726165
153.8084252451075
97.92201286764775
80.17058823529563
219.51934742649044
28.389491421569616
67.1399356617658
144.59054840686673
21.909175857843625
145.8277267156886
93.88445159314377
59.275214460783396
206.58174019608776
18.45487132352974
62.5399509803956
21.90647977941223
179.80854779413087
55.797962622549505
123.70087316177035
56.814644607843455
422.34491421571965
458.8459865196468
36.28379289215804
20.517064950981432
57.44776348039436
14.51668198529389
100.85150122549322
19.50246629902005
173.00672487746434
3.140563725490243
91.17002144608223
594.1661305147653
16.787668504902413
157.17751225491924
41.90220588235254
10.456249999999985
46.132797181371814
49.37386642157149
83.01910232843814