2791.3301930154635
798.431357230498
697.9986366422345
675.6323529412813
329.8644761029914
1569.0472732845228
2050.8302389711894
1571.3437346815338
451.47804840693135
617.8614430147555
631.1390165441946
1995.3722886034525
1356.0056832111077
1159.0684436275967
523.8862438725946
3114.0622395841565
1227.2784313727439
1175.4015318628278
401.05715379902847
1016.395940563817
1196.1828125002498
616.661335784372
3099.0433057608366
1685.6117187504688
206.21792279412122
2313.574218750696
1121.4645986523212
2154.1367493879743
906.0509344363767
1489.4893995100585
488.5162224265183
1155.7955116423254
676.8846354167287
3282.8727634817246
1006.9351102941872
1294.4380974266269
917.5729779412725
2058.828982843893
1911.7851562504516
419.3691023285099
833.4193933824896
152.52043504902826
2077.3958486528295
2136.043811275092
959.4661458334501
1031.0394607845556
833.3419577207488
902.2828737746103
1921.3157475495611
1620.3437193631248
161.01962316177497
258.5695006127496
651.7321997550094
1374.0975183828155
479.5380667892912
639.0359528186847
271.687775735315
210.69221813726085
1073.3205269609687
720.5423406863883
1298.195312500366
537.4763327206929
3704.9628829671187
544.4068167892682
375.46412377454664
691.5571691177169
761.2984987745671
1018.8226256129722
333.5504136029634
141.5282015931396
662.6837162990648
241.4712622549185
1415.0843290444802
920.031755514856
362.1874540441474
2070.567233456717
840.5817248775163
1308.941421568858
1469.958440564221
1047.1268995099733
1271.4817555148686
1401.7747395834879
581.4749387255713
1018.275628063876
1657.5403492650994
337.5292126225768
1338.1061580887056
416.08947610299003
2145.790165441936
642.1104319853555
2304.3047487752847
1416.6096507354762
1170.7787530638577
1348.5479166669068
419.78042279416155
742.6384497550218
1219.6157322306647
200.84554227942382
1609.7492493875727
645.922120098125
1403.5917892160533
716.3736672794706
1570.6897671572317
1314.7016850491964
337.90196078435366
953.7729013481847
3015.2576286776084
982.0492340688473
1490.4706495101952
629.4336243873598
4247.303799020883
506.12503063732356
1438.7170649515
622.278462009885
1547.5708486522522
355.9498774510129
1184.652313112905
783.9254595588748
1586.7463848042196
459.80016850495264
2197.0577818634933
782.9808517157572
451.66692708338
1738.0316942408683
773.0128829658198
308.0730085784563
844.4891084559495
180.7649969362846
1366.9719056375475
606.9304993873382
751.0381280638336
637.591773897067
572.7823529412298
1113.116758578554
449.0303308823833
507.50617340690707
1955.2490502457042
171.60220588235586
937.9799325981153
501.5460171569232
198.52919730392767
1158.3738204659344
1871.4054227947936
2873.985386030196
1868.6085477945976
75.7541053921578
2903.243305760798
746.1602328431715
595.422058823608
386.9634344362909
870.7798713236582
701.0592984069265
1179.4130208335603
1191.2624387257397
468.9659926471184
924.4437193628567
2040.4948376231164
734.8338082109024
358.1632199755236
291.10330882355254
332.10586703435695
717.3027573530404
562.1741115196538
447.42190563728826
541.7659466912187
1064.7332567404635
909.3567095589996
476.54790134807973
373.09229473046264
897.912331495259
554.7204044118613
700.3865042892984
742.8921875001206
2190.583471201705
1779.5227022064864
361.0479932598249
1468.7941789219294
457.0871017157408
879.9183210785507
1431.822594975968
973.0353860295407
353.0664368872525
1851.3776960790221
1561.695557598424
847.7635416668671
822.0241115197039
1128.571446078666
333.2324754902246
1080.7531096814637
168.87838541667296
2201.142187500656
186.1586703431411
1004.6064797795575
1528.3349264708363
101.87748161764944
2110.275995710988
1128.872717524844
332.41063112747497
835.9415441178049
1699.9938112748623
3345.853370099436
1508.643060662216
233.48246017157433
1449.0516084560895
282.7202818627744
242.58733149511266
716.9320618874065
238.34152879902362
724.6420343138599
2440.587055760568
3326.0098958339972
1451.6541819856745
556.5601409313873
807.503033088365
321.46204044122777
642.004672181453
2076.1591911771625
686.0888020834724
907.3551011030453
310.4421721814056
927.4272518383635
259.1905484068706
1251.539905024791
1686.0693933828306
660.4620098040319
356.2822916667044
260.5323223039375
430.3697303922235
1001.6568780639046
1398.0999846817315
900.6267003678165
1081.943596813909
202.41652879903157
925.8217984070917
3472.121246937144
265.9242647059066
463.3766850490936
467.42786458337144
269.25019914218063
1223.6022977943942
1168.6615196079504
1034.9452665443057
506.3064031863503
1535.3456341917058
944.310814951092
980.2565870101056
552.6693780637684
540.5953890932353
709.1704503676997
237.91392463236286
149.2607077205967
2430.8867340695547
693.8788296569437
910.4336397060332
1177.2559742649655
2433.0127144616577
1469.73759191215
1926.1315870102505
674.9933210785123
850.5578737745798
709.7569699755966
1880.258455882801
917.8078584561275
1474.847074142633
1210.210952818922
613.4080575981399
1329.2516544120838
2004.2825674027747
1218.0361672796719
357.6863357843444
638.9055759804513
395.450398284385
976.2610140932218
631.767279411874
1436.2265318632212
321.32956495104406
389.2186274509931
343.208103553957
537.2169730393379
416.5475183823998
171.8935202206008
1302.8789368875737
900.6293811275018
2318.1166973047057
858.6046875000756
786.119500612869
598.1715073530512
1123.6029258579406
1246.7730698531507
644.426026348151
762.8513480392999
914.4378063726695