399.687928921614
630.3160539216567
349.2255667892461
686.4575061275689
645.7426011030634
203.98288909314266
439.12576593142006
290.2189950980694
277.9018229166824
403.64059436279115
352.2470435049328
612.3764705883355
521.0702512255715
862.5076439952229
404.12195159318935
1601.1575367650626
531.5739430147423
766.5384957108984
502.55572916671576
320.96479779414994
384.80612745102167
369.38224571081594
348.23123468140165
736.0891544118755
320.84817708336755
487.3211550245768
349.55461090689056
453.711228553988
404.94114583337023
732.5585784314517
419.70790441181924
664.0217064952178
778.8694699756379
549.9979473040155
549.2534160539798
809.9556832109403
427.1696997549588
475.4456341912867
217.62101715687987
1165.5684129903511
402.793336397113
437.1751838235871
496.6757965686796
783.7426623775634
183.94937193628445
561.7316329657613
893.1950367647723
1035.3911917893793
655.2011642157939
482.78158700985585
584.24969362757
1020.8071384805523
627.6176776961789
474.05533088241367
656.2236979167906
536.4359221814223
673.0300857844466
816.4267616423195
491.4120863971124
825.6597886030622
291.20223651963227
212.1831648284454
243.84636948531258
463.79005821084803
258.15459558824807
245.24649203432767
823.6309129903343
657.728140318694
401.55238970593444
316.5643841912049
427.8092064951497
488.499724264746
548.308731617746
557.5241421569651
600.3611825981421
1080.0555606618846
667.4184129903332
425.88707107847455
251.56648284316978
724.4724417893176
278.78186274512814
933.7678462011451
499.9931985294612
259.6485753676486
272.7812806372737
279.1763174019883
770.5996783089502
450.0986672794785
724.5405943628738
1372.228354779753
478.77454044126193
546.7790441177165
150.8271139705981
763.7695465687522
547.5442861520008
342.1330116421833
248.410707720592
456.55059742653526
460.42314644612037
436.4765012255802
374.78952205886117
681.975735294204
437.26885723044234
661.8768382353445
246.28040747550088
205.59082414216232
1004.9304227943041
428.95530024513954
754.6081801471852
767.1251072304866
881.6002450981059
1045.676700367812
706.6192095589195
346.3972273284624
380.54762561278466
832.0221354168184
626.7553308823968
359.6186121323998
564.9722579657806
573.4344975490769
581.0461856618249
458.62487745104403
964.6880667893491
379.96587009808735
567.5214154412529
326.7771139706183
725.6746170343929
503.90150122554974
825.0242187501384
618.1762714461835
385.1879442401999
378.2628063725866
267.55986519609536
416.2971813725841
536.7616727941888
685.1174479167544
169.28314950981488
196.66547181373483
249.41223958334874
577.599525122574
1027.9423406864491
643.0407781863853
453.73612132357545
794.2972886030989
453.84862132357654
341.15065870100636
761.3832567403243
357.76197916670014
354.83440563729033
547.2613970588664
549.0547028186885
500.31743259812396
867.9118259805527
482.9849571078855
306.9953737745337
385.8719822304331
260.99180453433047
414.944010416678
449.40049019612457
679.4646752452193
710.4613051471717
384.25237438732387
509.7910998774574
793.0627144609027
451.4792892157338
452.19805453433844
1134.7969056374052
574.3396599265546
773.0570006128713
305.4153952206175
675.0793351716587
430.02149203437114
598.8383884804764
574.185278799104
407.36302083338336
338.75139399512807
502.86902573538396
444.8627604167299
678.7965992647963
171.91919424019972
552.1738511030298
533.9556832108404
366.5486979167015
495.3890931373071
851.5085631128835
960.8939644609405
551.530821078485
598.5178308824417
393.06943933827597
408.80499387259556
393.12879901965124
649.6454044118534
536.7426930147368
636.6932138481563
179.63256740197374
322.46960784316974
677.8453125000684
858.3381127452736
879.4298866423247
307.01763174023483
364.76668198533207
659.232046568731
479.25684742654903
568.1427389706622
1150.793030024696
158.38134191177093
320.56868872551905
356.16632965688984
650.6852634805239
1037.2269454657828
426.0496936274986
644.825505514769
3123.843229167712
949.3599111522522
501.1158394608262
519.7976562500729
499.34131433830095
357.6055912990576
939.6834252452306
1121.2263327207845
604.8698988971214
411.1550245098442
340.20746017160656
264.52604166668453
442.1416053921979
412.7558670343547
282.98336397061814
606.1384037991096
768.788664215829
637.083379289335
486.83465073536524
613.5334865196513
1019.3401194854384
852.9112438726693
504.7211397059317
717.8303002452432
529.7778339461607
383.51678921573176
496.01703431380105
386.9892003676783
653.020113357906
418.3372549020084
640.0424938726376
732.589430147161
335.25018382355853
307.9707414216074
511.44171262260136
499.5857536765222
1588.2014705885922
193.43765318627993
189.21424632354413
447.1960171569171
192.99944852941078
635.8060049020411
575.9237132353413
355.95883884807847
217.286657475505
187.06738664217335
803.7220741422792
735.7286305148032
629.8138786765173
661.339047181428
451.7546875000634
653.209589460874
457.70076593142016
595.9763020834209
292.5272977941359
338.77853860296676
363.80168504905146
568.9793351716703
691.2182444853853
1130.6748008580405
1112.460309436457
553.6148897059431
295.9426776960966
187.52849264707567
453.8195618872979
765.255744485403
957.2390012256363
682.964828431441
375.5251838235661
1464.0055912993703
732.2494025736669
250.06832107845068
723.6521905638424
719.5902420344656
697.2484987746045
1700.181357230628
358.4042126225944
489.5159926470905
598.7205422794981
490.0811427696645
