1107.97274
1059.34414
407.20784
1192.92223
520.24953
738.92380
1343.00930
877.54621
1052.97138
729.67592
704.60739
989.42197
425.12735
1287.31877
375.34931
851.40379
805.13010
1344.99747
813.44653
689.12224
924.21405
432.73184
1700.16669
1076.94501
1072.22890
703.77661
810.91191
1196.94961
307.45670
1697.34549
242.09364
865.77902
990.96415
1196.58211
1048.23561
1087.24160
379.67018
765.59126
618.15071
576.50349
806.62772
946.59124
902.59115
732.81522
599.46697
1067.10362
823.01988
491.69158
521.39509
1220.45576
1486.07254
1034.62792
929.65705
364.10898
311.91057
512.48921
357.79829
632.81410
902.38886
487.62066
819.77858
663.01149
512.71456
970.31711
1700.22277
522.68476
931.15009
889.33131
1032.08107
903.51803
1112.67843
1114.36626
925.82246
1321.89437
1201.16372
965.39429
770.37438
779.47084
1672.17390
1055.38952
1360.89917
647.20599
1064.50789
904.09996
827.87339
664.22324
687.26636
694.20196
1219.18514
806.87378
654.79278
807.38145
623.24765
536.98565
344.09744
272.79546
962.54420
1436.30215
1327.73197
1132.70208
1121.89075
1059.97218
707.16895
758.70142
1270.56933
1300.53059
839.76877
1508.75366
980.98693
1277.60720
391.44575
606.98565
882.45609
1005.98322
1731.65309
505.50166
548.10071
1062.86572
708.51587
554.12335
994.43261
901.16078
748.46184
248.81458
1153.78233
740.46383
1150.80638
1321.05559
1609.06355
643.78118
167.18377
1099.61085
1077.83876
627.04846
1221.91047
1032.29761
571.87825
1268.33036
1186.83891
756.82620
754.25883
1543.95026
784.70971
1622.99131
563.06554
1328.30369
384.83709
770.14042
1299.04132
677.13905
283.60221
315.81521
1161.61124
1524.95117
808.08805
507.04525
552.80377
978.98457
723.84220
669.00079
363.02234
850.01176
1495.59880
694.82564
1434.85196
1310.66212
509.09459
614.59940
453.38802
845.40878
766.32615
374.47191
772.99349
1046.30054
606.26169
992.08820
424.00264
450.77448
1352.63517
1392.92833
1409.82166
396.47442
568.39248
1328.73618
1185.76875
784.73364
687.29059
1105.81715
823.96512
1417.73750
250.27689
646.09997
788.77570
1104.35171
1184.53589
667.61528
998.47121
350.46241
1184.68591
781.81929
1475.80739
609.40550
622.50378
1109.52467
1265.55793
816.24164
614.01851
1129.41518
973.14322
1359.14209
815.10891
1941.41131
868.41884
1121.99665
1639.45703
1424.25859
944.50158
1089.31776
1050.62787
277.63570
377.69832
1395.57212
747.67185
963.47563
800.21383
1008.06068
505.47723
1008.71527
459.19754
413.86237
770.23757
1954.75681
1006.46460
608.96865
736.84742
772.64767
639.54105
831.88496
922.64864
1037.59740
858.56635
978.77367
562.53108
1017.73360
715.82257
662.24651
1156.19650
1135.57849
1323.72560
1089.36033
904.12094
807.66694
776.93502
404.04356
542.07722
1644.49683
1182.61088
703.56728
721.74776
445.45998
1192.04376
1076.84918
1274.77712
816.81136
1057.69471
1377.45398
1150.35844
275.88375
1248.30697
906.29985
1387.12992
598.34267
1539.03314
775.35347
1283.03501
437.03774
549.54554
1422.32690
471.83281
210.19106
1509.70568
807.44359
386.32876
1170.06679
799.88121
439.43146
614.86359
1638.13590
979.55945
1350.27704
591.35366
475.86726