504.25928
780.03942
326.20930
1425.18225
234.25623
746.64907
726.54608
693.84420
698.91635
880.42879
1088.65540
1465.64560
970.29796
715.22008
288.55406
718.58701
758.93068
828.87552
929.55929
706.19090
472.65497
543.73180
623.51835
626.25424
403.81268
506.69473
1147.08565
923.05007
874.33744
648.68821
790.35389
932.20573
669.43409
588.69629
753.92037
654.24709
1028.96284
631.41278
934.38708
180.82662
464.87747
579.89267
479.36011
1145.24120
365.34797
785.12401
603.37681
453.56133
757.73095
813.62020
634.02465
600.81895
396.21385
306.35011
1003.24709
1056.95468
885.45517
348.57310
902.40002
746.56538
384.60827
230.20883
640.17590
569.60987
589.15857
465.72543
725.76814
808.77238
338.88740
610.66269
672.72588
795.27478
601.53153
556.64712
789.15793
596.70168
757.23430
752.26852
658.31831
243.07778
883.90748
986.79370
1059.52695
709.03708
634.55746
717.28668
398.61938
387.81255
1222.95155
1110.29612
956.73677
714.68965
672.14939
771.34348
908.81121
536.20979
723.46360
378.76747
1147.68346
526.44295
777.63982
569.02909
669.39007
740.30796
755.06453
560.19348
811.49148
701.82878
473.74973
450.03050
425.33393
619.00452
867.00327
886.80574
1261.09330
604.32093
1027.88603
1147.56039
385.91959
302.79626
648.37166
789.36051
796.26409
890.35803
322.58406
856.17744
434.31643
560.00056
742.26003
384.88313
850.26183
953.24579
535.98107
688.00989
564.52116
849.62419
461.85390
639.68880
767.23167
647.18948
427.64830
717.81212
581.18837
1128.19110
1291.04687
447.76269
470.87651
649.82367
566.36476
447.04283
315.60290
498.31917
392.21258
529.22391
891.51805
540.17178
369.32283
1355.30139
617.73005
238.07193
500.17746
715.94108
935.25914
646.65909
735.89739
573.61328
442.68002
441.01544
811.51105
508.11094
330.16857
772.84231
491.92088
401.22505
609.46146
651.56362
740.53548
378.75819
818.10161
645.92166
307.35455
940.26533
742.47154
642.04522
637.47126
675.18736
823.97076
375.81422
746.55702
477.31550
895.68849
683.27678
531.51649
474.06232
620.25711
382.99948
705.17306
807.39427
490.60085
747.91933
787.53240
929.79003
350.04725
728.43422
753.27127
488.31370
678.30925
377.39644
424.07744
1185.99400
1208.83613
751.97926
849.97766
261.73719
279.20177
749.98714
743.68805
732.55323
526.78641
702.88357
765.59943
501.82383
678.84460
708.18921
615.90647
675.08970
126.96606
728.15788
983.67193
941.16406
546.31893
662.27321
209.79578
964.67720
830.56670
338.39341
611.40359
955.84552
391.42992
861.43461
1225.53761
693.67568
576.42610
882.66402
764.52110
776.61082
637.59676
594.13815
715.00582
689.04398
336.24779
937.14774
924.77284
706.34107
1416.85191
663.27986
788.16186
697.62374
732.39175
856.10691
543.70313
953.86442
909.75974
434.10906
1093.89310
699.01675
722.97909
458.38243
685.71037
906.67478
727.56124
514.40776
718.81780
719.68801
889.27618
337.57937
1073.34230
268.15412
756.84452
698.05293
274.32978
1141.18966
812.43285
938.36777
815.36182
550.81984
286.65071
821.92434
1226.65064
328.38757
880.99934
1134.70551