139.00000 21.54037990196131 0.5722288211167127
105.00000 178.43039215687878 0.46116676944363183
5.00000 6.8762408088236056 0.555746060491031
31.00000 26.223835784314495 0.3897401090202346
87.00000 8.670358455882468 0.7039444755682734
160.00000 60.81447610294134 0.31641623811208164
76.00000 101.49782475490461 0.4693118369403063
28.00000 30.470618872549455 0.5118171908697816
3.00000 17.612852328431767 0.4140348343414243
98.00000 36.950045955883645 0.5459723649874291
280.00000 95.20571384804644 0.4409005391773656
292.00000 67.60369178921617 0.5245202859531127
90.00000 21.33760723039231 0.5484102060010125
534.00000 181.55577512254834 0.237862326389145
110.00000 28.076715686276497 0.5626370468200084
286.00000 29.162392769608324 0.34385614579411533
743.00000 303.50284926473336 0.296490405773186
107.00000 38.15418198529465 0.49497163496723817
1517.00000 1913.0064031864474 0.09161413010436269
485.00000 443.78844975495986 0.23859977106421676
107.00000 86.08521752451371 0.40814389719877286
321.00000 67.25557598039596 0.48540547918350063
38.00000 16.051807598039172 0.5750843389439791
331.00000 106.21992953431368 0.42632547894384143
165.00000 87.53394607843045 0.4517753914798131
96.00000 50.88895526961009 0.5887362391241383
366.00000 53.3833026960798 0.22075848223839603
396.00000 163.36516544117953 0.3410663049609892
63.00000 5.074295343137311 0.6813587128457141
52.00000 6.610110294117727 0.6555804189431147
90.00000 60.24983149510123 0.5090113723942529
172.00000 176.03069852942286 0.3546008098421199
240.00000 51.89996936274582 0.3530410088325568
112.00000 46.190058210784116 0.5154649972664916
560.00000 92.09076286764932 0.3462425738860385
439.00000 86.58259803922154 0.49088410972760643
429.00000 97.20784313726757 0.5421084591475671
268.00000 114.69874387255648 0.5057190932776736
445.00000 99.25347732843827 0.26166364077157833
93.00000 15.25854779411749 0.4856969244755296
141.00000 22.30168504902066 0.6119490221609615
74.00000 12.130484068627625 0.5345358886278277
360.00000 83.07368259804134 0.4427670144199052
446.00000 118.69744178921857 0.4138789897440955
159.00000 43.23172487745229 0.4092699001253388
78.00000 19.94987745098071 0.6163305831559217
251.00000 71.46182598039697 0.33603835082456046
47.00000 17.275428921568906 0.671922207541138
884.00000 157.08564644608975 0.37473678197203086
1245.00000 265.99312193628475 0.32477742010003524
278.00000 142.50683210784356 0.36939856735605864
573.00000 41.17457107843105 0.4744548138844981
219.00000 70.32585784314182 0.3207759980443617
327.00000 19.072794117647778 0.48169090517790497
501.00000 32.01732536764791 0.3542229134152856
55.00000 31.497564338236693 0.7766101834939219
315.00000 45.13307291666685 0.509447085411883
14.00000 11.763970588235434 0.5077822252452361
376.00000 81.20844056372744 0.31268499344611145
10.00000 11.973498774509899 0.5308244690447474
116.00000 17.64865196078467 0.4602093991690075
117.00000 14.574065563725908 0.6589888973703333
121.00000 13.252496936274483 0.5389029214505866
204.00000 35.499586397057406 0.5044959619255941
374.00000 101.1721354166685 0.2596435651114042
63.00000 10.565471813725313 0.664048953623834
365.00000 32.964629289216816 0.44678300491635453
118.00000 37.6567248774518 0.4076994852758123
72.00000 18.926577818627614 0.42704358134826215
300.00000 40.924816176471076 0.5177169315913412
442.00000 48.883532475489766 0.32310478413944277
386.00000 117.63187806373588 0.2876559588094897
486.00000 149.95977328432215 0.28425760187788385
574.00000 51.20405943627467 0.2544400292253829
523.00000 108.02838541666856 0.28371320347811785
725.00000 637.6750153187368 0.22000899965376866
450.00000 181.74113051471355 0.3723832018873082
256.00000 30.326118259804954 0.4235949790887281
15.00000 6.998177083333426 0.5108258268540804
411.00000 220.4954810049187 0.346979862004504
99.00000 43.291344975490574 0.24767235482262298
351.00000 46.32207414215733 0.38770923863303897
65.00000 8.529718137254967 0.5501912344463384
321.00000 267.22545955882373 0.1445904268384834
79.00000 67.15401348039391 0.2754802882566036
127.00000 14.162009803921858 0.5921570494968911
691.00000 85.81432291667329 0.4436493253739423
684.00000 200.99255514707266 0.2874869193609098
115.00000 66.91493566176536 0.39204074317766363
73.00000 17.3784007352949 0.5061762673261725
319.00000 94.11106004902342 0.247741406402609
210.00000 46.453722426471025 0.35562409632027686
241.00000 20.314460784313997 0.5127977215615785
345.00000 123.38806678922869 0.32371841117145633
234.00000 25.630269607845037 0.4382386933589876
825.00000 136.9484221813822 0.4193254310032689
124.00000 28.417800245099187 0.518572736310809
472.00000 213.96383272059546 0.21378679200509138
75.00000 9.717601102941188 0.5878931192942645
73.00000 24.208685661765738 0.41484747070454747
171.00000 45.276991421568326 0.38701906547629145
238.00000 81.6406096813751 0.3712116361971955
290.00000 52.89270833333267 0.3741555453422211
119.00000 14.322870710784613 0.49193643175292795
63.00000 94.4504595588219 0.5048201828523996
353.00000 132.97859987746045 0.26625465159988415
81.00000 22.20617340686278 0.31580890274909107
324.00000 82.61265318627424 0.5663017224338134
818.00000 133.50975796569583 0.33688068723644504
282.00000 72.40240502451077 0.39972766903986384
189.00000 9.316804534313615 0.5031823686454343
37.00000 71.69911151960828 0.5601407873145631
323.00000 46.87758884803968 0.323577005160871
540.00000 1160.7606158090164 0.30697806035381076
395.00000 155.228936887255 0.24128855645161457
753.00000 248.44189644610992 0.3560427702632643
267.00000 33.47723651960888 0.3772184535991342
646.00000 136.80752144608738 0.3334298650237209
79.00000 41.891253063727184 0.4109665235929387
285.00000 129.78003982844456 0.34217823254762303
664.00000 210.6300551470639 0.4132169275273271
119.00000 16.41334252451 0.500052016067393
985.00000 665.5468596815098 0.10844516672512503
340.00000 10.548345588235291 0.45935562122668216
57.00000 8.3058363970589 0.521569499116488
64.00000 10.466528799019802 0.5538351349114663
346.00000 76.16856617647157 0.4034523859929544
468.00000 33.8365655637254 0.4732002687878369
42.00000 11.392264093137278 0.5409476524022324
372.00000 108.41049325981038 0.4318937359070162
233.00000 18.453339460785227 0.4043662941714147
264.00000 66.06847426471153 0.4862278039008497
361.00000 201.90171568628259 0.3431556168108513
136.00000 56.3651501225522 0.5206815936147888
45.00000 6.564828431372643 0.5775874517150676
384.00000 48.029151348039704 0.4986730124069388
831.00000 157.13339460785326 0.42995099096903866
39.00000 9.255575980392342 0.5960892485672816
375.00000 146.1044730392148 0.4210804708952289
1087.00000 363.23736213237396 0.23136906902689894
283.00000 46.02208946078507 0.3696210178456268
339.00000 104.71360294117933 0.3718976136620106
707.00000 585.4482077206482 0.44983840538036296
271.00000 129.95574448530087 0.4506913524224326
1539.00000 715.8992800246424 0.2368278166189943
157.00000 71.97538296568844 0.3697006136843507
42.00000 21.460692401961364 0.5377649077125658
118.00000 85.57210477941638 0.4326935912466732
192.00000 119.09496017157313 0.5705334340841244
230.00000 31.340196078433618 0.4187164309000186
183.00000 26.979748774511034 0.3968862832762646
254.00000 36.61511948529406 0.440976963122714
529.00000 255.74730392157332 0.45296303785776043
531.00000 114.93921568627727 0.4062711800964384
559.00000 151.48766850490827 0.35609952999951977
89.00000 24.609344362747056 0.6061138969073423
350.00000 88.07748161765225 0.37427305536649297
243.00000 51.14541973039268 0.24109129367775725
17.00000 16.983655024509964 0.337398029939417
372.00000 98.53030024510143 0.31085523473078086
107.00000 7.110799632353 0.4901165385596489
127.00000 29.60719975490302 0.3283464011293498
311.00000 40.85916053921608 0.6031418290028832
207.00000 91.19468443628088 0.3617953379473953
77.00000 20.790686274510282 0.4849453692364991
489.00000 121.42175245099013 0.40780277930712266
108.00000 27.330484068628998 0.36164203235003756
181.00000 98.73656556372806 0.1963441809655143
68.00000 4.765441176470641 0.5408408878230935
150.00000 20.366452205883164 0.6553665550223383
771.00000 282.348223039242 0.2333710983541818
191.00000 20.573667279412412 0.38060072684123164
208.00000 51.04309129902264 0.45492919032822343
240.00000 233.92208946078634 0.4550404319145596
200.00000 29.091222426471983 0.5120669198571968
455.00000 65.49597120098231 0.392164219522014
513.00000 83.24391850490807 0.307976693238219
185.00000 42.68990502451256 0.39822165479197474
482.00000 34.4305759803917 0.3981587767618466
438.00000 37.964200367647486 0.26312411058860796
429.00000 111.58481924019475 0.23094157801081813
203.00000 66.8911151960817 0.5320092541239166
15.00000 3.483854166666684 0.7541546493287119
129.00000 77.77616421568537 0.4084302421109999
636.00000 375.1429687500388 0.3787581613339065
345.00000 74.08544730392515 0.35212935822464264
240.00000 102.40395220588796 0.5737452161602772
366.00000 142.13765318628626 0.38586627190389916
373.00000 143.66666666668567 0.5241431415544668
377.00000 225.26493566177464 0.28899090083678425
190.00000 110.3861825980467 0.5932654654933333
275.00000 99.6315870098134 0.4827999698385751
319.00000 89.82450980392743 0.38842997195219836
751.00000 544.740042892232 0.2621083377038748
175.00000 41.99937193627565 0.42050198539907563
466.00000 76.05003063725569 0.3373622287230362
305.00000 95.74721200981153 0.3862435467198431
43.00000 14.25441176470594 0.5640389573486713
97.00000 104.21044730392452 0.2036767687219551
349.00000 150.71786151961157 0.36558495960666754
397.00000 96.49503676470488 0.3968809677687518
133.00000 126.96859681372966 0.5109684178848953
105.00000 9.640150122549242 0.791094705796136
424.00000 167.59402573529636 0.4265498399333494
535.00000 111.250275735295 0.3199670338424513
429.00000 106.1433976715695 0.18240623161680752
476.00000 281.94094669120403 0.24925306701439076
121.00000 85.97866115196618 0.5121880035358622
511.00000 200.72879901963088 0.2788492544918044
57.00000 18.697778799019925 0.5924850031945028
290.00000 533.687745098096 0.4808401494770277
104.00000 84.04609375000125 0.4694272242594221
52.00000 15.230882352941325 0.41520637178039277
168.00000 61.81374080882496 0.43756706658201516
137.00000 87.63662683823901 0.41241248462550684
339.00000 46.111381740197174 0.3650064774778593
312.00000 87.68014705882885 0.22837077360801183
207.00000 132.81311274510756 0.37203915115746633
590.00000 54.84371936274544 0.34471078408698735
962.00000 226.99116115197506 0.37168258613609756
254.00000 19.534420955882982 0.4275796749790946
161.00000 78.45519301470863 0.5892855144957662
10.00000 5.1646446078431785 0.6302973056383478
155.00000 32.8129289215691 0.3613634412348179
114.00000 31.298360906863884 0.5422896670062244
302.00000 213.21996017157375 0.4837870083320059
155.00000 8.868979779411974 0.5218138167366738
204.00000 105.91181066177106 0.4926822864654566
16.00000 22.98069852941244 0.7891746367123684
22.00000 14.184375000000095 0.7352052462514777
832.00000 134.1394914215799 0.444374803772302
263.00000 81.07749693627355 0.5524179819597579
415.00000 77.58322610294299 0.44751767815344784
488.00000 71.11035539216134 0.2378726929804655
64.00000 26.637745098040536 0.6041579414000571
241.00000 23.530422794118397 0.4970072038287338
359.00000 69.74250919117786 0.2953553249823423
425.00000 44.45903799019645 0.4115273648127439
181.00000 20.187668504902092 0.4461533089081273
712.00000 210.0846813725606 0.3669420759561637
800.00000 103.97863051470702 0.3162041351599802
628.00000 201.28247549019147 0.18694126516448328
134.00000 16.653829656863174 0.4985495856608289
52.00000 20.834344362746158 0.437572748812177
571.00000 138.63826593138333 0.302150030554181
176.00000 21.929702818628215 0.4154438512113161
132.00000 53.19056372549058 0.451454004953369
623.00000 108.53265931372546 0.28967628545327145
336.00000 164.73386948529293 0.2295631301825468
411.00000 28.823023897060025 0.4228863771118757
877.00000 209.97375919119114 0.36875329643200433
220.00000 20.543504901961136 0.4397489555160913
339.00000 109.10254289216083 0.3750992189451378
178.00000 26.218596813726165 0.5304124321555379
1071.00000 153.8084252451075 0.19296421995092844
123.00000 97.92201286764775 0.5298413276552414
482.00000 80.17058823529563 0.4458377961492072
635.00000 219.51934742649044 0.256032323869791
76.00000 28.389491421569616 0.49583466435684836
363.00000 67.1399356617658 0.23390670221503782
197.00000 144.59054840686673 0.5340288519054218
75.00000 21.909175857843625 0.6289668704005266
103.00000 145.8277267156886 0.5093568755058931
219.00000 93.88445159314377 0.5768889944971374
209.00000 59.275214460783396 0.48556184863669055
490.00000 206.58174019608776 0.2710605819404625
90.00000 18.45487132352974 0.4111708744715835
845.00000 62.5399509803956 0.48657760515935305
155.00000 21.90647977941223 0.5337728512973255
128.00000 179.80854779413087 0.4095008741080153
453.00000 55.797962622549505 0.24423241599526935
623.00000 123.70087316177035 0.3958941490560052
186.00000 56.814644607843455 0.2799521251887432
270.00000 422.34491421571965 0.42234463381096726
1153.00000 458.8459865196468 0.29718190729836713
172.00000 36.28379289215804 0.4512280302902432
75.00000 20.517064950981432 0.39869899311850354
90.00000 57.44776348039436 0.4865570978234541
116.00000 14.51668198529389 0.5826821477939889
574.00000 100.85150122549322 0.22810708084088469
117.00000 19.50246629902005 0.605507474835003
717.00000 173.00672487746434 0.26906476791759426
43.00000 3.140563725490243 0.7303835413700724
431.00000 91.17002144608223 0.4351006891229287
710.00000 594.1661305147653 0.43218679900999646
141.00000 16.787668504902413 0.5363662802963607
566.00000 157.17751225491924 0.3581247476104577
28.00000 41.90220588235254 0.40631006295730027
108.00000 10.456249999999985 0.5133337198133233
85.00000 46.132797181371814 0.5847935029628966
96.00000 49.37386642157149 0.47237386053303954
321.00000 83.01910232843814 0.24573559575621506
168.00000 508.6113970588906 0.39892347794885724
221.00000 149.84612438725895 0.3770450387129647
826.00000 443.37915134805917 0.2497032727389095
172.00000 35.6036151960793 0.4724743371592549
52.00000 29.560140931373265 0.5389598217869622
243.00000 96.10802696078679 0.40073442285608757
113.00000 26.209926470590123 0.5697343065514431
388.00000 262.114859068658 0.36910705821772494
27.00000 12.35088848039217 0.5087670753513525
224.00000 60.629289215689205 0.35493989676538434
92.00000 53.17794117647189 0.3073439038572421
88.00000 10.336887254901624 0.48798467381510136
97.00000 63.868458946080594 0.5000303193681274
474.00000 188.9536151960755 0.14313778165486696
70.00000 35.43727022058958 0.4180156541493693
78.00000 128.8847426470597 0.1635186040710512
228.00000 96.80684742647789 0.47331897824057
842.00000 199.71283700980547 0.33603258309558076
42.00000 15.116911764705849 0.6931530819105207
113.00000 73.31511948530004 0.4304792068257402
81.00000 7.554764093137526 0.6569007243960401
374.00000 109.22850796569293 0.2905832554068487
68.00000 12.654534313725707 0.6373300634582824
157.00000 12.710692401961007 0.48697785016816153
66.00000 53.41087622548985 0.5956181930604244
356.00000 127.83264399510132 0.5090719319785548
279.00000 107.50055147058984 0.477621905190732
317.00000 203.59502144609334 0.4337863722073922
69.00000 43.85818014705843 0.46632931241927444
52.00000 21.88606004902038 0.48804396025604513
165.00000 22.10343137254942 0.5486139483439799
201.00000 66.20098039215752 0.47656084844087354
77.00000 12.943811274509972 0.426918542551796
36.00000 9.146537990196277 0.5027415581566023
69.00000 29.920113357842535 0.5946350034300841
89.00000 14.85733762254906 0.49696814621371754
62.00000 13.434068627451074 0.5135079287634439
95.00000 27.171216299021467 0.3847871358035726
625.00000 121.21360294119322 0.3992101180642629
408.00000 64.78374693627417 0.4719976106818736
927.00000 151.58040747549944 0.28319915665170137
57.00000 6.620894607843143 0.8022952253017266
865.00000 453.3151348039686 0.28967882925185257
1147.00000 220.0865808823549 0.23374648785660238
549.00000 188.77625612746016 0.4649168437126899
261.00000 52.84171262254953 0.4456036183110132
193.00000 153.19371936274968 0.40248360316201737
152.00000 38.162515318627726 0.3625677117822964
43.00000 64.4293811274532 0.35508158598763506
73.00000 34.1963694852948 0.4742652180593375
717.00000 141.20215992647294 0.2984722727729397
139.00000 35.453370098041155 0.5108641375939097
591.00000 142.63717830882908 0.5175437589775104
553.00000 280.6987132353501 0.4832706222145368
207.00000 79.5028952205892 0.45592099824433624
381.00000 202.4682444852996 0.42909303380888386
223.00000 41.57461703431515 0.41348823142599916
692.00000 178.82081801470812 0.19037026850252037
534.00000 334.5133272059138 0.34750089845404836
453.00000 267.6143075980847 0.44196679781702825
160.00000 30.92147671568768 0.4908449302372174
169.00000 66.15819546568689 0.5676186661282882
85.00000 15.744255514705952 0.64276390543902
452.00000 107.72429534314627 0.44932233763134327
22.00000 22.18838848039254 0.3935346534771133
104.00000 13.9857383578432 0.4473134207435487
143.00000 26.873958333335292 0.4337547152575834
669.00000 106.579059436277 0.3788422654391093
