410.00000 399.687928921614 0.3952979293716189
777.00000 630.3160539216567 0.3266531593815091
680.00000 349.2255667892461 0.2957262141119592
613.00000 686.4575061275689 0.2382222105757654
580.00000 645.7426011030634 0.3820212369909674
378.00000 203.98288909314266 0.46857052687454415
321.00000 439.12576593142006 0.31568582456568467
256.00000 290.2189950980694 0.34221807255534553
356.00000 277.9018229166824 0.4387855009088433
450.00000 403.64059436279115 0.32226228953860425
636.00000 352.2470435049328 0.30413474857172884
767.00000 612.3764705883355 0.30076517216896126
608.00000 521.0702512255715 0.2492739418348547
858.00000 862.5076439952229 0.21047268687718557
645.00000 404.12195159318935 0.33989504574536505
376.00000 1601.1575367650626 0.17127432210970062
345.00000 531.5739430147423 0.3267836259878472
595.00000 766.5384957108984 0.25795256042917086
675.00000 502.55572916671576 0.2629555145820342
403.00000 320.96479779414994 0.22422749880574963
596.00000 384.80612745102167 0.2854979762507351
496.00000 369.38224571081594 0.3216636351974939
361.00000 348.23123468140165 0.2838455597368292
473.00000 736.0891544118755 0.2520004226501293
661.00000 320.84817708336755 0.31030732109832787
267.00000 487.3211550245768 0.24268323906889314
424.00000 349.55461090689056 0.36342660889131356
537.00000 453.711228553988 0.3369355838491164
528.00000 404.94114583337023 0.34504116568435866
426.00000 732.5585784314517 0.26898364684205717
441.00000 419.70790441181924 0.3449989300429068
482.00000 664.0217064952178 0.3888099917103692
591.00000 778.8694699756379 0.40580528589807324
723.00000 549.9979473040155 0.2977664507662148
639.00000 549.2534160539798 0.37173158356031266
572.00000 809.9556832109403 0.27448540884311423
725.00000 427.1696997549588 0.2598986528092958
388.00000 475.4456341912867 0.40056731874608237
369.00000 217.62101715687987 0.4398147434210573
549.00000 1165.5684129903511 0.2689892727100082
510.00000 402.793336397113 0.28902633776559267
262.00000 437.1751838235871 0.34322344672058275
442.00000 496.6757965686796 0.47666365744785627
637.00000 783.7426623775634 0.37936448276146534
399.00000 183.94937193628445 0.43253566731830007
404.00000 561.7316329657613 0.296031831651735
449.00000 893.1950367647723 0.24090403633220053
686.00000 1035.3911917893793 0.23651664555693078
701.00000 655.2011642157939 0.22610561632462783
691.00000 482.78158700985585 0.2763375167901578
591.00000 584.24969362757 0.39677622529860795
656.00000 1020.8071384805523 0.4072667895289547
534.00000 627.6176776961789 0.16964024043855644
344.00000 474.05533088241367 0.39692938582683546
717.00000 656.2236979167906 0.27345227731741223
324.00000 536.4359221814223 0.31372813357353957
468.00000 673.0300857844466 0.2472254844971736
571.00000 816.4267616423195 0.37294117616086997
502.00000 491.4120863971124 0.2911055324860093
378.00000 825.6597886030622 0.3508532495902621
568.00000 291.20223651963227 0.31537260987530513
492.00000 212.1831648284454 0.39040595290619345
369.00000 243.84636948531258 0.36164683166436346
491.00000 463.79005821084803 0.19444140506756413
440.00000 258.15459558824807 0.3870964055766083
461.00000 245.24649203432767 0.37775456673396124
583.00000 823.6309129903343 0.265081486038254
618.00000 657.728140318694 0.29538544906630115
505.00000 401.55238970593444 0.2785299756991495
453.00000 316.5643841912049 0.32024442503730655
436.00000 427.8092064951497 0.28826450923050406
389.00000 488.499724264746 0.2967695916597417
601.00000 548.308731617746 0.3080719425433155
573.00000 557.5241421569651 0.30491115153130155
547.00000 600.3611825981421 0.31021256957271515
316.00000 1080.0555606618846 0.2963444179341687
632.00000 667.4184129903332 0.38933269343308247
479.00000 425.88707107847455 0.31666384715977
535.00000 251.56648284316978 0.24321422496439782
361.00000 724.4724417893176 0.3670308099344257
436.00000 278.78186274512814 0.4249299127323922
577.00000 933.7678462011451 0.3398549004433772
453.00000 499.9931985294612 0.3047730217219344
153.00000 259.6485753676486 0.49173778240204136
376.00000 272.7812806372737 0.37117745182996403
408.00000 279.1763174019883 0.3668350610461319
650.00000 770.5996783089502 0.3331644910626645
515.00000 450.0986672794785 0.23979091088798543
420.00000 724.5405943628738 0.3122281845870716
489.00000 1372.228354779753 0.19764081738368314
556.00000 478.77454044126193 0.19360693252881495
717.00000 546.7790441177165 0.285216944848509
346.00000 150.8271139705981 0.2809713771797296
610.00000 763.7695465687522 0.2865925528916838
514.00000 547.5442861520008 0.25464677716768974
273.00000 342.1330116421833 0.3296257303505734
539.00000 248.410707720592 0.45162541839192527
535.00000 456.55059742653526 0.19251123557081576
537.00000 460.42314644612037 0.275297375401324
317.00000 436.4765012255802 0.48061124348179024
432.00000 374.78952205886117 0.3106224011519443
781.00000 681.975735294204 0.2420307667610439
531.00000 437.26885723044234 0.22627562876866433
630.00000 661.8768382353445 0.272116270699062
412.00000 246.28040747550088 0.39564544155438397
229.00000 205.59082414216232 0.40393394562089313
472.00000 1004.9304227943041 0.2196652364905453
300.00000 428.95530024513954 0.5855367952141706
683.00000 754.6081801471852 0.2862308137760695
571.00000 767.1251072304866 0.32302025104563026
126.00000 881.6002450981059 0.47791701277796556
456.00000 1045.676700367812 0.206448268924679
596.00000 706.6192095589195 0.44002869576118947
436.00000 346.3972273284624 0.39510602055726474
680.00000 380.54762561278466 0.22936002300203828
454.00000 832.0221354168184 0.3314848312115029
287.00000 626.7553308823968 0.22767099108621702
467.00000 359.6186121323998 0.3308993138351914
273.00000 564.9722579657806 0.3656290697326383
712.00000 573.4344975490769 0.2874465997520509
707.00000 581.0461856618249 0.2915649314709701
665.00000 458.62487745104403 0.25304103404090145
222.00000 964.6880667893491 0.3091171585159081
384.00000 379.96587009808735 0.3830336484647523
445.00000 567.5214154412529 0.3340993928331918
404.00000 326.7771139706183 0.1997503475720316
576.00000 725.6746170343929 0.2450796015614617
509.00000 503.90150122554974 0.2583656968120872
379.00000 825.0242187501384 0.3653360240859262
626.00000 618.1762714461835 0.33706065610747155
427.00000 385.1879442401999 0.40185057723875417
381.00000 378.2628063725866 0.3102690715005276
307.00000 267.55986519609536 0.3519177055540226
324.00000 416.2971813725841 0.3364622289634159
489.00000 536.7616727941888 0.3911705948933682
611.00000 685.1174479167544 0.2705991946533828
488.00000 169.28314950981488 0.35669195705552864
328.00000 196.66547181373483 0.3527391281244268
425.00000 249.41223958334874 0.3892004012713503
355.00000 577.599525122574 0.41671543544984974
509.00000 1027.9423406864491 0.3481136699803934
515.00000 643.0407781863853 0.3945434667470288
685.00000 453.73612132357545 0.3691207077086357
591.00000 794.2972886030989 0.32225812062533865
373.00000 453.84862132357654 0.3845805100282237
424.00000 341.15065870100636 0.39263538508372736
614.00000 761.3832567403243 0.3575368108760994
634.00000 357.76197916670014 0.2977256867232544
712.00000 354.83440563729033 0.19397486858877513
357.00000 547.2613970588664 0.18049219022103402
785.00000 549.0547028186885 0.29164277078416406
488.00000 500.31743259812396 0.2091590926145085
828.00000 867.9118259805527 0.28713346229983416
431.00000 482.9849571078855 0.3433985702125734
395.00000 306.9953737745337 0.3984380805871381
393.00000 385.8719822304331 0.3077812828540333
382.00000 260.99180453433047 0.4084609722927388
279.00000 414.944010416678 0.3982799149824567
439.00000 449.40049019612457 0.38735145842212726
534.00000 679.4646752452193 0.30969433111169903
506.00000 710.4613051471717 0.28765234947304
403.00000 384.25237438732387 0.319024315388856
420.00000 509.7910998774574 0.3327070596172354
773.00000 793.0627144609027 0.4410254098078693
723.00000 451.4792892157338 0.23998026782729687
345.00000 452.19805453433844 0.34005617513776193
695.00000 1134.7969056374052 0.18007998489837918
674.00000 574.3396599265546 0.3036726085229213
792.00000 773.0570006128713 0.2379910238845533
578.00000 305.4153952206175 0.2526926559133221
540.00000 675.0793351716587 0.25173631258616813
757.00000 430.02149203437114 0.29136551612626554
518.00000 598.8383884804764 0.3453452822070598
397.00000 574.185278799104 0.25781021552151034
422.00000 407.36302083338336 0.2897368454931114
680.00000 338.75139399512807 0.2409115123244833
560.00000 502.86902573538396 0.26564214030789035
468.00000 444.8627604167299 0.30402312805980464
752.00000 678.7965992647963 0.26997075770956647
165.00000 171.91919424019972 0.4704169447438433
430.00000 552.1738511030298 0.36964788529639253
675.00000 533.9556832108404 0.2372793180039699
551.00000 366.5486979167015 0.2821534075797543
662.00000 495.3890931373071 0.27896452284705253
374.00000 851.5085631128835 0.28976390792226514
658.00000 960.8939644609405 0.30937154709485626
677.00000 551.530821078485 0.36273055351772904
462.00000 598.5178308824417 0.2379643450326108
426.00000 393.06943933827597 0.397574383698081
492.00000 408.80499387259556 0.4405321785723227
553.00000 393.12879901965124 0.238239095757706
638.00000 649.6454044118534 0.2072271396821528
295.00000 536.7426930147368 0.3064409896317154
647.00000 636.6932138481563 0.1988375034890687
613.00000 179.63256740197374 0.3985675886564498
532.00000 322.46960784316974 0.3142344890804918
459.00000 677.8453125000684 0.323914655381353
678.00000 858.3381127452736 0.3433219728714552
780.00000 879.4298866423247 0.2645422124440021
358.00000 307.01763174023483 0.3967487197773082
605.00000 364.76668198533207 0.26118410799976843
467.00000 659.232046568731 0.3516007602590834
256.00000 479.25684742654903 0.24685648736976967
522.00000 568.1427389706622 0.32969728422671585
751.00000 1150.793030024696 0.35720359478064506
254.00000 158.38134191177093 0.42185050347060105
368.00000 320.56868872551905 0.27287709287724116
421.00000 356.16632965688984 0.32946991965565936
560.00000 650.6852634805239 0.4362918433808004
385.00000 1037.2269454657828 0.38489679028311774
495.00000 426.0496936274986 0.30044749820142025
621.00000 644.825505514769 0.30279935106514744
408.00000 3123.843229167712 0.2279758406607299
677.00000 949.3599111522522 0.14510358126477518
482.00000 501.1158394608262 0.34297699903337153
712.00000 519.7976562500729 0.27365039036792616
456.00000 499.34131433830095 0.2684671552088758
435.00000 357.6055912990576 0.5259627136131717
495.00000 939.6834252452306 0.3695075523958775
876.00000 1121.2263327207845 0.3393310714004987
605.00000 604.8698988971214 0.3213718137653276
611.00000 411.1550245098442 0.3217642649124678
537.00000 340.20746017160656 0.17842151520163513
551.00000 264.52604166668453 0.3236721181847236
381.00000 442.1416053921979 0.28782577627511896
278.00000 412.7558670343547 0.46409774067376985
421.00000 282.98336397061814 0.3196044699021574
510.00000 606.1384037991096 0.27465891353775906
911.00000 768.788664215829 0.32182941315389846
591.00000 637.083379289335 0.3538944812324881
495.00000 486.83465073536524 0.29754306059001584
414.00000 613.5334865196513 0.37051174710446
533.00000 1019.3401194854384 0.31680531456680955
498.00000 852.9112438726693 0.31225084933389935
568.00000 504.7211397059317 0.3571390175418733
542.00000 717.8303002452432 0.322877943796737
366.00000 529.7778339461607 0.3676325100225892
376.00000 383.51678921573176 0.37708071575141067
862.00000 496.01703431380105 0.26290581419034326
646.00000 386.9892003676783 0.302893597071128
601.00000 653.020113357906 0.2883272320225927
896.00000 418.3372549020084 0.26056241695986854
690.00000 640.0424938726376 0.4585963153573886
602.00000 732.589430147161 0.27136688023919736
565.00000 335.25018382355853 0.30569064817813835
361.00000 307.9707414216074 0.32582943589183694
582.00000 511.44171262260136 0.3439380313491354
299.00000 499.5857536765222 0.40834403664784646
681.00000 1588.2014705885922 0.22184720042434367
353.00000 193.43765318627993 0.4203299236538525
274.00000 189.21424632354413 0.4517928006448249
592.00000 447.1960171569171 0.3296780157843072
327.00000 192.99944852941078 0.3623344033282077
330.00000 635.8060049020411 0.2517253799138818
267.00000 575.9237132353413 0.4539373829898133
523.00000 355.95883884807847 0.3586198165754768
407.00000 217.286657475505 0.4179871702773834
491.00000 187.06738664217335 0.41377850865122134
567.00000 803.7220741422792 0.27441245561955857
615.00000 735.7286305148032 0.21046126184631722
308.00000 629.8138786765173 0.29604818246511955
446.00000 661.339047181428 0.2981907756498855
422.00000 451.7546875000634 0.3698517904584879
439.00000 653.209589460874 0.35359781323512995
631.00000 457.70076593142016 0.28795287994282337
431.00000 595.9763020834209 0.3018136566271508
418.00000 292.5272977941359 0.3495440203034886
702.00000 338.77853860296676 0.3309963124470594
281.00000 363.80168504905146 0.31231786126294175
699.00000 568.9793351716703 0.1862946644981902
559.00000 691.2182444853853 0.24421786739198625
765.00000 1130.6748008580405 0.2515043698543805
748.00000 1112.460309436457 0.1943130986033049
369.00000 553.6148897059431 0.2812894763459609
462.00000 295.9426776960966 0.3368595973838121
464.00000 187.52849264707567 0.29047863972017046
531.00000 453.8195618872979 0.3812766414990644
275.00000 765.255744485403 0.3342724553771546
704.00000 957.2390012256363 0.22065356772575506
751.00000 682.964828431441 0.3002650672600002
545.00000 375.5251838235661 0.24442920575640414
461.00000 1464.0055912993703 0.18038787686342259
573.00000 732.2494025736669 0.35764664336422575
454.00000 250.06832107845068 0.3610225062529542
703.00000 723.6521905638424 0.1692123244857699
727.00000 719.5902420344656 0.3743729207215532
690.00000 697.2484987746045 0.2371634796331091
526.00000 1700.181357230628 0.19103635210707876
611.00000 358.4042126225944 0.24014457420383672
540.00000 489.5159926470905 0.25707946506159807
895.00000 598.7205422794981 0.30009527441070666
685.00000 490.0811427696645 0.2947606591666801
