139.00000 90.45956
105.00000 90.78759
5.00000 74.95837
31.00000 81.33050
87.00000 83.57726
160.00000 92.29446
76.00000 89.08333
28.00000 75.21510
3.00000 45.39362
98.00000 93.18620
280.00000 90.36763
292.00000 85.83044
90.00000 83.60782
534.00000 87.40871
110.00000 86.00759
286.00000 90.16471
743.00000 87.94443
107.00000 81.60528
1517.00000 83.60060
485.00000 91.10060
107.00000 92.95292
321.00000 79.89984
38.00000 79.92470
331.00000 80.95007
165.00000 79.36834
96.00000 81.64283
366.00000 84.81810
396.00000 87.90936
63.00000 90.33435
52.00000 67.14210
90.00000 76.54102
172.00000 84.80243
240.00000 85.94026
112.00000 83.78726
560.00000 88.25555
439.00000 88.07156
429.00000 85.63642
268.00000 92.25505
445.00000 91.21952
93.00000 87.17667
141.00000 91.60768
74.00000 87.91006
360.00000 88.19426
446.00000 87.50721
159.00000 89.95277
78.00000 83.35092
251.00000 88.52877
47.00000 72.35110
884.00000 87.49670
1245.00000 89.48945
278.00000 91.42568
573.00000 89.41219
219.00000 89.02524
327.00000 84.38770
501.00000 83.71227
55.00000 87.01145
315.00000 86.05109
14.00000 55.28782
376.00000 89.29385
10.00000 55.25109
116.00000 85.15310
117.00000 85.02300
121.00000 82.02076
204.00000 94.18067
374.00000 91.17065
63.00000 82.49696
365.00000 85.65908
118.00000 87.01939
72.00000 86.68022
300.00000 87.52307
442.00000 87.12548
386.00000 90.24001
486.00000 88.68025
574.00000 87.41782
523.00000 84.52575
725.00000 83.90067
450.00000 88.84887
256.00000 88.69095
15.00000 51.75743
411.00000 91.68985
99.00000 84.64345
351.00000 87.55523
65.00000 84.91070
321.00000 90.84628
79.00000 91.89954
127.00000 82.22409
691.00000 87.45987
684.00000 88.74461
115.00000 87.05801
73.00000 79.02056
319.00000 89.38785
210.00000 86.53654
241.00000 87.09269
345.00000 85.29315
234.00000 87.62935
825.00000 84.55405
124.00000 85.61241
472.00000 90.47471
75.00000 86.20909
73.00000 81.46639
171.00000 98.72082
238.00000 86.97215
290.00000 85.36750
119.00000 81.20241
63.00000 85.52554
353.00000 88.59586
81.00000 91.36171
324.00000 87.69619
818.00000 92.00629
282.00000 92.95484
189.00000 89.89313
37.00000 61.54262
323.00000 87.98311
540.00000 84.25854
395.00000 88.63268
753.00000 88.36860
267.00000 86.66943
646.00000 87.54937
79.00000 90.97740
285.00000 89.21450
664.00000 86.44929
119.00000 88.11972
985.00000 87.08093
340.00000 84.15410
57.00000 70.73581
64.00000 81.48394
346.00000 89.59437
468.00000 85.31406
42.00000 84.54273
372.00000 83.55869
233.00000 86.17272
264.00000 82.29210
361.00000 85.48917
136.00000 94.21868
45.00000 77.18404
384.00000 89.70465
831.00000 86.88511
39.00000 88.93333
375.00000 100.42482
1087.00000 87.91930
283.00000 86.59899
339.00000 89.41203
707.00000 71.76922
271.00000 96.98539
1539.00000 91.20491
157.00000 87.17410
42.00000 74.91774
118.00000 84.06224
192.00000 82.64144
230.00000 86.85241
183.00000 84.23054
254.00000 80.52138
529.00000 82.37323
531.00000 87.62237
559.00000 94.48741
89.00000 83.40053
350.00000 87.13695
243.00000 92.48210
17.00000 90.63232
372.00000 88.96572
107.00000 88.28420
127.00000 88.47390
311.00000 84.13287
207.00000 90.85023
77.00000 85.73390
489.00000 85.66719
108.00000 80.06405
181.00000 84.11026
68.00000 84.17056
150.00000 89.28136
771.00000 90.61102
191.00000 90.77752
208.00000 88.60422
240.00000 96.02507
200.00000 88.75042
455.00000 91.48432
513.00000 85.90330
185.00000 85.29199
482.00000 89.61694
438.00000 86.85767
429.00000 88.66482
203.00000 80.13624
15.00000 71.99482
129.00000 83.20945
636.00000 87.94770
345.00000 84.13812
240.00000 87.65255
366.00000 89.84367
373.00000 89.74263
377.00000 90.68479
190.00000 86.90602
275.00000 97.46566
319.00000 89.77657
751.00000 85.53192
175.00000 85.31369
466.00000 82.26910
305.00000 88.84095
43.00000 44.54628
97.00000 80.95650
349.00000 89.50328
397.00000 88.66801
133.00000 83.06907
105.00000 84.54472
424.00000 85.60895
535.00000 85.79833
429.00000 87.79058
476.00000 83.37261
121.00000 83.95640
511.00000 85.53280
57.00000 90.06690
290.00000 73.69692
104.00000 81.01878
52.00000 69.19817
168.00000 92.75683
137.00000 87.34656
339.00000 86.09223
312.00000 87.61245
207.00000 85.34284
590.00000 87.25902
962.00000 86.28741
254.00000 92.52061
161.00000 80.62931
10.00000 66.16781
155.00000 93.75412
114.00000 86.46890
302.00000 86.92449
155.00000 84.70892
204.00000 81.18966
16.00000 62.30820
22.00000 77.82463
832.00000 86.84723
263.00000 84.24584
415.00000 91.95379
488.00000 90.34839
64.00000 84.48149
241.00000 89.97506
359.00000 85.79404
425.00000 87.27755
181.00000 87.07837
712.00000 87.09879
800.00000 91.67535
628.00000 83.95134
134.00000 79.33405
52.00000 84.23830
571.00000 85.76497
176.00000 88.30519
132.00000 84.09577
623.00000 93.48422
336.00000 90.21819
411.00000 90.05726
877.00000 84.91598
220.00000 86.74540
339.00000 82.00639
178.00000 88.23113
1071.00000 85.10141
123.00000 95.13375
482.00000 87.17880
635.00000 93.06272
76.00000 89.47166
363.00000 87.39368
197.00000 88.86792
75.00000 89.08527
103.00000 93.37062
219.00000 84.34018
209.00000 91.32159
490.00000 96.65378
90.00000 88.73249
845.00000 92.28936
155.00000 87.81067
128.00000 84.13232
453.00000 87.15505
623.00000 90.07818
186.00000 88.77611
270.00000 79.68387
1153.00000 89.80613
172.00000 83.56297
75.00000 94.66457
90.00000 94.01687
116.00000 85.89372
574.00000 85.98512
117.00000 86.91513
717.00000 85.25321
43.00000 89.12858
431.00000 89.54036
710.00000 71.17524
141.00000 89.59006
566.00000 84.43779
28.00000 96.70000
108.00000 89.06426
85.00000 82.06718
96.00000 80.24915
321.00000 87.06971