1872.00000 87.68177
930.00000 88.94672
2116.00000 89.87014
1400.00000 88.65557
516.00000 84.01776
2146.00000 87.87246
1541.00000 88.88744
2263.00000 87.19752
1292.00000 89.29939
1233.00000 89.13899
1712.00000 91.21507
913.00000 90.22363
964.00000 83.16463
2099.00000 88.57404
1764.00000 84.16157
1078.00000 88.63354
1799.00000 88.85339
2222.00000 82.62663
1562.00000 93.42838
2519.00000 87.58884
1142.00000 87.72694
2273.00000 91.76160
1098.00000 88.40506
1483.00000 88.79144
1446.00000 91.91359
1404.00000 88.40370
918.00000 85.85087
1215.00000 91.42238
1412.00000 85.58344
1621.00000 87.50231
2269.00000 91.10856
1259.00000 86.07726
2128.00000 87.74613
1313.00000 89.89827
1527.00000 87.01754
2250.00000 86.49524
1098.00000 93.65957
839.00000 82.05549
682.00000 90.93395
942.00000 87.56555
1219.00000 85.29303
730.00000 93.91192
960.00000 84.93862
1194.00000 85.18782
1737.00000 86.01663
729.00000 89.62650
934.00000 86.11944
1608.00000 86.74681
1456.00000 89.01373
961.00000 89.64554
391.00000 99.24768
1129.00000 88.75228
1727.00000 86.51492
1023.00000 78.06766
1546.00000 87.51924
1569.00000 90.63360
1157.00000 90.00544
765.00000 90.35617
1473.00000 90.44438
2461.00000 88.39515
1034.00000 88.71788
783.00000 87.73932
2010.00000 85.46132
1775.00000 89.30019
1528.00000 91.30653
1201.00000 91.95685
2291.00000 90.71426
882.00000 88.28651
1830.00000 94.30530
689.00000 91.17868
1616.00000 86.98656
1423.00000 90.20750
1577.00000 88.43777
1546.00000 89.54230
1958.00000 92.86431
675.00000 84.67086
2006.00000 89.64721
1041.00000 91.08055
1233.00000 86.10636
1101.00000 78.23674
1810.00000 87.62122
1210.00000 90.23518
1804.00000 91.63196
1555.00000 87.61867
1141.00000 90.74467
868.00000 86.00077
1344.00000 86.22079
1170.00000 86.60636
908.00000 86.11277
1150.00000 80.94094
813.00000 85.88651
2253.00000 86.99523
1305.00000 86.27429
1981.00000 88.05232
1590.00000 91.30755
1795.00000 89.37431
1681.00000 89.70420
619.00000 96.86885
1435.00000 90.40079
1614.00000 90.76858
2004.00000 88.34400
2104.00000 86.69257
1060.00000 87.68541
1690.00000 87.65138
1333.00000 87.72334
1226.00000 86.75803
1047.00000 88.83002
1289.00000 89.63514
1717.00000 90.37179
1944.00000 91.93020
1861.00000 85.56798
1250.00000 89.86138
1331.00000 90.03668
1578.00000 88.73159
2118.00000 86.59748
1363.00000 89.86940
796.00000 84.16086
1939.00000 90.89064
676.00000 85.37381
1590.00000 87.14875
1583.00000 85.23747
2183.00000 85.60866
1173.00000 84.49640
899.00000 87.43143
1281.00000 88.83405
1349.00000 94.12134
2128.00000 90.65355
846.00000 93.37961
1466.00000 90.82329
2261.00000 86.46845
1189.00000 87.32236
277.00000 91.53394
1522.00000 87.34163
2323.00000 85.93926
2395.00000 88.99352
1299.00000 89.56955
1578.00000 90.20745
848.00000 91.97063
1913.00000 88.91401
1633.00000 90.70427
1321.00000 91.89714
1301.00000 88.84799
1617.00000 88.66176
940.00000 92.46641
996.00000 91.47519
110.00000 89.47568
930.00000 83.28485
1987.00000 92.69428
1194.00000 90.16538
1623.00000 88.94185
1765.00000 88.43664
1956.00000 87.59301
1023.00000 83.88139
1725.00000 86.50302
1124.00000 92.27571
2294.00000 87.60181
1799.00000 84.95366
1760.00000 87.50261
1799.00000 89.10237
980.00000 89.05040
1122.00000 88.96325
1665.00000 89.05825
1108.00000 92.45902
1744.00000 90.35084
2354.00000 87.16387
2407.00000 87.47274
1770.00000 87.56070
1744.00000 89.31597
1159.00000 83.52851
1357.00000 90.11990
255.00000 80.19402
1977.00000 91.00951
2038.00000 88.37033
831.00000 84.63054
1086.00000 87.95217
1831.00000 89.70821
635.00000 88.99530
1299.00000 89.94926
1263.00000 87.23694
1575.00000 87.39189
1441.00000 90.01322
893.00000 91.23134
992.00000 90.23633
1388.00000 87.02382
1335.00000 87.30145
628.00000 90.30478
1341.00000 88.45390
1713.00000 93.04329
1656.00000 90.94085
1056.00000 89.20024
654.00000 80.78232
915.00000 93.29638
1512.00000 90.24711
1273.00000 90.32480
733.00000 93.45839
2309.00000 86.31734
1437.00000 88.03041
686.00000 87.62740
1225.00000 88.40329
1488.00000 84.61386
912.00000 90.67472
1129.00000 85.43647
2048.00000 88.92545
2631.00000 89.38690
1215.00000 89.66623
1356.00000 90.50353
680.00000 88.87542
1242.00000 89.85864
815.00000 90.42709
1332.00000 84.72808
1756.00000 89.54253
1685.00000 89.81642
1408.00000 87.85968
1464.00000 85.09879
319.00000 75.65491
1790.00000 89.79104
1874.00000 89.07369
2045.00000 87.87280
1440.00000 87.34099
926.00000 92.25773
1755.00000 88.74462
1392.00000 89.33008
1707.00000 87.47088
1597.00000 87.42352
1960.00000 86.10893
1526.00000 88.82693
1434.00000 88.73651
1540.00000 88.80387
1776.00000 88.75230
1471.00000 87.63132
1009.00000 87.88526
2577.00000 91.10172
898.00000 88.83840
947.00000 89.38921
1105.00000 93.25948
573.00000 85.89842
958.00000 84.84171
1153.00000 90.89407
649.00000 89.90872
1208.00000 86.77589
1603.00000 88.06042
1617.00000 83.74151
937.00000 86.27246
1868.00000 88.12934
1956.00000 87.81493
1033.00000 83.22238
1634.00000 89.98789
822.00000 85.51683
1499.00000 86.87317
844.00000 90.14244
388.00000 98.46590
637.00000 88.81844
1627.00000 89.68201
1683.00000 91.80209
2467.00000 90.89266
1136.00000 93.49768
1356.00000 88.17553
1314.00000 92.62008
1797.00000 86.22954
1793.00000 87.95021
1437.00000 89.28468
473.00000 73.85455
1242.00000 87.68945
961.00000 90.22716
1083.00000 86.99368
1564.00000 89.66104
2108.00000 89.37342
974.00000 83.70196
1237.00000 89.53469
1238.00000 87.06792
1363.00000 88.80342
633.00000 89.54217
1779.00000 86.45069
1301.00000 88.02634
1012.00000 88.84028
868.00000 85.72934
1840.00000 94.11098
790.00000 86.63145
818.00000 95.63806
863.00000 84.86624
885.00000 88.44273
1317.00000 84.70408
2274.00000 87.04947
550.00000 84.13501
1440.00000 86.77295
929.00000 84.28832
642.00000 83.61855
1305.00000 89.95294
1869.00000 87.70104
952.00000 84.64614
1787.00000 89.06078
1971.00000 86.61157