410.00000 85.91972
777.00000 87.58784
680.00000 83.05997
613.00000 86.53650
580.00000 85.51998
378.00000 84.70277
321.00000 84.28364
256.00000 86.08670
356.00000 83.11167
450.00000 86.66069
636.00000 91.35401
767.00000 87.06061
608.00000 82.08666
858.00000 86.35941
645.00000 86.19646
376.00000 89.04296
345.00000 87.38724
595.00000 86.15495
675.00000 86.73272
403.00000 88.75881
596.00000 93.74165
496.00000 87.84913
361.00000 78.17175
473.00000 88.60625
661.00000 84.56021
267.00000 86.86611
424.00000 90.25955
537.00000 87.40274
528.00000 86.30333
426.00000 86.52800
441.00000 85.13169
482.00000 86.36646
591.00000 85.47694
723.00000 91.04897
639.00000 89.90885
572.00000 90.91233
725.00000 86.92744
388.00000 83.81438
369.00000 84.66792
549.00000 87.22248
510.00000 84.38923
262.00000 88.79452
442.00000 86.90827
637.00000 85.67289
399.00000 82.32309
404.00000 81.44136
449.00000 89.21938
686.00000 83.28519
701.00000 88.95424
691.00000 87.37614
591.00000 87.19165
656.00000 87.60769
534.00000 82.25014
344.00000 91.14855
717.00000 87.56077
324.00000 84.37127
468.00000 88.91158
571.00000 89.77908
502.00000 87.60274
378.00000 85.02553
568.00000 85.93571
492.00000 82.83274
369.00000 83.70908
491.00000 91.20495
440.00000 80.65456
461.00000 84.63722
583.00000 92.02759
618.00000 86.87855
505.00000 85.87875
453.00000 84.57656
436.00000 88.00124
389.00000 95.06741
601.00000 83.45251
573.00000 81.57749
547.00000 93.81943
316.00000 90.66865
632.00000 92.17186
479.00000 79.33888
535.00000 89.20411
361.00000 80.85109
436.00000 86.02714
577.00000 84.46626
453.00000 88.21935
153.00000 81.46955
376.00000 87.54458
408.00000 88.02052
650.00000 87.15348
515.00000 89.00814
420.00000 87.48552
489.00000 82.95251
556.00000 82.52331
717.00000 90.27085
346.00000 87.72362
610.00000 87.97417
514.00000 80.76785
273.00000 91.37135
539.00000 82.24832
535.00000 90.84738
537.00000 83.07680
317.00000 83.95666
432.00000 83.78132
781.00000 92.06473
531.00000 83.79806
630.00000 89.14148
412.00000 81.95274
229.00000 82.44778
472.00000 91.57905
300.00000 84.90239
683.00000 86.44283
571.00000 87.20658
126.00000 91.20512
456.00000 81.49313
596.00000 88.96784
436.00000 90.39401
680.00000 86.91034
454.00000 92.34113
287.00000 83.34171
467.00000 86.66354
273.00000 94.75519
712.00000 82.07784
707.00000 88.73035
665.00000 84.11325
222.00000 82.88670
384.00000 83.80254
445.00000 89.43951
404.00000 87.76901
576.00000 85.47993
509.00000 85.68673
379.00000 85.55686
626.00000 89.29117
427.00000 89.31857
381.00000 89.89501
307.00000 87.26236
324.00000 89.31719
489.00000 90.65752
611.00000 86.26899
488.00000 86.24854
328.00000 84.70873
425.00000 80.13722
355.00000 89.52068
509.00000 85.94998
515.00000 87.30016
685.00000 86.30867
591.00000 81.43693
373.00000 83.07046
424.00000 86.55593
614.00000 86.75090
634.00000 83.30104
712.00000 86.65592
357.00000 83.08815
785.00000 88.82535
488.00000 84.48240
828.00000 88.39731
431.00000 87.27426
395.00000 84.78640
393.00000 86.61225
382.00000 88.14119
279.00000 80.62885
439.00000 82.26685
534.00000 92.10660
506.00000 88.14604
403.00000 85.18848
420.00000 83.99598
773.00000 84.10431
723.00000 88.53380
345.00000 88.62296
695.00000 89.58692
674.00000 92.03769
792.00000 86.43774
578.00000 82.89012
540.00000 91.80285
757.00000 94.19077
518.00000 81.83480
397.00000 85.21540
422.00000 89.95585
680.00000 85.48672
560.00000 96.67076
468.00000 84.01491
752.00000 91.15937
165.00000 79.04118
430.00000 84.68602
675.00000 91.15024
551.00000 86.33612
662.00000 87.44408
374.00000 88.08864
658.00000 84.63835
677.00000 89.41433
462.00000 87.39123
426.00000 84.94639
492.00000 85.98350
553.00000 90.17817
638.00000 90.37536
295.00000 87.86642
647.00000 88.73753
613.00000 83.08332
532.00000 82.07381
459.00000 90.66621
678.00000 83.13496
780.00000 92.43683
358.00000 79.24449
605.00000 85.23218
467.00000 78.52821
256.00000 81.31156
522.00000 87.26731
751.00000 88.60490
254.00000 79.59636
368.00000 83.77593
421.00000 92.67388
560.00000 85.35308
385.00000 85.81898
495.00000 88.28863
621.00000 88.00395
408.00000 90.72530
677.00000 88.46987
482.00000 85.47073
712.00000 86.97950
456.00000 88.53710
435.00000 86.78765
495.00000 84.68958
876.00000 91.35950
605.00000 91.90630
611.00000 82.52765
537.00000 77.34275
551.00000 87.85523
381.00000 90.46692
278.00000 87.59329
421.00000 85.63802
510.00000 77.22793
911.00000 89.18348
591.00000 92.86887
495.00000 85.54295
414.00000 90.98289
533.00000 91.98018
498.00000 94.10740
568.00000 88.99246
542.00000 91.25380
366.00000 89.67737
376.00000 88.50106
862.00000 93.95749
646.00000 81.96319
601.00000 89.70723
896.00000 85.67782
690.00000 91.38300
602.00000 87.05642
565.00000 86.12850
361.00000 79.50837
582.00000 85.94133
299.00000 87.51944
681.00000 89.70467
353.00000 80.68048
274.00000 83.05265
592.00000 90.36549
327.00000 91.04351
330.00000 84.31408
267.00000 90.49922
523.00000 82.54917
407.00000 82.70367
491.00000 86.65028
567.00000 88.32373
615.00000 88.00104
308.00000 88.75052
446.00000 86.13826
422.00000 95.51441
439.00000 87.08192
631.00000 85.92552
431.00000 84.39587
418.00000 81.77135
702.00000 93.43097
281.00000 85.80464
699.00000 87.61565
559.00000 85.52121
765.00000 83.18713
748.00000 86.27060
369.00000 84.41845
462.00000 87.12385
464.00000 79.92668
531.00000 86.71913
275.00000 83.36374
704.00000 90.46116
751.00000 86.98387
545.00000 83.22213
461.00000 85.25966
573.00000 84.19774
454.00000 91.80040
703.00000 87.28452
727.00000 88.18434
690.00000 86.22500
526.00000 87.32068
611.00000 84.20327
540.00000 93.33662
895.00000 92.06111
685.00000 88.90616
