2791.3301930154635 0.08295536677508748 1872.00000 12.68803 164.04031
798.431357230498 0.355999588545835 930.00000 15.90645 182.86490
697.9986366422345 0.06055651715152109 2116.00000 10.18951 77.22811
675.6323529412813 0.3162329403546362 1400.00000 12.31714 139.33708
329.8644761029914 0.16844005739810433 516.00000 16.30814 54.28549
1569.0472732845228 0.06339050231479712 2146.00000 8.18500 140.79936
2050.8302389711894 0.05566441874962516 1541.00000 18.17586 322.26053
1571.3437346815338 0.03860568436334106 2263.00000 11.67123 158.58580
451.47804840693135 0.11137796983818062 1292.00000 14.59985 107.73036
617.8614430147555 0.19603166358998178 1233.00000 15.67964 156.55049
631.1390165441946 0.21737094088974654 1712.00000 6.97021 47.62416
1995.3722886034525 0.10102275971955164 913.00000 37.42169 996.44220
1356.0056832111077 0.1301227332375521 964.00000 18.28320 233.82562
1159.0684436275967 0.051889859313170986 2099.00000 9.37113 88.18099
523.8862438725946 0.1684774826901788 1764.00000 9.14116 41.08724
3114.0622395841565 0.09477071606844449 1078.00000 26.53061 493.77807
1227.2784313727439 0.1038832959436364 1799.00000 9.01334 103.00899
1175.4015318628278 0.047989145202500694 2222.00000 12.66382 256.62945
401.05715379902847 0.07982495467651579 1562.00000 9.68182 77.49113
1016.395940563817 0.0506231506310549 2519.00000 5.23382 42.94582
1196.1828125002498 0.0863334666404279 1142.00000 11.68301 141.51858
616.661335784372 0.0970944145629671 2273.00000 6.72943 111.51970
3099.0433057608366 0.06040026589522196 1098.00000 29.24408 712.88779
1685.6117187504688 0.06429540876163554 1483.00000 20.00202 356.54047
206.21792279412122 0.12128585890404686 1446.00000 5.94537 44.57974
2313.574218750696 0.06941578235546202 1404.00000 16.02279 314.21555
1121.4645986523212 0.09027125325829063 918.00000 29.94771 391.96742
2154.1367493879743 0.07128872627414745 1215.00000 23.74321 515.66824
906.0509344363767 0.13600067802452998 1412.00000 15.14023 124.11545
1489.4893995100585 0.04806458532219605 1621.00000 15.90068 229.87539
488.5162224265183 0.11440760062852559 2269.00000 5.72234 24.99448
1155.7955116423254 0.08591962273398349 1259.00000 13.82049 226.11305
676.8846354167287 0.05918852074889012 2128.00000 7.41024 67.16764
3282.8727634817246 0.05007965334564351 1313.00000 24.91622 716.67977
1006.9351102941872 0.07602373853437583 1527.00000 16.09365 365.04634
1294.4380974266269 0.04636920921944055 2250.00000 9.94800 90.05242
917.5729779412725 0.39786166227643416 1098.00000 13.42532 129.91097
2058.828982843893 0.1589148712098069 839.00000 26.54708 282.04324
1911.7851562504516 0.19322029315556616 682.00000 39.03519 783.12841
419.3691023285099 0.3144480637181802 942.00000 11.09342 77.01595
833.4193933824896 0.09280863606587593 1219.00000 16.90648 122.45979
152.52043504902826 0.15060200711112057 730.00000 8.09315 77.42103
2077.3958486528295 0.08505099855923719 960.00000 32.03854 505.58535
2136.043811275092 0.07492397375986397 1194.00000 26.84506 692.39535
959.4661458334501 0.11138957436860437 1737.00000 7.49799 55.69215
1031.0394607845556 0.35786777076908594 729.00000 21.45679 372.07427
833.3419577207488 0.1167992325727881 934.00000 14.27944 112.35632
902.2828737746103 0.06800558616518196 1608.00000 8.09328 99.74283
1921.3157475495611 0.04633736301647655 1456.00000 19.67788 304.10704
1620.3437193631248 0.0712471464674619 961.00000 21.18106 512.83405
161.01962316177497 0.1296408752522056 391.00000 6.93606 84.96359
258.5695006127496 0.1317116214656745 1129.00000 8.67759 70.69985
651.7321997550094 0.17639781993538836 1727.00000 6.19398 55.22527
1374.0975183828155 0.09704149616295024 1023.00000 25.65396 149.45144
479.5380667892912 0.09337485391298109 1546.00000 9.35964 84.73068
639.0359528186847 0.19332767875245402 1569.00000 7.88400 54.22920
271.687775735315 0.12440652930053311 1157.00000 11.25756 117.69060
210.69221813726085 0.11022217856059124 765.00000 6.19869 27.87957
1073.3205269609687 0.08711013488093547 1473.00000 16.13442 188.11743
720.5423406863883 0.06666110980340213 2461.00000 8.60382 83.77767
1298.195312500366 0.1037489773090689 1034.00000 19.17215 224.52089
537.4763327206929 0.4473053416588427 783.00000 11.24521 81.72768
3704.9628829671187 0.0579848054145356 2010.00000 14.09502 184.92898
544.4068167892682 0.071644863359495 1775.00000 6.92958 39.63355
375.46412377454664 0.1083465949461271 1528.00000 5.62762 33.65887
691.5571691177169 0.19433770624054 1201.00000 9.76520 68.90244
761.2984987745671 0.0758780438265626 2291.00000 7.08075 34.69830
1018.8226256129722 0.06274786188444118 882.00000 32.53288 412.77809
333.5504136029634 0.08469579640913599 1830.00000 6.40710 29.07584
141.5282015931396 0.12917911748178815 689.00000 6.21771 44.73452
662.6837162990648 0.06526225337276262 1616.00000 12.61696 227.73165
241.4712622549185 0.12315246752831607 1423.00000 5.29726 21.20176
1415.0843290444802 0.07988730800455242 1577.00000 9.69816 62.19765
920.031755514856 0.06985903096994736 1546.00000 14.40815 143.13065
362.1874540441474 0.10462920970325296 1958.00000 4.49694 37.83018
2070.567233456717 0.11127269564921384 675.00000 48.40593 975.09021
840.5817248775163 0.06557320734239741 2006.00000 7.52642 83.50431
1308.941421568858 0.0937829563398182 1041.00000 26.52930 638.35361
1469.958440564221 0.0815407926703673 1233.00000 14.45499 104.26079
1047.1268995099733 0.1530092809069772 1101.00000 12.63306 65.12115
1271.4817555148686 0.0608730008017832 1810.00000 11.17845 138.68456
1401.7747395834879 0.054642770355746585 1210.00000 22.92562 328.66654
581.4749387255713 0.08153708123809252 1804.00000 10.08869 107.30826
1018.275628063876 0.09572370876444457 1555.00000 11.93569 96.11239
1657.5403492650994 0.07012735712705921 1141.00000 19.82472 479.73126
337.5292126225768 0.20106198678974263 868.00000 12.20046 80.21386
1338.1061580887056 0.1833330589800823 1344.00000 15.52232 174.62514
416.08947610299003 0.11626534276488545 1170.00000 13.45726 145.34545
2145.790165441936 0.08751192988993467 908.00000 28.89868 643.53054
642.1104319853555 0.08758039046924268 1150.00000 21.28957 159.31930
2304.3047487752847 0.1272137465326045 813.00000 37.38991 582.54470
1416.6096507354762 0.04519830742801875 2253.00000 9.50067 95.92561
1170.7787530638577 0.08782679749975997 1305.00000 16.22835 186.73401
1348.5479166669068 0.046508839129809215 1981.00000 11.34326 118.44004
419.78042279416155 0.17440552762197162 1590.00000 7.60189 64.75015
742.6384497550218 0.12784957807613032 1795.00000 9.55153 87.17165
1219.6157322306647 0.16289308164063654 1681.00000 6.81440 48.14202
200.84554227942382 0.19672001765013064 619.00000 6.42165 47.86547
1609.7492493875727 0.13376207355808287 1435.00000 14.35958 194.14521
645.922120098125 0.07837130267893144 1614.00000 11.31908 48.24504
1403.5917892160533 0.05461684505736114 2004.00000 10.15419 126.53273
716.3736672794706 0.06365742014156603 2104.00000 9.13213 62.08858
1570.6897671572317 0.07651141701723238 1060.00000 21.96981 345.48207
1314.7016850491964 0.06439029636228492 1690.00000 16.15562 364.40542
337.90196078435366 0.10210772704485667 1333.00000 7.91973 39.60944
953.7729013481847 0.10059070864298535 1226.00000 16.80669 159.71794
3015.2576286776084 0.06037961805918859 1047.00000 26.94365 668.91918
982.0492340688473 0.09167804654743317 1289.00000 15.10473 255.80324
1490.4706495101952 0.10851178143439048 1717.00000 12.68666 130.90153
629.4336243873598 0.0847760220809059 1944.00000 6.52160 61.84870
4247.303799020883 0.05845472842214307 1861.00000 11.59968 202.06065
506.12503063732356 0.1523486487944765 1250.00000 8.84800 60.95073
1438.7170649515 0.07677964525511013 1331.00000 19.32457 419.04694
622.278462009885 0.13475739736834508 1578.00000 9.30925 59.95853
1547.5708486522522 0.043712324035437546 2118.00000 12.12937 127.04652
355.9498774510129 0.2447631565184471 1363.00000 5.85547 31.14570
1184.652313112905 0.1927186694008265 796.00000 22.43719 202.01755
783.9254595588748 0.05756826286340555 1939.00000 9.44972 109.76094
1586.7463848042196 0.11462800302796616 676.00000 29.26183 520.43629
459.80016850495264 0.09987714613853943 1590.00000 7.34025 24.23653
2197.0577818634933 0.09691357807246555 1583.00000 15.73594 232.15385
782.9808517157572 0.06144192480656418 2183.00000 7.46496 38.69042
451.66692708338 0.1244574895145059 1173.00000 9.46803 83.85269
1738.0316942408683 0.23817457625169286 899.00000 30.08009 540.56266
773.0128829658198 0.08957999492202624 1281.00000 14.83450 246.48009
308.0730085784563 0.09952917781914775 1349.00000 5.31134 31.83018
844.4891084559495 0.0575537329942421 2128.00000 4.66165 33.25706
180.7649969362846 0.18413872272218376 846.00000 7.62411 49.83752
1366.9719056375475 0.12778106360876498 1466.00000 15.99523 203.40161
606.9304993873382 0.08132727606966837 2261.00000 7.57983 56.24639
751.0381280638336 0.18595877644547332 1189.00000 9.83263 109.53353
637.591773897067 0.1995449650838122 277.00000 75.50181 1065.41440
572.7823529412298 0.07331293536953952 1522.00000 15.26544 106.22740
1113.116758578554 0.046111165731878435 2323.00000 10.00947 107.65563
449.0303308823833 0.07153812088118043 2395.00000 7.31608 52.63147
507.50617340690707 0.08715894681513846 1299.00000 9.57583 137.89351
1955.2490502457042 0.061360046879187946 1578.00000 13.70596 218.03156
171.60220588235586 0.11755756958322847 848.00000 5.47524 43.70195
937.9799325981153 0.06473459570611585 1913.00000 7.10559 49.86786
501.5460171569232 0.07580367957717114 1633.00000 10.97795 74.51384
198.52919730392767 0.10959656142292253 1321.00000 6.01438 43.66399
1158.3738204659344 0.15430430648527177 1301.00000 10.57341 111.05618
1871.4054227947936 0.06678868569470509 1617.00000 13.16759 181.98671
2873.985386030196 0.1428430822730276 940.00000 30.83830 764.25962
1868.6085477945976 0.09767019531303221 996.00000 21.86446 420.73426
75.7541053921578 0.16854762334778253 110.00000 12.87273 108.46969
2903.243305760798 0.10047188234356688 930.00000 32.35591 379.82395
746.1602328431715 0.060545342882359215 1987.00000 3.87519 31.96759
595.422058823608 0.10085055956418185 1194.00000 12.55695 247.25512
386.9634344362909 0.10184062465811168 1623.00000 8.53420 39.58172
870.7798713236582 0.14064890068388367 1765.00000 6.98357 29.29936
701.0592984069265 0.08426429553890262 1956.00000 6.59867 22.36738
1179.4130208335603 0.1347989156541549 1023.00000 13.17889 93.89922
1191.2624387257397 0.09003020663916093 1725.00000 9.38261 50.58332
468.9659926471184 0.16904105058405744 1124.00000 4.92705 42.33595
924.4437193628567 0.058012329805156616 2294.00000 6.88361 52.31079
2040.4948376231164 0.08063461699609688 1799.00000 12.81490 153.37868
734.8338082109024 0.10514789040339781 1760.00000 9.46250 67.71680
358.1632199755236 0.08842982877423647 1799.00000 9.68760 41.43433
291.10330882355254 0.10916057107312803 980.00000 5.98571 19.36950
332.10586703435695 0.1115627899420334 1122.00000 10.49643 57.18484
717.3027573530404 0.10050796284365011 1665.00000 9.38979 145.07252
562.1741115196538 0.09102048989436437 1108.00000 10.67599 159.74960
447.42190563728826 0.07453434416109889 1744.00000 7.54300 62.95892
541.7659466912187 0.06641154821985047 2354.00000 8.86279 34.51487
1064.7332567404635 0.07060079714535723 2407.00000 7.58455 55.72561
909.3567095589996 0.09315784153696754 1770.00000 9.17797 42.60817
476.54790134807973 0.1364318458273905 1744.00000 9.44782 62.64059
373.09229473046264 0.21059818010343634 1159.00000 9.31061 56.06991
897.912331495259 0.11228750700405288 1357.00000 8.25940 60.60939
554.7204044118613 0.3793872649628171 255.00000 45.58039 321.91825
700.3865042892984 0.18203729114141198 1977.00000 5.85331 29.66742
742.8921875001206 0.11010630200015463 2038.00000 6.56330 43.43355
2190.583471201705 0.23832934339172016 831.00000 26.97714 265.44590
1779.5227022064864 0.1392936316421673 1086.00000 25.28269 338.60052
361.0479932598249 0.07788000322293206 1831.00000 8.86455 51.67072
1468.7941789219294 0.180576870903954 635.00000 19.43780 160.27209
457.0871017157408 0.08363353982281921 1299.00000 12.36721 80.91180
879.9183210785507 0.15728137790624197 1263.00000 11.52969 150.93185
1431.822594975968 0.06018421088458573 1575.00000 18.14413 284.17654
973.0353860295407 0.07582160153171294 1441.00000 8.25607 55.88547
353.0664368872525 0.10355903373638917 893.00000 9.74020 71.81053
1851.3776960790221 0.04130519223585407 992.00000 33.95161 871.27169
1561.695557598424 0.05254832770860093 1388.00000 18.46902 153.16902
847.7635416668671 0.09682637561195132 1335.00000 13.50487 125.59445
822.0241115197039 0.1425949671885672 628.00000 13.38057 143.04678
1128.571446078666 0.0902218651561441 1341.00000 14.85384 233.12421
333.2324754902246 0.10392512465529051 1713.00000 3.47811 28.87430
1080.7531096814637 0.05382875540382271 1656.00000 9.94324 96.09192
168.87838541667296 0.16518585049098314 1056.00000 7.08428 35.51290
2201.142187500656 0.1009085495587896 654.00000 38.70183 329.77031
186.1586703431411 0.12175513583780798 915.00000 5.39563 42.11378
1004.6064797795575 0.07576686509626848 1512.00000 7.15542 92.60035
1528.3349264708363 0.05985792451942421 1273.00000 8.44148 123.56128
101.87748161764944 0.14616729106012916 733.00000 4.99454 41.48180
2110.275995710988 0.041127263998177004 2309.00000 9.71719 68.75907
1128.872717524844 0.08919264679300248 1437.00000 11.82603 125.55794
332.41063112747497 0.27360891861958997 686.00000 12.37755 127.70711
835.9415441178049 0.10947236681226973 1225.00000 15.92816 80.11268
1699.9938112748623 0.0457440615407233 1488.00000 19.31788 431.87606
3345.853370099436 0.034118394962013146 912.00000 42.78509 1193.64791
1508.643060662216 0.10207225063438519 1129.00000 17.79539 157.31659
233.48246017157433 0.10655311231593897 2048.00000 6.54443 20.54570
1449.0516084560895 0.10315012135260622 2631.00000 8.44394 92.87891
282.7202818627744 0.14958158078937117 1215.00000 7.20576 48.29676
242.58733149511266 0.12024935555643831 1356.00000 11.75221 85.30583
716.9320618874065 0.1982153689569135 680.00000 19.88971 155.91216
238.34152879902362 0.11574365359415474 1242.00000 8.81643 43.27720
724.6420343138599 0.21678282993552656 815.00000 14.17914 176.08100
2440.587055760568 0.09426395154578988 1332.00000 19.96922 338.27081
3326.0098958339972 0.03215600071115837 1756.00000 16.19989 379.82102
1451.6541819856745 0.092225955912761 1685.00000 11.46825 127.90684
556.5601409313873 0.07180387147070783 1408.00000 14.99574 109.16465
807.503033088365 0.0704763420001973 1464.00000 13.25137 102.08393
321.46204044122777 0.41646477370499646 319.00000 23.70846 91.80636
642.004672181453 0.1170654518890165 1790.00000 9.86425 47.01375
2076.1591911771625 0.06357188832073862 1874.00000 14.67823 352.89937
686.0888020834724 0.0771877488948692 2045.00000 7.29682 74.27142
907.3551011030453 0.0887118059708172 1440.00000 14.10486 124.41662
310.4421721814056 0.158622502167518 926.00000 8.18143 76.98587
927.4272518383635 0.21800878330279755 1755.00000 5.26382 30.41769
259.1905484068706 0.09409708263983817 1392.00000 7.06609 52.32557
1251.539905024791 0.1412120493994915 1707.00000 13.25308 129.10827
1686.0693933828306 0.0749879298075265 1597.00000 16.28992 243.18570
660.4620098040319 0.0721850424573819 1960.00000 7.82500 31.78685
356.2822916667044 0.14429655139580208 1526.00000 6.73853 21.17945
260.5323223039375 0.12226597170310988 1434.00000 7.92329 30.36732
430.3697303922235 0.10780784792389463 1540.00000 7.55974 42.79388
1001.6568780639046 0.09342842217733364 1776.00000 11.31588 77.17829
1398.0999846817315 0.09498225266775244 1471.00000 15.00272 296.36432
900.6267003678165 0.11508872208105925 1009.00000 15.05649 256.68057
1081.943596813909 0.05190408217567462 2577.00000 6.67326 139.54367
202.41652879903157 0.18895466007498662 898.00000 7.58909 52.77307
925.8217984070917 0.12868982890516892 947.00000 19.16684 297.11414
3472.121246937144 0.02560675531514146 1105.00000 36.98190 1136.30241
265.9242647059066 0.1284542886127041 573.00000 9.76265 64.45846
463.3766850490936 0.1422327685289289 958.00000 13.58873 76.44512
467.42786458337144 0.1828551172887442 1153.00000 7.61752 45.77387
269.25019914218063 0.1499714768289322 649.00000 9.50847 99.26327
1223.6022977943942 0.1114282226012021 1208.00000 17.01656 271.75397
1168.6615196079504 0.10632950841164307 1603.00000 19.11666 372.25957
1034.9452665443057 0.1352670750982291 1617.00000 13.30550 88.78257
506.3064031863503 0.15277130729422597 937.00000 15.23586 125.16142
1535.3456341917058 0.07929021681609506 1868.00000 13.39989 168.41413
944.310814951092 0.10372052607011539 1956.00000 6.33282 80.81959
980.2565870101056 0.23156989196482172 1033.00000 16.69022 229.32889
552.6693780637684 0.07776381789367295 1634.00000 7.81701 69.08140
540.5953890932353 0.11873343401820494 822.00000 14.16910 92.85543
709.1704503676997 0.060600987728686426 1499.00000 16.53903 143.00441
237.91392463236286 0.10184898372119343 844.00000 5.05924 40.06584
149.2607077205967 0.13462510545166903 388.00000 5.20103 29.74645
2430.8867340695547 0.14266382043968368 637.00000 49.59184 1069.34335
693.8788296569437 0.13954134962582962 1627.00000 8.84511 58.17805
910.4336397060332 0.10450509822890404 1683.00000 10.50624 63.63797
1177.2559742649655 0.057119568486549525 2467.00000 7.58006 42.81010
2433.0127144616577 0.048059997113708675 1136.00000 32.80898 861.69878
1469.73759191215 0.08387244617732706 1356.00000 18.79351 260.32504
1926.1315870102505 0.0625103371985868 1314.00000 18.56393 412.53183
674.9933210785123 0.08323686644218477 1797.00000 9.52198 102.51169
850.5578737745798 0.05198413858548589 1793.00000 14.05466 267.03428
709.7569699755966 0.15703359111108373 1437.00000 8.24983 53.12572
1880.258455882801 0.2513679257043 473.00000 45.08668 453.50298
917.8078584561275 0.0906884059092232 1242.00000 16.83092 215.48706
1474.847074142633 0.05674019303388819 961.00000 30.73465 486.81691
1210.210952818922 0.1259229228449986 1083.00000 16.90674 197.71482
613.4080575981399 0.07206869727344908 1564.00000 10.16432 117.20140
1329.2516544120838 0.06359124891032682 2108.00000 9.44924 93.33486
2004.2825674027747 0.10075353773026022 974.00000 30.18789 463.28808
1218.0361672796719 0.1389565591282499 1237.00000 17.03153 228.71565
357.6863357843444 0.15033573262464284 1238.00000 11.66236 42.42150
638.9055759804513 0.06343479232606034 1363.00000 13.02201 78.10869
395.450398284385 0.17351170515000314 633.00000 15.48183 106.41371
976.2610140932218 0.04874847818826416 1779.00000 15.38449 183.28462
631.767279411874 0.09496896659174417 1301.00000 11.63874 82.50921
1436.2265318632212 0.08249387787100099 1012.00000 28.09783 532.92165
321.32956495104406 0.42399693446051356 868.00000 15.34332 204.26432
389.2186274509931 0.10137711455735045 1840.00000 7.62283 79.36488
343.208103553957 0.13751332305036912 790.00000 14.13038 74.77771
537.2169730393379 0.1517299365505313 818.00000 14.32396 216.52783
416.5475183823998 0.17735226986575686 863.00000 16.37543 81.57149
171.8935202206008 0.185169305497977 885.00000 7.63955 37.82864
1302.8789368875737 0.13268323165001175 1317.00000 14.51481 104.58625
900.6293811275018 0.045536852450395834 2274.00000 11.46174 103.64425
2318.1166973047057 0.15097503500248333 550.00000 46.64364 717.27199
858.6046875000756 0.12655410129133599 1440.00000 17.12708 247.08945
786.119500612869 0.12929640800425987 929.00000 12.78364 110.98876
598.1715073530512 0.24417896461102304 642.00000 17.13240 91.26936
1123.6029258579406 0.10908367749794137 1305.00000 18.36015 168.95718
1246.7730698531507 0.18270955341746015 1869.00000 10.29267 91.24000
644.426026348151 0.1780533949331225 952.00000 14.10714 128.03514
762.8513480392999 0.11666574695055221 1787.00000 11.12087 88.71044
914.4378063726695 0.15437710080517833 1971.00000 10.67580 78.60918
