399.687928921614 0.3952979293716189 410.00000 29.65610 270.88809
630.3160539216567 0.3266531593815091 777.00000 9.82111 52.05868
349.2255667892461 0.2957262141119592 680.00000 9.73088 68.53640
686.4575061275689 0.2382222105757654 613.00000 26.98858 305.30965
645.7426011030634 0.3820212369909674 580.00000 15.68966 107.68700
203.98288909314266 0.46857052687454415 378.00000 15.23810 96.83817
439.12576593142006 0.31568582456568467 321.00000 36.82243 391.67411
290.2189950980694 0.34221807255534553 256.00000 34.26172 124.63129
277.9018229166824 0.4387855009088433 356.00000 14.16292 97.70545
403.64059436279115 0.32226228953860425 450.00000 17.65778 148.39257
352.2470435049328 0.30413474857172884 636.00000 15.42610 110.87264
612.3764705883355 0.30076517216896126 767.00000 14.46806 87.10020
521.0702512255715 0.2492739418348547 608.00000 22.41612 161.70998
862.5076439952229 0.21047268687718557 858.00000 21.50233 500.04642
404.12195159318935 0.33989504574536505 645.00000 8.86512 53.03512
1601.1575367650626 0.17127432210970062 376.00000 39.02394 480.11416
531.5739430147423 0.3267836259878472 345.00000 38.90435 491.20390
766.5384957108984 0.25795256042917086 595.00000 24.11765 358.41565
502.55572916671576 0.2629555145820342 675.00000 11.45630 83.48759
320.96479779414994 0.22422749880574963 403.00000 24.04963 175.38592
384.80612745102167 0.2854979762507351 596.00000 18.42953 316.90304
369.38224571081594 0.3216636351974939 496.00000 18.33065 123.10669
348.23123468140165 0.2838455597368292 361.00000 21.77562 187.99419
736.0891544118755 0.2520004226501293 473.00000 26.98309 409.18662
320.84817708336755 0.31030732109832787 661.00000 14.16641 113.41348
487.3211550245768 0.24268323906889314 267.00000 47.91011 600.85141
349.55461090689056 0.36342660889131356 424.00000 23.70283 226.64169
453.711228553988 0.3369355838491164 537.00000 17.16015 206.08595
404.94114583337023 0.34504116568435866 528.00000 10.98864 62.80275
732.5585784314517 0.26898364684205717 426.00000 40.06103 666.56750
419.70790441181924 0.3449989300429068 441.00000 16.85488 105.60677
664.0217064952178 0.3888099917103692 482.00000 18.42946 127.87513
778.8694699756379 0.40580528589807324 591.00000 17.81218 130.20601
549.9979473040155 0.2977664507662148 723.00000 12.46473 58.38047
549.2534160539798 0.37173158356031266 639.00000 12.07512 78.87698
809.9556832109403 0.27448540884311423 572.00000 22.82517 215.62218
427.1696997549588 0.2598986528092958 725.00000 11.30069 73.45447
475.4456341912867 0.40056731874608237 388.00000 41.69845 454.18512
217.62101715687987 0.4398147434210573 369.00000 17.96748 143.28980
1165.5684129903511 0.2689892727100082 549.00000 18.90893 221.19097
402.793336397113 0.28902633776559267 510.00000 18.87647 113.84683
437.1751838235871 0.34322344672058275 262.00000 45.96947 590.19357
496.6757965686796 0.47666365744785627 442.00000 18.24208 223.14558
783.7426623775634 0.37936448276146534 637.00000 14.29356 178.58805
183.94937193628445 0.43253566731830007 399.00000 14.23058 128.64110
561.7316329657613 0.296031831651735 404.00000 36.82178 278.31211
893.1950367647723 0.24090403633220053 449.00000 36.21826 495.73740
1035.3911917893793 0.23651664555693078 686.00000 26.72303 292.97473
655.2011642157939 0.22610561632462783 701.00000 14.24964 80.91320
482.78158700985585 0.2763375167901578 691.00000 11.66425 51.85078
584.24969362757 0.39677622529860795 591.00000 13.27580 92.79131
1020.8071384805523 0.4072667895289547 656.00000 15.36128 185.53830
627.6176776961789 0.16964024043855644 534.00000 23.33146 180.60574
474.05533088241367 0.39692938582683546 344.00000 18.60465 164.73670
656.2236979167906 0.27345227731741223 717.00000 15.19805 90.62179
536.4359221814223 0.31372813357353957 324.00000 39.82407 423.33406
673.0300857844466 0.2472254844971736 468.00000 27.89957 319.39223
816.4267616423195 0.37294117616086997 571.00000 19.16462 234.25922
491.4120863971124 0.2911055324860093 502.00000 26.79283 321.16734
825.6597886030622 0.3508532495902621 378.00000 31.19841 295.88589
291.20223651963227 0.31537260987530513 568.00000 15.35387 77.86515
212.1831648284454 0.39040595290619345 492.00000 13.23780 116.62961
243.84636948531258 0.36164683166436346 369.00000 14.56911 95.28733
463.79005821084803 0.19444140506756413 491.00000 21.22811 152.05636
258.15459558824807 0.3870964055766083 440.00000 21.62273 151.46747
245.24649203432767 0.37775456673396124 461.00000 15.17137 158.95833
823.6309129903343 0.265081486038254 583.00000 17.43568 166.12422
657.728140318694 0.29538544906630115 618.00000 22.67314 222.16128
401.55238970593444 0.2785299756991495 505.00000 20.28119 172.07538
316.5643841912049 0.32024442503730655 453.00000 21.20309 205.90866
427.8092064951497 0.28826450923050406 436.00000 24.20183 125.98688
488.499724264746 0.2967695916597417 389.00000 22.23393 176.23243
548.308731617746 0.3080719425433155 601.00000 24.29285 359.39307
557.5241421569651 0.30491115153130155 573.00000 21.35079 125.05132
600.3611825981421 0.31021256957271515 547.00000 15.55759 120.51922
1080.0555606618846 0.2963444179341687 316.00000 43.62342 563.39110
667.4184129903332 0.38933269343308247 632.00000 14.02373 110.42575
425.88707107847455 0.31666384715977 479.00000 27.73695 261.54504
251.56648284316978 0.24321422496439782 535.00000 14.85234 109.01137
724.4724417893176 0.3670308099344257 361.00000 37.49030 480.92387
278.78186274512814 0.4249299127323922 436.00000 17.30275 74.97339
933.7678462011451 0.3398549004433772 577.00000 19.63085 199.96742
499.9931985294612 0.3047730217219344 453.00000 26.79249 376.31093
259.6485753676486 0.49173778240204136 153.00000 52.37255 559.45483
272.7812806372737 0.37117745182996403 376.00000 23.41223 217.33140
279.1763174019883 0.3668350610461319 408.00000 17.80882 105.35318
770.5996783089502 0.3331644910626645 650.00000 18.07385 214.93719
450.0986672794785 0.23979091088798543 515.00000 15.14563 130.76299
724.5405943628738 0.3122281845870716 420.00000 23.73333 159.92214
1372.228354779753 0.19764081738368314 489.00000 46.44376 763.03352
478.77454044126193 0.19360693252881495 556.00000 21.72302 128.43119
546.7790441177165 0.285216944848509 717.00000 11.64993 104.06613
150.8271139705981 0.2809713771797296 346.00000 20.92197 209.00799
763.7695465687522 0.2865925528916838 610.00000 18.83607 142.02500
547.5442861520008 0.25464677716768974 514.00000 26.95331 310.18145
342.1330116421833 0.3296257303505734 273.00000 29.32601 279.68543
248.410707720592 0.45162541839192527 539.00000 12.48609 85.20301
456.55059742653526 0.19251123557081576 535.00000 32.73084 378.69435
460.42314644612037 0.275297375401324 537.00000 24.93110 188.76560
436.4765012255802 0.48061124348179024 317.00000 38.38801 281.37550
374.78952205886117 0.3106224011519443 432.00000 25.35648 158.47626
681.975735294204 0.2420307667610439 781.00000 12.76953 67.61112
437.26885723044234 0.22627562876866433 531.00000 17.50471 191.54517
661.8768382353445 0.272116270699062 630.00000 13.68254 73.08541
246.28040747550088 0.39564544155438397 412.00000 18.11408 106.44910
205.59082414216232 0.40393394562089313 229.00000 26.53275 111.76982
1004.9304227943041 0.2196652364905453 472.00000 32.30720 519.93013
428.95530024513954 0.5855367952141706 300.00000 22.67000 195.05570
754.6081801471852 0.2862308137760695 683.00000 19.68960 165.75526
767.1251072304866 0.32302025104563026 571.00000 22.15937 261.82222
881.6002450981059 0.47791701277796556 126.00000 82.30952 632.61543
1045.676700367812 0.206448268924679 456.00000 46.21711 671.96282
706.6192095589195 0.44002869576118947 596.00000 14.79698 139.84172
346.3972273284624 0.39510602055726474 436.00000 20.97018 143.42521
380.54762561278466 0.22936002300203828 680.00000 20.98529 168.80290
832.0221354168184 0.3314848312115029 454.00000 25.74890 382.80827
626.7553308823968 0.22767099108621702 287.00000 45.92683 310.31376
359.6186121323998 0.3308993138351914 467.00000 17.77944 66.04606
564.9722579657806 0.3656290697326383 273.00000 41.37729 446.72370
573.4344975490769 0.2874465997520509 712.00000 14.86657 110.83936
581.0461856618249 0.2915649314709701 707.00000 12.32815 87.77520
458.62487745104403 0.25304103404090145 665.00000 18.18797 153.02548
964.6880667893491 0.3091171585159081 222.00000 47.02703 506.49369
379.96587009808735 0.3830336484647523 384.00000 23.72396 270.15719
567.5214154412529 0.3340993928331918 445.00000 20.24045 144.39041
326.7771139706183 0.1997503475720316 404.00000 22.34653 147.49655
725.6746170343929 0.2450796015614617 576.00000 29.22222 380.83827
503.90150122554974 0.2583656968120872 509.00000 27.95678 262.01091
825.0242187501384 0.3653360240859262 379.00000 23.16095 237.47772
618.1762714461835 0.33706065610747155 626.00000 15.97923 104.17015
385.1879442401999 0.40185057723875417 427.00000 17.59719 155.93023
378.2628063725866 0.3102690715005276 381.00000 16.71916 82.35738
267.55986519609536 0.3519177055540226 307.00000 30.72964 262.10389
416.2971813725841 0.3364622289634159 324.00000 38.04321 428.71417
536.7616727941888 0.3911705948933682 489.00000 15.76278 96.08309
685.1174479167544 0.2705991946533828 611.00000 22.41080 204.88362
169.28314950981488 0.35669195705552864 488.00000 17.68852 184.14024
196.66547181373483 0.3527391281244268 328.00000 14.84756 83.65533
249.41223958334874 0.3892004012713503 425.00000 17.63765 66.72091
577.599525122574 0.41671543544984974 355.00000 35.73803 514.77473
1027.9423406864491 0.3481136699803934 509.00000 16.84086 243.78986
643.0407781863853 0.3945434667470288 515.00000 19.31456 172.78225
453.73612132357545 0.3691207077086357 685.00000 10.12701 60.62054
794.2972886030989 0.32225812062533865 591.00000 18.09306 128.79018
453.84862132357654 0.3845805100282237 373.00000 35.34584 516.30168
341.15065870100636 0.39263538508372736 424.00000 12.23349 121.13745
761.3832567403243 0.3575368108760994 614.00000 18.51629 187.07124
357.76197916670014 0.2977256867232544 634.00000 14.79022 91.09197
354.83440563729033 0.19397486858877513 712.00000 14.66292 117.82892
547.2613970588664 0.18049219022103402 357.00000 25.89356 238.26907
549.0547028186885 0.29164277078416406 785.00000 10.71720 67.83045
500.31743259812396 0.2091590926145085 488.00000 18.30943 147.76179
867.9118259805527 0.28713346229983416 828.00000 15.21135 81.90638
482.9849571078855 0.3433985702125734 431.00000 15.44084 119.80615
306.9953737745337 0.3984380805871381 395.00000 25.29620 293.84319
385.8719822304331 0.3077812828540333 393.00000 23.51145 207.96289
260.99180453433047 0.4084609722927388 382.00000 25.17539 322.30025
414.944010416678 0.3982799149824567 279.00000 38.34050 380.26996
449.40049019612457 0.38735145842212726 439.00000 30.10934 230.07877
679.4646752452193 0.30969433111169903 534.00000 16.01311 125.35670
710.4613051471717 0.28765234947304 506.00000 24.32609 235.93890
384.25237438732387 0.319024315388856 403.00000 22.09429 161.57415
509.7910998774574 0.3327070596172354 420.00000 29.35714 340.08355
793.0627144609027 0.4410254098078693 773.00000 12.71669 60.54191
451.4792892157338 0.23998026782729687 723.00000 16.20470 100.39340
452.19805453433844 0.34005617513776193 345.00000 33.65797 369.87865
1134.7969056374052 0.18007998489837918 695.00000 28.21871 256.23312
574.3396599265546 0.3036726085229213 674.00000 10.89169 74.06849
773.0570006128713 0.2379910238845533 792.00000 15.05051 103.00867
305.4153952206175 0.2526926559133221 578.00000 16.12457 183.63849
675.0793351716587 0.25173631258616813 540.00000 20.11852 170.05051
430.02149203437114 0.29136551612626554 757.00000 8.25627 41.87192
598.8383884804764 0.3453452822070598 518.00000 15.06178 89.68157
574.185278799104 0.25781021552151034 397.00000 29.61713 346.12695
407.36302083338336 0.2897368454931114 422.00000 36.17773 379.59144
338.75139399512807 0.2409115123244833 680.00000 18.22353 170.48604
502.86902573538396 0.26564214030789035 560.00000 18.63929 118.49621
444.8627604167299 0.30402312805980464 468.00000 14.77564 79.40502
678.7965992647963 0.26997075770956647 752.00000 16.26596 156.81175
171.91919424019972 0.4704169447438433 165.00000 38.40606 361.78272
552.1738511030298 0.36964788529639253 430.00000 17.89302 194.31091
533.9556832108404 0.2372793180039699 675.00000 14.02074 96.32247
366.5486979167015 0.2821534075797543 551.00000 16.97096 145.34147
495.3890931373071 0.27896452284705253 662.00000 16.91692 101.72723
851.5085631128835 0.28976390792226514 374.00000 46.00000 481.03027
960.8939644609405 0.30937154709485626 658.00000 19.25380 160.09031
551.530821078485 0.36273055351772904 677.00000 10.96160 79.55511
598.5178308824417 0.2379643450326108 462.00000 32.84199 489.44149
393.06943933827597 0.397574383698081 426.00000 13.79577 101.46772
408.80499387259556 0.4405321785723227 492.00000 13.41463 74.48454
393.12879901965124 0.238239095757706 553.00000 10.77034 70.36839
649.6454044118534 0.2072271396821528 638.00000 21.98746 142.57943
536.7426930147368 0.3064409896317154 295.00000 28.41356 344.96758
636.6932138481563 0.1988375034890687 647.00000 26.44822 419.10932
179.63256740197374 0.3985675886564498 613.00000 17.76020 64.42854
322.46960784316974 0.3142344890804918 532.00000 21.82895 220.98088
677.8453125000684 0.323914655381353 459.00000 24.98039 228.77866
858.3381127452736 0.3433219728714552 678.00000 18.00000 215.33351
879.4298866423247 0.2645422124440021 780.00000 16.61667 138.22017
307.01763174023483 0.3967487197773082 358.00000 22.14525 301.42300
364.76668198533207 0.26118410799976843 605.00000 17.91240 100.07931
659.232046568731 0.3516007602590834 467.00000 20.21842 202.05570
479.25684742654903 0.24685648736976967 256.00000 48.62891 283.51233
568.1427389706622 0.32969728422671585 522.00000 13.83333 93.52008
1150.793030024696 0.35720359478064506 751.00000 15.95473 198.57311
158.38134191177093 0.42185050347060105 254.00000 21.37402 117.08005
320.56868872551905 0.27287709287724116 368.00000 33.18478 216.34866
356.16632965688984 0.32946991965565936 421.00000 17.47268 167.63947
650.6852634805239 0.4362918433808004 560.00000 15.53571 112.14899
1037.2269454657828 0.38489679028311774 385.00000 29.72468 319.86990
426.0496936274986 0.30044749820142025 495.00000 21.96162 111.01159
644.825505514769 0.30279935106514744 621.00000 22.06441 251.85254
3123.843229167712 0.2279758406607299 408.00000 56.20588 728.73045
949.3599111522522 0.14510358126477518 677.00000 26.37814 401.86031
501.1158394608262 0.34297699903337153 482.00000 22.00830 148.93997
519.7976562500729 0.27365039036792616 712.00000 17.65590 148.92668
499.34131433830095 0.2684671552088758 456.00000 37.53509 325.62873
357.6055912990576 0.5259627136131717 435.00000 16.69885 147.70747
939.6834252452306 0.3695075523958775 495.00000 16.67879 214.95807
1121.2263327207845 0.3393310714004987 876.00000 13.17922 131.11435
604.8698988971214 0.3213718137653276 605.00000 16.26446 166.90672
411.1550245098442 0.3217642649124678 611.00000 14.56628 97.11643
340.20746017160656 0.17842151520163513 537.00000 24.35754 260.27194
264.52604166668453 0.3236721181847236 551.00000 15.49002 101.13275
442.1416053921979 0.28782577627511896 381.00000 30.13911 214.25118
412.7558670343547 0.46409774067376985 278.00000 22.60072 165.12279
282.98336397061814 0.3196044699021574 421.00000 16.91924 88.40298
606.1384037991096 0.27465891353775906 510.00000 20.64902 171.14929
768.788664215829 0.32182941315389846 911.00000 12.33480 87.34677
637.083379289335 0.3538944812324881 591.00000 13.88156 65.80723
486.83465073536524 0.29754306059001584 495.00000 24.95960 196.85625
613.5334865196513 0.37051174710446 414.00000 35.56280 486.38357
1019.3401194854384 0.31680531456680955 533.00000 17.63415 193.46240
852.9112438726693 0.31225084933389935 498.00000 22.68273 186.83059
504.7211397059317 0.3571390175418733 568.00000 17.91373 187.28807
717.8303002452432 0.322877943796737 542.00000 18.35978 127.48523
529.7778339461607 0.3676325100225892 366.00000 18.33333 102.23047
383.51678921573176 0.37708071575141067 376.00000 19.30053 191.98294
496.01703431380105 0.26290581419034326 862.00000 10.62761 74.83649
386.9892003676783 0.302893597071128 646.00000 16.27554 113.30202
653.020113357906 0.2883272320225927 601.00000 23.61231 277.42706
418.3372549020084 0.26056241695986854 896.00000 13.37165 114.31157
640.0424938726376 0.4585963153573886 690.00000 11.27681 111.37284
732.589430147161 0.27136688023919736 602.00000 15.32558 175.91664
335.25018382355853 0.30569064817813835 565.00000 16.44779 127.42284
307.9707414216074 0.32582943589183694 361.00000 19.89751 210.72775
511.44171262260136 0.3439380313491354 582.00000 11.35223 69.89994
499.5857536765222 0.40834403664784646 299.00000 23.93311 232.39941
1588.2014705885922 0.22184720042434367 681.00000 28.22173 414.11164
193.43765318627993 0.4203299236538525 353.00000 16.92068 107.97442
189.21424632354413 0.4517928006448249 274.00000 20.15693 152.65815
447.1960171569171 0.3296780157843072 592.00000 16.54054 145.35784
192.99944852941078 0.3623344033282077 327.00000 30.24159 257.98695
635.8060049020411 0.2517253799138818 330.00000 25.26970 178.00343
575.9237132353413 0.4539373829898133 267.00000 34.65543 377.83849
355.95883884807847 0.3586198165754768 523.00000 23.13958 222.07937
217.286657475505 0.4179871702773834 407.00000 18.84521 182.66041
187.06738664217335 0.41377850865122134 491.00000 12.09572 63.08954
803.7220741422792 0.27441245561955857 567.00000 26.26279 214.00288
735.7286305148032 0.21046126184631722 615.00000 28.60976 524.52001
629.8138786765173 0.29604818246511955 308.00000 54.64286 785.06791
661.339047181428 0.2981907756498855 446.00000 30.69058 380.15245
451.7546875000634 0.3698517904584879 422.00000 17.39100 125.37731
653.209589460874 0.35359781323512995 439.00000 22.20501 177.33245
457.70076593142016 0.28795287994282337 631.00000 21.52298 181.48803
595.9763020834209 0.3018136566271508 431.00000 30.26682 316.05724
292.5272977941359 0.3495440203034886 418.00000 18.87560 108.61324
338.77853860296676 0.3309963124470594 702.00000 10.53989 69.76667
363.80168504905146 0.31231786126294175 281.00000 33.62633 224.60713
568.9793351716703 0.1862946644981902 699.00000 23.62947 193.70882
691.2182444853853 0.24421786739198625 559.00000 27.97853 282.62031
1130.6748008580405 0.2515043698543805 765.00000 18.76340 155.16766
1112.460309436457 0.1943130986033049 748.00000 20.88503 206.15747
553.6148897059431 0.2812894763459609 369.00000 36.48238 282.47914
295.9426776960966 0.3368595973838121 462.00000 21.70779 159.64631
187.52849264707567 0.29047863972017046 464.00000 13.06034 55.18863
453.8195618872979 0.3812766414990644 531.00000 18.91714 112.74674
765.255744485403 0.3342724553771546 275.00000 48.02909 607.05757
957.2390012256363 0.22065356772575506 704.00000 15.99574 129.74489
682.964828431441 0.3002650672600002 751.00000 10.25033 77.98393
375.5251838235661 0.24442920575640414 545.00000 19.54495 257.92671
1464.0055912993703 0.18038787686342259 461.00000 48.27332 868.89944
732.2494025736669 0.35764664336422575 573.00000 17.57068 136.36340
250.06832107845068 0.3610225062529542 454.00000 23.90749 179.63119
723.6521905638424 0.1692123244857699 703.00000 20.04125 187.60667
719.5902420344656 0.3743729207215532 727.00000 10.93535 55.30227
697.2484987746045 0.2371634796331091 690.00000 14.32464 113.07711
1700.181357230628 0.19103635210707876 526.00000 34.81179 579.93343
358.4042126225944 0.24014457420383672 611.00000 17.17840 93.32917
489.5159926470905 0.25707946506159807 540.00000 15.67593 194.75097
598.7205422794981 0.30009527441070666 895.00000 12.86369 109.71471
490.0811427696645 0.2947606591666801 685.00000 15.69343 149.96303
