66.64736 2.18621 2.93892
29.87367 13.05448 -33.67446
38.94959 10.23039 33.17259
59.12217 -10.61610 -10.29354
37.60439 8.53111 -15.87080
49.81533 -8.84425 9.78367
55.34953 -17.06877 -11.03959
66.93544 10.28848 49.12662
68.39254 6.34976 1.04105
39.61941 3.05918 -17.88811
31.47274 0.73603 -18.13410
58.13769 2.96417 -12.65670
40.80641 6.02906 10.91921
63.66650 -1.71375 -7.83021
36.24739 24.39793 39.95706
58.53225 5.80852 3.84805
46.52427 -3.60717 -6.29150
56.53253 0.12682 -28.47283
56.58883 1.64848 4.88786
42.42106 -3.95627 2.48764
53.05980 11.26544 -4.44363
28.66554 35.06315 29.30146
61.87556 -0.06027 -30.65632
54.45969 -6.08729 -12.21934
63.47696 4.65933 -7.63016
34.75071 1.76922 -19.62377
52.67248 17.64685 -7.03166
62.83315 -8.45276 2.40449
43.47836 28.30176 29.17330
71.57438 -5.87994 -21.19817
23.90226 22.89191 3.53855
44.24769 -1.75861 -14.29928
59.66120 -2.07843 -5.91476
64.32832 -6.68131 0.96314
48.82980 2.36646 -24.20598
53.02301 9.54496 -18.23672
23.31241 9.90871 -8.68819
44.79371 -0.40286 -10.73940
40.48705 -0.92671 9.34961
46.44886 1.29969 6.14044
32.82516 4.09298 -31.66065
64.08481 -4.38968 18.67125
51.21933 2.01000 -9.57608
42.09321 -2.74527 -11.56551
43.74053 0.55455 18.44277
51.21024 2.10527 -22.85854
39.22991 -3.53464 -13.15935
48.47143 25.21034 32.46708
37.98677 2.58174 -8.84717
54.15732 -7.25916 -4.23806
58.42516 -7.88135 -25.11778
60.60699 -1.49620 -0.54753
43.92963 -2.46439 -10.29369
37.19800 24.31675 11.94954
43.73895 13.62337 23.62257
43.24902 4.72493 -2.62233
41.76009 25.53404 24.69943
46.23434 2.65224 6.64743
60.19568 1.10171 4.82076
31.66414 1.40486 19.69911
43.66509 4.01683 -7.71576
44.96788 -3.41834 -10.45729
42.78199 6.39385 -0.66093
48.30282 9.09501 -16.05161
60.44433 -18.81253 -5.00472
56.97981 30.97246 44.94115
59.04883 1.00248 -7.54335
48.74692 11.53463 -17.54985
60.74129 0.34024 -9.94302
52.35216 -2.30790 -13.31383
54.86347 2.25196 -18.16022
52.39910 -6.39801 -17.20939
54.42739 -1.74550 -0.27761
61.96725 -4.39969 -16.19411
56.36986 -4.59041 -19.92037
51.21412 -5.54236 -12.24677
44.11406 -2.54941 -8.08824
51.44696 4.75997 -1.46476
78.23111 -5.77909 -8.86849
50.52479 -2.19148 -11.07797
68.66613 -1.08709 -9.14706
41.57148 -0.18334 15.57969
64.40511 3.98627 -6.55951
63.02483 2.46056 3.34853
45.98983 15.42507 -0.60146
41.17983 -1.60013 -9.32415
52.96846 12.91044 -5.60754
37.94230 -0.56993 -11.60862
51.70016 8.33821 -28.79047
41.46035 18.80936 42.46469
44.17910 1.03040 -3.37406
37.23453 -0.46986 -19.16828
45.91900 7.79226 -5.67740
30.91072 -1.55072 -10.11795
37.52323 2.33997 12.91944
19.98219 4.55064 -7.07217
48.95011 3.70573 -9.31020
65.86933 -7.06389 -5.70876
61.27434 0.85165 -20.71251
44.18800 -2.39168 -23.35860
55.93334 -13.72232 -5.89995
54.59067 -4.70607 -5.22113
47.90131 1.81412 -7.11526
54.34870 11.03430 12.83708
77.84964 5.89828 58.01733
50.78686 3.15493 -18.01448
64.60777 6.25730 6.08620
76.59745 0.97836 -3.56430
51.22931 -1.21559 -13.88438
45.79144 8.32725 -29.25505
36.72494 13.01720 39.61445
50.93264 13.30251 29.33125
57.23219 -3.56451 3.34769
60.09686 -6.14011 0.78001
64.24889 -20.09701 -4.60847
51.65488 10.84886 16.62277
40.28026 4.34469 1.23409
51.81577 -5.29489 -16.34845
49.04256 10.81491 8.38546
37.10612 -1.53698 12.31359
52.23760 -1.39941 -17.10280
47.20634 -12.17568 -16.46164
39.83796 -7.74136 22.16512
27.10621 31.37431 20.92774
58.71399 1.48221 -17.55473
51.28707 1.84197 -0.19059
50.07262 -14.98340 1.58363
61.98633 -4.53860 -16.24333
53.34490 11.47344 -37.77507
42.86822 1.71438 26.68502
28.27615 14.83755 15.06389
33.33450 13.86923 -33.34026
42.09130 4.24314 -14.89816
45.86911 8.02051 1.87566
64.74230 -1.21464 -11.15734
61.18101 -0.04281 -10.43080
36.93668 8.79140 17.59581
67.91221 1.56551 -5.13900
60.48582 0.42113 -9.11196
45.56627 -0.73769 -11.62356
45.95774 7.22279 1.47297
66.16767 -13.03645 -10.86923
49.00259 3.02758 -13.56679
59.07855 -5.00752 -11.02846
36.68529 0.73105 -0.30556
57.97755 -2.49097 -8.07112
33.20651 24.61814 28.98202
45.75483 2.15714 -7.79080
65.51727 -3.53928 -10.13384
35.81746 2.73421 -12.40690
41.04934 19.46226 40.12836
27.65398 2.62608 3.32790
49.46048 0.27744 -14.67326
76.63287 -0.11091 -3.74851
44.31849 -3.22268 0.09987
27.31717 -3.19426 -14.25331
38.67357 18.58854 27.92408
56.92993 -0.50785 -8.53387
53.02978 -3.87719 -0.34916
48.88220 12.27291 6.15981
43.20670 11.40540 31.78459
46.28603 -4.33139 -10.84331
61.08635 -7.29216 -19.80726
42.76218 5.22058 -11.04082
63.57243 -3.67765 -20.34730
37.05173 11.92094 -34.45927
35.00089 -0.44755 7.70991
48.90362 6.17372 3.80954
28.11257 11.30041 -0.65791
51.70439 -3.90004 -7.59877
42.08252 -2.89487 -14.52135
46.48584 21.73290 25.99677
42.24076 -1.52609 -7.99106
54.15356 -3.07467 -15.71162
49.74046 28.07028 48.78777
55.08588 -6.56962 -5.22145
37.02553 4.77241 6.71960
33.07336 11.33360 12.32616
59.68666 -11.72681 -16.03561
55.85431 -29.36655 -1.60158
62.46885 -13.84658 10.76826
28.22269 -3.44024 -6.14676
39.95719 21.32688 18.11982
69.92907 1.84260 -4.81956
49.89408 -4.80378 -13.36857
45.96236 0.43824 30.30800
43.98047 8.65128 32.19816
52.41309 -2.53922 -13.75206
42.74175 -3.80208 -12.56382
55.44549 -4.38902 -19.92826
25.25959 13.37930 22.45877
44.16331 8.55236 -12.98833
37.99555 4.37587 -22.31168
54.42890 -7.58773 0.46689
61.35996 1.28291 -6.04321
49.09010 -2.42449 1.74370
42.24612 3.38367 -22.07375
44.52128 26.56172 26.51353
51.44074 -1.29911 -11.11309
53.60943 2.24203 -5.85066
71.17390 -2.99539 -7.37578
36.66805 -1.52329 -17.19221
47.52387 2.86633 -8.21071
56.75358 -5.21694 -3.78812
69.74350 -2.75943 -0.06201
53.15707 2.06731 2.50081
28.30958 1.76394 -16.23315
40.89983 1.73672 -25.85331
46.31222 3.97416 -19.97938
70.78829 -1.93684 -6.91343
51.37037 1.14450 -8.66839
39.46343 27.17165 -56.46784
53.80460 1.48220 6.22850
54.14163 -3.03293 -6.14609
56.02340 0.79539 -33.75759
64.35765 -3.39965 -11.43565
56.16703 -2.07163 -6.95301
43.65057 -1.36856 -16.18020
50.97607 -1.60861 -19.22196
42.27887 7.29247 17.44688
45.37965 7.93887 17.09053
65.78926 -0.25766 -16.30482
36.81027 -4.90896 -21.95643
57.25326 3.45965 -12.20626
39.17231 3.69087 -26.60183
55.21228 -1.13483 16.97340
41.02712 5.87870 6.00382
38.02780 7.27588 -26.02177
28.41636 23.89292 9.78155
24.07594 18.15700 -4.28980
56.17026 13.14744 -5.77562
67.75634 1.27054 -34.94623
59.98776 -0.40355 -0.81668
37.75118 -1.67172 7.79957
44.34070 1.41485 -10.90825
49.74030 -1.02739 -6.45490
49.28737 10.69545 23.89841
49.10829 -1.07305 -12.60948
46.50710 1.43988 -2.52307
37.99858 1.23799 -22.87840
43.97060 -7.34018 -15.99216
56.24969 5.63918 -3.43079
37.53038 0.71897 15.03734
43.42479 4.48547 -32.16472
43.44373 8.51568 38.88685
41.10173 0.31455 -5.58535
46.99918 -2.52602 -23.58008
59.22573 -5.69168 -7.78269
67.16779 -2.01478 -4.10439
53.25130 -1.38536 -19.16746
60.10972 2.39279 1.49305
52.44456 2.83803 5.50269
34.37372 -1.91778 -20.27825
62.68429 22.95367 47.87321
56.27726 17.86173 29.06639
58.97918 0.92611 -30.28819
48.43324 -0.81576 -29.19569
47.84789 -2.29830 3.47382
49.86519 12.28268 23.18316
42.54179 8.78420 -3.00110
60.60209 -1.71711 -8.46578
51.58195 2.23006 -23.07243
62.31791 2.81539 -0.16270
37.67973 1.93993 -20.34103
66.55576 0.44771 9.40583
57.88109 -8.08944 -2.46491
60.64986 -0.41552 -6.66030
22.08757 14.28257 -3.98396
63.94805 -5.99728 -4.21078
45.83343 2.19892 -10.51345
63.76708 -5.23812 -16.27966
46.52189 0.08260 -4.04551
75.42541 -1.74035 -8.62482
51.39941 2.02042 -1.28102
52.01587 -12.69925 -5.08635
27.62159 4.77565 -8.41234
41.42790 -4.29521 -4.71183
58.45020 -5.68850 -22.79443
51.34428 25.17692 47.55285
40.76900 36.10259 37.37159
56.92961 3.19269 -30.06404
52.10998 8.88896 7.64260
49.88479 18.64112 20.23000
45.03486 -0.06346 -28.40249
49.79145 3.08224 -13.43105
23.74991 24.72182 11.96989
41.45788 22.45975 45.95701
83.22636 1.11264 -3.30952
41.92069 -2.33475 -31.59466
66.99853 -1.87245 -9.92392
39.58459 -1.27988 -13.56998
38.55844 1.72758 11.29633