29.63280 -9.93158 14.05741
41.96403 0.19023 -8.33385
31.26856 6.46607 11.94929
54.36580 -1.73962 26.44770
18.08856 -3.79056 10.54950
50.39113 -6.07772 8.69063
45.37013 5.94265 40.15253
51.42988 -7.03973 21.57372
41.91223 -0.29391 34.70530
50.73929 -4.08342 -10.30482
43.79277 -8.87390 6.00112
60.94477 -18.41776 36.58576
45.97694 -12.36367 14.52150
48.60300 -6.74979 10.90945
18.43439 -9.65865 13.25451
38.00802 -4.96670 5.14038
43.36486 -7.51362 8.58291
52.63802 -4.26023 39.39041
60.63249 0.71231 -1.06187
54.17226 -0.00014 4.05561
34.62318 2.76175 0.17379
41.61416 -8.84767 10.49738
36.23741 -6.39243 11.28075
43.03958 3.84816 36.90082
46.40344 6.38344 19.96287
34.28037 -0.81577 10.63596
45.70765 -17.69537 34.54364
47.78568 -12.49744 20.55640
55.49422 -7.75727 17.20397
49.08993 1.84785 16.83431
36.13325 -16.55648 20.96984
60.33627 4.75719 8.08488
52.75066 -3.52225 8.15938
38.65740 0.27940 3.83653
54.26992 10.72730 7.25184
50.35699 -4.54657 16.49050
45.68021 3.89189 -21.45127
27.65117 -1.82902 0.23611
45.43590 -0.02026 -8.32436
15.57708 -3.71996 2.83991
37.73852 2.02627 3.97800
43.97478 -6.42569 25.64877
37.86844 12.24614 21.72505
58.46809 4.17403 33.06444
29.19609 -6.19092 9.61135
41.75280 2.57309 -9.60923
34.88715 -10.55205 12.43164
34.60584 -9.22130 13.92787
38.60957 -13.28067 25.40854
46.73975 -12.37290 23.05205
47.09492 -7.77550 22.76369
46.37010 -5.94208 17.22794
23.23092 -8.04197 14.35484
21.91549 -2.04107 -2.54966
38.92283 -25.61361 27.47718
52.46201 -14.55450 5.86512
57.28121 2.35812 -3.95459
34.63158 -7.60818 13.28116
49.24508 -4.86581 -8.46670
41.12441 -16.88235 5.83085
26.82800 -0.31683 5.84791
15.53458 -0.25041 6.77026
36.51517 -3.76576 2.41756
48.60238 -4.19422 17.23587
39.28147 -12.57437 12.78376
27.11951 1.44950 -17.58708
37.38531 -20.14521 18.41745
47.26592 -9.73841 11.41406
37.89720 1.15661 22.98301
51.27726 -6.19688 17.74057
49.55742 -7.33214 12.57287
37.18576 -16.63072 25.12489
27.98118 -15.50135 12.49659
37.48034 -2.13803 27.74892
39.43492 -15.87424 26.21402
42.66389 12.16920 21.39233
50.33651 -9.48884 23.65879
51.88870 0.70260 15.79283
43.47666 -2.43792 24.81447
27.74581 6.48668 23.56363
54.97401 -5.81492 20.33068
63.45565 -1.20131 25.78106
46.25588 -24.64907 19.81121
49.01741 2.55457 18.86391
41.33384 -7.83117 11.60149
55.97709 -6.13343 24.16000
25.91268 -1.57154 5.81588
36.40713 -2.09165 19.45162
46.56283 -19.13916 30.48278
46.13073 -25.24436 6.65079
45.80149 -8.16939 10.10500
51.38103 -2.55858 4.25546
47.39793 -7.48338 23.58085
49.27170 -9.95788 21.66454
44.17705 -18.85711 18.98608
33.07767 -6.45093 1.15748
32.51555 -11.34324 12.61991
24.99441 -7.59001 11.09523
51.85014 -7.27239 6.79493
39.78370 -0.43875 13.43081
39.50516 -4.43248 25.32052
42.84250 -8.34278 23.61910
41.22458 -0.48840 5.19206
43.53641 -13.46925 15.29779
36.70825 -17.12370 19.23979
41.74297 -0.12358 5.20129
52.15327 8.35049 17.30815
41.25423 -4.87405 3.96598
26.60338 -7.11399 18.87093
32.42609 -2.44946 -2.42328
28.86048 -2.36266 9.80897
34.53702 -3.92803 -5.76655
40.89662 -17.43003 12.57475
42.58480 -13.05227 1.78134
49.92446 -27.09253 29.44107
30.17341 -7.62408 18.92818
50.61673 0.08906 -7.18175
55.91012 -19.46654 34.20058
28.87584 3.11299 1.02269
27.57078 -2.60613 7.76682
37.45146 4.72377 17.74103
56.60206 -5.88760 22.38296
50.24612 -10.10375 20.30293
34.07698 -10.22292 23.68350
30.69126 1.77651 13.35157
44.65165 -19.60296 22.41280
31.79314 -5.71740 2.42117
37.66357 -5.72276 8.36962
49.12237 7.85933 21.50479
32.46443 6.52351 18.25151
45.79782 -5.96375 6.81881
50.39934 0.89720 -16.73065
44.94107 -3.25718 19.27783
52.61407 -3.18297 17.44349
43.19693 3.03017 39.73359
52.07789 -10.92728 26.28621
45.74755 16.88363 37.23178
53.30639 -5.15243 13.36064
52.37194 -7.98974 22.17586
43.76672 -2.97464 19.36005
42.06369 -4.62687 10.79617
36.87819 -3.32473 5.99118
45.37079 16.84777 17.65657
52.34055 -3.31859 -7.56386
48.29276 -17.99641 34.25979
43.22199 -5.28726 12.81798
29.32829 1.27528 9.75887
51.99463 -0.73042 2.56903
41.88030 -5.46095 6.57016
40.95648 -5.61582 18.98981
23.44768 -6.75340 4.40641
33.99008 -9.71444 12.34590
23.02194 -7.37289 -2.35552
40.27648 -2.14214 15.72509
50.54291 -8.91781 10.60633
43.54527 -2.43805 4.73617
29.10614 4.67872 25.96398
53.02453 -27.39243 16.68956
35.30547 -18.78286 16.10494
34.79724 3.48450 17.72300
32.22250 -7.55235 16.64831
50.43455 -7.38545 19.43733
51.65878 -9.03885 26.81426
52.25620 1.43951 5.84728
36.34982 -19.66291 25.01394
32.59324 -11.82343 15.31001
28.14090 -3.14298 -0.07026
31.41713 -6.53659 7.83809
41.10957 -13.58887 9.91905
28.64106 -3.66339 -7.56312
17.54348 -0.86761 -2.51726
41.27798 -4.85943 8.97569
33.99493 -3.83458 1.61302
23.03800 0.93282 7.59880
31.84335 -3.87414 -1.30596
49.71291 -6.35184 4.11602
32.99490 -2.89059 -5.71330
26.82426 -6.55654 17.75810
44.41423 -7.16029 7.78320
39.38597 1.87641 36.86015
28.33403 -0.58044 8.93900
69.25944 1.67392 34.72249
49.22739 -7.74943 18.65457
34.42412 -11.99737 22.59624
40.92684 -5.19909 7.67246
49.17676 -2.61701 6.67006
41.48245 -9.04041 12.42497
22.80584 -10.31103 14.35960
52.74136 -7.40110 10.67179
32.77663 -5.45122 16.89227
39.63502 -14.83668 21.19560
53.05999 -6.49422 17.59578
49.58800 0.50934 22.30825
42.87381 2.48768 3.02699
52.73238 -4.47890 20.86358
33.07149 -3.74636 15.42696
35.03550 -2.89607 28.03944
43.97304 -1.35049 -13.27266
30.99348 -9.75570 5.27362
48.51202 -9.59219 23.95937
47.68638 -4.00904 17.06192
46.11890 -9.63777 24.91373
28.93590 -7.98960 22.36511
35.20242 -18.62212 24.20909
40.58573 -19.62181 12.04637
36.82509 -8.32399 25.72537
33.95725 -2.14420 -5.10678
37.94985 -4.33491 15.50681
23.17102 -8.05185 6.61575
54.76567 3.97280 16.80782
54.72530 -14.11492 37.92152
41.21028 -3.95324 -3.12982
58.44143 -1.19992 37.52781
25.63370 -3.79480 8.31812
16.28484 6.11874 -7.42935
37.22578 -16.13006 21.24138
40.04315 -3.66893 24.94394
48.05159 -11.19945 23.20575
38.98657 -5.82709 14.28494
35.89642 -14.46629 18.40411
43.82759 -2.22912 -1.39067
46.80411 -5.51014 17.65152
32.08463 -13.24482 17.61871
34.46245 -16.48096 0.68061
33.13455 -15.38728 24.47053
30.00462 -13.99672 19.94199
21.66334 1.53329 11.45902
43.06416 -13.81185 17.05848
40.90605 -19.14595 27.28779
50.19579 -5.67811 2.23114
32.72015 -5.27069 12.93266
41.86271 -12.03128 14.27955
19.12719 -6.80549 12.13123
36.63230 -21.42804 18.77720
48.84185 2.26906 -10.72649
28.30983 -7.69757 17.31883
31.76563 -12.45463 17.97007
59.00242 -4.43415 23.97176
34.34986 -2.10241 5.67658
42.59751 -9.82859 14.45510
43.12436 -24.43571 37.63695
36.45752 -0.01715 6.52513
37.96659 -9.99645 6.20199
47.85460 -12.02601 11.05402
48.25689 -9.64891 10.04074
44.28385 -7.09139 4.03546
53.52841 -2.69533 12.87462
38.41537 -9.99579 1.91966
56.16970 -1.13603 16.98627
54.36318 -6.36615 20.70269
24.69359 -8.45730 21.53106
37.43514 -14.26178 22.01299
52.02408 -9.70119 5.11320
41.37857 -3.95114 -1.89995
53.01141 -20.13393 37.53869
42.04806 -1.30447 25.63228
43.03197 -9.60175 12.42635
55.28776 8.73930 23.89436
51.99155 -9.71788 24.52752
57.52730 -8.68665 24.82319
28.25998 -6.43233 1.43711
46.21509 5.29924 20.14936
46.56464 -5.39840 -8.95242
42.91669 6.68558 9.52390
47.64065 -19.28745 18.18189
43.30156 -10.26598 5.69662
41.02607 -9.69103 11.61878
36.21065 12.61973 21.51337
38.43402 -7.29394 8.48727
52.34766 -9.35341 10.93734
48.97266 -11.56742 15.83449
33.93900 -1.88383 12.90456
51.62821 -8.75397 23.57037
41.02247 -4.49490 36.65508
41.02027 -14.21108 14.79407
20.29160 -6.74223 11.06739
53.00936 -14.53965 36.77046
40.60336 45.11394 30.94219
39.94378 -11.80434 11.65199
37.36493 0.11414 -14.92405
21.17192 -3.29097 3.20060
49.47579 -10.62300 20.17793
50.24522 -15.38061 16.60367
40.59190 -7.11889 12.80665
53.79058 -1.78235 13.00048
48.56740 0.46768 16.44475
21.20737 -3.13913 2.50010
47.73504 -6.10724 -9.27031
54.10822 -10.69299 13.94793
22.00887 -9.24509 9.69011
41.84889 -18.35972 28.43226
49.04126 3.71294 17.53353