0.08295536677508748 0.01031216731737257 0.6249498605144443 0.00010634079478148698
0.355999588545835 0.0261791936983847 0.9096286038035198 0.0006853501826975452
0.06055651715152109 0.010224371961418168 0.8197248094164147 0.000104537782005434
0.3162329403546362 0.0709348442319533 0.8778156620715982 0.0050317521262114775
0.16844005739810433 0.025875433610612078 0.8781226915526232 0.0006695380645371932
0.06339050231479712 0.016141232729509625 0.7409983147059324 0.0002605393940281927
0.05566441874962516 0.01000518066248033 0.7154101887487754 0.00010010364008887034
0.03860568436334106 0.008029839819154009 0.6014624863085481 6.447832752127128e-05
0.11137796983818062 0.011775531649789233 0.9102340577210667 0.00013866314563518793
0.19603166358998178 0.02038551348933521 0.8600017474021033 0.0004155691602238678
0.21737094088974654 0.018367963756552638 0.8174173133100333 0.0003373820925620313
0.10102275971955164 0.01590987145559164 0.8045922966739848 0.0002531240097334497
0.1301227332375521 0.024370906024495424 0.8940785232519071 0.0005939410604547874
0.051889859313170986 0.007930175430547014 0.7799030036243937 6.288768235925151e-05
0.1684774826901788 0.05090806758846673 0.7880490509911362 0.0025916313455918963
0.09477071606844449 0.011149382832694526 0.558312212067042 0.0001243087375499834
0.1038832959436364 0.039825868365881666 0.8764293643986537 0.001586099791096534
0.047989145202500694 0.009010940901621297 0.7460586582224998 8.119705593251164e-05
0.07982495467651579 0.010983824420554485 0.9021913040663256 0.00012064439890156905
0.0506231506310549 0.010168101735756416 0.6399639486440681 0.00010339029290869265
0.0863334666404279 0.013583196350896339 0.8361247097597367 0.0001845032231070036
0.0970944145629671 0.01113799062014656 0.8145842932628853 0.00012405483505447274
0.06040026589522196 0.008171378612693736 0.5821807912113854 6.677142843198862e-05
0.06429540876163554 0.007683639373849423 0.71859410362257 5.903831402736915e-05
0.12128585890404686 0.015298577565063172 0.9189091294599229 0.0002340464755142542
0.06941578235546202 0.010338081916041303 0.7021578510278843 0.0001068759377027802
0.09027125325829063 0.013499539897971981 0.8834497448510127 0.00018223757745693738
0.07128872627414745 0.008264545028385892 0.7524792313449722 6.830270452621798e-05
0.13600067802452998 0.04194844533376741 0.8227880594403155 0.0017596720659200727
0.04806458532219605 0.0077690061892060425 0.7381213063393709 6.035745716792179e-05
0.11440760062852559 0.025370209284389995 0.8574263227938066 0.0006436475191337484
0.08591962273398349 0.009737780493142905 0.8721950754826697 9.482436893263447e-05
0.05918852074889012 0.010881467081337866 0.7621789912678179 0.00011840632584223961
0.05007965334564351 0.009259746010245836 0.6400184140168786 8.574289617426367e-05
0.07602373853437583 0.008894267378121249 0.7955734021750573 7.910799219351184e-05
0.04636920921944055 0.008975349714966932 0.6376004943762993 8.055690250595698e-05
0.39786166227643416 0.0505141489903217 0.8418651480221666 0.002551679248216419
0.1589148712098069 0.04715079750424459 0.8460130141803415 0.002223197705286278
0.19322029315556616 0.02267993798802134 0.8172178560191315 0.0005143795871404934
0.3144480637181802 0.15437951243543555 0.8480728428888782 0.0238330338598028
0.09280863606587593 0.011587475996032225 0.8782279969908966 0.000134269599958623
0.15060200711112057 0.01891888011158443 0.9275134785999319 0.000357924024676505
0.08505099855923719 0.0173831765624849 0.7928986382535017 0.00030217482740252437
0.07492397375986397 0.009758164080925608 0.5870195121907578 9.522176623026671e-05
0.11138957436860437 0.023658545190989838 0.7808647467065659 0.0005597267605541084
0.35786777076908594 0.05450466239920344 0.8907060340170696 0.0029707582232511415
0.1167992325727881 0.013150874382986602 0.8899734033515049 0.00017294549703709326
0.06800558616518196 0.011509433370211007 0.7793882602463086 0.00013246705650332672
0.04633736301647655 0.007737203528972467 0.7108227335467059 5.9864318448744006e-05
0.0712471464674619 0.009758801321302127 0.7391376230370929 9.523420322864812e-05
0.1296408752522056 0.018155656383788573 0.9462768075088379 0.0003296278587262027
0.1317116214656745 0.016248435714936272 0.9290722543813271 0.00026401166318241657
0.17639781993538836 0.053822203010519 0.8911609693015646 0.002896829536905521
0.09704149616295024 0.02413515992110344 0.7666336208300232 0.0005825059444172379
0.09337485391298109 0.011759134606534126 0.8982093739885808 0.0001382772466945885
0.19332767875245402 0.022524409999257654 0.9092544574987315 0.0005073490458146582
0.12440652930053311 0.014675065207002161 0.9146985976926768 0.00021535753882976537
0.11022217856059124 0.01742289331617115 0.8472924316380128 0.00030355721150668134
0.08711013488093547 0.00897184560349577 0.854675839511647 8.049401353296637e-05
0.06666110980340213 0.009586738037868095 0.8655893423704917 9.1905546206707e-05
0.1037489773090689 0.01540947327035935 0.7917128256165162 0.00023745186646991924
0.4473053416588427 0.32319141831583736 0.8966955697398835 0.10445269287300256
0.0579848054145356 0.011579154825960458 0.6600211476617905 0.00013407682648356337
0.071644863359495 0.012413632906946435 0.7600659197004332 0.00015409828194842343
0.1083465949461271 0.013003814028568685 0.8805066660867638 0.00016909917928959972
0.19433770624054 0.027548133474377817 0.7930758116225094 0.0007588996579221356
0.0758780438265626 0.012532514488864088 0.7624438275728137 0.00015706391941358827
0.06274786188444118 0.007878452156369628 0.8817372510672726 6.207000838020526e-05
0.08469579640913599 0.011754813429582112 0.8906846575472473 0.00013817563876428396
0.12917911748178815 0.017651772129367367 0.9046543611813544 0.0003115850593071105
0.06526225337276262 0.01189585371449411 0.7634739017597375 0.0001415113355966433
0.12315246752831607 0.015112794524508826 0.9547336280545473 0.00022839655834002394
0.07988730800455242 0.012711235158111404 0.7749858370370898 0.00016157549924480745
0.06985903096994736 0.010932199414510105 0.8278221898889816 0.00011951298403861508
0.10462920970325296 0.01382111648340184 0.9343826058174699 0.00019102326084776208
0.11127269564921384 0.022087075751352225 0.8178645342760257 0.0004878389152459714
0.06557320734239741 0.010622841347238158 0.7054819615747703 0.00011284475828859258
0.0937829563398182 0.02599157614122553 0.8678169964403404 0.0006755620303051243
0.0815407926703673 0.010163023288177756 0.8432973828317882 0.00010328704235604343
0.1530092809069772 0.019118288392844244 0.7363872654711419 0.00036550895107196295
0.0608730008017832 0.007629299341156131 0.8366501172651001 5.820620843696538e-05
0.054642770355746585 0.008520035506800444 0.8397310658214436 7.25910050371403e-05
0.08153708123809252 0.009706033942342164 0.8995240223802696 9.420709488989816e-05
0.09572370876444457 0.015296568062914958 0.9081176024174966 0.0002339849945033899
0.07012735712705921 0.009663613800486364 0.7224674505765285 9.338543168495052e-05
0.20106198678974263 0.02658851082111551 0.8410546737051259 0.0007069489076845766
0.1833330589800823 0.07025143091851434 0.8427328323673785 0.0049352635460987926
0.11626534276488545 0.012916764406119802 0.8754202381169534 0.00016684280272320342
0.08751192988993467 0.011429461896376792 0.8289145641477248 0.00013063259924072897
0.08758039046924268 0.010390643179986432 0.90492818575529 0.00010796546569379855
0.1272137465326045 0.01938429008027466 0.8126816789215537 0.00037575070191623455
0.04519830742801875 0.008181050635819693 0.6978881329343231 6.692958950584579e-05
0.08782679749975997 0.010928308179349096 0.7675111599095783 0.00011942791966282836
0.046508839129809215 0.007505666314867056 0.7743379681879383 5.633502683013001e-05
0.17440552762197162 0.03857606495402631 0.9365598136402883 0.0014881127873372568
0.12784957807613032 0.03283240031434047 0.8893432140594159 0.0010779665104011043
0.16289308164063654 0.032685071123652584 0.8745599907211762 0.001068313874358228
0.19672001765013064 0.0434130185739144 0.9690097945774829 0.001884690181699037
0.13376207355808287 0.013937972885407277 0.6411025623616184 0.00019426708815434843
0.07837130267893144 0.010734303432386934 0.9057167704452548 0.00011522527017855391
0.05461684505736114 0.008455799099122073 0.7562582390770345 7.150053840471368e-05
0.06365742014156603 0.011059099520987783 0.7165217106077535 0.0001223036822151122
0.07651141701723238 0.011834559283555403 0.7224040347167384 0.00014005679343598735
0.06439029636228492 0.010225806303114055 0.6363301365445124 0.00010456711454880714
0.10210772704485667 0.01295993001427247 0.9186893640611 0.0001679597859748404
0.10059070864298535 0.011269586371056335 0.7315264071342881 0.0001270035769746987
0.06037961805918859 0.009906539909809397 0.7814426842281761 9.813953298464638e-05
0.09167804654743317 0.009582600430438222 0.8493933853043651 9.182623100943479e-05
0.10851178143439048 0.033136434362316336 0.7427892697933831 0.0010980232822480989
0.0847760220809059 0.012546428151055661 0.8705614393932191 0.00015741285934960198
0.05845472842214307 0.013453012768994691 0.4630931857598433 0.00018098355256273421
0.1523486487944765 0.015543516206597875 0.9374305115891207 0.0002416008960647708
0.07677964525511013 0.016436244802237227 0.8195632265729823 0.00027015014319907026
0.13475739736834508 0.021123193056931954 0.9057414006766065 0.00044618928492041825
0.043712324035437546 0.0076910418212130845 0.675470318244291 5.915212429564868e-05
0.2447631565184471 0.10632109155297986 0.9583753458936503 0.011304174509017127
0.1927186694008265 0.042008184664972165 0.9139327300028054 0.0017646875788464025
0.05756826286340555 0.010486543175624731 0.7406914682876795 0.00010996758777424162
0.11462800302796616 0.015432504117614062 0.6322961282124383 0.000238162183340175
0.09987714613853943 0.01334661295445985 0.8233655020122941 0.00017813207735615548
0.09691357807246555 0.012389024593807918 0.6862914296173199 0.00015348793038597746
0.06144192480656418 0.011123333126451232 0.7130060660906965 0.00012372853984200736
0.1244574895145059 0.012174174982826219 0.9050305882146334 0.00014821053651247178
0.23817457625169286 0.16060333465183946 0.8535782079981843 0.025793431101290735
0.08957999492202624 0.011891986744893793 0.8328876012577557 0.00014141934874072968
0.09952917781914775 0.013468514988282988 0.9032750625982898 0.00018140089598960347
0.0575537329942421 0.01056301284787486 0.729839474532247 0.00011157724042436938
0.18413872272218376 0.02143166313496769 0.9741122932121973 0.0004593161847307332
0.12778106360876498 0.020887402128878116 0.8701764289723071 0.000436283567693462
0.08132727606966837 0.01190685093606813 0.8768461432818188 0.0001417730992137465
0.18595877644547332 0.03607806050272251 0.9352585679206341 0.0013016264496381062
0.1995449650838122 0.02704796172252837 0.8667000942691471 0.0007315922333433598
0.07331293536953952 0.010211287212689608 0.8521839356304151 0.00010427038654003833
0.046111165731878435 0.008386497352221627 0.7652179476598622 7.033333783882036e-05
0.07153812088118043 0.01064526129851469 0.8632903136004368 0.00011332158811365468
0.08715894681513846 0.011070668302033852 0.8932406820571905 0.00012255969665365707
0.061360046879187946 0.007973194754982966 0.710127465449873 6.357183460088789e-05
0.11755756958322847 0.017089290103522944 0.8802703302750411 0.00029204383624236726
0.06473459570611585 0.011012415204281749 0.6786451480465886 0.00012127328863149584
0.07580367957717114 0.009888016797743888 0.8930364824142395 9.777287619246529e-05
0.10959656142292253 0.016968967124514265 0.8482421115777461 0.000287945845272846
0.15430430648527177 0.013699136003926927 0.868740710596084 0.00018766632725408702
0.06678868569470509 0.008900531212143625 0.8132399378697954 7.921945585834287e-05
0.1428430822730276 0.020072029172971684 0.7412507085684735 0.0004028863551206263
0.09767019531303221 0.010811462500825555 0.8321830424137523 0.00011688772140675716
0.16854762334778253 0.021372708002477977 0.9354719546863591 0.00045679264735918614
0.10047188234356688 0.015625856017509713 0.7276295513519366 0.00024416737627994454
0.060545342882359215 0.011251284196711196 0.6359834310461129 0.00012659139607516313
0.10085055956418185 0.012989708329962059 0.8852861910500212 0.0001687325224974857
0.10184062465811168 0.015749951685222675 0.8298043918295155 0.00024806097808684863
0.14064890068388367 0.030522610254708375 0.7933957020492683 0.0009316297367608289
0.08426429553890262 0.014363596615957782 0.8361068090711441 0.00020631290774595387
0.1347989156541549 0.027276675556166686 0.8017663941194813 0.0007440170293963812
0.09003020663916093 0.010616715081709933 0.8285337275480635 0.00011271463912620715
0.16904105058405744 0.09775826383069683 0.9453800561089895 0.009556678147192127
0.058012329805156616 0.010415743002590388 0.6867406572128675 0.00010848770229601062
0.08063461699609688 0.016302737262374554 0.5872746501350642 0.0002657792422460158
0.10514789040339781 0.011343477243566772 0.8775810483140399 0.00012867447597531722
0.08842982877423647 0.013479952609537034 0.8492543406777182 0.0001817091223553643
0.10916057107312803 0.015888943104854343 0.8319844090097123 0.00025245851298929834
0.1115627899420334 0.01351825259323002 0.9377364093369814 0.00018274315317437016
0.10050796284365011 0.011694294776341324 0.8284760498267341 0.00013675653031596397
0.09102048989436437 0.0116435122808138 0.9139632277093552 0.00013557137823346174
0.07453434416109889 0.011515578869187313 0.8326591547323337 0.00013260855669247336
0.06641154821985047 0.010599582550681445 0.8027477090926014 0.00011235115024871055
0.07060079714535723 0.011220808342206607 0.84607531736473 0.00012590653985253337
0.09315784153696754 0.0166354722332018 0.8849369653245243 0.0002767389364216281
0.1364318458273905 0.02399574856353753 0.8750342066689266 0.0005757959491245134
0.21059818010343634 0.04700521894180306 0.9568348515849312 0.002209490607766841
0.11228750700405288 0.012772474618581574 0.8327566715947582 0.0001631361078823105
0.3793872649628171 0.13682435968138867 0.9362836203332023 0.018720905402222016
0.18203729114141198 0.013207628733006503 0.9174898548065309 0.00017444145674893897
0.11010630200015463 0.013523602378002219 0.8843063330162593 0.00018288782127830728
0.23832934339172016 0.14971358093777978 0.7724991728008116 0.022414156317213142
0.1392936316421673 0.04672470031867517 0.8450836158673709 0.002183197619870004
0.07788000322293206 0.013615166433892337 0.7933106865003584 0.00018537275702258855
0.180576870903954 0.0363573108771382 0.8618723069999058 0.0013218540542168716
0.08363353982281921 0.01237211295602971 0.8762621413994336 0.0001530691789967582
0.15728137790624197 0.02381084650287929 0.9163841135756324 0.0005669564111836789
0.06018421088458573 0.011968799579777659 0.7930845099036727 0.00014325216338088588
0.07582160153171294 0.011955357015801638 0.7880587041203746 0.00014293056137527744
0.10355903373638917 0.013926317468519547 0.9156089803106378 0.00019394231823399266
0.04130519223585407 0.007044703504231036 0.7339665392576301 4.962784746252504e-05
0.05254832770860093 0.008801921241248456 0.7430377365141362 7.747381753714076e-05
0.09682637561195132 0.014472880807767057 0.8857722159561113 0.000209464278875832
0.1425949671885672 0.05778672169715624 0.8682515438920082 0.003339305204504588
0.0902218651561441 0.012630178141953257 0.8590119007971301 0.0001595213998974738
0.10392512465529051 0.0153243057796857 0.9193929942981103 0.00023483434762930854
0.05382875540382271 0.010728404863788179 0.6594212519374306 0.00011509867092135385
0.16518585049098314 0.015719591549532615 0.9538396861301426 0.0002471055584841372
0.1009085495587896 0.014737490923321578 0.7972013251229285 0.0002171936387149859
0.12175513583780798 0.016087184659613216 0.9033037341343941 0.0002587975102724948
0.07576686509626848 0.010785662724786253 0.7493881093740951 0.00011633052041284362
0.05985792451942421 0.012012358382741162 0.6286332058286227 0.00014429675391541187
0.14616729106012916 0.01944719815624129 0.9359510283650212 0.0003781935161281146
0.041127263998177004 0.008436705385266158 0.35591411277962154 7.117799775777899e-05
0.08919264679300248 0.012891906039632459 0.8786020746721549 0.00016620124133471186
0.27360891861958997 0.041946543324617225 0.9514850570546419 0.0017595124968839897
0.10947236681226973 0.017555310804294236 0.8248611508582175 0.00030818893743537
0.0457440615407233 0.007662736673867764 0.6822096245065177 5.871753333303801e-05
0.034118394962013146 0.006780193061066133 0.6697104920331753 4.597101794532934e-05
0.10207225063438519 0.009805357584783026 0.8641047781331075 9.614503736546201e-05
0.10655311231593897 0.014068639460353671 0.8778879976521407 0.0001979266162654204
0.10315012135260622 0.009595674316595464 0.6627918911112809 9.207696559016981e-05
0.14958158078937117 0.01795305232401137 0.9129210935792161 0.0003223120877486901
0.12024935555643831 0.013441783538500651 0.9195851406515715 0.00018068154469590706
0.1982153689569135 0.026397002196484012 0.9196474609736012 0.0006968017249611818
0.11574365359415474 0.016747891191160894 0.8422757826791304 0.0002804918593509647
0.21678282993552656 0.07110791774107798 0.8970630682747289 0.005056335965471913
0.09426395154578988 0.0112224760270587 0.5346353297422038 0.0001259439681779072
0.03215600071115837 0.006284839131253757 0.5227263480176758 3.9499202905738485e-05
0.092225955912761 0.010144800786059983 0.8450908634046317 0.00010291698298884325
0.07180387147070783 0.009620024860780884 0.899753496620861 9.254487832204227e-05
0.0704763420001973 0.01323833444508053 0.7474104385880312 0.00017525349887980563
0.41646477370499646 0.06943404933942578 0.935860116940536 0.004821087207669813
0.1170654518890165 0.014415320865559062 0.9022789288260877 0.0002078014756570225
0.06357188832073862 0.00792473625313456 0.6995373725421048 6.28014446817452e-05
0.0771877488948692 0.010672357029156032 0.8583645534870915 0.00011389920455777616
0.0887118059708172 0.010798339426847913 0.8287288244760382 0.00011660413437741814
0.158622502167518 0.030873704608192713 0.9553300592018189 0.0009531856362339399
0.21800878330279755 0.06144074035747817 0.8931412114276481 0.003774964575675047
0.09409708263983817 0.015991465837509426 0.8104563456240054 0.0002557269796322311
0.1412120493994915 0.06410655429454384 0.8443906010340378 0.0041096503035192985
0.0749879298075265 0.012080668204154562 0.7901090694626534 0.00014594254425887102
0.0721850424573819 0.011451675578375025 0.8249814155012519 0.00013114087355235095
0.14429655139580208 0.032457626798336144 0.9384299994956667 0.0010534975373800684
0.12226597170310988 0.017739347597080388 0.8214554393525698 0.00031468445317004166
0.10780784792389463 0.013840606670049516 0.9263075821770482 0.00019156239299501914
0.09342842217733364 0.014316308472176272 0.8727000139463622 0.00020495668827050608
0.09498225266775244 0.01270194133215115 0.8615835683192757 0.00016133931360540972
0.11508872208105925 0.022772751119028153 0.8674026873822268 0.000518598193529198
0.05190408217567462 0.008502693827289923 0.79425503858482 7.229580232063415e-05
0.18895466007498662 0.06105142832039897 0.8934934394261217 0.0037272768999608136
0.12868982890516892 0.02498105338393594 0.8876179775970028 0.0006240530281710573
0.02560675531514146 0.006415423985056293 0.41257024275770837 4.1157664908035564e-05
0.1284542886127041 0.017353628526763188 0.9120815063743827 0.0003011484230448891
0.1422327685289289 0.014823833488978332 0.908534254787686 0.00021974603930895547
0.1828551172887442 0.024578020494449567 0.907904218416421 0.000604079091425583
0.1499714768289322 0.021956638190559544 0.9442213626253289 0.0004820939606311379
0.1114282226012021 0.010779656205154224 0.857879292936232 0.00011620098790131994
0.10632950841164307 0.009016011099021073 0.758513964703673 8.128845613767117e-05
0.1352670750982291 0.01596234057700266 0.8545529010958955 0.0002547963166962256
0.15277130729422597 0.02657663990578466 0.8454223474472352 0.0007063177886817457
0.07929021681609506 0.012276788054796539 0.7866552737920154 0.00015071952494239498
0.10372052607011539 0.038405098972876646 0.8454677135615732 0.0014749516271164507
0.23156989196482172 0.07760625306835132 0.8785635612526858 0.006022730515308989
0.07776381789367295 0.013040781828297028 0.7041146593773295 0.00017006199069324198
0.11873343401820494 0.01329470220054933 0.9039131507082313 0.0001767491066012912
0.060600987728686426 0.009617255867620814 0.8299422342399547 9.249161042328698e-05
0.10184898372119343 0.014811092829719123 0.8724808695372278 0.00021936847081055724
0.13462510545166903 0.019218886384872506 0.9360845407012799 0.00036936559387463786
0.14266382043968368 0.042855918471357314 0.7495193067499872 0.0018366297480236252
0.13954134962582962 0.012993090579126797 0.8736473694155852 0.00016882040279739353
0.10450509822890404 0.015558013881000723 0.8721324799735496 0.00024205179592141115
0.057119568486549525 0.008526629307255552 0.8574226158952784 7.270340734334928e-05
0.048059997113708675 0.012986361339462507 0.68739707145704 0.00016864558083908645
0.08387244617732706 0.01819248412601884 0.835370179755404 0.0003309664786754475
0.0625103371985868 0.008886540303198512 0.7495652790174223 7.897059856037149e-05
0.08323686644218477 0.011688684920981829 0.7705795665766091 0.00013662535518198796
0.05198413858548589 0.008695524117288703 0.8022289487884071 7.561213967434949e-05
0.15703359111108373 0.03450710313261097 0.9358466181160157 0.0011907401666046496
0.2513679257043 0.06477684078665769 0.9053499972087613 0.0041960391023
0.0906884059092232 0.009619805322137381 0.882393468886091 9.254065443582268e-05
0.05674019303388819 0.009824550094154194 0.7165739065191258 9.65217845525452e-05
0.1259229228449986 0.013533363643193177 0.8209274245855251 0.0001831519314989029
0.07206869727344908 0.009302841141131323 0.8963759678969664 8.654285329712554e-05
0.06359124891032682 0.008995654470104987 0.8260436670907028 8.092179934551982e-05
0.10075353773026022 0.022271379939412868 0.796825199295573 0.000496014364405682
0.1389565591282499 0.027670103804315855 0.86428410740663 0.0007656346445416148
0.15033573262464284 0.018738297747697624 0.9538079538354842 0.0003511238024813698
0.06343479232606034 0.010125068119642392 0.8120800814205403 0.00010251700442739872
0.17351170515000314 0.016567178802951967 0.9583707135573745 0.000274471413488981
0.04874847818826416 0.009117601504324278 0.7145965110050629 8.313065719165635e-05
0.09496896659174417 0.011427670410465407 0.8583133942533929 0.00013059165101022663
0.08249387787100099 0.01201475117097678 0.849897726359552 0.00014435424570048792
0.42399693446051356 0.3175793740256325 0.9165456327048135 0.10085665880651258
0.10137711455735045 0.01333894499327189 0.8802831863501828 0.00017792745353353324
0.13751332305036912 0.016562741282208658 0.906948389800434 0.00027432439878137896
0.1517299365505313 0.028172163687345174 0.948455473436502 0.00079367080682657
0.17735226986575686 0.0205283154092843 0.9378930826602445 0.00042141173354305926
0.185169305497977 0.03426941647479408 0.9663603013296199 0.0011743929055228882
0.13268323165001175 0.020037121903113426 0.9129638444453575 0.00040148625416022775
0.045536852450395834 0.00967070786745964 0.6121552519786122 9.352259065774575e-05
0.15097503500248333 0.02799735338558499 0.8705163863830698 0.0007838517965973274
0.12655410129133599 0.03206703391528627 0.825262553375162 0.00102829466412412
0.12929640800425987 0.013946960436056775 0.8086639174677703 0.000194517705404933
0.24417896461102304 0.07888843127345126 0.8894370058702294 0.006223384588786042
0.10908367749794137 0.013047505481993526 0.766211917235854 0.00017023739930265111
0.18270955341746015 0.02553251272338373 0.8584563121043601 0.0006519092059697521
0.1780533949331225 0.042777878114764724 0.8206217857543356 0.0018299468560016667
0.11666574695055221 0.009949433788612922 0.8464509975721316 9.899123271399249e-05
0.15437710080517833 0.014280153177811786 0.7578886802877813 0.00020392277478176808