139.00000 0.5722288211167127 3753.89850 1107.97274 0.10418
105.00000 0.46116676944363183 4054.17983 1059.34414 0.05985
5.00000 0.555746060491031 3884.87667 407.20784 0.09919
31.00000 0.3897401090202346 1889.69999 1192.92223 0.03202
87.00000 0.7039444755682734 546.15803 520.24953 0.03013
160.00000 0.31641623811208164 2553.77302 738.92380 0.03711
76.00000 0.4693118369403063 3628.88412 1343.00930 0.03960
28.00000 0.5118171908697816 6099.53155 877.54621 0.12053
3.00000 0.4140348343414243 2404.25000 1052.97138 0.13949
98.00000 0.5459723649874291 3167.90074 729.67592 0.02991
280.00000 0.4409005391773656 4318.64392 704.60739 0.04777
292.00000 0.5245202859531127 1294.97412 989.42197 0.06561
90.00000 0.5484102060010125 2746.35028 425.12735 0.05619
534.00000 0.237862326389145 3907.22102 1287.31877 0.07398
110.00000 0.5626370468200084 4587.28713 375.34931 0.13337
286.00000 0.34385614579411533 3214.10257 851.40379 0.09705
743.00000 0.296490405773186 2967.91344 805.13010 0.04124
107.00000 0.49497163496723817 2660.37904 1344.99747 0.03313
1517.00000 0.09161413010436269 3294.79707 813.44653 0.08250
485.00000 0.23859977106421676 3135.08513 689.12224 0.04482
107.00000 0.40814389719877286 2251.61648 924.21405 0.05865
321.00000 0.48540547918350063 4862.44405 432.73184 0.12746
38.00000 0.5750843389439791 4839.68185 1700.16669 0.04644
331.00000 0.42632547894384143 2851.94499 1076.94501 0.04643
165.00000 0.4517753914798131 1755.50473 1072.22890 0.09776
96.00000 0.5887362391241383 3156.64596 703.77661 0.04447
366.00000 0.22075848223839603 3251.28594 810.91191 0.08675
396.00000 0.3410663049609892 3464.84526 1196.94961 0.05743
63.00000 0.6813587128457141 3387.49063 307.45670 0.10151
52.00000 0.6555804189431147 1815.88815 1697.34549 0.04527
90.00000 0.5090113723942529 1652.75561 242.09364 0.08841
172.00000 0.3546008098421199 3496.80443 865.77902 0.03898
240.00000 0.3530410088325568 1475.38438 990.96415 0.06264
112.00000 0.5154649972664916 3540.54468 1196.58211 0.06587
560.00000 0.3462425738860385 2807.45549 1048.23561 0.03176
439.00000 0.49088410972760643 2507.78460 1087.24160 0.06449
429.00000 0.5421084591475671 2862.73833 379.67018 0.08658
268.00000 0.5057190932776736 3312.20551 765.59126 0.06418
445.00000 0.26166364077157833 3870.70754 618.15071 0.05414
93.00000 0.4856969244755296 2649.07053 576.50349 0.06265
141.00000 0.6119490221609615 2811.53707 806.62772 0.03518
74.00000 0.5345358886278277 1532.69244 946.59124 0.05997
360.00000 0.4427670144199052 3194.25300 902.59115 0.05216
446.00000 0.4138789897440955 1963.52608 732.81522 0.02827
159.00000 0.4092699001253388 4378.70463 599.46697 0.06195
78.00000 0.6163305831559217 2103.83941 1067.10362 0.03605
251.00000 0.33603835082456046 4858.04376 823.01988 0.05020
47.00000 0.671922207541138 4956.58460 491.69158 0.11537
884.00000 0.37473678197203086 1674.33112 521.39509 0.05010
1245.00000 0.32477742010003524 5107.12452 1220.45576 0.07344
278.00000 0.36939856735605864 5023.04494 1486.07254 0.04906
573.00000 0.4744548138844981 3615.06671 1034.62792 0.08194
219.00000 0.3207759980443617 5069.51969 929.65705 0.05703
327.00000 0.48169090517790497 3387.08354 364.10898 0.09355
501.00000 0.3542229134152856 2299.14655 311.91057 0.06489
55.00000 0.7766101834939219 662.20983 512.48921 0.03864
315.00000 0.509447085411883 3304.12296 357.79829 0.09388
14.00000 0.5077822252452361 4328.46325 632.81410 0.06708
376.00000 0.31268499344611145 2032.40970 902.38886 0.06438
10.00000 0.5308244690447474 3933.11080 487.62066 0.06981
116.00000 0.4602093991690075 5430.42950 819.77858 0.08845
117.00000 0.6589888973703333 626.66380 663.01149 0.02361
121.00000 0.5389029214505866 2453.44274 512.71456 0.08787
204.00000 0.5044959619255941 4806.50493 970.31711 0.07330
374.00000 0.2596435651114042 5545.37590 1700.22277 0.05539
63.00000 0.664048953623834 6057.61446 522.68476 0.14048
365.00000 0.44678300491635453 1042.02593 931.15009 0.06571
118.00000 0.4076994852758123 2422.59552 889.33131 0.05570
72.00000 0.42704358134826215 1214.01162 1032.08107 0.05680
300.00000 0.5177169315913412 1501.02882 903.51803 0.03444
442.00000 0.32310478413944277 2903.57024 1112.67843 0.05231
386.00000 0.2876559588094897 3925.29936 1114.36626 0.03167
486.00000 0.28425760187788385 4227.90805 925.82246 0.06628
574.00000 0.2544400292253829 3338.82674 1321.89437 0.04691
523.00000 0.28371320347811785 2733.49657 1201.16372 0.03189
725.00000 0.22000899965376866 2845.60439 965.39429 0.03173
450.00000 0.3723832018873082 2138.80142 770.37438 0.03305
256.00000 0.4235949790887281 3387.58505 779.47084 0.09640
15.00000 0.5108258268540804 783.30163 1672.17390 0.07506
411.00000 0.346979862004504 5487.47108 1055.38952 0.05919
99.00000 0.24767235482262298 1883.47695 1360.89917 0.06696
351.00000 0.38770923863303897 3999.85837 647.20599 0.06393
65.00000 0.5501912344463384 1579.59531 1064.50789 0.09487
321.00000 0.1445904268384834 1632.88562 904.09996 0.09352
79.00000 0.2754802882566036 7996.94376 827.87339 0.12772
127.00000 0.5921570494968911 2017.71557 664.22324 0.05439
691.00000 0.4436493253739423 1952.55983 687.26636 0.09365
684.00000 0.2874869193609098 4049.09448 694.20196 0.05875
115.00000 0.39204074317766363 2737.73953 1219.18514 0.03885
73.00000 0.5061762673261725 7414.85745 806.87378 0.15535
319.00000 0.247741406402609 2326.51677 654.79278 0.05076
210.00000 0.35562409632027686 4460.41719 807.38145 0.04789
241.00000 0.5127977215615785 1732.54445 623.24765 0.06293
345.00000 0.32371841117145633 3008.56597 536.98565 0.06588
234.00000 0.4382386933589876 1292.15245 344.09744 0.03520
825.00000 0.4193254310032689 2154.75882 272.79546 0.06920
124.00000 0.518572736310809 4254.36844 962.54420 0.08553
472.00000 0.21378679200509138 4757.99301 1436.30215 0.06651
75.00000 0.5878931192942645 1969.39949 1327.73197 0.05973
73.00000 0.41484747070454747 4679.30799 1132.70208 0.03774
171.00000 0.38701906547629145 2852.77419 1121.89075 0.02835
238.00000 0.3712116361971955 5105.46666 1059.97218 0.06123
290.00000 0.3741555453422211 2167.83097 707.16895 0.06404
119.00000 0.49193643175292795 4008.43737 758.70142 0.09646
63.00000 0.5048201828523996 6427.50271 1270.56933 0.12761
353.00000 0.26625465159988415 6078.90476 1300.53059 0.08093
81.00000 0.31580890274909107 1616.67530 839.76877 0.10456
324.00000 0.5663017224338134 3153.27259 1508.75366 0.13262
818.00000 0.33688068723644504 2825.76268 980.98693 0.05341
282.00000 0.39972766903986384 5028.22695 1277.60720 0.06083
189.00000 0.5031823686454343 3632.94946 391.44575 0.12394
37.00000 0.5601407873145631 5214.74003 606.98565 0.10581
323.00000 0.323577005160871 2417.21930 882.45609 0.05463
540.00000 0.30697806035381076 2444.52928 1005.98322 0.05373
395.00000 0.24128855645161457 5274.08214 1731.65309 0.05255
753.00000 0.3560427702632643 2392.56171 505.50166 0.07969
267.00000 0.3772184535991342 3037.07918 548.10071 0.07427
646.00000 0.3334298650237209 2413.18664 1062.86572 0.03078
79.00000 0.4109665235929387 5544.24900 708.51587 0.10162
285.00000 0.34217823254762303 4312.46356 554.12335 0.06644
664.00000 0.4132169275273271 2110.79687 994.43261 0.03501
119.00000 0.500052016067393 1693.18470 901.16078 0.00624
985.00000 0.10844516672512503 3673.11118 748.46184 0.06505
340.00000 0.45935562122668216 3027.78921 248.81458 0.11876
57.00000 0.521569499116488 2005.04330 1153.78233 0.05424
64.00000 0.5538351349114663 2896.26433 740.46383 0.07897
346.00000 0.4034523859929544 5895.49030 1150.80638 0.06203
468.00000 0.4732002687878369 3079.86651 1321.05559 0.04733
42.00000 0.5409476524022324 4826.25430 1609.06355 0.04301
372.00000 0.4318937359070162 3700.60542 643.78118 0.06710
233.00000 0.4043662941714147 1496.28370 167.18377 0.05733
264.00000 0.4862278039008497 4002.15430 1099.61085 0.04229
361.00000 0.3431556168108513 5088.97568 1077.83876 0.06292
136.00000 0.5206815936147888 3245.91885 627.04846 0.08487
45.00000 0.5775874517150676 1937.04117 1221.91047 0.05797
384.00000 0.4986730124069388 694.03761 1032.29761 0.05493
831.00000 0.42995099096903866 4279.71321 571.87825 0.10530
39.00000 0.5960892485672816 3690.74155 1268.33036 0.10753
375.00000 0.4210804708952289 2383.80044 1186.83891 0.06202
1087.00000 0.23136906902689894 2449.91917 756.82620 0.04354
283.00000 0.3696210178456268 3977.53989 754.25883 0.08449
339.00000 0.3718976136620106 4123.66226 1543.95026 0.04935
707.00000 0.44983840538036296 1701.27564 784.70971 0.04130
271.00000 0.4506913524224326 8250.87015 1622.99131 0.10231
1539.00000 0.2368278166189943 3821.93203 563.06554 0.07607
157.00000 0.3697006136843507 5942.84862 1328.30369 0.08879
42.00000 0.5377649077125658 4279.75181 384.83709 0.12864
118.00000 0.4326935912466732 2810.73817 770.14042 0.04824
192.00000 0.5705334340841244 1972.79950 1299.04132 0.06562
230.00000 0.4187164309000186 4091.91915 677.13905 0.04989
183.00000 0.3968862832762646 3783.92280 283.60221 0.10730
254.00000 0.440976963122714 2035.64811 315.81521 0.04788
529.00000 0.45296303785776043 3756.42018 1161.61124 0.06008
531.00000 0.4062711800964384 3077.33128 1524.95117 0.12269
559.00000 0.35609952999951977 5692.88007 808.08805 0.07140
89.00000 0.6061138969073423 3144.42450 507.04525 0.04122
350.00000 0.37427305536649297 5807.25912 552.80377 0.12089
243.00000 0.24109129367775725 2395.04984 978.98457 0.06169
17.00000 0.337398029939417 775.88201 723.84220 0.03970
372.00000 0.31085523473078086 2743.03781 669.00079 0.07527
107.00000 0.4901165385596489 2344.86333 363.02234 0.06981
127.00000 0.3283464011293498 3460.39029 850.01176 0.05202
311.00000 0.6031418290028832 2739.96505 1495.59880 0.03854
207.00000 0.3617953379473953 2507.03269 694.82564 0.05488
77.00000 0.4849453692364991 2799.55511 1434.85196 0.03998
489.00000 0.40780277930712266 4955.48824 1310.66212 0.07528
108.00000 0.36164203235003756 2586.99252 509.09459 0.04216
181.00000 0.1963441809655143 1032.67902 614.59940 0.04605
68.00000 0.5408408878230935 1971.20872 453.38802 0.06653
150.00000 0.6553665550223383 1524.28160 845.40878 0.03681
771.00000 0.2333710983541818 3110.41365 766.32615 0.03801
191.00000 0.38060072684123164 4026.76608 374.47191 0.09842
208.00000 0.45492919032822343 3422.52923 772.99349 0.04203
240.00000 0.4550404319145596 1914.11730 1046.30054 0.03743
200.00000 0.5120669198571968 7471.46277 606.26169 0.14759
455.00000 0.392164219522014 3082.61871 992.08820 0.04392
513.00000 0.307976693238219 2071.42311 424.00264 0.05807
185.00000 0.39822165479197474 3762.21481 450.77448 0.09575
482.00000 0.3981587767618466 3634.46315 1352.63517 0.03285
438.00000 0.26312411058860796 3529.46196 1392.92833 0.02875
429.00000 0.23094157801081813 4915.94839 1409.82166 0.05867
203.00000 0.5320092541239166 2483.53238 396.47442 0.04650
15.00000 0.7541546493287119 3666.00487 568.39248 0.08571
129.00000 0.4084302421109999 3603.59800 1328.73618 0.11207
636.00000 0.3787581613339065 3691.17437 1185.76875 0.05075
345.00000 0.35212935822464264 6103.54280 784.73364 0.08497
240.00000 0.5737452161602772 4449.11629 687.29059 0.09967
366.00000 0.38586627190389916 4997.71340 1105.81715 0.05161
373.00000 0.5241431415544668 3547.55025 823.96512 0.03571
377.00000 0.28899090083678425 5142.71009 1417.73750 0.06651
190.00000 0.5932654654933333 2478.03816 250.27689 0.10795
275.00000 0.4827999698385751 1346.90759 646.09997 0.05574
319.00000 0.38842997195219836 2787.29809 788.77570 0.04213
751.00000 0.2621083377038748 4898.03554 1104.35171 0.06680
175.00000 0.42050198539907563 1892.83909 1184.53589 0.06425
466.00000 0.3373622287230362 1821.96531 667.61528 0.04818
305.00000 0.3862435467198431 4009.38013 998.47121 0.07118
43.00000 0.5640389573486713 4470.22167 350.46241 0.10203
97.00000 0.2036767687219551 6044.83339 1184.68591 0.07815
349.00000 0.36558495960666754 1476.72612 781.81929 0.06762
397.00000 0.3968809677687518 3491.51322 1475.80739 0.08054
133.00000 0.5109684178848953 1853.51860 609.40550 0.02167
105.00000 0.791094705796136 338.59878 622.50378 0.04496
424.00000 0.4265498399333494 5019.99948 1109.52467 0.06293
535.00000 0.3199670338424513 2612.71138 1265.55793 0.08641
429.00000 0.18240623161680752 3956.37078 816.24164 0.09438
476.00000 0.24925306701439076 3562.32810 614.01851 0.06806
121.00000 0.5121880035358622 6607.09758 1129.41518 0.06723
511.00000 0.2788492544918044 2867.06012 973.14322 0.05255
57.00000 0.5924850031945028 1676.54953 1359.14209 0.07252
290.00000 0.4808401494770277 2198.81335 815.10891 0.06431
104.00000 0.4694272242594221 4327.91597 1941.41131 0.01931
52.00000 0.41520637178039277 3145.87042 868.41884 0.07334
168.00000 0.43756706658201516 6503.73010 1121.99665 0.07202
137.00000 0.41241248462550684 3940.25132 1639.45703 0.03416
339.00000 0.3650064774778593 5259.69535 1424.25859 0.06803
312.00000 0.22837077360801183 1945.62285 944.50158 0.06524
207.00000 0.37203915115746633 5328.23647 1089.31776 0.06059
590.00000 0.34471078408698735 3442.48842 1050.62787 0.03399
962.00000 0.37168258613609756 1271.38222 277.63570 0.04131
254.00000 0.4275796749790946 1132.72930 377.69832 0.04957
161.00000 0.5892855144957662 2197.05664 1395.57212 0.07872
10.00000 0.6302973056383478 2396.77896 747.67185 0.03080
155.00000 0.3613634412348179 1593.45213 963.47563 0.06751
114.00000 0.5422896670062244 1604.25623 800.21383 0.02128
302.00000 0.4837870083320059 6288.42562 1008.06068 0.08574
155.00000 0.5218138167366738 3350.43196 505.47723 0.07733
204.00000 0.4926822864654566 5619.96767 1008.71527 0.05828
16.00000 0.7891746367123684 3279.18313 459.19754 0.11242
22.00000 0.7352052462514777 1965.02306 413.86237 0.07214
832.00000 0.444374803772302 2180.61082 770.23757 0.09630
263.00000 0.5524179819597579 3232.16974 1954.75681 0.05378
415.00000 0.44751767815344784 3318.27328 1006.46460 0.08163
488.00000 0.2378726929804655 4245.34618 608.96865 0.04970
64.00000 0.6041579414000571 1944.39344 736.84742 0.04292
241.00000 0.4970072038287338 2155.15380 772.64767 0.04871
359.00000 0.2953553249823423 5342.08573 639.54105 0.09607
425.00000 0.4115273648127439 1977.45309 831.88496 0.03462
181.00000 0.4461533089081273 6687.51984 922.64864 0.08315
712.00000 0.3669420759561637 4202.64564 1037.59740 0.05356
800.00000 0.3162041351599802 2575.31070 858.56635 0.03663
628.00000 0.18694126516448328 4928.10344 978.77367 0.11184
134.00000 0.4985495856608289 3996.57530 562.53108 0.05268
52.00000 0.437572748812177 2263.60006 1017.73360 0.01172
571.00000 0.302150030554181 5542.05412 715.82257 0.11251
176.00000 0.4154438512113161 3464.10268 662.24651 0.06144
132.00000 0.451454004953369 5930.31533 1156.19650 0.04730
623.00000 0.28967628545327145 3081.27114 1135.57849 0.05520
336.00000 0.2295631301825468 4023.18480 1323.72560 0.08218
411.00000 0.4228863771118757 3243.10373 1089.36033 0.03376
877.00000 0.36875329643200433 2878.27336 904.12094 0.12336
220.00000 0.4397489555160913 3949.52524 807.66694 0.08154
339.00000 0.3750992189451378 4752.70308 776.93502 0.05729
178.00000 0.5304124321555379 4948.63126 404.04356 0.11881
1071.00000 0.19296421995092844 4107.85761 542.07722 0.10305
123.00000 0.5298413276552414 4972.07876 1644.49683 0.04984
482.00000 0.4458377961492072 4016.60551 1182.61088 0.03939
635.00000 0.256032323869791 2982.82397 703.56728 0.04899
76.00000 0.49583466435684836 7056.53598 721.74776 0.10641
363.00000 0.23390670221503782 744.41300 445.45998 0.07182
197.00000 0.5340288519054218 3589.00571 1192.04376 0.06179
75.00000 0.6289668704005266 2013.64764 1076.84918 0.03545
103.00000 0.5093568755058931 6600.64967 1274.77712 0.11226
219.00000 0.5768889944971374 3401.92873 816.81136 0.04593
209.00000 0.48556184863669055 2661.57402 1057.69471 0.08571
490.00000 0.2710605819404625 5572.33143 1377.45398 0.06857
90.00000 0.4111708744715835 2860.78872 1150.35844 0.07388
845.00000 0.48657760515935305 1182.00162 275.88375 0.07039
155.00000 0.5337728512973255 3867.86466 1248.30697 0.06444
128.00000 0.4095008741080153 5573.36716 906.29985 0.06832
453.00000 0.24423241599526935 3369.89307 1387.12992 0.04711
623.00000 0.3958941490560052 1183.73626 598.34267 0.05684
186.00000 0.2799521251887432 1864.58669 1539.03314 0.08571
270.00000 0.42234463381096726 3325.22054 775.35347 0.07687
1153.00000 0.29718190729836713 4497.08643 1283.03501 0.05751
172.00000 0.4512280302902432 2726.19632 437.03774 0.06063
75.00000 0.39869899311850354 1133.46527 549.54554 0.02817
90.00000 0.4865570978234541 3734.72107 1422.32690 0.04503
116.00000 0.5826821477939889 5576.87516 471.83281 0.12650
574.00000 0.22810708084088469 4156.88035 210.19106 0.11967
117.00000 0.605507474835003 3156.48532 1509.70568 0.05460
717.00000 0.26906476791759426 5116.99865 807.44359 0.10032
43.00000 0.7303835413700724 3439.11078 386.32876 0.09062
431.00000 0.4351006891229287 4643.77408 1170.06679 0.05375
710.00000 0.43218679900999646 1673.26004 799.88121 0.04263
141.00000 0.5363662802963607 3081.04206 439.43146 0.10398
566.00000 0.3581247476104577 6929.22309 614.86359 0.16052
28.00000 0.40631006295730027 1256.49548 1638.13590 0.12970
108.00000 0.5133337198133233 3209.39450 979.55945 0.02375
85.00000 0.5847935029628966 2988.80017 1350.27704 0.07183
96.00000 0.47237386053303954 1405.34873 591.35366 0.02440
321.00000 0.24573559575621506 3285.57002 475.86726 0.04865
