1872.00000 0.08295536677508748 3745.09269 504.25928 0.06567
930.00000 0.355999588545835 4650.47201 780.03942 0.06518
2116.00000 0.06055651715152109 2430.81469 326.20930 0.05999
1400.00000 0.3162329403546362 5038.73803 1425.18225 0.07677
516.00000 0.16844005739810433 1289.17259 234.25623 0.04938
2146.00000 0.06339050231479712 3234.49726 746.64907 0.04571
1541.00000 0.05566441874962516 5378.26621 726.54608 0.12188
2263.00000 0.03860568436334106 2300.94639 693.84420 0.03913
1292.00000 0.11137796983818062 3320.73166 698.91635 0.08062
1233.00000 0.19603166358998178 2646.73599 880.42879 0.03696
1712.00000 0.21737094088974654 3201.43819 1088.65540 0.05038
913.00000 0.10102275971955164 6112.06730 1465.64560 0.08251
964.00000 0.1301227332375521 6564.27336 970.29796 0.06364
2099.00000 0.051889859313170986 2651.79804 715.22008 0.03846
1764.00000 0.1684774826901788 1166.10523 288.55406 0.07226
1078.00000 0.09477071606844449 4321.11468 718.58701 0.07470
1799.00000 0.1038832959436364 5137.76546 758.93068 0.05439
2222.00000 0.047989145202500694 3778.19982 828.87552 0.07796
1562.00000 0.07982495467651579 2111.05744 929.55929 0.10312
2519.00000 0.0506231506310549 1562.00800 706.19090 0.06486
1142.00000 0.0863334666404279 3488.75023 472.65497 0.07585
2273.00000 0.0970944145629671 1714.22823 543.73180 0.02197
1098.00000 0.06040026589522196 4112.74530 623.51835 0.07420
1483.00000 0.06429540876163554 4397.54432 626.25424 0.10760
1446.00000 0.12128585890404686 1823.49104 403.81268 0.05226
1404.00000 0.06941578235546202 3923.59743 506.69473 0.07555
918.00000 0.09027125325829063 5111.88357 1147.08565 0.07674
1215.00000 0.07128872627414745 4618.55532 923.05007 0.05974
1412.00000 0.13600067802452998 3094.75780 874.33744 0.05084
1621.00000 0.04806458532219605 3618.33521 648.68821 0.07045
2269.00000 0.11440760062852559 2146.31423 790.35389 0.04441
1259.00000 0.08591962273398349 4589.65598 932.20573 0.10253
2128.00000 0.05918852074889012 1513.07298 669.43409 0.03832
1313.00000 0.05007965334564351 4630.64491 588.69629 0.08298
1527.00000 0.07602373853437583 3276.69617 753.92037 0.08329
2250.00000 0.04636920921944055 2116.47725 654.24709 0.04713
1098.00000 0.39786166227643416 3835.79805 1028.96284 0.05026
839.00000 0.1589148712098069 6776.24648 631.41278 0.09814
682.00000 0.19322029315556616 5745.17380 934.38708 0.08026
942.00000 0.3144480637181802 1333.53044 180.82662 0.04480
1219.00000 0.09280863606587593 3457.63263 464.87747 0.06251
730.00000 0.15060200711112057 1597.11833 579.89267 0.03459
960.00000 0.08505099855923719 5367.28405 479.36011 0.12062
1194.00000 0.07492397375986397 5565.32226 1145.24120 0.10550
1737.00000 0.11138957436860437 2247.48360 365.34797 0.04037
729.00000 0.35786777076908594 4834.30155 785.12401 0.08630
934.00000 0.1167992325727881 3713.43297 603.37681 0.04500
1608.00000 0.06800558616518196 2170.12616 453.56133 0.02720
1456.00000 0.04633736301647655 3400.46788 757.73095 0.06720
961.00000 0.0712471464674619 3321.23431 813.62020 0.03914
391.00000 0.1296408752522056 2028.57437 634.02465 0.03356
1129.00000 0.1317116214656745 2033.53151 600.81895 0.03700
1727.00000 0.17639781993538836 3077.78542 396.21385 0.07982
1023.00000 0.09704149616295024 2990.09864 306.35011 0.05571
1546.00000 0.09337485391298109 2710.26459 1003.24709 0.04444
1569.00000 0.19332767875245402 3917.25263 1056.95468 0.04091
1157.00000 0.12440652930053311 2013.76175 885.45517 0.07398
765.00000 0.11022217856059124 823.44063 348.57310 0.01356
1473.00000 0.08711013488093547 3976.86986 902.40002 0.04603
2461.00000 0.06666110980340213 2590.03648 746.56538 0.02666
1034.00000 0.1037489773090689 3415.27209 384.60827 0.05842
783.00000 0.4473053416588427 2510.43073 230.20883 0.05297
2010.00000 0.0579848054145356 5649.17371 640.17590 0.07947
1775.00000 0.071644863359495 1398.72991 569.60987 0.03632
1528.00000 0.1083465949461271 1840.30696 589.15857 0.02605
1201.00000 0.19433770624054 2165.79649 465.72543 0.03750
2291.00000 0.0758780438265626 1675.43347 725.76814 0.02221
882.00000 0.06274786188444118 4237.95977 808.77238 0.04273
1830.00000 0.08469579640913599 1872.95709 338.88740 0.04820
689.00000 0.12917911748178815 954.49421 610.66269 0.02495
1616.00000 0.06526225337276262 1488.02462 672.72588 0.03411
1423.00000 0.12315246752831607 3554.38839 795.27478 0.08460
1577.00000 0.07988730800455242 3136.00991 601.53153 0.05839
1546.00000 0.06985903096994736 3220.98685 556.64712 0.07383
1958.00000 0.10462920970325296 3788.02076 789.15793 0.07778
675.00000 0.11127269564921384 6014.71991 596.70168 0.12109
2006.00000 0.06557320734239741 1962.55497 757.23430 0.03984
1041.00000 0.0937829563398182 5248.19355 752.26852 0.08092
1233.00000 0.0815407926703673 4980.88269 658.31831 0.07531
1101.00000 0.1530092809069772 2593.48597 243.07778 0.10324
1810.00000 0.0608730008017832 4527.78994 883.90748 0.06693
1210.00000 0.054642770355746585 4783.87241 986.79370 0.08356
1804.00000 0.08153708123809252 2938.52415 1059.52695 0.03097
1555.00000 0.09572370876444457 5920.59915 709.03708 0.08780
1141.00000 0.07012735712705921 3008.52285 634.55746 0.03680
868.00000 0.20106198678974263 1484.97659 717.28668 0.03549
1344.00000 0.1833330589800823 4073.93387 398.61938 0.08892
1170.00000 0.11626534276488545 1854.57148 387.81255 0.03878
908.00000 0.08751192988993467 6825.40613 1222.95155 0.08969
1150.00000 0.08758039046924268 3828.43788 1110.29612 0.04157
813.00000 0.1272137465326045 6436.62737 956.73677 0.07029
2253.00000 0.04519830742801875 2279.61460 714.68965 0.05518
1305.00000 0.08782679749975997 2771.61201 672.14939 0.04384
1981.00000 0.046508839129809215 3248.47054 771.34348 0.04194
1590.00000 0.17440552762197162 3982.37417 908.81121 0.04179
1795.00000 0.12784957807613032 3515.63338 536.20979 0.04419
1681.00000 0.16289308164063654 5235.74186 723.46360 0.09310
619.00000 0.19672001765013064 3358.02703 378.76747 0.05554
1435.00000 0.13376207355808287 3811.84483 1147.68346 0.06580
1614.00000 0.07837130267893144 3584.85788 526.44295 0.05285
2004.00000 0.05461684505736114 3679.45015 777.63982 0.07362
2104.00000 0.06365742014156603 1663.29146 569.02909 0.03648
1060.00000 0.07651141701723238 3135.19724 669.39007 0.05796
1690.00000 0.06439029636228492 2299.40846 740.30796 0.03188
1333.00000 0.10210772704485667 1935.45451 755.06453 0.02883
1226.00000 0.10059070864298535 2043.05580 560.19348 0.04591
1047.00000 0.06037961805918859 7101.65285 811.49148 0.11786
1289.00000 0.09167804654743317 3436.06929 701.82878 0.05148
1717.00000 0.10851178143439048 2725.50741 473.74973 0.07342
1944.00000 0.0847760220809059 2659.66438 450.03050 0.04393
1861.00000 0.05845472842214307 3882.55538 425.33393 0.07481
1250.00000 0.1523486487944765 4583.76792 619.00452 0.05311
1331.00000 0.07677964525511013 3847.90117 867.00327 0.04313
1578.00000 0.13475739736834508 4080.15581 886.80574 0.04918
2118.00000 0.043712324035437546 2965.04754 1261.09330 0.03760
1363.00000 0.2447631565184471 4575.49119 604.32093 0.10815
796.00000 0.1927186694008265 7001.57431 1027.88603 0.07874
1939.00000 0.05756826286340555 2388.85252 1147.56039 0.03870
676.00000 0.11462800302796616 2259.33422 385.91959 0.07479
1590.00000 0.09987714613853943 1612.82693 302.79626 0.03850
1583.00000 0.09691357807246555 4663.70210 648.37166 0.10149
2183.00000 0.06144192480656418 2103.72340 789.36051 0.05227
1173.00000 0.1244574895145059 2415.93470 796.26409 0.03357
899.00000 0.23817457625169286 5793.83693 890.35803 0.11731
1281.00000 0.08957999492202624 2516.39232 322.58406 0.05373
1349.00000 0.09952917781914775 1728.50749 856.17744 0.02617
2128.00000 0.0575537329942421 1749.32691 434.31643 0.03935
846.00000 0.18413872272218376 3866.62179 560.00056 0.04093
1466.00000 0.12778106360876498 6548.24527 742.26003 0.11215
2261.00000 0.08132727606966837 3020.69355 384.88313 0.08332
1189.00000 0.18595877644547332 6488.92898 850.26183 0.06725
277.00000 0.1995449650838122 2918.34750 953.24579 0.03943
1522.00000 0.07331293536953952 2117.40039 535.98107 0.04041
2323.00000 0.046111165731878435 2783.07478 688.00989 0.05073
2395.00000 0.07153812088118043 3425.53267 564.52116 0.09312
1299.00000 0.08715894681513846 2620.01014 849.62419 0.03799
1578.00000 0.061360046879187946 5118.64093 461.85390 0.12113
848.00000 0.11755756958322847 825.13872 639.68880 0.02850
1913.00000 0.06473459570611585 1948.06378 767.23167 0.04288
1633.00000 0.07580367957717114 2690.72556 647.18948 0.05457
1321.00000 0.10959656142292253 704.28908 427.64830 0.01773
1301.00000 0.15430430648527177 5236.78359 717.81212 0.07888
1617.00000 0.06678868569470509 5791.57239 581.18837 0.11776
940.00000 0.1428430822730276 6289.70756 1128.19110 0.07629
996.00000 0.09767019531303221 6238.45730 1291.04687 0.09059
110.00000 0.16854762334778253 700.19702 447.76269 0.01588
930.00000 0.10047188234356688 5422.74909 470.87651 0.09606
1987.00000 0.060545342882359215 1020.39939 649.82367 0.06117
1194.00000 0.10085055956418185 2881.04306 566.36476 0.03555
1623.00000 0.10184062465811168 1318.67178 447.04283 0.02376
1765.00000 0.14064890068388367 2044.53076 315.60290 0.05053
1956.00000 0.08426429553890262 2304.09976 498.31917 0.04635
1023.00000 0.1347989156541549 2927.08548 392.21258 0.05084
1725.00000 0.09003020663916093 3759.52424 529.22391 0.04973
1124.00000 0.16904105058405744 4277.71027 891.51805 0.05057
2294.00000 0.058012329805156616 1317.53957 540.17178 0.05141
1799.00000 0.08063461699609688 3042.69812 369.32283 0.11005
1760.00000 0.10514789040339781 3504.30978 1355.30139 0.02978
1799.00000 0.08842982877423647 1385.26857 617.73005 0.02274
980.00000 0.10916057107312803 1150.93255 238.07193 0.03478
1122.00000 0.1115627899420334 2566.59988 500.17746 0.04586
1665.00000 0.10050796284365011 2347.50311 715.94108 0.04140
1108.00000 0.09102048989436437 3442.40529 935.25914 0.04750
1744.00000 0.07453434416109889 1493.55186 646.65909 0.05766
2354.00000 0.06641154821985047 1644.18091 735.89739 0.03918
2407.00000 0.07060079714535723 3384.63217 573.61328 0.04430
1770.00000 0.09315784153696754 3960.76114 442.68002 0.06498
1744.00000 0.1364318458273905 2091.86339 441.01544 0.03486
1159.00000 0.21059818010343634 4765.14810 811.51105 0.04851
1357.00000 0.11228750700405288 3489.99838 508.11094 0.06076
255.00000 0.3793872649628171 4400.97458 330.16857 0.08240
1977.00000 0.18203729114141198 5453.26749 772.84231 0.07884
2038.00000 0.11010630200015463 3478.18084 491.92088 0.05072
831.00000 0.23832934339172016 4858.31803 401.22505 0.09098
1086.00000 0.1392936316421673 5933.12145 609.46146 0.08366
1831.00000 0.07788000322293206 927.20107 651.56362 0.03090
635.00000 0.180576870903954 6489.44882 740.53548 0.08107
1299.00000 0.08363353982281921 1767.54314 378.75819 0.05073
1263.00000 0.15728137790624197 6007.30158 818.10161 0.06417
1575.00000 0.06018421088458573 4558.52251 645.92166 0.11499
1441.00000 0.07582160153171294 2409.48657 307.35455 0.04268
893.00000 0.10355903373638917 3464.38653 940.26533 0.08858
992.00000 0.04130519223585407 3588.65435 742.47154 0.04383
1388.00000 0.05254832770860093 3010.00732 642.04522 0.06796
1335.00000 0.09682637561195132 3906.87700 637.47126 0.05655
628.00000 0.1425949671885672 3304.43837 675.18736 0.05230
1341.00000 0.0902218651561441 4013.76743 823.97076 0.05082
1713.00000 0.10392512465529051 2221.41920 375.81422 0.06801
1656.00000 0.05382875540382271 1717.85474 746.55702 0.03776
1056.00000 0.16518585049098314 2547.68749 477.31550 0.06302
654.00000 0.1009085495587896 5689.71218 895.68849 0.07373
915.00000 0.12175513583780798 1133.42308 683.27678 0.03032
1512.00000 0.07576686509626848 2483.36561 531.51649 0.04767
1273.00000 0.05985792451942421 1987.05119 474.06232 0.07762
733.00000 0.14616729106012916 1136.19421 620.25711 0.03177
2309.00000 0.041127263998177004 2027.33515 382.99948 0.06557
1437.00000 0.08919264679300248 5104.40634 705.17306 0.10370
686.00000 0.27360891861958997 3753.57789 807.39427 0.03777
1225.00000 0.10947236681226973 2432.09182 490.60085 0.03335
1488.00000 0.0457440615407233 3086.10509 747.91933 0.04626
912.00000 0.034118394962013146 5224.57630 787.53240 0.07829
1129.00000 0.10207225063438519 6425.17829 929.79003 0.09439
2048.00000 0.10655311231593897 1226.51712 350.04725 0.05731
2631.00000 0.10315012135260622 2333.38306 728.43422 0.05262
1215.00000 0.14958158078937117 1548.85099 753.27127 0.01663
1356.00000 0.12024935555643831 1832.05620 488.31370 0.04735
680.00000 0.1982153689569135 5398.78610 678.30925 0.07423
1242.00000 0.11574365359415474 929.63959 377.39644 0.02712
815.00000 0.21678282993552656 3360.03083 424.07744 0.06087
1332.00000 0.09426395154578988 5429.09272 1185.99400 0.10589
1756.00000 0.03215600071115837 4503.50077 1208.83613 0.08232
1685.00000 0.092225955912761 4494.88110 751.97926 0.04993
1408.00000 0.07180387147070783 4114.45960 849.97766 0.07990
1464.00000 0.0704763420001973 1614.37839 261.73719 0.02476
319.00000 0.41646477370499646 2754.83439 279.20177 0.07521
1790.00000 0.1170654518890165 3751.48207 749.98714 0.05978
1874.00000 0.06357188832073862 3912.47631 743.68805 0.08093
2045.00000 0.0771877488948692 2664.97700 732.55323 0.03167
1440.00000 0.0887118059708172 2630.37838 526.78641 0.03571
926.00000 0.158622502167518 4050.10808 702.88357 0.05899
1755.00000 0.21800878330279755 4908.88878 765.59943 0.06475
1392.00000 0.09409708263983817 875.44717 501.82383 0.01959
1707.00000 0.1412120493994915 3996.74144 678.84460 0.07800
1597.00000 0.0749879298075265 4489.97314 708.18921 0.07008
1960.00000 0.0721850424573819 1950.73494 615.90647 0.04730
1526.00000 0.14429655139580208 3311.38421 675.08970 0.08958
1434.00000 0.12226597170310988 800.53342 126.96606 0.04045
1540.00000 0.10780784792389463 2836.88077 728.15788 0.02614
1776.00000 0.09342842217733364 4240.69908 983.67193 0.06792
1471.00000 0.09498225266775244 4854.62729 941.16406 0.06783
1009.00000 0.11508872208105925 3326.95229 546.31893 0.06882
2577.00000 0.05190408217567462 2719.38152 662.27321 0.03212
898.00000 0.18895466007498662 986.52504 209.79578 0.04602
947.00000 0.12868982890516892 3684.13459 964.67720 0.05391
1105.00000 0.02560675531514146 2999.61492 830.56670 0.06045
573.00000 0.1284542886127041 1701.25704 338.39341 0.04277
958.00000 0.1422327685289289 2366.13954 611.40359 0.04917
1153.00000 0.1828551172887442 3526.92213 955.84552 0.06597
649.00000 0.1499714768289322 2543.03381 391.42992 0.04132
1208.00000 0.1114282226012021 4341.02185 861.43461 0.05387
1603.00000 0.10632950841164307 3052.60419 1225.53761 0.07345
1617.00000 0.1352670750982291 4364.08682 693.67568 0.07817
937.00000 0.15277130729422597 1630.91876 576.42610 0.02768
1868.00000 0.07929021681609506 3674.21051 882.66402 0.04775
1956.00000 0.10372052607011539 3225.65061 764.52110 0.03736
1033.00000 0.23156989196482172 3909.34077 776.61082 0.05575
1634.00000 0.07776381789367295 1064.86643 637.59676 0.04094
822.00000 0.11873343401820494 2997.76979 594.13815 0.03075
1499.00000 0.060600987728686426 2604.32541 715.00582 0.05876
844.00000 0.10184898372119343 1236.64917 689.04398 0.03118
388.00000 0.13462510545166903 1514.27162 336.24779 0.07132
637.00000 0.14266382043968368 4465.51765 937.14774 0.06681
1627.00000 0.13954134962582962 3030.64362 924.77284 0.04041
1683.00000 0.10450509822890404 3598.45969 706.34107 0.04907
2467.00000 0.057119568486549525 4567.97791 1416.85191 0.06347
1136.00000 0.048059997113708675 4338.96734 663.27986 0.07998
1356.00000 0.08387244617732706 4610.22535 788.16186 0.05423
1314.00000 0.0625103371985868 4841.93235 697.62374 0.09811
1797.00000 0.08323686644218477 1835.52956 732.39175 0.02980
1793.00000 0.05198413858548589 2560.05600 856.10691 0.04335
1437.00000 0.15703359111108373 5782.22613 543.70313 0.06685
473.00000 0.2513679257043 9019.05897 953.86442 0.11953
1242.00000 0.0906884059092232 3846.09622 909.75974 0.03734
961.00000 0.05674019303388819 2732.81492 434.10906 0.07028
1083.00000 0.1259229228449986 3332.06665 1093.89310 0.03836
1564.00000 0.07206869727344908 3057.12865 699.01675 0.03324
2108.00000 0.06359124891032682 3835.18795 722.97909 0.05457
974.00000 0.10075353773026022 5258.39885 458.38243 0.12321
1237.00000 0.1389565591282499 4372.74024 685.71037 0.06269
1238.00000 0.15033573262464284 4489.61287 906.67478 0.05102
1363.00000 0.06343479232606034 1828.50996 727.56124 0.02632
633.00000 0.17351170515000314 5068.30339 514.40776 0.06974
1779.00000 0.04874847818826416 2109.99006 718.81780 0.03669
1301.00000 0.09496896659174417 3607.40508 719.68801 0.10072
1012.00000 0.08249387787100099 4208.63360 889.27618 0.05300
868.00000 0.42399693446051356 1571.85005 337.57937 0.05246
1840.00000 0.10137711455735045 3014.35552 1073.34230 0.05711
790.00000 0.13751332305036912 5370.45890 268.15412 0.13120
818.00000 0.1517299365505313 5494.23560 756.84452 0.05752
863.00000 0.17735226986575686 3958.24392 698.05293 0.04074
885.00000 0.185169305497977 2748.49005 274.32978 0.08097
1317.00000 0.13268323165001175 7053.20894 1141.18966 0.07240
2274.00000 0.045536852450395834 1240.29219 812.43285 0.01920
550.00000 0.15097503500248333 8816.76271 938.36777 0.08921
1440.00000 0.12655410129133599 3103.82744 815.36182 0.06048
929.00000 0.12929640800425987 2602.02277 550.81984 0.05143
642.00000 0.24417896461102304 2676.48110 286.65071 0.05500
1305.00000 0.10908367749794137 2799.92499 821.92434 0.03390
1869.00000 0.18270955341746015 5754.63927 1226.65064 0.07633
952.00000 0.1780533949331225 1587.75302 328.38757 0.03134
1787.00000 0.11666574695055221 2680.56061 880.99934 0.04806
1971.00000 0.15437710080517833 4390.18829 1134.70551 0.08863
