410.00000 0.3952979293716189 3081.76403 695.86630 0.07190
777.00000 0.3266531593815091 6483.25315 816.79276 0.11004
680.00000 0.2957262141119592 6468.08438 825.27016 0.08490
613.00000 0.2382222105757654 4287.10143 655.13189 0.06795
580.00000 0.3820212369909674 3718.94842 589.38892 0.06397
378.00000 0.46857052687454415 3277.33394 770.27888 0.10279
321.00000 0.31568582456568467 3048.81699 872.14417 0.07142
256.00000 0.34221807255534553 4757.27927 748.43239 0.08237
356.00000 0.4387855009088433 5822.85553 968.18369 0.10298
450.00000 0.32226228953860425 6417.71676 891.49782 0.06508
636.00000 0.30413474857172884 2936.06042 764.98698 0.07791
767.00000 0.30076517216896126 4915.94805 862.82121 0.08454
608.00000 0.2492739418348547 5132.76280 851.56005 0.05652
858.00000 0.21047268687718557 5778.97290 1021.06238 0.08922
645.00000 0.33989504574536505 3472.48913 507.37587 0.08425
376.00000 0.17127432210970062 5939.17430 716.81562 0.08747
345.00000 0.3267836259878472 4369.79238 1371.58567 0.07715
595.00000 0.25795256042917086 4719.91313 868.15189 0.08256
675.00000 0.2629555145820342 4633.32148 653.64610 0.07196
403.00000 0.22422749880574963 4086.18776 754.37340 0.05151
596.00000 0.2854979762507351 2554.06288 671.56348 0.07020
496.00000 0.3216636351974939 2880.82800 762.98193 0.08973
361.00000 0.2838455597368292 3545.88027 613.31295 0.07180
473.00000 0.2520004226501293 3572.99431 735.32729 0.07796
661.00000 0.31030732109832787 5485.65066 911.01269 0.06434
267.00000 0.24268323906889314 4629.31650 647.51300 0.07221
424.00000 0.36342660889131356 3945.21134 1217.37860 0.09098
537.00000 0.3369355838491164 6541.40928 998.82084 0.06863
528.00000 0.34504116568435866 3870.53479 472.12477 0.04963
426.00000 0.26898364684205717 4777.85219 1163.48328 0.07671
441.00000 0.3449989300429068 3909.21863 681.07805 0.08379
482.00000 0.3888099917103692 5851.86570 774.82514 0.08620
591.00000 0.40580528589807324 4326.37321 795.10687 0.07590
723.00000 0.2977664507662148 4718.12841 565.70987 0.06868
639.00000 0.37173158356031266 3780.67684 548.35245 0.05527
572.00000 0.27448540884311423 4114.04168 594.84794 0.07150
725.00000 0.2598986528092958 5935.44346 818.20300 0.06807
388.00000 0.40056731874608237 2796.29836 378.41588 0.09001
369.00000 0.4398147434210573 4222.09123 864.88641 0.05496
549.00000 0.2689892727100082 6092.45939 722.24649 0.11776
510.00000 0.28902633776559267 2792.08568 805.15551 0.04601
262.00000 0.34322344672058275 3995.06598 857.62588 0.06603
442.00000 0.47666365744785627 4265.75074 958.86793 0.09092
637.00000 0.37936448276146534 4854.18821 600.04959 0.06534
399.00000 0.43253566731830007 4352.60801 916.90044 0.07085
404.00000 0.296031831651735 2347.07908 467.66130 0.05050
449.00000 0.24090403633220053 6422.52591 1009.52229 0.10470
686.00000 0.23651664555693078 6006.10139 1044.84535 0.09899
701.00000 0.22610561632462783 4581.37493 643.19027 0.06719
691.00000 0.2763375167901578 4057.98966 476.24940 0.06327
591.00000 0.39677622529860795 5304.01059 732.55783 0.09620
656.00000 0.4072667895289547 6533.94924 906.88945 0.12064
534.00000 0.16964024043855644 3968.21104 626.84747 0.07410
344.00000 0.39692938582683546 5838.59474 964.99049 0.12235
717.00000 0.27345227731741223 5002.97706 660.62933 0.06742
324.00000 0.31372813357353957 5713.66915 1025.66517 0.09360
468.00000 0.2472254844971736 5597.69289 746.85885 0.08125
571.00000 0.37294117616086997 3862.29824 671.73087 0.08997
502.00000 0.2911055324860093 2530.97648 610.23344 0.06929
378.00000 0.3508532495902621 6461.59221 781.20216 0.08877
568.00000 0.31537260987530513 2618.86045 771.89508 0.06727
492.00000 0.39040595290619345 3607.86609 677.59846 0.06464
369.00000 0.36164683166436346 6976.44099 778.02499 0.07121
491.00000 0.19444140506756413 2601.56404 429.51347 0.06380
440.00000 0.3870964055766083 3431.30410 757.93176 0.07364
461.00000 0.37775456673396124 5160.61178 886.61700 0.09145
583.00000 0.265081486038254 3608.06623 576.14430 0.08856
618.00000 0.29538544906630115 3438.97177 716.99252 0.07059
505.00000 0.2785299756991495 3809.20638 853.92159 0.08444
453.00000 0.32024442503730655 2892.34374 704.66973 0.08623
436.00000 0.28826450923050406 5873.09451 777.65427 0.10792
389.00000 0.2967695916597417 3296.69959 737.16094 0.09098
601.00000 0.3080719425433155 4445.01469 1102.43255 0.07482
573.00000 0.30491115153130155 3198.46312 376.09227 0.04632
547.00000 0.31021256957271515 4370.01217 582.32580 0.05945
316.00000 0.2963444179341687 3419.50282 880.60175 0.07700
632.00000 0.38933269343308247 5276.68774 722.54724 0.10498
479.00000 0.31666384715977 4482.45012 747.90734 0.08315
535.00000 0.24321422496439782 3735.16421 786.21595 0.04522
361.00000 0.3670308099344257 5966.00922 775.14304 0.09123
436.00000 0.4249299127323922 1530.34983 403.91354 0.06055
577.00000 0.3398549004433772 3333.54649 645.95792 0.06596
453.00000 0.3047730217219344 3164.61224 797.53170 0.07927
153.00000 0.49173778240204136 1727.73649 789.01313 0.08141
376.00000 0.37117745182996403 4953.32407 832.40540 0.08117
408.00000 0.3668350610461319 6691.19878 945.86952 0.08252
650.00000 0.3331644910626645 3791.87304 631.82558 0.06268
515.00000 0.23979091088798543 5883.59044 705.42807 0.06481
420.00000 0.3122281845870716 4632.72709 724.70106 0.06931
489.00000 0.19764081738368314 5374.04706 624.25364 0.08544
556.00000 0.19360693252881495 2449.24094 797.10450 0.03651
717.00000 0.285216944848509 3473.31284 518.88860 0.05811
346.00000 0.2809713771797296 1394.26369 241.68161 0.03684
610.00000 0.2865925528916838 4076.52869 801.24509 0.08681
514.00000 0.25464677716768974 4414.50827 1136.91929 0.09328
273.00000 0.3296257303505734 2049.57299 673.70575 0.07708
539.00000 0.45162541839192527 6827.55262 1209.10531 0.11258
535.00000 0.19251123557081576 3836.07786 597.08172 0.03846
537.00000 0.275297375401324 4254.34271 985.93483 0.08037
317.00000 0.48061124348179024 2320.13903 290.14895 0.10140
432.00000 0.3106224011519443 2626.16696 668.38375 0.07285
781.00000 0.2420307667610439 4848.63611 698.59245 0.07310
531.00000 0.22627562876866433 4030.91154 632.55578 0.06821
630.00000 0.272116270699062 3012.23890 651.88917 0.10679
412.00000 0.39564544155438397 4038.38909 698.80740 0.08816
229.00000 0.40393394562089313 5287.35179 890.93503 0.09423
472.00000 0.2196652364905453 4116.17317 774.80119 0.07112
300.00000 0.5855367952141706 4760.85451 1101.43560 0.10714
683.00000 0.2862308137760695 6738.15728 857.67867 0.08287
571.00000 0.32302025104563026 3078.73031 670.96248 0.04978
126.00000 0.47791701277796556 3317.38577 1098.29223 0.07916
456.00000 0.206448268924679 5169.28425 1013.38882 0.08115
596.00000 0.44002869576118947 5264.24459 682.64941 0.09185
436.00000 0.39510602055726474 3974.44278 1110.99264 0.05886
680.00000 0.22936002300203828 2790.01154 776.02696 0.04794
454.00000 0.3314848312115029 7844.61439 1003.57755 0.08637
287.00000 0.22767099108621702 3566.07933 962.21490 0.06389
467.00000 0.3308993138351914 1500.56403 298.90344 0.07346
273.00000 0.3656290697326383 3562.42884 758.69881 0.04368
712.00000 0.2874465997520509 3590.12930 597.87803 0.06434
707.00000 0.2915649314709701 3567.11745 512.91693 0.05053
665.00000 0.25304103404090145 4854.17372 768.43719 0.09255
222.00000 0.3091171585159081 6926.45233 1090.05274 0.08567
384.00000 0.3830336484647523 4151.34010 814.55639 0.07533
445.00000 0.3340993928331918 5258.39807 757.57648 0.08904
404.00000 0.1997503475720316 1127.49206 337.94045 0.02819
576.00000 0.2450796015614617 2812.75727 776.99967 0.06481
509.00000 0.2583656968120872 3087.96844 748.84435 0.08728
379.00000 0.3653360240859262 6239.55257 1050.94356 0.09768
626.00000 0.33706065610747155 3805.88202 657.51832 0.06789
427.00000 0.40185057723875417 1770.93306 754.36882 0.06631
381.00000 0.3102690715005276 4039.86273 728.60288 0.07881
307.00000 0.3519177055540226 3540.53573 1066.51396 0.07739
324.00000 0.3364622289634159 2612.24326 664.26517 0.07507
489.00000 0.3911705948933682 3414.67538 642.72004 0.06002
611.00000 0.2705991946533828 3044.72290 762.09501 0.09793
488.00000 0.35669195705552864 3856.92327 688.71435 0.10755
328.00000 0.3527391281244268 2851.15702 681.38309 0.06755
425.00000 0.3892004012713503 2808.10343 793.07918 0.06400
355.00000 0.41671543544984974 4433.30809 1457.92193 0.09745
509.00000 0.3481136699803934 6052.24854 764.63467 0.09457
515.00000 0.3945434667470288 4149.44642 684.88396 0.07517
685.00000 0.3691207077086357 4821.93427 643.82563 0.06166
591.00000 0.32225812062533865 4019.18151 601.54043 0.06427
373.00000 0.3845805100282237 2893.28024 687.84461 0.07746
424.00000 0.39263538508372736 8590.43853 1024.80491 0.08328
614.00000 0.3575368108760994 4945.65874 773.93532 0.12391
634.00000 0.2977256867232544 3136.96247 829.80290 0.06293
712.00000 0.19397486858877513 2266.82532 577.27265 0.08639
357.00000 0.18049219022103402 2215.14894 716.24767 0.09413
785.00000 0.29164277078416406 4521.35436 713.99774 0.06971
488.00000 0.2091590926145085 3859.52731 849.36641 0.07788
828.00000 0.28713346229983416 4644.46214 828.43299 0.10868
431.00000 0.3433985702125734 7621.59015 811.41576 0.09118
395.00000 0.3984380805871381 2391.74516 646.11655 0.06911
393.00000 0.3077812828540333 4447.60999 673.61298 0.08196
382.00000 0.4084609722927388 2858.66567 806.71668 0.07567
279.00000 0.3982799149824567 4361.20764 1398.76892 0.09691
439.00000 0.38735145842212726 4955.70967 737.85932 0.09162
534.00000 0.30969433111169903 4539.41230 530.68558 0.05121
506.00000 0.28765234947304 5115.23925 1077.35221 0.06568
403.00000 0.319024315388856 6977.05665 978.42226 0.06848
420.00000 0.3327070596172354 3350.84644 1309.05613 0.08639
773.00000 0.4410254098078693 5713.50424 920.74061 0.09268
723.00000 0.23998026782729687 4542.12703 898.34840 0.07987
345.00000 0.34005617513776193 4326.61019 1098.30623 0.07710
695.00000 0.18007998489837918 4927.26428 867.34883 0.07077
674.00000 0.3036726085229213 4111.03232 524.34757 0.08437
792.00000 0.2379910238845533 4164.12386 873.24431 0.13467
578.00000 0.2526926559133221 2928.95020 701.36894 0.07705
540.00000 0.25173631258616813 3665.33235 658.06059 0.06884
757.00000 0.29136551612626554 3932.51858 480.38509 0.07204
518.00000 0.3453452822070598 4992.96374 547.48791 0.06049
397.00000 0.25781021552151034 4914.82066 769.27881 0.07722
422.00000 0.2897368454931114 1784.71411 405.96046 0.04049
680.00000 0.2409115123244833 3316.66391 701.82410 0.09506
560.00000 0.26564214030789035 5341.27874 731.08752 0.06936
468.00000 0.30402312805980464 4902.50529 794.13749 0.08456
752.00000 0.26997075770956647 4090.20685 754.21070 0.06896
165.00000 0.4704169447438433 4470.28798 785.29172 0.08700
430.00000 0.36964788529639253 4629.25874 1007.48332 0.10392
675.00000 0.2372793180039699 4730.22156 677.57013 0.06790
551.00000 0.2821534075797543 3294.26677 683.42737 0.10442
662.00000 0.27896452284705253 4799.47615 838.80664 0.07432
374.00000 0.28976390792226514 6801.11916 1178.80412 0.08145
658.00000 0.30937154709485626 3438.49895 839.78271 0.09127
677.00000 0.36273055351772904 5584.43120 661.16041 0.07502
462.00000 0.2379643450326108 5519.36407 1013.61508 0.09061
426.00000 0.397574383698081 5548.15157 762.82516 0.09218
492.00000 0.4405321785723227 5745.74928 855.75111 0.09662
553.00000 0.238239095757706 4174.21908 491.66224 0.05226
638.00000 0.2072271396821528 2268.91623 541.41547 0.08600
295.00000 0.3064409896317154 2393.14079 698.11935 0.07740
647.00000 0.1988375034890687 5429.43106 634.93272 0.07769
613.00000 0.3985675886564498 3554.30565 714.36676 0.06910
532.00000 0.3142344890804918 2714.24625 731.24259 0.06057
459.00000 0.323914655381353 4417.61514 939.02289 0.08767
678.00000 0.3433219728714552 4264.70984 679.58737 0.09981
780.00000 0.2645422124440021 4905.71032 682.75231 0.07980
358.00000 0.3967487197773082 6084.54223 1114.59715 0.06654
605.00000 0.26118410799976843 4214.72753 802.88639 0.08266
467.00000 0.3516007602590834 5165.80457 718.25371 0.07160
256.00000 0.24685648736976967 4552.44962 710.64297 0.08456
522.00000 0.32969728422671585 4115.26253 491.00474 0.06126
751.00000 0.35720359478064506 3599.74272 547.40290 0.05945
254.00000 0.42185050347060105 6155.05873 1003.79425 0.09057
368.00000 0.27287709287724116 2272.76389 451.35092 0.08157
421.00000 0.32946991965565936 4252.81520 1034.59091 0.11823
560.00000 0.4362918433808004 6169.04727 656.83913 0.08867
385.00000 0.38489679028311774 7092.22206 1396.68361 0.11381
495.00000 0.30044749820142025 5389.16351 746.19639 0.06651
621.00000 0.30279935106514744 2339.68930 690.54554 0.09496
408.00000 0.2279758406607299 8360.08551 868.19095 0.11458
677.00000 0.14510358126477518 4096.19738 570.55907 0.07906
482.00000 0.34297699903337153 5997.86429 829.75029 0.10756
712.00000 0.27365039036792616 4810.50935 1075.13394 0.07442
456.00000 0.2684671552088758 2858.33278 710.55525 0.07810
435.00000 0.5259627136131717 4167.05817 752.81949 0.07938
495.00000 0.3695075523958775 6538.68325 861.61284 0.11022
876.00000 0.3393310714004987 5215.71303 641.35297 0.07796
605.00000 0.3213718137653276 3436.20037 848.31189 0.08079
611.00000 0.3217642649124678 2087.52578 651.57145 0.08911
537.00000 0.17842151520163513 2629.60370 602.99085 0.07506
551.00000 0.3236721181847236 2584.79234 843.65097 0.06625
381.00000 0.28782577627511896 4447.77863 1007.35652 0.09761
278.00000 0.46409774067376985 6193.01723 1223.20984 0.10260
421.00000 0.3196044699021574 3579.70945 715.17553 0.05868
510.00000 0.27465891353775906 5273.98129 967.26189 0.06427
911.00000 0.32182941315389846 4211.24438 615.61644 0.06790
591.00000 0.3538944812324881 5912.94773 712.10637 0.08700
495.00000 0.29754306059001584 6305.27849 823.42281 0.10967
414.00000 0.37051174710446 4949.39676 1298.78940 0.08183
533.00000 0.31680531456680955 5281.61722 706.54801 0.10654
498.00000 0.31225084933389935 4361.67614 689.59200 0.09538
568.00000 0.3571390175418733 2463.38679 877.31564 0.05126
542.00000 0.322877943796737 5795.03637 744.27507 0.10212
366.00000 0.3676325100225892 4320.13034 615.94766 0.10609
376.00000 0.37708071575141067 5376.40130 1003.23737 0.05479
862.00000 0.26290581419034326 5397.70698 780.11749 0.08017
646.00000 0.302893597071128 2482.85598 656.73233 0.10188
601.00000 0.2883272320225927 4575.43179 979.36199 0.08191
896.00000 0.26056241695986854 2850.30276 648.86926 0.07226
690.00000 0.4585963153573886 6669.70211 871.90062 0.11138
602.00000 0.27136688023919736 4547.69894 536.62097 0.05849
565.00000 0.30569064817813835 2713.58266 578.20262 0.07023
361.00000 0.32582943589183694 5952.27970 887.22914 0.06506
582.00000 0.3439380313491354 7189.52943 751.95253 0.08398
299.00000 0.40834403664784646 5694.51963 1009.71968 0.09451
681.00000 0.22184720042434367 4389.86644 782.74470 0.07808
353.00000 0.4203299236538525 3393.58253 762.88261 0.10015
274.00000 0.4517928006448249 5524.39746 780.16465 0.06654
592.00000 0.3296780157843072 4423.89631 965.58324 0.06899
327.00000 0.3623344033282077 1796.44544 572.49448 0.06064
330.00000 0.2517253799138818 3955.66994 701.68553 0.08182
267.00000 0.4539373829898133 4141.84953 1152.68706 0.07569
523.00000 0.3586198165754768 2913.12155 635.53082 0.10801
407.00000 0.4179871702773834 5570.77659 1220.11991 0.07288
491.00000 0.41377850865122134 5800.67930 1163.16875 0.08239
567.00000 0.27441245561955857 3334.05572 836.65787 0.06895
615.00000 0.21046126184631722 3547.30841 814.44499 0.07064
308.00000 0.29604818246511955 4013.75026 1105.16532 0.08053
446.00000 0.2981907756498855 4847.27067 1198.94854 0.07320
422.00000 0.3698517904584879 4840.08125 639.28157 0.06339
439.00000 0.35359781323512995 3837.97294 722.27061 0.08078
631.00000 0.28795287994282337 3959.22763 933.36045 0.07822
431.00000 0.3018136566271508 3489.85133 689.41597 0.07942
418.00000 0.3495440203034886 2139.31149 676.89526 0.08679
702.00000 0.3309963124470594 5324.19412 1148.58950 0.11857
281.00000 0.31231786126294175 2522.00254 493.64587 0.05850
699.00000 0.1862946644981902 3958.41593 687.41328 0.06896
559.00000 0.24421786739198625 3851.32215 727.07059 0.07803
765.00000 0.2515043698543805 5597.68742 777.12965 0.08687
748.00000 0.1943130986033049 2976.42347 670.99428 0.11223
369.00000 0.2812894763459609 2666.89495 713.88754 0.08217
462.00000 0.3368595973838121 3457.84931 1178.61489 0.09839
464.00000 0.29047863972017046 1853.57962 345.31318 0.05021
531.00000 0.3812766414990644 4547.45996 849.24932 0.10195
275.00000 0.3342724553771546 4305.15007 903.66380 0.05677
704.00000 0.22065356772575506 3693.99429 866.73424 0.08195
751.00000 0.3002650672600002 5773.60341 797.66881 0.10802
545.00000 0.24442920575640414 2785.82529 697.55392 0.07441
461.00000 0.18038787686342259 4466.90924 663.82087 0.07970
573.00000 0.35764664336422575 4900.99994 640.35079 0.06726
454.00000 0.3610225062529542 2868.99934 1047.66236 0.05576
703.00000 0.1692123244857699 3245.50907 588.05969 0.05957
727.00000 0.3743729207215532 6034.32967 729.00211 0.10252
690.00000 0.2371634796331091 5415.90318 712.59754 0.07788
526.00000 0.19103635210707876 5117.42380 867.59687 0.08285
611.00000 0.24014457420383672 4727.91605 649.48721 0.05990
540.00000 0.25707946506159807 1789.79924 616.50499 0.07981
895.00000 0.30009527441070666 3462.83072 918.87876 0.06667
685.00000 0.2947606591666801 2523.68717 683.87820 0.05818
