139.00000 0.5722288211167127 566.22693 5.89212
105.00000 0.46116676944363183 354.17199 46.71190
5.00000 0.555746060491031 505.97749 20.21603
31.00000 0.3897401090202346 190.16109 6.28537
87.00000 0.7039444755682734 36.16768 61.26568
160.00000 0.31641623811208164 373.67506 10.59985
76.00000 0.4693118369403063 195.80992 151.70997
28.00000 0.5118171908697816 464.73154 144.07997
3.00000 0.4140348343414243 334.34117 2.90734
98.00000 0.5459723649874291 440.38940 12.63423
280.00000 0.4409005391773656 598.76552 35.43857
292.00000 0.5245202859531127 145.19957 2.65179
90.00000 0.5484102060010125 431.65780 39.46776
534.00000 0.237862326389145 486.27752 20.75007
110.00000 0.5626370468200084 395.78870 211.31312
286.00000 0.34385614579411533 499.56614 11.90982
743.00000 0.296490405773186 369.64364 27.38761
107.00000 0.49497163496723817 139.80598 14.21156
1517.00000 0.09161413010436269 520.11766 10.18354
485.00000 0.23859977106421676 477.07956 9.93589
107.00000 0.40814389719877286 117.81641 95.94044
321.00000 0.48540547918350063 442.51830 430.11022
38.00000 0.5750843389439791 436.84609 40.28688
331.00000 0.42632547894384143 372.50221 30.96207
165.00000 0.4517753914798131 259.56146 7.81655
96.00000 0.5887362391241383 398.14248 11.64151
366.00000 0.22075848223839603 406.93412 144.90043
396.00000 0.3410663049609892 531.45497 6.21103
63.00000 0.6813587128457141 189.49931 263.89966
52.00000 0.6555804189431147 96.92669 5.27885
90.00000 0.5090113723942529 214.21082 59.93052
172.00000 0.3546008098421199 395.44471 69.33852
240.00000 0.3530410088325568 184.01062 13.85267
112.00000 0.5154649972664916 522.56877 6.48715
560.00000 0.3462425738860385 303.59462 10.02155
439.00000 0.49088410972760643 378.30020 46.26431
429.00000 0.5421084591475671 492.80494 22.61822
268.00000 0.5057190932776736 471.91297 13.27047
445.00000 0.26166364077157833 556.56882 34.17845
93.00000 0.4856969244755296 394.58775 25.51309
141.00000 0.6119490221609615 212.69378 25.65415
74.00000 0.5345358886278277 153.17005 58.01658
360.00000 0.4427670144199052 432.91766 45.00498
446.00000 0.4138789897440955 187.71093 19.22835
159.00000 0.4092699001253388 712.54524 4.71040
78.00000 0.6163305831559217 166.29598 8.36865
251.00000 0.33603835082456046 675.88914 16.20142
47.00000 0.671922207541138 494.30141 242.55079
884.00000 0.37473678197203086 227.74781 8.29335
1245.00000 0.32477742010003524 478.15806 278.13779
278.00000 0.36939856735605864 304.17257 50.96871
573.00000 0.4744548138844981 511.67597 19.49562
219.00000 0.3207759980443617 682.87083 23.34788
327.00000 0.48169090517790497 439.85400 83.42479
501.00000 0.3542229134152856 236.27169 86.69020
55.00000 0.7766101834939219 46.73889 7.37180
315.00000 0.509447085411883 240.30934 360.87124
14.00000 0.5077822252452361 663.74850 23.70750
376.00000 0.31268499344611145 267.80255 44.44720
10.00000 0.5308244690447474 664.88437 12.98436
116.00000 0.4602093991690075 892.59302 10.46912
117.00000 0.6589888973703333 35.80859 2.58081
121.00000 0.5389029214505866 400.44267 7.36258
204.00000 0.5044959619255941 672.08993 37.39026
374.00000 0.2596435651114042 609.92083 327.22298
63.00000 0.664048953623834 328.24762 306.13808
365.00000 0.44678300491635453 143.15844 1.60078
118.00000 0.4076994852758123 297.33663 23.61137
72.00000 0.42704358134826215 148.76070 9.43468
300.00000 0.5177169315913412 151.93346 17.87099
442.00000 0.32310478413944277 291.83029 18.82400
386.00000 0.2876559588094897 499.83209 7.47263
486.00000 0.28425760187788385 654.83943 10.72740
574.00000 0.2544400292253829 322.70047 67.31717
523.00000 0.28371320347811785 276.81662 3.80889
725.00000 0.22000899965376866 395.04112 16.12848
450.00000 0.3723832018873082 198.13019 26.74451
256.00000 0.4235949790887281 540.75386 20.24193
15.00000 0.5108258268540804 52.96769 41.11881
411.00000 0.346979862004504 764.54639 9.39370
99.00000 0.24767235482262298 196.61788 3.41647
351.00000 0.38770923863303897 699.17789 13.85093
65.00000 0.5501912344463384 204.24102 5.99597
321.00000 0.1445904268384834 217.76775 26.77709
79.00000 0.2754802882566036 1126.62092 178.86399
127.00000 0.5921570494968911 292.78392 23.63013
691.00000 0.4436493253739423 261.47300 4.89798
684.00000 0.2874869193609098 618.71553 7.65308
115.00000 0.39204074317766363 265.93676 13.26877
73.00000 0.5061762673261725 925.90434 288.55236
319.00000 0.247741406402609 286.17423 28.78182
210.00000 0.35562409632027686 606.87940 16.64969
241.00000 0.5127977215615785 227.01387 68.44747
345.00000 0.32371841117145633 426.15342 92.99734
234.00000 0.4382386933589876 177.42971 33.08919
825.00000 0.4193254310032689 358.26249 20.46039
124.00000 0.518572736310809 615.34577 41.83647
472.00000 0.21378679200509138 671.57136 5.88827
75.00000 0.5878931192942645 140.53348 9.32577
73.00000 0.41484747070454747 500.64558 48.16504
171.00000 0.38701906547629145 348.32159 6.67018
238.00000 0.3712116361971955 729.19914 7.96519
290.00000 0.3741555453422211 353.69971 4.34854
119.00000 0.49193643175292795 546.01652 90.14548
63.00000 0.5048201828523996 371.63868 347.06899
353.00000 0.26625465159988415 763.79250 63.71102
81.00000 0.31580890274909107 203.36387 5.42973
324.00000 0.5663017224338134 452.69999 3.34047
818.00000 0.33688068723644504 359.99399 38.22499
282.00000 0.39972766903986384 439.24735 48.45690
189.00000 0.5031823686454343 246.47278 169.40928
37.00000 0.5601407873145631 710.30808 60.88475
323.00000 0.323577005160871 323.19016 20.07755
540.00000 0.30697806035381076 334.68836 5.44934
395.00000 0.24128855645161457 519.64214 87.63702
753.00000 0.3560427702632643 318.60881 33.80332
267.00000 0.3772184535991342 513.75310 19.71865
646.00000 0.3334298650237209 240.33060 63.55992
79.00000 0.4109665235929387 844.94481 66.66570
285.00000 0.34217823254762303 730.05498 24.67085
664.00000 0.4132169275273271 234.02592 20.38071
119.00000 0.500052016067393 117.59145 27.01726
985.00000 0.10844516672512503 592.09297 149.82609
340.00000 0.45935562122668216 271.34560 196.50827
57.00000 0.521569499116488 187.29543 4.38690
64.00000 0.5538351349114663 451.60190 30.43340
346.00000 0.4034523859929544 797.66970 37.93628
468.00000 0.4732002687878369 305.39811 37.52521
42.00000 0.5409476524022324 438.05395 69.99102
372.00000 0.4318937359070162 513.47525 89.38458
233.00000 0.4043662941714147 173.94380 94.00487
264.00000 0.4862278039008497 468.62195 130.30279
361.00000 0.3431556168108513 553.65185 111.63655
136.00000 0.5206815936147888 457.67810 90.56521
45.00000 0.5775874517150676 248.62485 2.10837
384.00000 0.4986730124069388 74.92951 7.53319
831.00000 0.42995099096903866 669.77611 154.91144
39.00000 0.5960892485672816 492.95396 12.25376
375.00000 0.4210804708952289 332.75606 52.44398
1087.00000 0.23136906902689894 365.10116 4.34534
283.00000 0.3696210178456268 648.39661 64.76296
339.00000 0.3718976136620106 424.23859 31.10601
707.00000 0.44983840538036296 237.04992 3.59537
271.00000 0.4506913524224326 1008.00090 216.62289
1539.00000 0.2368278166189943 604.24860 53.06044
157.00000 0.3697006136843507 733.75249 139.40480
42.00000 0.5377649077125658 455.04414 106.35007
118.00000 0.4326935912466732 326.34048 61.94084
192.00000 0.5705334340841244 195.17910 10.74701
230.00000 0.4187164309000186 665.37539 34.25164
183.00000 0.3968862832762646 305.09622 66.48426
254.00000 0.440976963122714 366.54505 9.47566
529.00000 0.45296303785776043 416.92036 151.29085
531.00000 0.4062711800964384 427.22066 6.10407
559.00000 0.35609952999951977 887.16022 14.36117
89.00000 0.6061138969073423 451.84865 17.91144
350.00000 0.37427305536649297 754.15172 267.61094
243.00000 0.24109129367775725 348.09741 7.22328
17.00000 0.337398029939417 121.44284 1.35653
372.00000 0.31085523473078086 343.51485 110.86955
107.00000 0.4901165385596489 132.96095 227.18637
127.00000 0.3283464011293498 457.47852 17.60115
311.00000 0.6031418290028832 95.71652 47.91621
207.00000 0.3617953379473953 292.99899 7.10384
77.00000 0.4849453692364991 297.85803 9.96939
489.00000 0.40780277930712266 402.40715 133.83170
108.00000 0.36164203235003756 470.00359 16.39401
181.00000 0.1963441809655143 96.76175 10.96542
68.00000 0.5408408878230935 235.43492 372.12539
150.00000 0.6553665550223383 216.56903 14.06493
771.00000 0.2333710983541818 399.34862 12.89700
191.00000 0.38060072684123164 352.07547 245.77163
208.00000 0.45492919032822343 428.73167 16.00047
240.00000 0.4550404319145596 200.01724 21.64687
200.00000 0.5120669198571968 529.15271 444.98861
455.00000 0.392164219522014 423.45710 5.29771
513.00000 0.307976693238219 346.61081 48.51058
185.00000 0.39822165479197474 597.45182 64.67200
482.00000 0.3981587767618466 348.65369 31.77332
438.00000 0.26312411058860796 262.17441 89.54675
429.00000 0.23094157801081813 694.67785 68.70225
203.00000 0.5320092541239166 417.62503 8.28372
15.00000 0.7541546493287119 348.86504 439.69572
129.00000 0.4084302421109999 481.73070 20.72198
636.00000 0.3787581613339065 294.82710 102.08777
345.00000 0.35212935822464264 970.97874 15.36121
240.00000 0.5737452161602772 533.75077 179.86830
366.00000 0.38586627190389916 687.11459 7.95881
373.00000 0.5241431415544668 459.34472 35.08478
377.00000 0.28899090083678425 431.56390 97.75766
190.00000 0.5932654654933333 344.54237 72.49598
275.00000 0.4827999698385751 174.99818 14.73924
319.00000 0.38842997195219836 352.98849 29.63977
751.00000 0.2621083377038748 715.18176 136.88374
175.00000 0.42050198539907563 265.01030 37.66368
466.00000 0.3373622287230362 260.08746 14.01230
305.00000 0.3862435467198431 395.40923 46.90555
43.00000 0.5640389573486713 427.84532 225.61615
97.00000 0.2036767687219551 855.26547 60.51307
349.00000 0.36558495960666754 199.33610 5.01101
397.00000 0.3968809677687518 510.33913 4.64110
133.00000 0.5109684178848953 216.92784 1.99879
105.00000 0.791094705796136 20.62876 1.45112
424.00000 0.4265498399333494 737.13031 9.90031
535.00000 0.3199670338424513 385.38993 6.72408
429.00000 0.18240623161680752 656.26376 17.70992
476.00000 0.24925306701439076 476.17763 18.59821
121.00000 0.5121880035358622 808.70174 81.79944
511.00000 0.2788492544918044 314.97629 70.96190
57.00000 0.5924850031945028 240.70065 2.40716
290.00000 0.4808401494770277 311.85656 2.56235
104.00000 0.4694272242594221 177.98984 43.53861
52.00000 0.41520637178039277 453.04936 83.14108
168.00000 0.43756706658201516 1041.05862 3.88039
137.00000 0.41241248462550684 200.43085 165.76119
339.00000 0.3650064774778593 709.82500 14.79645
312.00000 0.22837077360801183 246.03821 33.05297
207.00000 0.37203915115746633 842.22485 174.95774
590.00000 0.34471078408698735 385.30775 11.48743
962.00000 0.37168258613609756 147.45174 5.06123
254.00000 0.4275796749790946 77.37712 116.79945
161.00000 0.5892855144957662 209.91638 5.11477
10.00000 0.6302973056383478 182.02349 55.96241
155.00000 0.3613634412348179 176.97346 7.33933
114.00000 0.5422896670062244 87.01728 15.33420
302.00000 0.4837870083320059 982.00898 32.19070
155.00000 0.5218138167366738 534.06316 35.28196
204.00000 0.4926822864654566 792.84949 35.57472
16.00000 0.7891746367123684 385.16043 214.48715
22.00000 0.7352052462514777 263.94830 150.76307
832.00000 0.444374803772302 287.42655 5.13561
263.00000 0.5524179819597579 124.89170 94.42299
415.00000 0.44751767815344784 518.52920 9.00600
488.00000 0.2378726929804655 775.15390 13.31111
64.00000 0.6041579414000571 207.17242 38.75153
241.00000 0.4970072038287338 325.86262 4.10832
359.00000 0.2953553249823423 798.10744 63.25502
425.00000 0.4115273648127439 265.00672 3.17681
181.00000 0.4461533089081273 1129.81135 15.24446
712.00000 0.3669420759561637 321.64784 130.91615
800.00000 0.3162041351599802 202.67232 11.82691
628.00000 0.18694126516448328 806.04528 15.25212
134.00000 0.4985495856608289 670.96565 34.65630
52.00000 0.437572748812177 133.66174 22.84717
571.00000 0.302150030554181 660.63438 182.94297
176.00000 0.4154438512113161 581.78530 16.13417
132.00000 0.451454004953369 658.27913 33.44637
623.00000 0.28967628545327145 450.06210 17.62588
336.00000 0.2295631301825468 469.65421 37.58530
411.00000 0.4228863771118757 372.74297 7.03515
877.00000 0.36875329643200433 440.46647 1.40626
220.00000 0.4397489555160913 644.44016 12.24007
339.00000 0.3750992189451378 551.53430 30.94504
178.00000 0.5304124321555379 229.09242 99.74940
1071.00000 0.19296421995092844 417.77061 121.10940
123.00000 0.5298413276552414 418.49517 60.26217
482.00000 0.4458377961492072 290.66145 25.34801
635.00000 0.256032323869791 432.09138 8.86848
76.00000 0.49583466435684836 990.46086 110.38815
363.00000 0.23390670221503782 87.68987 58.25676
197.00000 0.5340288519054218 521.49920 8.85256
75.00000 0.6289668704005266 151.26699 8.26087
103.00000 0.5093568755058931 1032.82188 21.91047
219.00000 0.5768889944971374 401.61140 21.99903
209.00000 0.48556184863669055 301.79207 23.86381
490.00000 0.2710605819404625 669.66142 45.53394
90.00000 0.4111708744715835 350.57272 16.78981
845.00000 0.48657760515935305 137.53311 195.86524
155.00000 0.5337728512973255 536.32126 6.37757
128.00000 0.4095008741080153 846.57085 18.95564
453.00000 0.24423241599526935 300.27199 73.56708
623.00000 0.3958941490560052 196.74864 1.68433
186.00000 0.2799521251887432 230.91912 4.80245
270.00000 0.42234463381096726 520.02847 14.13474
1153.00000 0.29718190729836713 408.67739 190.43941
172.00000 0.4512280302902432 412.97151 39.46768
75.00000 0.39869899311850354 164.29044 23.53851
90.00000 0.4865570978234541 283.56357 64.13060
116.00000 0.5826821477939889 319.03832 246.23022
574.00000 0.22810708084088469 166.19737 230.38333
117.00000 0.605507474835003 102.36574 73.24159
717.00000 0.26906476791759426 782.75843 79.56555
43.00000 0.7303835413700724 434.18456 9.71338
431.00000 0.4351006891229287 382.89261 67.59856
710.00000 0.43218679900999646 233.52767 3.48960
141.00000 0.5363662802963607 393.14264 288.66048
566.00000 0.3581247476104577 645.41973 274.48026
28.00000 0.40631006295730027 143.01230 5.23620
108.00000 0.5133337198133233 156.32598 18.19864
85.00000 0.5847935029628966 444.31009 3.65585
96.00000 0.47237386053303954 173.35817 9.46156
321.00000 0.24573559575621506 534.90171 19.82867
