1872.00000 0.08295536677508748 617.79165 33.20178
930.00000 0.355999588545835 723.21582 5.52030
2116.00000 0.06055651715152109 349.32188 219.44211
1400.00000 0.3162329403546362 448.04352 139.24638
516.00000 0.16844005739810433 254.85814 26.47752
2146.00000 0.06339050231479712 459.86835 14.03871
1541.00000 0.05566441874962516 612.97137 123.80831
2263.00000 0.03860568436334106 315.81109 18.30959
1292.00000 0.11137796983818062 433.45077 335.72467
1233.00000 0.19603166358998178 358.62808 7.11061
1712.00000 0.21737094088974654 280.64503 205.71557
913.00000 0.10102275971955164 782.11305 58.09399
964.00000 0.1301227332375521 990.61639 56.68046
2099.00000 0.051889859313170986 426.17179 23.57378
1764.00000 0.1684774826901788 242.62679 41.12176
1078.00000 0.09477071606844449 606.83191 34.00795
1799.00000 0.1038832959436364 792.36312 34.95779
2222.00000 0.047989145202500694 383.95884 114.87470
1562.00000 0.07982495467651579 315.76632 2.29840
2519.00000 0.0506231506310549 215.81999 34.22674
1142.00000 0.0863334666404279 586.85045 18.14319
2273.00000 0.0970944145629671 278.11097 38.15040
1098.00000 0.06040026589522196 629.33290 26.12648
1483.00000 0.06429540876163554 513.68970 84.61975
1446.00000 0.12128585890404686 213.65770 72.42456
1404.00000 0.06941578235546202 639.43832 68.01004
918.00000 0.09027125325829063 785.63929 64.99192
1215.00000 0.07128872627414745 691.97882 56.47038
1412.00000 0.13600067802452998 373.21536 21.60845
1621.00000 0.04806458532219605 463.36700 164.05520
2269.00000 0.11440760062852559 315.02419 151.71872
1259.00000 0.08591962273398349 682.20985 25.72511
2128.00000 0.05918852074889012 220.52512 4.47715
1313.00000 0.05007965334564351 756.17328 51.81368
1527.00000 0.07602373853437583 369.19909 204.15837
2250.00000 0.04636920921944055 283.73185 16.34322
1098.00000 0.39786166227643416 464.35964 18.51728
839.00000 0.1589148712098069 1100.48572 40.53500
682.00000 0.19322029315556616 811.77192 12.86811
942.00000 0.3144480637181802 261.61927 21.38829
1219.00000 0.09280863606587593 574.42069 3.86877
730.00000 0.15060200711112057 181.79764 18.22243
960.00000 0.08505099855923719 758.92457 158.63522
1194.00000 0.07492397375986397 402.80601 53.07714
1737.00000 0.11138957436860437 384.48261 19.94976
729.00000 0.35786777076908594 737.45733 7.81199
934.00000 0.1167992325727881 609.05538 58.68473
1608.00000 0.06800558616518196 337.97511 15.49797
1456.00000 0.04633736301647655 556.05682 112.65784
961.00000 0.0712471464674619 495.30199 47.32137
391.00000 0.1296408752522056 231.21859 44.95866
1129.00000 0.1317116214656745 317.47369 14.18661
1727.00000 0.17639781993538836 512.33774 29.98901
1023.00000 0.09704149616295024 516.78128 3.10987
1546.00000 0.09337485391298109 396.28977 85.63631
1569.00000 0.19332767875245402 571.26642 30.21303
1157.00000 0.12440652930053311 244.99823 71.66953
765.00000 0.11022217856059124 122.97467 8.86618
1473.00000 0.08711013488093547 594.42989 3.57952
2461.00000 0.06666110980340213 437.45136 38.46267
1034.00000 0.1037489773090689 549.77316 49.95464
783.00000 0.4473053416588427 453.96902 21.27274
2010.00000 0.0579848054145356 892.29198 29.12801
1775.00000 0.071644863359495 182.00582 13.50431
1528.00000 0.1083465949461271 264.85333 10.84604
1201.00000 0.19433770624054 298.08064 6.14519
2291.00000 0.0758780438265626 294.09700 87.96658
882.00000 0.06274786188444118 697.54306 30.47236
1830.00000 0.08469579640913599 267.91477 7.94020
689.00000 0.12917911748178815 116.19490 8.47123
1616.00000 0.06526225337276262 233.52725 41.46421
1423.00000 0.12315246752831607 439.70509 111.79826
1577.00000 0.07988730800455242 550.58885 140.77207
1546.00000 0.06985903096994736 469.33337 86.93704
1958.00000 0.10462920970325296 434.61299 72.29960
675.00000 0.11127269564921384 842.32302 201.55174
2006.00000 0.06557320734239741 228.15217 24.04943
1041.00000 0.0937829563398182 793.07102 7.69391
1233.00000 0.0815407926703673 754.24355 31.06022
1101.00000 0.1530092809069772 339.08930 18.35718
1810.00000 0.0608730008017832 605.37510 28.29054
1210.00000 0.054642770355746585 657.83861 30.74757
1804.00000 0.08153708123809252 467.83553 47.98630
1555.00000 0.09572370876444457 862.18417 26.26244
1141.00000 0.07012735712705921 488.12379 33.84519
868.00000 0.20106198678974263 168.03008 12.42207
1344.00000 0.1833330589800823 722.31556 22.07868
1170.00000 0.11626534276488545 289.88143 10.17079
908.00000 0.08751192988993467 979.92537 70.86195
1150.00000 0.08758039046924268 553.29445 87.27170
813.00000 0.1272137465326045 972.73772 52.59070
2253.00000 0.04519830742801875 377.24793 12.88702
1305.00000 0.08782679749975997 420.99380 24.11699
1981.00000 0.046508839129809215 479.21144 17.79129
1590.00000 0.17440552762197162 501.00133 61.33005
1795.00000 0.12784957807613032 584.75961 20.69379
1681.00000 0.16289308164063654 823.15053 87.44355
619.00000 0.19672001765013064 525.65833 18.41336
1435.00000 0.13376207355808287 356.01626 133.04609
1614.00000 0.07837130267893144 585.95163 50.44567
2004.00000 0.05461684505736114 480.67795 382.35730
2104.00000 0.06365742014156603 210.16573 6.21541
1060.00000 0.07651141701723238 472.16696 121.46240
1690.00000 0.06439029636228492 299.77535 77.59452
1333.00000 0.10210772704485667 370.77256 158.68277
1226.00000 0.10059070864298535 300.24631 88.36743
1047.00000 0.06037961805918859 1052.94611 83.92665
1289.00000 0.09167804654743317 534.09723 71.91361
1717.00000 0.10851178143439048 522.16393 41.62025
1944.00000 0.0847760220809059 415.69223 44.43743
1861.00000 0.05845472842214307 655.30516 24.10021
1250.00000 0.1523486487944765 677.41208 20.80577
1331.00000 0.07677964525511013 671.07915 83.22653
1578.00000 0.13475739736834508 545.19585 143.34882
2118.00000 0.043712324035437546 376.89609 92.29086
1363.00000 0.2447631565184471 704.76923 80.33962
796.00000 0.1927186694008265 1068.21271 4.00989
1939.00000 0.05756826286340555 237.97747 22.34463
676.00000 0.11462800302796616 377.63173 109.95462
1590.00000 0.09987714613853943 240.90943 28.56419
1583.00000 0.09691357807246555 608.44194 36.85452
2183.00000 0.06144192480656418 206.30372 34.80086
1173.00000 0.1244574895145059 378.18771 28.84153
899.00000 0.23817457625169286 995.10974 97.49528
1281.00000 0.08957999492202624 403.77915 34.36868
1349.00000 0.09952917781914775 267.12616 57.48396
2128.00000 0.0575537329942421 270.80589 107.07426
846.00000 0.18413872272218376 553.67459 21.56867
1466.00000 0.12778106360876498 829.68632 139.36086
2261.00000 0.08132727606966837 422.47410 325.41642
1189.00000 0.18595877644547332 897.93085 22.62209
277.00000 0.1995449650838122 407.70051 3.55787
1522.00000 0.07331293536953952 316.98401 74.27977
2323.00000 0.046111165731878435 380.25834 41.00696
2395.00000 0.07153812088118043 302.17811 184.60775
1299.00000 0.08715894681513846 380.73874 28.04124
1578.00000 0.061360046879187946 528.24152 79.90012
848.00000 0.11755756958322847 110.45092 10.25156
1913.00000 0.06473459570611585 224.83788 24.42386
1633.00000 0.07580367957717114 394.56811 302.66499
1321.00000 0.10959656142292253 110.35867 6.36791
1301.00000 0.15430430648527177 742.01166 37.24620
1617.00000 0.06678868569470509 760.24789 142.45753
940.00000 0.1428430822730276 880.50762 10.29739
996.00000 0.09767019531303221 906.48758 110.27579
110.00000 0.16854762334778253 98.33337 3.66423
930.00000 0.10047188234356688 871.44145 13.31939
1987.00000 0.060545342882359215 162.93938 11.77241
1194.00000 0.10085055956418185 412.72325 21.97303
1623.00000 0.10184062465811168 203.28297 8.27652
1765.00000 0.14064890068388367 387.07481 35.32405
1956.00000 0.08426429553890262 374.95329 32.86944
1023.00000 0.1347989156541549 519.22486 58.04333
1725.00000 0.09003020663916093 572.54486 45.97164
1124.00000 0.16904105058405744 641.74789 50.71273
2294.00000 0.058012329805156616 240.31697 54.75042
1799.00000 0.08063461699609688 447.41628 31.79963
1760.00000 0.10514789040339781 463.69430 163.67866
1799.00000 0.08842982877423647 214.79331 48.40787
980.00000 0.10916057107312803 153.47767 28.02722
1122.00000 0.1115627899420334 469.31138 43.90458
1665.00000 0.10050796284365011 327.77455 22.26775
1108.00000 0.09102048989436437 563.94604 42.49948
1744.00000 0.07453434416109889 211.44707 40.92682
2354.00000 0.06641154821985047 249.99528 52.19534
2407.00000 0.07060079714535723 582.41223 34.57086
1770.00000 0.09315784153696754 668.83311 19.97965
1744.00000 0.1364318458273905 355.23029 35.50603
1159.00000 0.21059818010343634 679.62768 110.62111
1357.00000 0.11228750700405288 499.85611 28.17346
255.00000 0.3793872649628171 718.46982 4.52180
1977.00000 0.18203729114141198 683.92714 49.31621
2038.00000 0.11010630200015463 542.35717 15.15479
831.00000 0.23832934339172016 798.04878 16.34678
1086.00000 0.1392936316421673 931.33998 53.81839
1831.00000 0.07788000322293206 140.40742 10.63563
635.00000 0.180576870903954 929.64061 13.25799
1299.00000 0.08363353982281921 340.91257 62.04225
1263.00000 0.15728137790624197 822.93936 19.28391
1575.00000 0.06018421088458573 588.41409 136.39613
1441.00000 0.07582160153171294 388.29121 39.72152
893.00000 0.10355903373638917 320.43110 38.88794
992.00000 0.04130519223585407 549.92502 8.97737
1388.00000 0.05254832770860093 523.57863 99.70859
1335.00000 0.09682637561195132 590.15890 46.21642
628.00000 0.1425949671885672 457.80010 7.51942
1341.00000 0.0902218651561441 659.21083 58.96758
1713.00000 0.10392512465529051 360.39573 53.90808
1656.00000 0.05382875540382271 254.88921 22.93398
1056.00000 0.16518585049098314 321.31296 15.35065
654.00000 0.1009085495587896 854.59303 54.47800
915.00000 0.12175513583780798 152.79852 28.52969
1512.00000 0.07576686509626848 308.67935 22.50664
1273.00000 0.05985792451942421 316.71130 19.19069
733.00000 0.14616729106012916 128.08785 8.61303
2309.00000 0.041127263998177004 291.87547 18.32782
1437.00000 0.08919264679300248 805.22009 54.80611
686.00000 0.27360891861958997 571.91650 7.05552
1225.00000 0.10947236681226973 413.21687 69.48063
1488.00000 0.0457440615407233 423.06644 12.02559
912.00000 0.034118394962013146 825.61750 34.60954
1129.00000 0.10207225063438519 876.68687 55.03485
2048.00000 0.10655311231593897 182.81226 13.15756
2631.00000 0.10315012135260622 372.41361 50.91038
1215.00000 0.14958158078937117 269.03017 47.16616
1356.00000 0.12024935555643831 264.60642 41.24824
680.00000 0.1982153689569135 788.95455 12.42848
1242.00000 0.11574365359415474 136.05421 22.86648
815.00000 0.21678282993552656 597.51903 41.58916
1332.00000 0.09426395154578988 420.98627 33.30127
1756.00000 0.03215600071115837 561.02651 131.35178
1685.00000 0.092225955912761 753.53632 54.43308
1408.00000 0.07180387147070783 442.57830 143.74073
1464.00000 0.0704763420001973 289.38657 12.04829
319.00000 0.41646477370499646 429.11122 24.15830
1790.00000 0.1170654518890165 537.47291 58.99672
1874.00000 0.06357188832073862 588.58455 35.85621
2045.00000 0.0771877488948692 377.37565 8.56805
1440.00000 0.0887118059708172 465.22340 12.31798
926.00000 0.158622502167518 553.39980 72.38569
1755.00000 0.21800878330279755 695.23538 4.33232
1392.00000 0.09409708263983817 111.76920 6.05919
1707.00000 0.1412120493994915 676.43406 83.93257
1597.00000 0.0749879298075265 650.94628 88.67260
1960.00000 0.0721850424573819 335.11112 59.80850
1526.00000 0.14429655139580208 516.89376 146.73382
1434.00000 0.12226597170310988 141.29344 15.43673
1540.00000 0.10780784792389463 455.97635 10.69859
1776.00000 0.09342842217733364 656.07006 88.83032
1471.00000 0.09498225266775244 801.06819 82.79854
1009.00000 0.11508872208105925 572.27220 33.98337
2577.00000 0.05190408217567462 430.92722 69.76197
898.00000 0.18895466007498662 181.55956 26.97271
947.00000 0.12868982890516892 707.93926 158.96475
1105.00000 0.02560675531514146 467.76913 5.78147
573.00000 0.1284542886127041 260.70702 19.89632
958.00000 0.1422327685289289 439.53551 150.65959
1153.00000 0.1828551172887442 391.88808 31.60114
649.00000 0.1499714768289322 385.28760 17.70064
1208.00000 0.1114282226012021 699.93076 62.20768
1603.00000 0.10632950841164307 433.34837 135.32083
1617.00000 0.1352670750982291 628.91355 31.14261
937.00000 0.15277130729422597 271.75154 90.39529
1868.00000 0.07929021681609506 559.76279 121.31701
1956.00000 0.10372052607011539 459.97721 45.62316
1033.00000 0.23156989196482172 633.01086 102.42596
1634.00000 0.07776381789367295 145.76441 28.28298
822.00000 0.11873343401820494 451.05636 21.34391
1499.00000 0.060600987728686426 318.99902 45.97837
844.00000 0.10184898372119343 144.32476 12.84646
388.00000 0.13462510545166903 211.21561 15.37228
637.00000 0.14266382043968368 810.93497 111.88367
1627.00000 0.13954134962582962 436.16331 30.40244
1683.00000 0.10450509822890404 571.45295 69.76056
2467.00000 0.057119568486549525 669.69862 51.45624
1136.00000 0.048059997113708675 653.72324 111.78181
1356.00000 0.08387244617732706 739.88098 61.43646
1314.00000 0.0625103371985868 585.84409 59.46248
1797.00000 0.08323686644218477 226.77208 7.83942
1793.00000 0.05198413858548589 330.64459 10.85339
1437.00000 0.15703359111108373 894.76815 24.54498
473.00000 0.2513679257043 1559.42191 159.54897
1242.00000 0.0906884059092232 612.30108 63.01114
961.00000 0.05674019303388819 420.30029 4.25864
1083.00000 0.1259229228449986 550.25884 170.74265
1564.00000 0.07206869727344908 485.09297 41.34321
2108.00000 0.06359124891032682 629.44829 113.79505
974.00000 0.10075353773026022 753.55014 154.03816
1237.00000 0.1389565591282499 747.00149 102.52714
1238.00000 0.15033573262464284 588.28521 42.78644
1363.00000 0.06343479232606034 274.16320 20.68327
633.00000 0.17351170515000314 780.16949 22.47135
1779.00000 0.04874847818826416 266.81780 11.38659
1301.00000 0.09496896659174417 382.14220 68.25380
1012.00000 0.08249387787100099 799.04493 130.68575
868.00000 0.42399693446051356 364.92535 73.17796
1840.00000 0.10137711455735045 273.11125 315.03045
790.00000 0.13751332305036912 289.85864 277.12154
818.00000 0.1517299365505313 817.10575 35.57043
863.00000 0.17735226986575686 582.61434 5.37270
885.00000 0.185169305497977 441.71754 33.43535
1317.00000 0.13268323165001175 1185.64639 66.84830
2274.00000 0.045536852450395834 185.05409 15.96449
550.00000 0.15097503500248333 1428.54444 69.36084
1440.00000 0.12655410129133599 385.17766 92.24748
929.00000 0.12929640800425987 312.22441 21.38400
642.00000 0.24417896461102304 482.05629 15.30183
1305.00000 0.10908367749794137 392.88799 4.36143
1869.00000 0.18270955341746015 702.77443 68.81571
952.00000 0.1780533949331225 328.42311 45.19371
1787.00000 0.11666574695055221 430.94322 64.26928
1971.00000 0.15437710080517833 297.72528 82.56642
