1872.00000 23752.00000
1872.00000 12.68803 23752.00000 164.04031 1.47746 87.68177
930.00000 14793.00000
930.00000 15.90645 14793.00000 182.86490 -0.08457 88.94672
2116.00000 21561.00000
2116.00000 10.18951 21561.00000 77.22811 0.64602 89.87014
1400.00000 17244.00000
1400.00000 12.31714 17244.00000 139.33708 6.49777 88.65557
516.00000 8415.00000
516.00000 16.30814 8415.00000 54.28549 0.97389 84.01776
2146.00000 17565.00000
2146.00000 8.18500 17565.00000 140.79936 0.23352 87.87246
1541.00000 28009.00000
1541.00000 18.17586 28009.00000 322.26053 3.94466 88.88744
2263.00000 26412.00000
2263.00000 11.67123 26412.00000 158.58580 4.55961 87.19752
1292.00000 18863.00000
1292.00000 14.59985 18863.00000 107.73036 3.20839 89.29939
1233.00000 19333.00000
1233.00000 15.67964 19333.00000 156.55049 5.56691 89.13899
1712.00000 11933.00000
1712.00000 6.97021 11933.00000 47.62416 -1.73201 91.21507
913.00000 34166.00000
913.00000 37.42169 34166.00000 996.44220 4.87551 90.22363
964.00000 17625.00000
964.00000 18.28320 17625.00000 233.82562 1.41424 83.16463
2099.00000 19670.00000
2099.00000 9.37113 19670.00000 88.18099 1.91062 88.57404
1764.00000 16125.00000
1764.00000 9.14116 16125.00000 41.08724 0.53764 84.16157
1078.00000 28600.00000
1078.00000 26.53061 28600.00000 493.77807 -1.55663 88.63354
1799.00000 16215.00000
1799.00000 9.01334 16215.00000 103.00899 2.52818 88.85339
2222.00000 28139.00000
2222.00000 12.66382 28139.00000 256.62945 1.56818 82.62663
1562.00000 15123.00000
1562.00000 9.68182 15123.00000 77.49113 6.56751 93.42838
2519.00000 13184.00000
2519.00000 5.23382 13184.00000 42.94582 3.78312 87.58884
1142.00000 13342.00000
1142.00000 11.68301 13342.00000 141.51858 -0.18680 87.72694
2273.00000 15296.00000
2273.00000 6.72943 15296.00000 111.51970 6.65693 91.76160
1098.00000 32110.00000
1098.00000 29.24408 32110.00000 712.88779 1.88058 88.40506
1483.00000 29663.00000
1483.00000 20.00202 29663.00000 356.54047 4.44643 88.79144
1446.00000 8597.00000
1446.00000 5.94537 8597.00000 44.57974 5.27627 91.91359
1404.00000 22496.00000
1404.00000 16.02279 22496.00000 314.21555 -6.35173 88.40370
918.00000 27492.00000
918.00000 29.94771 27492.00000 391.96742 -4.73266 85.85087
1215.00000 28848.00000
1215.00000 23.74321 28848.00000 515.66824 -0.00248 91.42238
1412.00000 21378.00000
1412.00000 15.14023 21378.00000 124.11545 0.10365 85.58344
1621.00000 25775.00000
1621.00000 15.90068 25775.00000 229.87539 1.02727 87.50231
2269.00000 12984.00000
2269.00000 5.72234 12984.00000 24.99448 5.56380 91.10856
1259.00000 17400.00000
1259.00000 13.82049 17400.00000 226.11305 1.50804 86.07726
2128.00000 15769.00000
2128.00000 7.41024 15769.00000 67.16764 5.90168 87.74613
1313.00000 32715.00000
1313.00000 24.91622 32715.00000 716.67977 -1.61048 89.89827
1527.00000 24575.00000
1527.00000 16.09365 24575.00000 365.04634 3.40123 87.01754
2250.00000 22383.00000
2250.00000 9.94800 22383.00000 90.05242 1.44805 86.49524
1098.00000 14741.00000
1098.00000 13.42532 14741.00000 129.91097 -1.78457 93.65957
839.00000 22273.00000
839.00000 26.54708 22273.00000 282.04324 -1.52792 82.05549
682.00000 26622.00000
682.00000 39.03519 26622.00000 783.12841 10.67575 90.93395
942.00000 10450.00000
942.00000 11.09342 10450.00000 77.01595 2.83662 87.56555
1219.00000 20609.00000
1219.00000 16.90648 20609.00000 122.45979 -6.31226 85.29303
730.00000 5908.00000
730.00000 8.09315 5908.00000 77.42103 -1.29562 93.91192
960.00000 30757.00000
960.00000 32.03854 30757.00000 505.58535 -3.12897 84.93862
1194.00000 32053.00000
1194.00000 26.84506 32053.00000 692.39535 1.31400 85.18782
1737.00000 13024.00000
1737.00000 7.49799 13024.00000 55.69215 4.23832 86.01663
729.00000 15642.00000
729.00000 21.45679 15642.00000 372.07427 7.06639 89.62650
934.00000 13337.00000
934.00000 14.27944 13337.00000 112.35632 7.43963 86.11944
1608.00000 13014.00000
1608.00000 8.09328 13014.00000 99.74283 4.71132 86.74681
1456.00000 28651.00000
1456.00000 19.67788 28651.00000 304.10704 4.51977 89.01373
961.00000 20355.00000
961.00000 21.18106 20355.00000 512.83405 0.33106 89.64554
391.00000 2712.00000
391.00000 6.93606 2712.00000 84.96359 -4.02075 99.24768
1129.00000 9797.00000
1129.00000 8.67759 9797.00000 70.69985 0.43279 88.75228
1727.00000 10697.00000
1727.00000 6.19398 10697.00000 55.22527 -9.06569 86.51492
1023.00000 26244.00000
1023.00000 25.65396 26244.00000 149.45144 0.89242 78.06766
1546.00000 14470.00000
1546.00000 9.35964 14470.00000 84.73068 7.20600 87.51924
1569.00000 12370.00000
1569.00000 7.88400 12370.00000 54.22920 1.26233 90.63360
1157.00000 13025.00000
1157.00000 11.25756 13025.00000 117.69060 1.36243 90.00544
765.00000 4742.00000
765.00000 6.19869 4742.00000 27.87957 -9.74784 90.35617
1473.00000 23766.00000
1473.00000 16.13442 23766.00000 188.11743 -2.62073 90.44438
2461.00000 21174.00000
2461.00000 8.60382 21174.00000 83.77767 4.72683 88.39515
1034.00000 19824.00000
1034.00000 19.17215 19824.00000 224.52089 -1.17772 88.71788
783.00000 8805.00000
783.00000 11.24521 8805.00000 81.72768 1.92606 87.73932
2010.00000 28331.00000
2010.00000 14.09502 28331.00000 184.92898 -0.26329 85.46132
1775.00000 12300.00000
1775.00000 6.92958 12300.00000 39.63355 -4.23840 89.30019
1528.00000 8599.00000
1528.00000 5.62762 8599.00000 33.65887 -11.76199 91.30653
1201.00000 11728.00000
1201.00000 9.76520 11728.00000 68.90244 5.11586 91.95685
2291.00000 16222.00000
2291.00000 7.08075 16222.00000 34.69830 7.71037 90.71426
882.00000 28694.00000
882.00000 32.53288 28694.00000 412.77809 7.69414 88.28651
1830.00000 11725.00000
1830.00000 6.40710 11725.00000 29.07584 7.87331 94.30530
689.00000 4284.00000
689.00000 6.21771 4284.00000 44.73452 -5.97120 91.17868
1616.00000 20389.00000
1616.00000 12.61696 20389.00000 227.73165 -5.76040 86.98656
1423.00000 7538.00000
1423.00000 5.29726 7538.00000 21.20176 -2.25323 90.20750
1577.00000 15294.00000
1577.00000 9.69816 15294.00000 62.19765 5.44957 88.43777
1546.00000 22275.00000
1546.00000 14.40815 22275.00000 143.13065 0.65657 89.54230
1958.00000 8805.00000
1958.00000 4.49694 8805.00000 37.83018 -7.80583 92.86431
675.00000 32674.00000
675.00000 48.40593 32674.00000 975.09021 4.66599 84.67086
2006.00000 15098.00000
2006.00000 7.52642 15098.00000 83.50431 2.36742 89.64721
1041.00000 27617.00000
1041.00000 26.52930 27617.00000 638.35361 -3.01815 91.08055
1233.00000 17823.00000
1233.00000 14.45499 17823.00000 104.26079 -1.76989 86.10636
1101.00000 13909.00000
1101.00000 12.63306 13909.00000 65.12115 2.02920 78.23674
1810.00000 20233.00000
1810.00000 11.17845 20233.00000 138.68456 2.12057 87.62122
1210.00000 27740.00000
1210.00000 22.92562 27740.00000 328.66654 -0.28487 90.23518
1804.00000 18200.00000
1804.00000 10.08869 18200.00000 107.30826 8.89271 91.63196
1555.00000 18560.00000
1555.00000 11.93569 18560.00000 96.11239 3.46705 87.61867
1141.00000 22620.00000
1141.00000 19.82472 22620.00000 479.73126 -0.42336 90.74467
868.00000 10590.00000
868.00000 12.20046 10590.00000 80.21386 2.95765 86.00077
1344.00000 20862.00000
1344.00000 15.52232 20862.00000 174.62514 -1.06449 86.22079
1170.00000 15745.00000
1170.00000 13.45726 15745.00000 145.34545 6.32809 86.60636
908.00000 26240.00000
908.00000 28.89868 26240.00000 643.53054 0.45671 86.11277
1150.00000 24483.00000
1150.00000 21.28957 24483.00000 159.31930 3.95959 80.94094
813.00000 30398.00000
813.00000 37.38991 30398.00000 582.54470 0.12649 85.88651
2253.00000 21405.00000
2253.00000 9.50067 21405.00000 95.92561 2.76422 86.99523
1305.00000 21178.00000
1305.00000 16.22835 21178.00000 186.73401 1.30093 86.27429
1981.00000 22471.00000
1981.00000 11.34326 22471.00000 118.44004 10.75875 88.05232
1590.00000 12087.00000
1590.00000 7.60189 12087.00000 64.75015 -1.48779 91.30755
1795.00000 17145.00000
1795.00000 9.55153 17145.00000 87.17165 1.33268 89.37431
1681.00000 11455.00000
1681.00000 6.81440 11455.00000 48.14202 3.83689 89.70420
619.00000 3975.00000
619.00000 6.42165 3975.00000 47.86547 -13.36912 96.86885
1435.00000 20606.00000
1435.00000 14.35958 20606.00000 194.14521 -1.61334 90.40079
1614.00000 18269.00000
1614.00000 11.31908 18269.00000 48.24504 -0.55931 90.76858
2004.00000 20349.00000
2004.00000 10.15419 20349.00000 126.53273 2.18026 88.34400
2104.00000 19214.00000
2104.00000 9.13213 19214.00000 62.08858 0.23276 86.69257
1060.00000 23288.00000
1060.00000 21.96981 23288.00000 345.48207 -3.72979 87.68541
1690.00000 27303.00000
1690.00000 16.15562 27303.00000 364.40542 3.36829 87.65138
1333.00000 10557.00000
1333.00000 7.91973 10557.00000 39.60944 -2.63846 87.72334
1226.00000 20605.00000
1226.00000 16.80669 20605.00000 159.71794 -5.91029 86.75803
1047.00000 28210.00000
1047.00000 26.94365 28210.00000 668.91918 6.04461 88.83002
1289.00000 19470.00000
1289.00000 15.10473 19470.00000 255.80324 -4.72456 89.63514
1717.00000 21783.00000
1717.00000 12.68666 21783.00000 130.90153 5.72824 90.37179
1944.00000 12678.00000
1944.00000 6.52160 12678.00000 61.84870 -3.39754 91.93020
1861.00000 21587.00000
1861.00000 11.59968 21587.00000 202.06065 5.10742 85.56798
1250.00000 11060.00000
1250.00000 8.84800 11060.00000 60.95073 0.64340 89.86138
1331.00000 25721.00000
1331.00000 19.32457 25721.00000 419.04694 -0.86938 90.03668
1578.00000 14690.00000
1578.00000 9.30925 14690.00000 59.95853 7.75449 88.73159
2118.00000 25690.00000
2118.00000 12.12937 25690.00000 127.04652 1.58267 86.59748
1363.00000 7981.00000
1363.00000 5.85547 7981.00000 31.14570 3.27211 89.86940
796.00000 17860.00000
796.00000 22.43719 17860.00000 202.01755 -8.71357 84.16086
1939.00000 18323.00000
1939.00000 9.44972 18323.00000 109.76094 0.33216 90.89064
676.00000 19781.00000
676.00000 29.26183 19781.00000 520.43629 0.08880 85.37381
1590.00000 11671.00000
1590.00000 7.34025 11671.00000 24.23653 4.49052 87.14875
1583.00000 24910.00000
1583.00000 15.73594 24910.00000 232.15385 2.95987 85.23747
2183.00000 16296.00000
2183.00000 7.46496 16296.00000 38.69042 3.15941 85.60866
1173.00000 11106.00000
1173.00000 9.46803 11106.00000 83.85269 -4.11189 84.49640
899.00000 27042.00000
899.00000 30.08009 27042.00000 540.56266 3.22989 87.43143
1281.00000 19003.00000
1281.00000 14.83450 19003.00000 246.48009 2.13742 88.83405
1349.00000 7165.00000
1349.00000 5.31134 7165.00000 31.83018 -3.17582 94.12134
2128.00000 9920.00000
2128.00000 4.66165 9920.00000 33.25706 -5.00185 90.65355
846.00000 6450.00000
846.00000 7.62411 6450.00000 49.83752 9.27697 93.37961
1466.00000 23449.00000
1466.00000 15.99523 23449.00000 203.40161 16.20876 90.82329
2261.00000 17138.00000
2261.00000 7.57983 17138.00000 56.24639 -5.90818 86.46845
1189.00000 11691.00000
1189.00000 9.83263 11691.00000 109.53353 3.28960 87.32236
277.00000 20914.00000
277.00000 75.50181 20914.00000 1065.41440 -13.96367 91.53394
1522.00000 23234.00000
1522.00000 15.26544 23234.00000 106.22740 5.99174 87.34163
2323.00000 23252.00000
2323.00000 10.00947 23252.00000 107.65563 4.32977 85.93926
2395.00000 17522.00000
2395.00000 7.31608 17522.00000 52.63147 0.17257 88.99352
1299.00000 12439.00000
1299.00000 9.57583 12439.00000 137.89351 1.26313 89.56955
1578.00000 21628.00000
1578.00000 13.70596 21628.00000 218.03156 -4.95411 90.20745
848.00000 4643.00000
848.00000 5.47524 4643.00000 43.70195 4.70365 91.97063
1913.00000 13593.00000
1913.00000 7.10559 13593.00000 49.86786 -3.54101 88.91401
1633.00000 17927.00000
1633.00000 10.97795 17927.00000 74.51384 0.78066 90.70427
1321.00000 7945.00000
1321.00000 6.01438 7945.00000 43.66399 -0.86029 91.89714
1301.00000 13756.00000
1301.00000 10.57341 13756.00000 111.05618 -0.55143 88.84799
1617.00000 21292.00000
1617.00000 13.16759 21292.00000 181.98671 2.72823 88.66176
940.00000 28988.00000
940.00000 30.83830 28988.00000 764.25962 6.90260 92.46641
996.00000 21777.00000
996.00000 21.86446 21777.00000 420.73426 8.14873 91.47519
110.00000 1416.00000
110.00000 12.87273 1416.00000 108.46969 -10.74214 89.47568
930.00000 30091.00000
930.00000 32.35591 30091.00000 379.82395 1.67357 83.28485
1987.00000 7700.00000
1987.00000 3.87519 7700.00000 31.96759 7.33122 92.69428
1194.00000 14993.00000
1194.00000 12.55695 14993.00000 247.25512 -0.59704 90.16538
1623.00000 13851.00000
1623.00000 8.53420 13851.00000 39.58172 -1.31682 88.94185
1765.00000 12326.00000
1765.00000 6.98357 12326.00000 29.29936 5.12056 88.43664
1956.00000 12907.00000
1956.00000 6.59867 12907.00000 22.36738 -6.61115 87.59301
1023.00000 13482.00000
1023.00000 13.17889 13482.00000 93.89922 10.12767 83.88139
1725.00000 16185.00000
1725.00000 9.38261 16185.00000 50.58332 2.64465 86.50302
1124.00000 5538.00000
1124.00000 4.92705 5538.00000 42.33595 -5.64902 92.27571
2294.00000 15791.00000
2294.00000 6.88361 15791.00000 52.31079 1.68690 87.60181
1799.00000 23054.00000
1799.00000 12.81490 23054.00000 153.37868 6.12917 84.95366
1760.00000 16654.00000
1760.00000 9.46250 16654.00000 67.71680 4.79480 87.50261
1799.00000 17428.00000
1799.00000 9.68760 17428.00000 41.43433 8.05246 89.10237
980.00000 5866.00000
980.00000 5.98571 5866.00000 19.36950 -6.31415 89.05040
1122.00000 11777.00000
1122.00000 10.49643 11777.00000 57.18484 3.53726 88.96325
1665.00000 15634.00000
1665.00000 9.38979 15634.00000 145.07252 2.68527 89.05825
1108.00000 11829.00000
1108.00000 10.67599 11829.00000 159.74960 -0.84978 92.45902
1744.00000 13155.00000
1744.00000 7.54300 13155.00000 62.95892 -6.64328 90.35084
2354.00000 20863.00000
2354.00000 8.86279 20863.00000 34.51487 6.67161 87.16387
2407.00000 18256.00000
2407.00000 7.58455 18256.00000 55.72561 -21.49421 87.47274
1770.00000 16245.00000
1770.00000 9.17797 16245.00000 42.60817 11.08369 87.56070
1744.00000 16477.00000
1744.00000 9.44782 16477.00000 62.64059 0.02506 89.31597
1159.00000 10791.00000
1159.00000 9.31061 10791.00000 56.06991 1.70952 83.52851
1357.00000 11208.00000
1357.00000 8.25940 11208.00000 60.60939 -0.76652 90.11990
255.00000 11623.00000
255.00000 45.58039 11623.00000 321.91825 0.30939 80.19402
1977.00000 11572.00000
1977.00000 5.85331 11572.00000 29.66742 7.90269 91.00951
2038.00000 13376.00000
2038.00000 6.56330 13376.00000 43.43355 3.85232 88.37033
831.00000 22418.00000
831.00000 26.97714 22418.00000 265.44590 3.13103 84.63054
1086.00000 27457.00000
1086.00000 25.28269 27457.00000 338.60052 3.55198 87.95217
1831.00000 16231.00000
1831.00000 8.86455 16231.00000 51.67072 -3.01598 89.70821
635.00000 12343.00000
635.00000 19.43780 12343.00000 160.27209 5.18874 88.99530
1299.00000 16065.00000
1299.00000 12.36721 16065.00000 80.91180 0.55043 89.94926
1263.00000 14562.00000
1263.00000 11.52969 14562.00000 150.93185 3.96044 87.23694
1575.00000 28577.00000
1575.00000 18.14413 28577.00000 284.17654 1.35674 87.39189
1441.00000 11897.00000
1441.00000 8.25607 11897.00000 55.88547 -2.68820 90.01322
893.00000 8698.00000
893.00000 9.74020 8698.00000 71.81053 7.22408 91.23134
992.00000 33680.00000
992.00000 33.95161 33680.00000 871.27169 4.73976 90.23633
1388.00000 25635.00000
1388.00000 18.46902 25635.00000 153.16902 2.93090 87.02382
1335.00000 18029.00000
1335.00000 13.50487 18029.00000 125.59445 7.59720 87.30145
628.00000 8403.00000
628.00000 13.38057 8403.00000 143.04678 -0.85056 90.30478
1341.00000 19919.00000
1341.00000 14.85384 19919.00000 233.12421 0.49366 88.45390
1713.00000 5958.00000
1713.00000 3.47811 5958.00000 28.87430 -10.62127 93.04329
1656.00000 16466.00000
1656.00000 9.94324 16466.00000 96.09192 -3.43480 90.94085
1056.00000 7481.00000
1056.00000 7.08428 7481.00000 35.51290 -3.67862 89.20024
654.00000 25311.00000
654.00000 38.70183 25311.00000 329.77031 1.67728 80.78232
915.00000 4937.00000
915.00000 5.39563 4937.00000 42.11378 2.22690 93.29638
1512.00000 10819.00000
1512.00000 7.15542 10819.00000 92.60035 1.22383 90.24711
1273.00000 10746.00000
1273.00000 8.44148 10746.00000 123.56128 -4.96910 90.32480
733.00000 3661.00000
733.00000 4.99454 3661.00000 41.48180 -7.61308 93.45839
2309.00000 22437.00000
2309.00000 9.71719 22437.00000 68.75907 0.15999 86.31734
1437.00000 16994.00000
1437.00000 11.82603 16994.00000 125.55794 0.32994 88.03041
686.00000 8491.00000
686.00000 12.37755 8491.00000 127.70711 6.13000 87.62740
1225.00000 19512.00000
1225.00000 15.92816 19512.00000 80.11268 1.72944 88.40329
1488.00000 28745.00000
1488.00000 19.31788 28745.00000 431.87606 2.85660 84.61386
912.00000 39020.00000
912.00000 42.78509 39020.00000 1193.64791 -0.28793 90.67472
1129.00000 20091.00000
1129.00000 17.79539 20091.00000 157.31659 -0.80076 85.43647
2048.00000 13403.00000
2048.00000 6.54443 13403.00000 20.54570 -3.15201 88.92545
2631.00000 22216.00000
2631.00000 8.44394 22216.00000 92.87891 3.83759 89.38690
1215.00000 8755.00000
1215.00000 7.20576 8755.00000 48.29676 4.72350 89.66623
1356.00000 15936.00000
1356.00000 11.75221 15936.00000 85.30583 -1.57619 90.50353
680.00000 13525.00000
680.00000 19.88971 13525.00000 155.91216 3.22724 88.87542
1242.00000 10950.00000
1242.00000 8.81643 10950.00000 43.27720 0.24863 89.85864
815.00000 11556.00000
815.00000 14.17914 11556.00000 176.08100 4.24331 90.42709
1332.00000 26599.00000
1332.00000 19.96922 26599.00000 338.27081 4.10271 84.72808
1756.00000 28447.00000
1756.00000 16.19989 28447.00000 379.82102 3.00337 89.54253
1685.00000 19324.00000
1685.00000 11.46825 19324.00000 127.90684 2.47540 89.81642
1408.00000 21114.00000
1408.00000 14.99574 21114.00000 109.16465 5.42394 87.85968
1464.00000 19400.00000
1464.00000 13.25137 19400.00000 102.08393 -1.65495 85.09879
319.00000 7563.00000
319.00000 23.70846 7563.00000 91.80636 0.35603 75.65491
1790.00000 17657.00000
1790.00000 9.86425 17657.00000 47.01375 8.34697 89.79104
1874.00000 27507.00000
1874.00000 14.67823 27507.00000 352.89937 -1.74014 89.07369
2045.00000 14922.00000
2045.00000 7.29682 14922.00000 74.27142 4.14638 87.87280
1440.00000 20311.00000
1440.00000 14.10486 20311.00000 124.41662 1.37587 87.34099
926.00000 7576.00000
926.00000 8.18143 7576.00000 76.98587 -3.19098 92.25773
1755.00000 9238.00000
1755.00000 5.26382 9238.00000 30.41769 3.24293 88.74462
1392.00000 9836.00000
1392.00000 7.06609 9836.00000 52.32557 3.41284 89.33008
1707.00000 22623.00000
1707.00000 13.25308 22623.00000 129.10827 4.01121 87.47088
1597.00000 26015.00000
1597.00000 16.28992 26015.00000 243.18570 8.98998 87.42352
1960.00000 15337.00000
1960.00000 7.82500 15337.00000 31.78685 -2.96703 86.10893
1526.00000 10283.00000
1526.00000 6.73853 10283.00000 21.17945 -1.28449 88.82693
1434.00000 11362.00000
1434.00000 7.92329 11362.00000 30.36732 5.65269 88.73651
1540.00000 11642.00000
1540.00000 7.55974 11642.00000 42.79388 -14.06546 88.80387
1776.00000 20097.00000
1776.00000 11.31588 20097.00000 77.17829 4.94827 88.75230
1471.00000 22069.00000
1471.00000 15.00272 22069.00000 296.36432 10.43636 87.63132
1009.00000 15192.00000
1009.00000 15.05649 15192.00000 256.68057 8.57060 87.88526
2577.00000 17197.00000
2577.00000 6.67326 17197.00000 139.54367 8.14643 91.10172
898.00000 6815.00000
898.00000 7.58909 6815.00000 52.77307 -1.31409 88.83840
947.00000 18151.00000
947.00000 19.16684 18151.00000 297.11414 2.62235 89.38921
1105.00000 40865.00000
1105.00000 36.98190 40865.00000 1136.30241 3.11377 93.25948
573.00000 5594.00000
573.00000 9.76265 5594.00000 64.45846 -10.36904 85.89842
958.00000 13018.00000
958.00000 13.58873 13018.00000 76.44512 0.06175 84.84171
1153.00000 8783.00000
1153.00000 7.61752 8783.00000 45.77387 0.32603 90.89407
649.00000 6171.00000
649.00000 9.50847 6171.00000 99.26327 -2.14491 89.90872
1208.00000 20556.00000
1208.00000 17.01656 20556.00000 271.75397 1.25347 86.77589
1603.00000 30644.00000
1603.00000 19.11666 30644.00000 372.25957 1.79829 88.06042
1617.00000 21515.00000
1617.00000 13.30550 21515.00000 88.78257 1.32003 83.74151
937.00000 14276.00000
937.00000 15.23586 14276.00000 125.16142 2.32282 86.27246
1868.00000 25031.00000
1868.00000 13.39989 25031.00000 168.41413 8.98300 88.12934
1956.00000 12387.00000
1956.00000 6.33282 12387.00000 80.81959 -12.72335 87.81493
1033.00000 17241.00000
1033.00000 16.69022 17241.00000 229.32889 2.94861 83.22238
1634.00000 12773.00000
1634.00000 7.81701 12773.00000 69.08140 -0.75982 89.98789
822.00000 11647.00000
822.00000 14.16910 11647.00000 92.85543 -3.51343 85.51683
1499.00000 24792.00000
1499.00000 16.53903 24792.00000 143.00441 1.66629 86.87317
844.00000 4270.00000
844.00000 5.05924 4270.00000 40.06584 -9.43862 90.14244
388.00000 2018.00000
388.00000 5.20103 2018.00000 29.74645 -20.53033 98.46590
637.00000 31590.00000
637.00000 49.59184 31590.00000 1069.34335 -1.03724 88.81844
1627.00000 14391.00000
1627.00000 8.84511 14391.00000 58.17805 9.89131 89.68201
1683.00000 17682.00000
1683.00000 10.50624 17682.00000 63.63797 6.01995 91.80209
2467.00000 18700.00000
2467.00000 7.58006 18700.00000 42.81010 16.81656 90.89266
1136.00000 37271.00000
1136.00000 32.80898 37271.00000 861.69878 7.19266 93.49768
1356.00000 25484.00000
1356.00000 18.79351 25484.00000 260.32504 6.09807 88.17553
1314.00000 24393.00000
1314.00000 18.56393 24393.00000 412.53183 7.11214 92.62008
1797.00000 17111.00000
1797.00000 9.52198 17111.00000 102.51169 3.75579 86.22954
1793.00000 25200.00000
1793.00000 14.05466 25200.00000 267.03428 4.32365 87.95021
1437.00000 11855.00000
1437.00000 8.24983 11855.00000 53.12572 -4.44148 89.28468
473.00000 21326.00000
473.00000 45.08668 21326.00000 453.50298 -3.53148 73.85455
1242.00000 20904.00000
1242.00000 16.83092 20904.00000 215.48706 -1.15329 87.68945
961.00000 29536.00000
961.00000 30.73465 29536.00000 486.81691 4.74832 90.22716
1083.00000 18310.00000
1083.00000 16.90674 18310.00000 197.71482 7.23318 86.99368
1564.00000 15897.00000
1564.00000 10.16432 15897.00000 117.20140 4.89336 89.66104
2108.00000 19919.00000
2108.00000 9.44924 19919.00000 93.33486 7.93650 89.37342
974.00000 29403.00000
974.00000 30.18789 29403.00000 463.28808 -1.46028 83.70196
1237.00000 21068.00000
1237.00000 17.03153 21068.00000 228.71565 3.93924 89.53469
1238.00000 14438.00000
1238.00000 11.66236 14438.00000 42.42150 8.76579 87.06792
1363.00000 17749.00000
1363.00000 13.02201 17749.00000 78.10869 -4.49312 88.80342
633.00000 9800.00000
633.00000 15.48183 9800.00000 106.41371 3.07846 89.54217
1779.00000 27369.00000
1779.00000 15.38449 27369.00000 183.28462 1.15002 86.45069
1301.00000 15142.00000
1301.00000 11.63874 15142.00000 82.50921 1.91270 88.02634
1012.00000 28435.00000
1012.00000 28.09783 28435.00000 532.92165 -1.10691 88.84028
868.00000 13318.00000
868.00000 15.34332 13318.00000 204.26432 8.12151 85.72934
1840.00000 14026.00000
1840.00000 7.62283 14026.00000 79.36488 6.64635 94.11098
790.00000 11163.00000
790.00000 14.13038 11163.00000 74.77771 -7.48967 86.63145
818.00000 11717.00000
818.00000 14.32396 11717.00000 216.52783 -10.20937 95.63806
863.00000 14132.00000
863.00000 16.37543 14132.00000 81.57149 0.26900 84.86624
885.00000 6761.00000
885.00000 7.63955 6761.00000 37.82864 -0.61939 88.44273
1317.00000 19116.00000
1317.00000 14.51481 19116.00000 104.58625 0.71416 84.70408
2274.00000 26064.00000
2274.00000 11.46174 26064.00000 103.64425 21.50675 87.04947
550.00000 25654.00000
550.00000 46.64364 25654.00000 717.27199 4.91553 84.13501
1440.00000 24663.00000
1440.00000 17.12708 24663.00000 247.08945 4.84582 86.77295
929.00000 11876.00000
929.00000 12.78364 11876.00000 110.98876 7.59803 84.28832
642.00000 10999.00000
642.00000 17.13240 10999.00000 91.26936 -5.98908 83.61855
1305.00000 23960.00000
1305.00000 18.36015 23960.00000 168.95718 7.00513 89.95294
1869.00000 19237.00000
1869.00000 10.29267 19237.00000 91.24000 4.20000 87.70104
952.00000 13430.00000
952.00000 14.10714 13430.00000 128.03514 0.09073 84.64614
1787.00000 19873.00000
1787.00000 11.12087 19873.00000 88.71044 4.82786 89.06078
1971.00000 21042.00000
1971.00000 10.67580 21042.00000 78.60918 -0.38616 86.61157
1183.00000 9896.00000
1183.00000 8.36517 9896.00000 70.20389 3.61214 84.73339
1877.00000 13848.00000
1877.00000 7.37773 13848.00000 36.31851 -0.92022 88.44816
1681.00000 21177.00000
1681.00000 12.59786 21177.00000 88.35639 -2.73251 84.13500
1952.00000 24067.00000
1952.00000 12.32941 24067.00000 167.45546 2.90721 90.34376
1729.00000 30042.00000
1729.00000 17.37536 30042.00000 418.22031 -2.11722 90.98302
1470.00000 8336.00000
1470.00000 5.67075 8336.00000 35.21913 -10.26132 91.53353
1212.00000 14551.00000
1212.00000 12.00578 14551.00000 153.00138 0.23603 89.78721
1078.00000 21565.00000
1078.00000 20.00464 21565.00000 271.91952 5.31936 92.84569
779.00000 10396.00000
779.00000 13.34531 10396.00000 155.88862 11.25842 88.42820
1287.00000 18742.00000
1287.00000 14.56255 18742.00000 89.34492 -1.82533 89.40249
1014.00000 14314.00000
1014.00000 14.11637 14314.00000 177.80234 -3.15598 86.38384
906.00000 12480.00000
906.00000 13.77483 12480.00000 101.32712 7.17151 87.26088
997.00000 28830.00000
997.00000 28.91675 28830.00000 773.78776 5.17619 89.46794
1342.00000 26045.00000
1342.00000 19.40760 26045.00000 420.87268 -3.79508 93.01859
1187.00000 18629.00000
1187.00000 15.69419 18629.00000 159.80951 -7.92881 88.53149
2250.00000 27399.00000
2250.00000 12.17733 27399.00000 358.98157 -5.60873 89.18014
1751.00000 23260.00000
1751.00000 13.28384 23260.00000 83.46090 2.85563 85.68498
1695.00000 14912.00000
1695.00000 8.79764 14912.00000 81.20179 5.76876 93.25477
1106.00000 9107.00000
1106.00000 8.23418 9107.00000 61.18129 1.94404 89.43347
845.00000 12708.00000
845.00000 15.03905 12708.00000 198.86428 -3.34077 88.27327
1022.00000 8398.00000
1022.00000 8.21722 8398.00000 73.58006 0.26787 86.34439
1576.00000 14295.00000
1576.00000 9.07043 14295.00000 60.36274 1.85994 90.25747
1366.00000 22589.00000
1366.00000 16.53660 22589.00000 209.75999 0.13630 87.79636
1677.00000 22833.00000
1677.00000 13.61538 22833.00000 109.37759 2.90565 85.63661
1146.00000 17293.00000
1146.00000 15.08988 17293.00000 144.10635 -2.74230 76.11901
1468.00000 23618.00000
1468.00000 16.08856 23618.00000 129.63686 3.82066 87.51668
879.00000 4945.00000
879.00000 5.62571 4945.00000 37.50828 4.91960 92.53825
1495.00000 20180.00000
1495.00000 13.49833 20180.00000 131.94077 12.24596 88.29600
1212.00000 23143.00000
1212.00000 19.09488 23143.00000 183.14058 3.20494 89.48997
1350.00000 11712.00000
1350.00000 8.67556 11712.00000 54.97684 -6.11436 87.54920
692.00000 16601.00000
692.00000 23.98988 16601.00000 391.87813 6.14831 88.30356
1152.00000 17787.00000
1152.00000 15.44010 17787.00000 154.68003 5.50858 86.51651
1590.00000 20616.00000
1590.00000 12.96604 20616.00000 178.62869 3.22954 87.37639
1652.00000 18982.00000
1652.00000 11.49031 18982.00000 79.23423 9.17684 84.21979
1279.00000 13903.00000
1279.00000 10.87021 13903.00000 87.57692 0.34458 88.74926
1670.00000 16865.00000
1670.00000 10.09880 16865.00000 142.94148 -0.72262 85.20818
