1872.0028 2791.33019301546530521 0.08295536677508748
930.0002 798.431357230498 0.355999588545835
2116.0030 697.998636642234905518 0.06055651715152109
1400.00225 675.632352941284903698 0.3162329403546362
516.000 329.8644761029914 0.16844005739810433
2146.007 1569.047273284522023265 0.06339050231479712
1541.0008 2050.83023897118726182 0.05566441874962516
2263.0020 1571.34373468153706134 0.03860568436334106
1292.0035 451.478048406931215593 0.11137796983818062
1233.0079 617.861443014755057797 0.19603166358998178
1712.0040 631.139016544194588307 0.21737094088974654
913.00060 1995.37228860345549497 0.10102275971955164
964.0006 1356.005683211107180427 0.1301227332375521
2099.008 1159.068443627596335194 0.051889859313170986
1764.006 523.88624387259461128 0.1684774826901788
1078.0001 3114.06223958415510855 0.09477071606844449
1799.008 1227.27843137274369029 0.1038832959436364
2222.0052 1175.401531862828236254 0.047989145202500694
1562.009 401.0571537990284057687 0.07982495467651579
2519.000 1016.39594056381739962 0.0506231506310549
1142.0097 1196.18281250024588665 0.0863334666404279
2273.000 616.661335784372 0.0970944145629671
1098.0035 3099.04330576083158329 0.06040026589522196
1483.0024 1685.611718750467457522 0.06429540876163554
1446.00 206.2179227941212297513 0.12128585890404686
1404.0073 2313.57421875069186105 0.06941578235546202
918.00065 1121.4645986523258877 0.09027125325829063
1215.0007 2154.13674938797020438 0.07128872627414745
1412.0044 906.050934436376826086 0.13600067802452998
1621.0021 1489.489399510052355956 0.04806458532219605
2269.009 488.516222426518332795 0.11440760062852559
1259.0073 1155.795511642328039444 0.08591962273398349
2128.009 676.884635416728743366 0.05918852074889012
1313.0029 3282.8727634817223706 0.05007965334564351
1527.0037 1006.93511029418803967 0.07602373853437583
2250.009 1294.438097426626904986 0.04636920921944055
1098.00284 917.57297794127019459 0.39786166227643416
839.0008 2058.8289828438933002 0.1589148712098069
682.0008 1911.785156250451280765 0.19322029315556616
942.0002 419.369102328509944838 0.3144480637181802
1219.00 833.41939338248988505 0.09280863606587593
730.000 152.52043504902826 0.15060200711112057
960.0001 2077.39584865282995269 0.08505099855923719
1194.00 2136.04381127509811095 0.07492397375986397
1737.007 959.466145833450190017 0.11138957436860437
729.0001 1031.039460784555354036 0.35786777076908594
934.0001 833.341957720748826453 0.1167992325727881
1608.003 902.282873774610332726 0.06800558616518196
1456.0095 1921.315747549566478508 0.04633736301647655
961.0000 1620.343719363124241393 0.0712471464674619
391.000 161.01962316177497 0.1296408752522056
1129.00 258.5695006127496 0.1317116214656745
1727.005 651.732199755009489897 0.17639781993538836
1023.0011 1374.097518382814322124 0.09704149616295024
1546.0009 479.538066789291568187 0.09337485391298109
1569.0068 639.035952818684959748 0.19332767875245402
1157.0017 271.68777573531530836 0.12440652930053311
765.000 210.69221813726085 0.11022217856059124
1473.0002 1073.32052696096666987 0.08711013488093547
2461.008 720.542340686388389884 0.06666110980340213
1034.0027 1298.1953125003655501 0.1037489773090689
783.000 537.4763327206929 0.4473053416588427
2010.0090 3704.96288296711433244 0.0579848054145356
1775.007 544.406816789268289072 0.071644863359495
1528.00 375.4641237745466432735 0.1083465949461271
1201.003 691.55716911771699721 0.19433770624054
2291.004 761.29849877456713941 0.0758780438265626
882.0008 1018.822625612972533346 0.06274786188444118
1830.000 333.550413602963483369 0.08469579640913599
689.000 141.5282015931396 0.12917911748178815
1616.0088 662.68371629906435444 0.06526225337276262
1423.00 241.4712622549185 0.12315246752831607
1577.003 1415.08432904448030076 0.07988730800455242
1546.0012 920.0317555148562151 0.06985903096994736
1958.00 362.1874540441474 0.10462920970325296
675.0008 2070.56723345671788072 0.11127269564921384
2006.000 840.581724877516366686 0.06557320734239741
1041.0052 1308.94142156885805126 0.0937829563398182
1233.0031 1469.958440564224179 0.0815407926703673
1101.0078 1047.12689950997529645 0.1530092809069772
1810.0048 1271.481755514863922848 0.0608730008017832
1210.0070 1401.77473958348215635 0.054642770355746585
1804.00695 581.474938725576079848 0.08153708123809252
1555.0008 1018.27562806387748168 0.09572370876444457
1141.0046 1657.540349265093928402 0.07012735712705921
868.0008 337.529212622576803244 0.20106198678974263
1344.0038 1338.10615808870824349 0.1833330589800823
1170.0055 416.0894761029900783497 0.11626534276488545
908.00055 2145.7901654419338164 0.08751192988993467
1150.00612 642.110431985350393574 0.08758039046924268
813.0007 2304.304748775284911508 0.1272137465326045
2253.005 1416.60965073547627739 0.04519830742801875
1305.0039 1170.778753063858236724 0.08782679749975997
1981.0048 1348.547916666900003037 0.046508839129809215
1590.001 419.7804227941615606998 0.17440552762197162
1795.009 742.638449755021866296 0.12784957807613032
1681.000 1219.615732230664965462 0.16289308164063654
619.000 200.84554227942382 0.19672001765013064
1435.00 1609.749249387520592595 0.13376207355808287
1614.0095 645.92212009812580394 0.07837130267893144
2004.0082 1403.59178921605824166 0.05461684505736114
2104.009 716.37366727947063328 0.06365742014156603
1060.0007 1570.68976715723843688 0.07651141701723238
1690.0096 1314.701685049198434313 0.06439029636228492
1333.003 337.901960784353670448 0.10210772704485667
1226.0048 953.77290134818453304 0.10059070864298535
1047.0048 3015.2576286776029533 0.06037961805918859
1289.0078 982.049234068847788652 0.09167804654743317
1717.0073 1490.470649510193340112 0.10851178143439048
1944.000 629.433624387359880774 0.0847760220809059
1861.0093 4247.3037990208852371 0.05845472842214307
1250.002 506.1250306373235743513 0.1523486487944765
1331.0027 1438.7170649515 0.07677964525511013
1578.004 622.278462009885 0.13475739736834508
2118.00330 1547.57084865229118097 0.043712324035437546
1363.00 355.9498774510129 0.2447631565184471
796.00003 1184.6523131129049173 0.1927186694008265
1939.0039 783.92545955887482444 0.05756826286340555
676.0009 1586.746384804219357726 0.11462800302796616
1590.006 459.800168504952676405 0.09987714613853943
1583.0066 2197.057781863490792893 0.09691357807246555
2183.001 782.980851715757255158 0.06144192480656418
1173.009 451.66692708338 0.1244574895145059
899.0003 1738.031694240868185484 0.23817457625169286
1281.0006 773.012882965819336424 0.08957999492202624
1349.00 308.0730085784563 0.09952917781914775
2128.00 844.4891084559495 0.0575537329942421
846.000 180.7649969362846 0.18413872272218376
1466.0003 1366.97190563754078782 0.12778106360876498
2261.003 606.930499387338232285 0.08132727606966837
1189.003 751.03812806383365775 0.18595877644547332
277.0009 637.591773897067 0.1995449650838122
1522.0007 572.782352941229942503 0.07331293536953952
2323.0089 1113.11675857855218026 0.046111165731878435
2395.006 449.030330882383377802 0.07153812088118043
1299.009 507.506173406907060682 0.08715894681513846
1578.0090 1955.249050245707457076 0.061360046879187946
848.000 171.60220588235586 0.11755756958322847
1913.007 937.97993259811536338 0.06473459570611585
1633.0048 501.546017156923803934 0.07580367957717114
1321.00 198.5291973039276787709 0.10959656142292253
1301.0012 1158.37382046593784713 0.15430430648527177
1617.0037 1871.405422794792359785 0.06678868569470509
940.00010 2873.9853860301904677 0.1428430822730276
996.00087 1868.60854779459392597 0.09767019531303221
110.000 75.7541053921578 0.16854762334778253
930.0001 2903.2433057607980484 0.10047188234356688
1987.00 746.1602328431715 0.060545342882359215
1194.0076 595.4220588236085773 0.10085055956418185
1623.003 386.963434436290983633 0.10184062465811168
1765.000 870.77987132365827577 0.14064890068388367
1956.007 701.059298406926500524 0.08426429553890262
1023.0058 1179.413020833562552054 0.1347989156541549
1725.001 1191.262438725739024558 0.09003020663916093
1124.00 468.9659926471184 0.16904105058405744
2294.008 924.443719362856703138 0.058012329805156616
1799.0083 2040.494837623113341658 0.08063461699609688
1760.0039 734.83380821090278603 0.10514789040339781
1799.005 358.16321997552366392 0.08842982877423647
980.000 291.10330882355254 0.10916057107312803
1122.0046 332.105867034356333224 0.1115627899420334
1665.008 717.302757353040470412 0.10050796284365011
1108.0014 562.174111519653588059 0.09102048989436437
1744.009 447.4219056372882234782 0.07453434416109889
2354.009 541.76594669121870704 0.06641154821985047
2407.008 1064.73325674046312376 0.07060079714535723
1770.002 909.356709558999693254 0.09315784153696754
1744.004 476.5479013480797273934 0.1364318458273905
1159.005 373.0922947304626783783 0.21059818010343634
1357.004 897.912331495259 0.11228750700405288
255.0007 554.720404411861327615 0.3793872649628171
1977.001 700.386504289298456325 0.18203729114141198
2038.008 742.892187500120673097 0.11010630200015463
831.0005 2190.58347120170528218 0.23832934339172016
1086.0046 1779.522702206488244484 0.1392936316421673
1831.002 361.047993259824920945 0.07788000322293206
635.0008 1468.794178921929591756 0.180576870903954
1299.0019 457.087101715740744056 0.08363353982281921
1263.0061 879.918321078550039785 0.15728137790624197
1575.0066 1431.82259497596399598 0.06018421088458573
1441.005 973.03538602954073318 0.07582160153171294
893.000 353.0664368872525 0.10355903373638917
992.0004 1851.377696079022124213 0.04130519223585407
1388.0022 1561.69555759842712537 0.05254832770860093
1335.0026 847.763541666867219385 0.09682637561195132
628.000 822.0241115197039 0.1425949671885672
1341.0076 1128.5714460786627922 0.0902218651561441
1713.00 333.2324754902246 0.10392512465529051
1656.002 1080.753109681463159205 0.05382875540382271
1056.00 168.878385416672969146 0.16518585049098314
654.0009 2201.14218750065637485 0.1009085495587896
915.000 186.1586703431411 0.12175513583780798
1512.009 1004.606479779557885412 0.07576686509626848
1273.002 1528.334926470836435913 0.05985792451942421
733.000 101.87748161764944 0.14616729106012916
2309.008 2110.2759957109889606 0.041127263998177004
1437.0006 1128.87271752484847657 0.08919264679300248
686.000 332.410631127474979386 0.27360891861958997
1225.0085 835.941544117804473992 0.10947236681226973
1488.0033 1699.993811274866279468 0.0457440615407233
912.0000 3345.8533700994367026 0.034118394962013146
1129.0003 1508.64306066221572975 0.10207225063438519
2048.005 233.4824601715743764037 0.10655311231593897
2631.002 1449.05160845608922012 0.10315012135260622
1215.00 282.7202818627744 0.14958158078937117
1356.0070 242.5873314951126665994 0.12024935555643831
680.0005 716.932061887406564211 0.1982153689569135
1242.004 238.3415287990236705316 0.11574365359415474
815.0004 724.64203431385994305 0.21678282993552656
1332.00400 2440.587055760521646 0.09426395154578988
1756.00613 3326.00989583395883191 0.03215600071115837
1685.0026 1451.654181985678241423 0.092225955912761
1408.0066 556.560140931387470483 0.07180387147070783
1464.0019 807.50303308836557024 0.0704763420001973
319.000 321.462040441227777004 0.41646477370499646
1790.004 642.004672181453 0.1170654518890165
1874.0005 2076.15919117716785246 0.06357188832073862
2045.003 686.088802083472479376 0.0771877488948692
1440.0041 907.35510110304527683 0.0887118059708172
926.000 310.4421721814056 0.158622502167518
1755.00 927.4272518383635 0.21800878330279755
1392.00 259.1905484068706 0.09409708263983817
1707.0060 1251.53990502479789783 0.1412120493994915
1597.0021 1686.069393382833733573 0.0749879298075265
1960.007 660.46200980403190318 0.0721850424573819
1526.000 356.282291666704467923 0.14429655139580208
1434.006 260.532322303937526815 0.12226597170310988
1540.008 430.36973039222359114 0.10780784792389463
1776.0093 1001.656878063903925535 0.09342842217733364
1471.0006 1398.099984681730397222 0.09498225266775244
1009.0093 900.626700367816315994 0.11508872208105925
2577.001 1081.9435968139090245 0.05190408217567462
898.000 202.41652879903157 0.18895466007498662
947.0000 925.82179840709178355 0.12868982890516892
1105.0070 3472.1212469371468031 0.02560675531514146
573.000 265.9242647059066 0.1284542886127041
958.0009 463.376685049093659939 0.1422327685289289
1153.00 467.427864583371444531 0.1828551172887442
649.000 269.25019914218063 0.1499714768289322
1208.0061 1223.602297794398240063 0.1114282226012021
1603.00761 1168.66151960795294209 0.10632950841164307
1617.0068 1034.94526654430020065 0.1352670750982291
937.0000 506.306403186350377813 0.15277130729422597
1868.0002 1535.345634191705889635 0.07929021681609506
1956.000 944.310814951092 0.10372052607011539
1033.0082 980.256587010105866457 0.23156989196482172
1634.006 552.669378063768411857 0.07776381789367295
822.0005 540.59538909323533823 0.11873343401820494
1499.0082 709.170450367699119153 0.060600987728686426
844.000 237.91392463236286 0.10184898372119343
388.000 149.2607077205967 0.13462510545166903
637.0004 2430.88673406955434565 0.14266382043968368
1627.004 693.87882965694373394 0.13954134962582962
1683.0007 910.433639706033494405 0.10450509822890404
2467.0091 1177.255974264965689874 0.057119568486549525
1136.0086 2433.01271446165922928 0.048059997113708675
1356.0086 1469.7375919121591338 0.08387244617732706
1314.0074 1926.131587010259416035 0.0625103371985868
1797.005 674.99332107851233576 0.08323686644218477
1793.0091 850.55787377457955036 0.05198413858548589
1437.003 709.756969975596674003 0.15703359111108373
473.0002 1880.258455882801012 0.2513679257043
1242.0074 917.8078584561272194 0.0906884059092232
961.0006 1474.84707414263392083 0.05674019303388819
1083.00310 1210.2109528189627839 0.1259229228449986
1564.0075 613.408057598139766194 0.07206869727344908
2108.009 1329.251654412083083748 0.06359124891032682
974.0003 2004.28256740277420744 0.10075353773026022
1237.0037 1218.036167279670985166 0.1389565591282499
1238.0078 357.68633578434439106 0.15033573262464284
1363.0024 638.90557598045180618 0.06343479232606034
633.000 395.450398284385 0.17351170515000314
1779.0080 976.26101409322155168 0.04874847818826416
1301.0001 631.767279411874524 0.09496896659174417
1012.0018 1436.226531863225300585 0.08249387787100099
868.0007 321.329564951044049334 0.42399693446051356
1840.0030 389.21862745099329343 0.10137711455735045
790.0002 343.208103553957 0.13751332305036912
818.0002 537.216973039337948929 0.1517299365505313
863.0003 416.547518382399840224 0.17735226986575686
885.000 171.8935202206008 0.185169305497977
1317.00966 1302.878936887597062753 0.13268323165001175
2274.0085 900.629381127501864402 0.045536852450395834
550.0007 2318.116697304705929304 0.15097503500248333
1440.0082 858.604687500075884454 0.12655410129133599
929.0004 786.119500612869 0.12929640800425987
642.0001 598.171507353051221199 0.24417896461102304
1305.0034 1123.602925857949218647 0.10908367749794137
1869.00064 1246.7730698531333365 0.18270955341746015
952.0007 644.426026348151 0.1780533949331225
1787.0034 762.851348039299825483 0.11666574695055221
1971.00551 914.43780637266862961 0.15437710080517833