410.00630 399.6879289225 0.3952979293716189
777.006 630.316053921676 0.3266531593815091
680.006 349.22556678928 0.2957262141119592
613.00189 686.457506122868 0.2382222105757654
580.0092 645.742601103973 0.3820212369909674
378.0088 203.982889093187 0.46857052687454415
321.00417 439.1257659322991 0.31568582456568467
256.0039 290.21899509814 0.34221807255534553
356.0069 277.90182291638 0.4387855009088433
450.0082 403.640594362426 0.32226228953860425
636.0098 352.2470435042 0.30413474857172884
767.00121 612.376470584425 0.30076517216896126
608.00005 521.070251227352 0.2492739418348547
858.006238 862.507643988806 0.21047268687718557
645.007 404.121951593114 0.33989504574536505
376.00562 1601.157536711645 0.17127432210970062
345.008567 531.57394301232 0.3267836259878472
595.00189 766.538495710131 0.25795256042917086
675.0010 502.5557291665546 0.2629555145820342
403.0040 320.964797794985 0.22422749880574963
596.00348 384.8061274595231 0.2854979762507351
496.0093 369.382245710493 0.3216636351974939
361.0095 348.231234681964 0.2838455597368292
473.00729 736.089154419172 0.2520004226501293
661.0069 320.84817708373 0.31030732109832787
267.00300 487.321155020015 0.24268323906889314
424.007860 349.554610929364 0.36342660889131356
537.0084 453.71122855361 0.3369355838491164
528.0077 404.941145833926 0.34504116568435866
426.008328 732.558578407056 0.26898364684205717
441.0005 419.7079044116024 0.3449989300429068
482.0014 664.021706495679 0.3888099917103692
591.00687 778.869469972766 0.40580528589807324
723.0087 549.997947304346 0.2977664507662148
639.0045 549.253416053434 0.37173158356031266
572.00794 809.955683214989 0.27448540884311423
725.0000 427.16969975499 0.2598986528092958
388.00588 475.445634192329 0.40056731874608237
369.0041 217.621017156119 0.4398147434210573
549.00649 1165.56841295873 0.2689892727100082
510.0051 402.79333639733 0.28902633776559267
262.00588 437.175183823708 0.34322344672058275
442.0093 496.67579656874 0.47666365744785627
637.0059 783.742662377522 0.37936448276146534
399.0044 183.949371936568 0.43253566731830007
404.00130 561.73163296766 0.296031831651735
449.002229 893.19503676455 0.24090403633220053
686.004535 1035.39119158814 0.23651664555693078
701.0027 655.20116421564 0.22610561632462783
691.0040 482.7815870098871 0.2763375167901578
591.0083 584.2496936276 0.39677622529860795
656.00945 1020.807138466857 0.4072667895289547
534.00747 627.61767769818 0.16964024043855644
344.0049 474.05533088224 0.39692938582683546
717.00933 656.223697910507 0.27345227731741223
324.006517 536.435922173385 0.31372813357353957
468.00885 673.030085782231 0.2472254844971736
571.00087 816.426761640565 0.37294117616086997
502.00344 491.412086395336 0.2911055324860093
378.00216 825.659788609971 0.3508532495902621
568.0008 291.202236519604 0.31537260987530513
492.0046 212.18316482802 0.39040595290619345
369.0099 243.846369485464 0.36164683166436346
491.00347 463.7900582170128 0.19444140506756413
440.0076 258.154595588865 0.3870964055766083
461.0000 245.246492034335 0.37775456673396124
583.00430 823.630912998652 0.265081486038254
618.00252 657.72814031674 0.29538544906630115
505.00159 401.5523897081845 0.2785299756991495
453.0073 316.5643841913 0.32024442503730655
436.00427 427.809206493213 0.28826450923050406
389.0094 488.4997242642 0.2967695916597417
601.003255 548.30873169693 0.3080719425433155
573.00227 557.524142159746 0.30491115153130155
547.0080 600.361182598755 0.31021256957271515
316.00175 1080.055560661477 0.2963444179341687
632.0024 667.418412990172 0.38933269343308247
479.00734 425.887071072648 0.31666384715977
535.0095 251.566482843352 0.24321422496439782
361.00304 724.47244178856 0.3670308099344257
436.0054 278.781862745513 0.4249299127323922
577.00792 933.767846202549 0.3398549004433772
453.00170 499.993198528993 0.3047730217219344
153.0013 259.64857536779 0.49173778240204136
376.0040 272.78128063744 0.37117745182996403
408.0052 279.17631740159 0.3668350610461319
650.00558 770.59967830857 0.3331644910626645
515.0007 450.098667279682 0.23979091088798543
420.0006 724.540594362829 0.3122281845870716
489.00364 1372.228354732 0.19764081738368314
556.00450 478.7745404487867 0.19360693252881495
717.0060 546.77904411703 0.285216944848509
346.0061 150.82711397055 0.2809713771797296
610.00509 763.769546563813 0.2865925528916838
514.001929 547.544286182867 0.25464677716768974
273.0075 342.13301164287 0.3296257303505734
539.00531 248.4107077212 0.45162541839192527
535.00172 456.5505974224473 0.19251123557081576
537.00483 460.4231464496968 0.275297375401324
317.00895 436.476501223 0.48061124348179024
432.00375 374.789522054646 0.3106224011519443
781.0045 681.97573529413 0.2420307667610439
531.0078 437.2688572302331 0.22627562876866433
630.0017 661.876838235613 0.272116270699062
412.0040 246.280407475447 0.39564544155438397
229.0003 205.590824142155 0.40393394562089313
472.00119 1004.930422746426 0.2196652364905453
300.00560 428.955300247514 0.5855367952141706
683.00867 754.608180142541 0.2862308137760695
571.00248 767.12510723613 0.32302025104563026
126.009223 881.60024506432 0.47791701277796556
456.008882 1045.67670066618 0.206448268924679
596.0041 706.619209558536 0.44002869576118947
436.00264 346.39722732344 0.39510602055726474
680.00696 380.547625619129 0.22936002300203828
454.007755 832.022135438953 0.3314848312115029
287.00490 626.75533088139 0.22767099108621702
467.0044 359.61861213278 0.3308993138351914
273.00881 564.972257965478 0.3656290697326383
712.00803 573.434497542742 0.2874465997520509
707.0093 581.046185661003 0.2915649314709701
665.00719 458.6248774510867 0.25304103404090145
222.005274 964.688066748457 0.3091171585159081
384.0039 379.965870098463 0.3830336484647523
445.0048 567.521415441911 0.3340993928331918
404.0045 326.777113970271 0.1997503475720316
576.00967 725.674617035385 0.2450796015614617
509.00435 503.9015012249864 0.2583656968120872
379.00356 825.024218754842 0.3653360240859262
626.00832 618.176271443033 0.33706065610747155
427.0082 385.18794424052 0.40185057723875417
381.0088 378.26280637284 0.3102690715005276
307.00396 267.55986519274 0.3519177055540226
324.00517 416.297181370683 0.3364622289634159
489.0004 536.76167279496 0.3911705948933682
611.00501 685.11744791326 0.2705991946533828
488.0035 169.283149509398 0.35669195705552864
328.0009 196.665471813251 0.3527391281244268
425.0018 249.412239583357 0.3892004012713503
355.002193 577.59952519723 0.41671543544984974
509.0067 1027.942340688314 0.3481136699803934
515.0096 643.04077818638 0.3945434667470288
685.0063 453.7361213235484 0.3691207077086357
591.00043 794.297288608257 0.32225812062533865
373.00461 453.8486213218823 0.3845805100282237
424.00491 341.15065870011 0.39263538508372736
614.00532 761.383256740242 0.3575368108760994
634.0090 357.7619791662663 0.2977256867232544
712.00265 354.8344056320612 0.19397486858877513
357.0067 547.261397058427 0.18049219022103402
785.0074 549.05470281841 0.29164277078416406
488.0041 500.3174325988646 0.2091590926145085
828.00299 867.9118259849 0.28713346229983416
431.0076 482.98495710793 0.3433985702125734
395.0055 306.9953737745 0.3984380805871381
393.0098 385.87198223006 0.3077812828540333
382.0068 260.991804534122 0.4084609722927388
279.006892 414.944010412 0.3982799149824567
439.00932 449.400490198221 0.38735145842212726
534.0058 679.464675245484 0.30969433111169903
506.005221 710.46130517791 0.28765234947304
403.0026 384.252374387126 0.319024315388856
420.005613 509.791099894684 0.3327070596172354
773.0061 793.062714460704 0.4410254098078693
723.00840 451.479289215072 0.23998026782729687
345.000623 452.198054536107 0.34005617513776193
695.00883 1134.79690564804 0.18007998489837918
674.0057 574.339659926234 0.3036726085229213
792.00431 773.057000618195 0.2379910238845533
578.0094 305.4153952205 0.2526926559133221
540.00059 675.079335174178 0.25173631258616813
757.009 430.0214920343233 0.29136551612626554
518.0091 598.838388480342 0.3453452822070598
397.00881 574.18527879753 0.25781021552151034
422.00046 407.3630208303648 0.2897368454931114
680.00410 338.7513939989425 0.2409115123244833
560.00752 502.8690257311685 0.26564214030789035
468.0049 444.862760416431 0.30402312805980464
752.00070 678.796599260242 0.26997075770956647
165.0072 171.919194240583 0.4704169447438433
430.00332 552.173851100248 0.36964788529639253
675.0013 533.955683210 0.2372793180039699
551.0037 366.548697916101 0.2821534075797543
662.00664 495.389093136732 0.27896452284705253
374.000412 851.50856318392 0.28976390792226514
658.00271 960.893964466826 0.30937154709485626
677.0041 551.53082107822 0.36273055351772904
462.001508 598.517830867238 0.2379643450326108
426.0016 393.069439338013 0.397574383698081
492.0011 408.804993872975 0.4405321785723227
553.0024 393.1287990195055 0.238239095757706
638.00547 649.645404411831 0.2072271396821528
295.0035 536.742693014917 0.3064409896317154
647.00272 636.693213843462 0.1988375034890687
613.00676 179.6325674069485 0.3985675886564498
532.00259 322.469607846439 0.3142344890804918
459.00289 677.845312502864 0.323914655381353
678.00737 858.33811274667 0.3433219728714552
780.00231 879.429886644576 0.2645422124440021
358.00715 307.017631744445 0.3967487197773082
605.00639 364.766681984446 0.26118410799976843
467.0071 659.23204656846 0.3516007602590834
256.00297 479.2568474264419 0.24685648736976967
522.0074 568.14273897086 0.32969728422671585
751.00290 1150.79303009144 0.35720359478064506
254.00425 158.38134191993 0.42185050347060105
368.00092 320.5686887287394 0.27287709287724116
421.00091 356.166329658329 0.32946991965565936
560.0013 650.685263480841 0.4362918433808004
385.008361 1037.22694582264 0.38489679028311774
495.00639 426.049693624357 0.30044749820142025
621.00554 644.8255055199 0.30279935106514744
408.00095 3123.84322915562 0.2279758406607299
677.00907 949.35991115002 0.14510358126477518
482.00029 501.115839466826 0.34297699903337153
712.003394 519.797656275829 0.27365039036792616
456.00525 499.341314336949 0.2684671552088758
435.0049 357.6055912991 0.5259627136131717
495.0084 939.683425245221 0.3695075523958775
876.00297 1121.226332745304 0.3393310714004987
605.0089 604.869898897006 0.3213718137653276
611.0045 411.155024509548 0.3217642649124678
537.00085 340.207460174413 0.17842151520163513
551.0097 264.526041666613 0.3236721181847236
381.005652 442.141605309217 0.28782577627511896
278.00984 412.75586703966 0.46409774067376985
421.0053 282.983363970294 0.3196044699021574
510.00189 606.138403793233 0.27465891353775906
911.00644 768.78866421903 0.32182941315389846
591.0037 637.08337928984 0.3538944812324881
495.00281 486.8346507310786 0.29754306059001584
414.008940 613.533486563014 0.37051174710446
533.0001 1019.340119484704 0.31680531456680955
498.00200 852.911243872726 0.31225084933389935
568.00564 504.721139702386 0.3571390175418733
542.0007 717.830300245778 0.322877943796737
366.0066 529.777833946977 0.3676325100225892
376.00737 383.516789214084 0.37708071575141067
862.0049 496.0170343135067 0.26290581419034326
646.00233 386.989200366745 0.302893597071128
601.00199 653.02011335677 0.2883272320225927
896.00926 418.337254904589 0.26056241695986854
690.0062 640.042493872617 0.4585963153573886
602.0097 732.5894301471 0.27136688023919736
565.0062 335.250183823441 0.30569064817813835
361.0014 307.97074142158 0.32582943589183694
582.0053 511.4417126220342 0.3439380313491354
299.00968 499.5857536711 0.40834403664784646
681.00470 1588.201470516343 0.22184720042434367
353.0061 193.437653186959 0.4203299236538525
274.0065 189.214246323337 0.4517928006448249
592.0024 447.196017156303 0.3296780157843072
327.0048 192.99944852958 0.3623344033282077
330.0053 635.806004902188 0.2517253799138818
267.00706 575.92371323861 0.4539373829898133
523.00082 355.958838841697 0.3586198165754768
407.00991 217.2866574727 0.4179871702773834
491.00875 187.067386648464 0.41377850865122134
567.00787 803.722074145077 0.27441245561955857
615.00499 735.728630518705 0.21046126184631722
308.006532 629.813878614075 0.29604818246511955
446.004854 661.33904712982 0.2981907756498855
422.0057 451.754687500928 0.3698517904584879
439.0061 653.20958946042 0.35359781323512995
631.00045 457.7007659334166 0.28795287994282337
431.00597 595.976302082812 0.3018136566271508
418.0026 292.52729779414 0.3495440203034886
702.00950 338.7785386034191 0.3309963124470594
281.0087 363.801685049492 0.31231786126294175
699.00328 568.979335175603 0.1862946644981902
559.00059 691.218244484104 0.24421786739198625
765.00965 1130.674800827792 0.2515043698543805
748.00428 1112.4603094893 0.1943130986033049
369.00754 553.614889705519 0.2812894763459609
462.001489 295.94267768447 0.3368595973838121
464.0018 187.528492647503 0.29047863972017046
531.00932 453.81956188599 0.3812766414990644
275.00380 765.255744486 0.3342724553771546
704.00424 957.239001222068 0.22065356772575506
751.0081 682.9648284311 0.3002650672600002
545.00392 375.525183828947 0.24442920575640414
461.00087 1464.005591252527 0.18038787686342259
573.00079 732.249402572521 0.35764664336422575
454.006236 250.068321043176 0.3610225062529542
703.00969 723.652190562143 0.1692123244857699
727.0011 719.590242034893 0.3743729207215532
690.0054 697.248498774775 0.2371634796331091
526.00687 1700.18135728644 0.19103635210707876
611.00721 358.40421262571 0.24014457420383672
540.0099 489.515992647722 0.25707946506159807
895.00876 598.720542270216 0.30009527441070666
685.00820 490.08114276448 0.2947606591666801