139.00000 0.5722288211167127 1107.97274
105.00000 0.46116676944363183 1059.34414
5.00000 0.555746060491031 407.20784
31.00000 0.3897401090202346 1192.92223
87.00000 0.7039444755682734 520.24953
160.00000 0.31641623811208164 738.92380
76.00000 0.4693118369403063 1343.00930
28.00000 0.5118171908697816 877.54621
3.00000 0.4140348343414243 1052.97138
98.00000 0.5459723649874291 729.67592
280.00000 0.4409005391773656 704.60739
292.00000 0.5245202859531127 989.42197
90.00000 0.5484102060010125 425.12735
534.00000 0.237862326389145 1287.31877
110.00000 0.5626370468200084 375.34931
286.00000 0.34385614579411533 851.40379
743.00000 0.296490405773186 805.13010
107.00000 0.49497163496723817 1344.99747
1517.00000 0.09161413010436269 813.44653
485.00000 0.23859977106421676 689.12224
107.00000 0.40814389719877286 924.21405
321.00000 0.48540547918350063 432.73184
38.00000 0.5750843389439791 1700.16669
331.00000 0.42632547894384143 1076.94501
165.00000 0.4517753914798131 1072.22890
96.00000 0.5887362391241383 703.77661
366.00000 0.22075848223839603 810.91191
396.00000 0.3410663049609892 1196.94961
63.00000 0.6813587128457141 307.45670
52.00000 0.6555804189431147 1697.34549
90.00000 0.5090113723942529 242.09364
172.00000 0.3546008098421199 865.77902
240.00000 0.3530410088325568 990.96415
112.00000 0.5154649972664916 1196.58211
560.00000 0.3462425738860385 1048.23561
439.00000 0.49088410972760643 1087.24160
429.00000 0.5421084591475671 379.67018
268.00000 0.5057190932776736 765.59126
445.00000 0.26166364077157833 618.15071
93.00000 0.4856969244755296 576.50349
141.00000 0.6119490221609615 806.62772
74.00000 0.5345358886278277 946.59124
360.00000 0.4427670144199052 902.59115
446.00000 0.4138789897440955 732.81522
159.00000 0.4092699001253388 599.46697
78.00000 0.6163305831559217 1067.10362
251.00000 0.33603835082456046 823.01988
47.00000 0.671922207541138 491.69158
884.00000 0.37473678197203086 521.39509
1245.00000 0.32477742010003524 1220.45576
278.00000 0.36939856735605864 1486.07254
573.00000 0.4744548138844981 1034.62792
219.00000 0.3207759980443617 929.65705
327.00000 0.48169090517790497 364.10898
501.00000 0.3542229134152856 311.91057
55.00000 0.7766101834939219 512.48921
315.00000 0.509447085411883 357.79829
14.00000 0.5077822252452361 632.81410
376.00000 0.31268499344611145 902.38886
10.00000 0.5308244690447474 487.62066
116.00000 0.4602093991690075 819.77858
117.00000 0.6589888973703333 663.01149
121.00000 0.5389029214505866 512.71456
204.00000 0.5044959619255941 970.31711
374.00000 0.2596435651114042 1700.22277
63.00000 0.664048953623834 522.68476
365.00000 0.44678300491635453 931.15009
118.00000 0.4076994852758123 889.33131
72.00000 0.42704358134826215 1032.08107
300.00000 0.5177169315913412 903.51803
442.00000 0.32310478413944277 1112.67843
386.00000 0.2876559588094897 1114.36626
486.00000 0.28425760187788385 925.82246
574.00000 0.2544400292253829 1321.89437
523.00000 0.28371320347811785 1201.16372
725.00000 0.22000899965376866 965.39429
450.00000 0.3723832018873082 770.37438
256.00000 0.4235949790887281 779.47084
15.00000 0.5108258268540804 1672.17390
411.00000 0.346979862004504 1055.38952
99.00000 0.24767235482262298 1360.89917
351.00000 0.38770923863303897 647.20599
65.00000 0.5501912344463384 1064.50789
321.00000 0.1445904268384834 904.09996
79.00000 0.2754802882566036 827.87339
127.00000 0.5921570494968911 664.22324
691.00000 0.4436493253739423 687.26636
684.00000 0.2874869193609098 694.20196
115.00000 0.39204074317766363 1219.18514
73.00000 0.5061762673261725 806.87378
319.00000 0.247741406402609 654.79278
210.00000 0.35562409632027686 807.38145
241.00000 0.5127977215615785 623.24765
345.00000 0.32371841117145633 536.98565
234.00000 0.4382386933589876 344.09744
825.00000 0.4193254310032689 272.79546
124.00000 0.518572736310809 962.54420
472.00000 0.21378679200509138 1436.30215
75.00000 0.5878931192942645 1327.73197
73.00000 0.41484747070454747 1132.70208
171.00000 0.38701906547629145 1121.89075
238.00000 0.3712116361971955 1059.97218
290.00000 0.3741555453422211 707.16895
119.00000 0.49193643175292795 758.70142
63.00000 0.5048201828523996 1270.56933
353.00000 0.26625465159988415 1300.53059
81.00000 0.31580890274909107 839.76877
324.00000 0.5663017224338134 1508.75366
818.00000 0.33688068723644504 980.98693
282.00000 0.39972766903986384 1277.60720
189.00000 0.5031823686454343 391.44575
37.00000 0.5601407873145631 606.98565
323.00000 0.323577005160871 882.45609
540.00000 0.30697806035381076 1005.98322
395.00000 0.24128855645161457 1731.65309
753.00000 0.3560427702632643 505.50166
267.00000 0.3772184535991342 548.10071
646.00000 0.3334298650237209 1062.86572
79.00000 0.4109665235929387 708.51587
285.00000 0.34217823254762303 554.12335
664.00000 0.4132169275273271 994.43261
119.00000 0.500052016067393 901.16078
985.00000 0.10844516672512503 748.46184
340.00000 0.45935562122668216 248.81458
57.00000 0.521569499116488 1153.78233
64.00000 0.5538351349114663 740.46383
346.00000 0.4034523859929544 1150.80638
468.00000 0.4732002687878369 1321.05559
42.00000 0.5409476524022324 1609.06355
372.00000 0.4318937359070162 643.78118
233.00000 0.4043662941714147 167.18377
264.00000 0.4862278039008497 1099.61085
361.00000 0.3431556168108513 1077.83876
136.00000 0.5206815936147888 627.04846
45.00000 0.5775874517150676 1221.91047
384.00000 0.4986730124069388 1032.29761
831.00000 0.42995099096903866 571.87825
39.00000 0.5960892485672816 1268.33036
375.00000 0.4210804708952289 1186.83891
1087.00000 0.23136906902689894 756.82620
283.00000 0.3696210178456268 754.25883
339.00000 0.3718976136620106 1543.95026
707.00000 0.44983840538036296 784.70971
271.00000 0.4506913524224326 1622.99131
1539.00000 0.2368278166189943 563.06554
157.00000 0.3697006136843507 1328.30369
42.00000 0.5377649077125658 384.83709
118.00000 0.4326935912466732 770.14042
192.00000 0.5705334340841244 1299.04132
230.00000 0.4187164309000186 677.13905
183.00000 0.3968862832762646 283.60221
254.00000 0.440976963122714 315.81521
529.00000 0.45296303785776043 1161.61124
531.00000 0.4062711800964384 1524.95117
559.00000 0.35609952999951977 808.08805
89.00000 0.6061138969073423 507.04525
350.00000 0.37427305536649297 552.80377
243.00000 0.24109129367775725 978.98457
17.00000 0.337398029939417 723.84220
372.00000 0.31085523473078086 669.00079
107.00000 0.4901165385596489 363.02234
127.00000 0.3283464011293498 850.01176
311.00000 0.6031418290028832 1495.59880
207.00000 0.3617953379473953 694.82564
77.00000 0.4849453692364991 1434.85196
489.00000 0.40780277930712266 1310.66212
108.00000 0.36164203235003756 509.09459
181.00000 0.1963441809655143 614.59940
68.00000 0.5408408878230935 453.38802
150.00000 0.6553665550223383 845.40878
771.00000 0.2333710983541818 766.32615
191.00000 0.38060072684123164 374.47191
208.00000 0.45492919032822343 772.99349
240.00000 0.4550404319145596 1046.30054
200.00000 0.5120669198571968 606.26169
455.00000 0.392164219522014 992.08820
513.00000 0.307976693238219 424.00264
185.00000 0.39822165479197474 450.77448
482.00000 0.3981587767618466 1352.63517
438.00000 0.26312411058860796 1392.92833
429.00000 0.23094157801081813 1409.82166
203.00000 0.5320092541239166 396.47442
15.00000 0.7541546493287119 568.39248
129.00000 0.4084302421109999 1328.73618
636.00000 0.3787581613339065 1185.76875
345.00000 0.35212935822464264 784.73364
240.00000 0.5737452161602772 687.29059
366.00000 0.38586627190389916 1105.81715
373.00000 0.5241431415544668 823.96512
377.00000 0.28899090083678425 1417.73750
190.00000 0.5932654654933333 250.27689
275.00000 0.4827999698385751 646.09997
319.00000 0.38842997195219836 788.77570
751.00000 0.2621083377038748 1104.35171
175.00000 0.42050198539907563 1184.53589
466.00000 0.3373622287230362 667.61528
305.00000 0.3862435467198431 998.47121
43.00000 0.5640389573486713 350.46241
97.00000 0.2036767687219551 1184.68591
349.00000 0.36558495960666754 781.81929
397.00000 0.3968809677687518 1475.80739
133.00000 0.5109684178848953 609.40550
105.00000 0.791094705796136 622.50378
424.00000 0.4265498399333494 1109.52467
535.00000 0.3199670338424513 1265.55793
429.00000 0.18240623161680752 816.24164
476.00000 0.24925306701439076 614.01851
121.00000 0.5121880035358622 1129.41518
511.00000 0.2788492544918044 973.14322
57.00000 0.5924850031945028 1359.14209
290.00000 0.4808401494770277 815.10891
104.00000 0.4694272242594221 1941.41131
52.00000 0.41520637178039277 868.41884
168.00000 0.43756706658201516 1121.99665
137.00000 0.41241248462550684 1639.45703
339.00000 0.3650064774778593 1424.25859
312.00000 0.22837077360801183 944.50158
207.00000 0.37203915115746633 1089.31776
590.00000 0.34471078408698735 1050.62787
962.00000 0.37168258613609756 277.63570
254.00000 0.4275796749790946 377.69832
161.00000 0.5892855144957662 1395.57212
10.00000 0.6302973056383478 747.67185
155.00000 0.3613634412348179 963.47563
114.00000 0.5422896670062244 800.21383
302.00000 0.4837870083320059 1008.06068
155.00000 0.5218138167366738 505.47723
204.00000 0.4926822864654566 1008.71527
16.00000 0.7891746367123684 459.19754
22.00000 0.7352052462514777 413.86237
832.00000 0.444374803772302 770.23757
263.00000 0.5524179819597579 1954.75681
415.00000 0.44751767815344784 1006.46460
488.00000 0.2378726929804655 608.96865
64.00000 0.6041579414000571 736.84742
241.00000 0.4970072038287338 772.64767
359.00000 0.2953553249823423 639.54105
425.00000 0.4115273648127439 831.88496
181.00000 0.4461533089081273 922.64864
712.00000 0.3669420759561637 1037.59740
800.00000 0.3162041351599802 858.56635
628.00000 0.18694126516448328 978.77367
134.00000 0.4985495856608289 562.53108
52.00000 0.437572748812177 1017.73360
571.00000 0.302150030554181 715.82257
176.00000 0.4154438512113161 662.24651
132.00000 0.451454004953369 1156.19650
623.00000 0.28967628545327145 1135.57849
336.00000 0.2295631301825468 1323.72560
411.00000 0.4228863771118757 1089.36033
877.00000 0.36875329643200433 904.12094
220.00000 0.4397489555160913 807.66694
339.00000 0.3750992189451378 776.93502
178.00000 0.5304124321555379 404.04356
1071.00000 0.19296421995092844 542.07722
123.00000 0.5298413276552414 1644.49683
482.00000 0.4458377961492072 1182.61088
635.00000 0.256032323869791 703.56728
76.00000 0.49583466435684836 721.74776
363.00000 0.23390670221503782 445.45998
197.00000 0.5340288519054218 1192.04376
75.00000 0.6289668704005266 1076.84918
103.00000 0.5093568755058931 1274.77712
219.00000 0.5768889944971374 816.81136
209.00000 0.48556184863669055 1057.69471
490.00000 0.2710605819404625 1377.45398
90.00000 0.4111708744715835 1150.35844
845.00000 0.48657760515935305 275.88375
155.00000 0.5337728512973255 1248.30697
128.00000 0.4095008741080153 906.29985
453.00000 0.24423241599526935 1387.12992
623.00000 0.3958941490560052 598.34267
186.00000 0.2799521251887432 1539.03314
270.00000 0.42234463381096726 775.35347
1153.00000 0.29718190729836713 1283.03501
172.00000 0.4512280302902432 437.03774
75.00000 0.39869899311850354 549.54554
90.00000 0.4865570978234541 1422.32690
116.00000 0.5826821477939889 471.83281
574.00000 0.22810708084088469 210.19106
117.00000 0.605507474835003 1509.70568
717.00000 0.26906476791759426 807.44359
43.00000 0.7303835413700724 386.32876
431.00000 0.4351006891229287 1170.06679
710.00000 0.43218679900999646 799.88121
141.00000 0.5363662802963607 439.43146
566.00000 0.3581247476104577 614.86359
28.00000 0.40631006295730027 1638.13590
108.00000 0.5133337198133233 979.55945
85.00000 0.5847935029628966 1350.27704
96.00000 0.47237386053303954 591.35366
321.00000 0.24573559575621506 475.86726
