1872.00000 0.08295536677508748 504.25928
930.00000 0.355999588545835 780.03942
2116.00000 0.06055651715152109 326.20930
1400.00000 0.3162329403546362 1425.18225
516.00000 0.16844005739810433 234.25623
2146.00000 0.06339050231479712 746.64907
1541.00000 0.05566441874962516 726.54608
2263.00000 0.03860568436334106 693.84420
1292.00000 0.11137796983818062 698.91635
1233.00000 0.19603166358998178 880.42879
1712.00000 0.21737094088974654 1088.65540
913.00000 0.10102275971955164 1465.64560
964.00000 0.1301227332375521 970.29796
2099.00000 0.051889859313170986 715.22008
1764.00000 0.1684774826901788 288.55406
1078.00000 0.09477071606844449 718.58701
1799.00000 0.1038832959436364 758.93068
2222.00000 0.047989145202500694 828.87552
1562.00000 0.07982495467651579 929.55929
2519.00000 0.0506231506310549 706.19090
1142.00000 0.0863334666404279 472.65497
2273.00000 0.0970944145629671 543.73180
1098.00000 0.06040026589522196 623.51835
1483.00000 0.06429540876163554 626.25424
1446.00000 0.12128585890404686 403.81268
1404.00000 0.06941578235546202 506.69473
918.00000 0.09027125325829063 1147.08565
1215.00000 0.07128872627414745 923.05007
1412.00000 0.13600067802452998 874.33744
1621.00000 0.04806458532219605 648.68821
2269.00000 0.11440760062852559 790.35389
1259.00000 0.08591962273398349 932.20573
2128.00000 0.05918852074889012 669.43409
1313.00000 0.05007965334564351 588.69629
1527.00000 0.07602373853437583 753.92037
2250.00000 0.04636920921944055 654.24709
1098.00000 0.39786166227643416 1028.96284
839.00000 0.1589148712098069 631.41278
682.00000 0.19322029315556616 934.38708
942.00000 0.3144480637181802 180.82662
1219.00000 0.09280863606587593 464.87747
730.00000 0.15060200711112057 579.89267
960.00000 0.08505099855923719 479.36011
1194.00000 0.07492397375986397 1145.24120
1737.00000 0.11138957436860437 365.34797
729.00000 0.35786777076908594 785.12401
934.00000 0.1167992325727881 603.37681
1608.00000 0.06800558616518196 453.56133
1456.00000 0.04633736301647655 757.73095
961.00000 0.0712471464674619 813.62020
391.00000 0.1296408752522056 634.02465
1129.00000 0.1317116214656745 600.81895
1727.00000 0.17639781993538836 396.21385
1023.00000 0.09704149616295024 306.35011
1546.00000 0.09337485391298109 1003.24709
1569.00000 0.19332767875245402 1056.95468
1157.00000 0.12440652930053311 885.45517
765.00000 0.11022217856059124 348.57310
1473.00000 0.08711013488093547 902.40002
2461.00000 0.06666110980340213 746.56538
1034.00000 0.1037489773090689 384.60827
783.00000 0.4473053416588427 230.20883
2010.00000 0.0579848054145356 640.17590
1775.00000 0.071644863359495 569.60987
1528.00000 0.1083465949461271 589.15857
1201.00000 0.19433770624054 465.72543
2291.00000 0.0758780438265626 725.76814
882.00000 0.06274786188444118 808.77238
1830.00000 0.08469579640913599 338.88740
689.00000 0.12917911748178815 610.66269
1616.00000 0.06526225337276262 672.72588
1423.00000 0.12315246752831607 795.27478
1577.00000 0.07988730800455242 601.53153
1546.00000 0.06985903096994736 556.64712
1958.00000 0.10462920970325296 789.15793
675.00000 0.11127269564921384 596.70168
2006.00000 0.06557320734239741 757.23430
1041.00000 0.0937829563398182 752.26852
1233.00000 0.0815407926703673 658.31831
1101.00000 0.1530092809069772 243.07778
1810.00000 0.0608730008017832 883.90748
1210.00000 0.054642770355746585 986.79370
1804.00000 0.08153708123809252 1059.52695
1555.00000 0.09572370876444457 709.03708
1141.00000 0.07012735712705921 634.55746
868.00000 0.20106198678974263 717.28668
1344.00000 0.1833330589800823 398.61938
1170.00000 0.11626534276488545 387.81255
908.00000 0.08751192988993467 1222.95155
1150.00000 0.08758039046924268 1110.29612
813.00000 0.1272137465326045 956.73677
2253.00000 0.04519830742801875 714.68965
1305.00000 0.08782679749975997 672.14939
1981.00000 0.046508839129809215 771.34348
1590.00000 0.17440552762197162 908.81121
1795.00000 0.12784957807613032 536.20979
1681.00000 0.16289308164063654 723.46360
619.00000 0.19672001765013064 378.76747
1435.00000 0.13376207355808287 1147.68346
1614.00000 0.07837130267893144 526.44295
2004.00000 0.05461684505736114 777.63982
2104.00000 0.06365742014156603 569.02909
1060.00000 0.07651141701723238 669.39007
1690.00000 0.06439029636228492 740.30796
1333.00000 0.10210772704485667 755.06453
1226.00000 0.10059070864298535 560.19348
1047.00000 0.06037961805918859 811.49148
1289.00000 0.09167804654743317 701.82878
1717.00000 0.10851178143439048 473.74973
1944.00000 0.0847760220809059 450.03050
1861.00000 0.05845472842214307 425.33393
1250.00000 0.1523486487944765 619.00452
1331.00000 0.07677964525511013 867.00327
1578.00000 0.13475739736834508 886.80574
2118.00000 0.043712324035437546 1261.09330
1363.00000 0.2447631565184471 604.32093
796.00000 0.1927186694008265 1027.88603
1939.00000 0.05756826286340555 1147.56039
676.00000 0.11462800302796616 385.91959
1590.00000 0.09987714613853943 302.79626
1583.00000 0.09691357807246555 648.37166
2183.00000 0.06144192480656418 789.36051
1173.00000 0.1244574895145059 796.26409
899.00000 0.23817457625169286 890.35803
1281.00000 0.08957999492202624 322.58406
1349.00000 0.09952917781914775 856.17744
2128.00000 0.0575537329942421 434.31643
846.00000 0.18413872272218376 560.00056
1466.00000 0.12778106360876498 742.26003
2261.00000 0.08132727606966837 384.88313
1189.00000 0.18595877644547332 850.26183
277.00000 0.1995449650838122 953.24579
1522.00000 0.07331293536953952 535.98107
2323.00000 0.046111165731878435 688.00989
2395.00000 0.07153812088118043 564.52116
1299.00000 0.08715894681513846 849.62419
1578.00000 0.061360046879187946 461.85390
848.00000 0.11755756958322847 639.68880
1913.00000 0.06473459570611585 767.23167
1633.00000 0.07580367957717114 647.18948
1321.00000 0.10959656142292253 427.64830
1301.00000 0.15430430648527177 717.81212
1617.00000 0.06678868569470509 581.18837
940.00000 0.1428430822730276 1128.19110
996.00000 0.09767019531303221 1291.04687
110.00000 0.16854762334778253 447.76269
930.00000 0.10047188234356688 470.87651
1987.00000 0.060545342882359215 649.82367
1194.00000 0.10085055956418185 566.36476
1623.00000 0.10184062465811168 447.04283
1765.00000 0.14064890068388367 315.60290
1956.00000 0.08426429553890262 498.31917
1023.00000 0.1347989156541549 392.21258
1725.00000 0.09003020663916093 529.22391
1124.00000 0.16904105058405744 891.51805
2294.00000 0.058012329805156616 540.17178
1799.00000 0.08063461699609688 369.32283
1760.00000 0.10514789040339781 1355.30139
1799.00000 0.08842982877423647 617.73005
980.00000 0.10916057107312803 238.07193
1122.00000 0.1115627899420334 500.17746
1665.00000 0.10050796284365011 715.94108
1108.00000 0.09102048989436437 935.25914
1744.00000 0.07453434416109889 646.65909
2354.00000 0.06641154821985047 735.89739
2407.00000 0.07060079714535723 573.61328
1770.00000 0.09315784153696754 442.68002
1744.00000 0.1364318458273905 441.01544
1159.00000 0.21059818010343634 811.51105
1357.00000 0.11228750700405288 508.11094
255.00000 0.3793872649628171 330.16857
1977.00000 0.18203729114141198 772.84231
2038.00000 0.11010630200015463 491.92088
831.00000 0.23832934339172016 401.22505
1086.00000 0.1392936316421673 609.46146
1831.00000 0.07788000322293206 651.56362
635.00000 0.180576870903954 740.53548
1299.00000 0.08363353982281921 378.75819
1263.00000 0.15728137790624197 818.10161
1575.00000 0.06018421088458573 645.92166
1441.00000 0.07582160153171294 307.35455
893.00000 0.10355903373638917 940.26533
992.00000 0.04130519223585407 742.47154
1388.00000 0.05254832770860093 642.04522
1335.00000 0.09682637561195132 637.47126
628.00000 0.1425949671885672 675.18736
1341.00000 0.0902218651561441 823.97076
1713.00000 0.10392512465529051 375.81422
1656.00000 0.05382875540382271 746.55702
1056.00000 0.16518585049098314 477.31550
654.00000 0.1009085495587896 895.68849
915.00000 0.12175513583780798 683.27678
1512.00000 0.07576686509626848 531.51649
1273.00000 0.05985792451942421 474.06232
733.00000 0.14616729106012916 620.25711
2309.00000 0.041127263998177004 382.99948
1437.00000 0.08919264679300248 705.17306
686.00000 0.27360891861958997 807.39427
1225.00000 0.10947236681226973 490.60085
1488.00000 0.0457440615407233 747.91933
912.00000 0.034118394962013146 787.53240
1129.00000 0.10207225063438519 929.79003
2048.00000 0.10655311231593897 350.04725
2631.00000 0.10315012135260622 728.43422
1215.00000 0.14958158078937117 753.27127
1356.00000 0.12024935555643831 488.31370
680.00000 0.1982153689569135 678.30925
1242.00000 0.11574365359415474 377.39644
815.00000 0.21678282993552656 424.07744
1332.00000 0.09426395154578988 1185.99400
1756.00000 0.03215600071115837 1208.83613
1685.00000 0.092225955912761 751.97926
1408.00000 0.07180387147070783 849.97766
1464.00000 0.0704763420001973 261.73719
319.00000 0.41646477370499646 279.20177
1790.00000 0.1170654518890165 749.98714
1874.00000 0.06357188832073862 743.68805
2045.00000 0.0771877488948692 732.55323
1440.00000 0.0887118059708172 526.78641
926.00000 0.158622502167518 702.88357
1755.00000 0.21800878330279755 765.59943
1392.00000 0.09409708263983817 501.82383
1707.00000 0.1412120493994915 678.84460
1597.00000 0.0749879298075265 708.18921
1960.00000 0.0721850424573819 615.90647
1526.00000 0.14429655139580208 675.08970
1434.00000 0.12226597170310988 126.96606
1540.00000 0.10780784792389463 728.15788
1776.00000 0.09342842217733364 983.67193
1471.00000 0.09498225266775244 941.16406
1009.00000 0.11508872208105925 546.31893
2577.00000 0.05190408217567462 662.27321
898.00000 0.18895466007498662 209.79578
947.00000 0.12868982890516892 964.67720
1105.00000 0.02560675531514146 830.56670
573.00000 0.1284542886127041 338.39341
958.00000 0.1422327685289289 611.40359
1153.00000 0.1828551172887442 955.84552
649.00000 0.1499714768289322 391.42992
1208.00000 0.1114282226012021 861.43461
1603.00000 0.10632950841164307 1225.53761
1617.00000 0.1352670750982291 693.67568
937.00000 0.15277130729422597 576.42610
1868.00000 0.07929021681609506 882.66402
1956.00000 0.10372052607011539 764.52110
1033.00000 0.23156989196482172 776.61082
1634.00000 0.07776381789367295 637.59676
822.00000 0.11873343401820494 594.13815
1499.00000 0.060600987728686426 715.00582
844.00000 0.10184898372119343 689.04398
388.00000 0.13462510545166903 336.24779
637.00000 0.14266382043968368 937.14774
1627.00000 0.13954134962582962 924.77284
1683.00000 0.10450509822890404 706.34107
2467.00000 0.057119568486549525 1416.85191
1136.00000 0.048059997113708675 663.27986
1356.00000 0.08387244617732706 788.16186
1314.00000 0.0625103371985868 697.62374
1797.00000 0.08323686644218477 732.39175
1793.00000 0.05198413858548589 856.10691
1437.00000 0.15703359111108373 543.70313
473.00000 0.2513679257043 953.86442
1242.00000 0.0906884059092232 909.75974
961.00000 0.05674019303388819 434.10906
1083.00000 0.1259229228449986 1093.89310
1564.00000 0.07206869727344908 699.01675
2108.00000 0.06359124891032682 722.97909
974.00000 0.10075353773026022 458.38243
1237.00000 0.1389565591282499 685.71037
1238.00000 0.15033573262464284 906.67478
1363.00000 0.06343479232606034 727.56124
633.00000 0.17351170515000314 514.40776
1779.00000 0.04874847818826416 718.81780
1301.00000 0.09496896659174417 719.68801
1012.00000 0.08249387787100099 889.27618
868.00000 0.42399693446051356 337.57937
1840.00000 0.10137711455735045 1073.34230
790.00000 0.13751332305036912 268.15412
818.00000 0.1517299365505313 756.84452
863.00000 0.17735226986575686 698.05293
885.00000 0.185169305497977 274.32978
1317.00000 0.13268323165001175 1141.18966
2274.00000 0.045536852450395834 812.43285
550.00000 0.15097503500248333 938.36777
1440.00000 0.12655410129133599 815.36182
929.00000 0.12929640800425987 550.81984
642.00000 0.24417896461102304 286.65071
1305.00000 0.10908367749794137 821.92434
1869.00000 0.18270955341746015 1226.65064
952.00000 0.1780533949331225 328.38757
1787.00000 0.11666574695055221 880.99934
1971.00000 0.15437710080517833 1134.70551
