410.00000 0.3952979293716189 695.86630
777.00000 0.3266531593815091 816.79276
680.00000 0.2957262141119592 825.27016
613.00000 0.2382222105757654 655.13189
580.00000 0.3820212369909674 589.38892
378.00000 0.46857052687454415 770.27888
321.00000 0.31568582456568467 872.14417
256.00000 0.34221807255534553 748.43239
356.00000 0.4387855009088433 968.18369
450.00000 0.32226228953860425 891.49782
636.00000 0.30413474857172884 764.98698
767.00000 0.30076517216896126 862.82121
608.00000 0.2492739418348547 851.56005
858.00000 0.21047268687718557 1021.06238
645.00000 0.33989504574536505 507.37587
376.00000 0.17127432210970062 716.81562
345.00000 0.3267836259878472 1371.58567
595.00000 0.25795256042917086 868.15189
675.00000 0.2629555145820342 653.64610
403.00000 0.22422749880574963 754.37340
596.00000 0.2854979762507351 671.56348
496.00000 0.3216636351974939 762.98193
361.00000 0.2838455597368292 613.31295
473.00000 0.2520004226501293 735.32729
661.00000 0.31030732109832787 911.01269
267.00000 0.24268323906889314 647.51300
424.00000 0.36342660889131356 1217.37860
537.00000 0.3369355838491164 998.82084
528.00000 0.34504116568435866 472.12477
426.00000 0.26898364684205717 1163.48328
441.00000 0.3449989300429068 681.07805
482.00000 0.3888099917103692 774.82514
591.00000 0.40580528589807324 795.10687
723.00000 0.2977664507662148 565.70987
639.00000 0.37173158356031266 548.35245
572.00000 0.27448540884311423 594.84794
725.00000 0.2598986528092958 818.20300
388.00000 0.40056731874608237 378.41588
369.00000 0.4398147434210573 864.88641
549.00000 0.2689892727100082 722.24649
510.00000 0.28902633776559267 805.15551
262.00000 0.34322344672058275 857.62588
442.00000 0.47666365744785627 958.86793
637.00000 0.37936448276146534 600.04959
399.00000 0.43253566731830007 916.90044
404.00000 0.296031831651735 467.66130
449.00000 0.24090403633220053 1009.52229
686.00000 0.23651664555693078 1044.84535
701.00000 0.22610561632462783 643.19027
691.00000 0.2763375167901578 476.24940
591.00000 0.39677622529860795 732.55783
656.00000 0.4072667895289547 906.88945
534.00000 0.16964024043855644 626.84747
344.00000 0.39692938582683546 964.99049
717.00000 0.27345227731741223 660.62933
324.00000 0.31372813357353957 1025.66517
468.00000 0.2472254844971736 746.85885
571.00000 0.37294117616086997 671.73087
502.00000 0.2911055324860093 610.23344
378.00000 0.3508532495902621 781.20216
568.00000 0.31537260987530513 771.89508
492.00000 0.39040595290619345 677.59846
369.00000 0.36164683166436346 778.02499
491.00000 0.19444140506756413 429.51347
440.00000 0.3870964055766083 757.93176
461.00000 0.37775456673396124 886.61700
583.00000 0.265081486038254 576.14430
618.00000 0.29538544906630115 716.99252
505.00000 0.2785299756991495 853.92159
453.00000 0.32024442503730655 704.66973
436.00000 0.28826450923050406 777.65427
389.00000 0.2967695916597417 737.16094
601.00000 0.3080719425433155 1102.43255
573.00000 0.30491115153130155 376.09227
547.00000 0.31021256957271515 582.32580
316.00000 0.2963444179341687 880.60175
632.00000 0.38933269343308247 722.54724
479.00000 0.31666384715977 747.90734
535.00000 0.24321422496439782 786.21595
361.00000 0.3670308099344257 775.14304
436.00000 0.4249299127323922 403.91354
577.00000 0.3398549004433772 645.95792
453.00000 0.3047730217219344 797.53170
153.00000 0.49173778240204136 789.01313
376.00000 0.37117745182996403 832.40540
408.00000 0.3668350610461319 945.86952
650.00000 0.3331644910626645 631.82558
515.00000 0.23979091088798543 705.42807
420.00000 0.3122281845870716 724.70106
489.00000 0.19764081738368314 624.25364
556.00000 0.19360693252881495 797.10450
717.00000 0.285216944848509 518.88860
346.00000 0.2809713771797296 241.68161
610.00000 0.2865925528916838 801.24509
514.00000 0.25464677716768974 1136.91929
273.00000 0.3296257303505734 673.70575
539.00000 0.45162541839192527 1209.10531
535.00000 0.19251123557081576 597.08172
537.00000 0.275297375401324 985.93483
317.00000 0.48061124348179024 290.14895
432.00000 0.3106224011519443 668.38375
781.00000 0.2420307667610439 698.59245
531.00000 0.22627562876866433 632.55578
630.00000 0.272116270699062 651.88917
412.00000 0.39564544155438397 698.80740
229.00000 0.40393394562089313 890.93503
472.00000 0.2196652364905453 774.80119
300.00000 0.5855367952141706 1101.43560
683.00000 0.2862308137760695 857.67867
571.00000 0.32302025104563026 670.96248
126.00000 0.47791701277796556 1098.29223
456.00000 0.206448268924679 1013.38882
596.00000 0.44002869576118947 682.64941
436.00000 0.39510602055726474 1110.99264
680.00000 0.22936002300203828 776.02696
454.00000 0.3314848312115029 1003.57755
287.00000 0.22767099108621702 962.21490
467.00000 0.3308993138351914 298.90344
273.00000 0.3656290697326383 758.69881
712.00000 0.2874465997520509 597.87803
707.00000 0.2915649314709701 512.91693
665.00000 0.25304103404090145 768.43719
222.00000 0.3091171585159081 1090.05274
384.00000 0.3830336484647523 814.55639
445.00000 0.3340993928331918 757.57648
404.00000 0.1997503475720316 337.94045
576.00000 0.2450796015614617 776.99967
509.00000 0.2583656968120872 748.84435
379.00000 0.3653360240859262 1050.94356
626.00000 0.33706065610747155 657.51832
427.00000 0.40185057723875417 754.36882
381.00000 0.3102690715005276 728.60288
307.00000 0.3519177055540226 1066.51396
324.00000 0.3364622289634159 664.26517
489.00000 0.3911705948933682 642.72004
611.00000 0.2705991946533828 762.09501
488.00000 0.35669195705552864 688.71435
328.00000 0.3527391281244268 681.38309
425.00000 0.3892004012713503 793.07918
355.00000 0.41671543544984974 1457.92193
509.00000 0.3481136699803934 764.63467
515.00000 0.3945434667470288 684.88396
685.00000 0.3691207077086357 643.82563
591.00000 0.32225812062533865 601.54043
373.00000 0.3845805100282237 687.84461
424.00000 0.39263538508372736 1024.80491
614.00000 0.3575368108760994 773.93532
634.00000 0.2977256867232544 829.80290
712.00000 0.19397486858877513 577.27265
357.00000 0.18049219022103402 716.24767
785.00000 0.29164277078416406 713.99774
488.00000 0.2091590926145085 849.36641
828.00000 0.28713346229983416 828.43299
431.00000 0.3433985702125734 811.41576
395.00000 0.3984380805871381 646.11655
393.00000 0.3077812828540333 673.61298
382.00000 0.4084609722927388 806.71668
279.00000 0.3982799149824567 1398.76892
439.00000 0.38735145842212726 737.85932
534.00000 0.30969433111169903 530.68558
506.00000 0.28765234947304 1077.35221
403.00000 0.319024315388856 978.42226
420.00000 0.3327070596172354 1309.05613
773.00000 0.4410254098078693 920.74061
723.00000 0.23998026782729687 898.34840
345.00000 0.34005617513776193 1098.30623
695.00000 0.18007998489837918 867.34883
674.00000 0.3036726085229213 524.34757
792.00000 0.2379910238845533 873.24431
578.00000 0.2526926559133221 701.36894
540.00000 0.25173631258616813 658.06059
757.00000 0.29136551612626554 480.38509
518.00000 0.3453452822070598 547.48791
397.00000 0.25781021552151034 769.27881
422.00000 0.2897368454931114 405.96046
680.00000 0.2409115123244833 701.82410
560.00000 0.26564214030789035 731.08752
468.00000 0.30402312805980464 794.13749
752.00000 0.26997075770956647 754.21070
165.00000 0.4704169447438433 785.29172
430.00000 0.36964788529639253 1007.48332
675.00000 0.2372793180039699 677.57013
551.00000 0.2821534075797543 683.42737
662.00000 0.27896452284705253 838.80664
374.00000 0.28976390792226514 1178.80412
658.00000 0.30937154709485626 839.78271
677.00000 0.36273055351772904 661.16041
462.00000 0.2379643450326108 1013.61508
426.00000 0.397574383698081 762.82516
492.00000 0.4405321785723227 855.75111
553.00000 0.238239095757706 491.66224
638.00000 0.2072271396821528 541.41547
295.00000 0.3064409896317154 698.11935
647.00000 0.1988375034890687 634.93272
613.00000 0.3985675886564498 714.36676
532.00000 0.3142344890804918 731.24259
459.00000 0.323914655381353 939.02289
678.00000 0.3433219728714552 679.58737
780.00000 0.2645422124440021 682.75231
358.00000 0.3967487197773082 1114.59715
605.00000 0.26118410799976843 802.88639
467.00000 0.3516007602590834 718.25371
256.00000 0.24685648736976967 710.64297
522.00000 0.32969728422671585 491.00474
751.00000 0.35720359478064506 547.40290
254.00000 0.42185050347060105 1003.79425
368.00000 0.27287709287724116 451.35092
421.00000 0.32946991965565936 1034.59091
560.00000 0.4362918433808004 656.83913
385.00000 0.38489679028311774 1396.68361
495.00000 0.30044749820142025 746.19639
621.00000 0.30279935106514744 690.54554
408.00000 0.2279758406607299 868.19095
677.00000 0.14510358126477518 570.55907
482.00000 0.34297699903337153 829.75029
712.00000 0.27365039036792616 1075.13394
456.00000 0.2684671552088758 710.55525
435.00000 0.5259627136131717 752.81949
495.00000 0.3695075523958775 861.61284
876.00000 0.3393310714004987 641.35297
605.00000 0.3213718137653276 848.31189
611.00000 0.3217642649124678 651.57145
537.00000 0.17842151520163513 602.99085
551.00000 0.3236721181847236 843.65097
381.00000 0.28782577627511896 1007.35652
278.00000 0.46409774067376985 1223.20984
421.00000 0.3196044699021574 715.17553
510.00000 0.27465891353775906 967.26189
911.00000 0.32182941315389846 615.61644
591.00000 0.3538944812324881 712.10637
495.00000 0.29754306059001584 823.42281
414.00000 0.37051174710446 1298.78940
533.00000 0.31680531456680955 706.54801
498.00000 0.31225084933389935 689.59200
568.00000 0.3571390175418733 877.31564
542.00000 0.322877943796737 744.27507
366.00000 0.3676325100225892 615.94766
376.00000 0.37708071575141067 1003.23737
862.00000 0.26290581419034326 780.11749
646.00000 0.302893597071128 656.73233
601.00000 0.2883272320225927 979.36199
896.00000 0.26056241695986854 648.86926
690.00000 0.4585963153573886 871.90062
602.00000 0.27136688023919736 536.62097
565.00000 0.30569064817813835 578.20262
361.00000 0.32582943589183694 887.22914
582.00000 0.3439380313491354 751.95253
299.00000 0.40834403664784646 1009.71968
681.00000 0.22184720042434367 782.74470
353.00000 0.4203299236538525 762.88261
274.00000 0.4517928006448249 780.16465
592.00000 0.3296780157843072 965.58324
327.00000 0.3623344033282077 572.49448
330.00000 0.2517253799138818 701.68553
267.00000 0.4539373829898133 1152.68706
523.00000 0.3586198165754768 635.53082
407.00000 0.4179871702773834 1220.11991
491.00000 0.41377850865122134 1163.16875
567.00000 0.27441245561955857 836.65787
615.00000 0.21046126184631722 814.44499
308.00000 0.29604818246511955 1105.16532
446.00000 0.2981907756498855 1198.94854
422.00000 0.3698517904584879 639.28157
439.00000 0.35359781323512995 722.27061
631.00000 0.28795287994282337 933.36045
431.00000 0.3018136566271508 689.41597
418.00000 0.3495440203034886 676.89526
702.00000 0.3309963124470594 1148.58950
281.00000 0.31231786126294175 493.64587
699.00000 0.1862946644981902 687.41328
559.00000 0.24421786739198625 727.07059
765.00000 0.2515043698543805 777.12965
748.00000 0.1943130986033049 670.99428
369.00000 0.2812894763459609 713.88754
462.00000 0.3368595973838121 1178.61489
464.00000 0.29047863972017046 345.31318
531.00000 0.3812766414990644 849.24932
275.00000 0.3342724553771546 903.66380
704.00000 0.22065356772575506 866.73424
751.00000 0.3002650672600002 797.66881
545.00000 0.24442920575640414 697.55392
461.00000 0.18038787686342259 663.82087
573.00000 0.35764664336422575 640.35079
454.00000 0.3610225062529542 1047.66236
703.00000 0.1692123244857699 588.05969
727.00000 0.3743729207215532 729.00211
690.00000 0.2371634796331091 712.59754
526.00000 0.19103635210707876 867.59687
611.00000 0.24014457420383672 649.48721
540.00000 0.25707946506159807 616.50499
895.00000 0.30009527441070666 918.87876
685.00000 0.2947606591666801 683.87820
