0.5722288211167127 0.05363482768213193 0.9971066858351102
0.46116676944363183 0.03569480650982566 0.9538636761607772
0.555746060491031 0.036385263309808076 0.9988184813435564
0.3897401090202346 0.0326480401583526 0.9899680840380476
0.7039444755682734 0.09711133836118856 0.977500952137122
0.31641623811208164 0.02598114859340433 0.9869049093380259
0.4693118369403063 0.03689539520536776 0.9661136822522913
0.5118171908697816 0.03171573932438837 0.9950509095090091
0.4140348343414243 0.03258138279159001 0.9960389526835076
0.5459723649874291 0.1171292021265499 0.9935934030837343
0.4409005391773656 0.04484003384653686 0.986730343398047
0.5245202859531127 0.04901946901787955 0.964041770608271
0.5484102060010125 0.03998714605681837 0.9955158216109727
0.237862326389145 0.021086434281458333 0.9722080595700898
0.5626370468200084 0.05016444588616646 0.9935317839093166
0.34385614579411533 0.027341495022221753 0.9956011900141094
0.296490405773186 0.03403328294309383 0.933541481835299
0.49497163496723817 0.11018666097854826 0.981622430490259
0.09161413010436269 0.015043274337727043 0.6985208208981171
0.23859977106421676 0.0232072908537917 0.9204723550778958
0.40814389719877286 0.03963642828468801 0.9456630433940577
0.48540547918350063 0.04681510018650029 0.9854090519008685
0.5750843389439791 0.04064300348477524 0.9972979854431027
0.42632547894384143 0.03643542060172745 0.9763384869901941
0.4517753914798131 0.04501792640931486 0.9737019755581378
0.5887362391241383 0.054478436653629024 0.9887988477183655
0.22075848223839603 0.019274446510264588 0.989224638714465
0.3410663049609892 0.04120980132789172 0.9780314570991384
0.6813587128457141 0.06754506849116367 0.9969198526647524
0.6555804189431147 0.12382293222036586 0.9957010904914001
0.5090113723942529 0.0479414379477265 0.9738432438151673
0.3546008098421199 0.026235089424842928 0.9644660143046626
0.3530410088325568 0.02806959060720296 0.9787532256052989
0.5154649972664916 0.04229807167393494 0.9935623504020625
0.3462425738860385 0.05281717798149868 0.9750669843993672
0.49088410972760643 0.04817630765414435 0.9831338078470396
0.5421084591475671 0.08164009289190094 0.9823378413741799
0.5057190932776736 0.04023214625732176 0.9807758767792139
0.26166364077157833 0.019449650525373303 0.9854246090644914
0.4856969244755296 0.04319813558000869 0.9969744284859492
0.6119490221609615 0.0630613268112657 0.9913495168505573
0.5345358886278277 0.059295049016346246 0.993950627399972
0.4427670144199052 0.03334667110561901 0.9853383376415262
0.4138789897440955 0.051123501930264166 0.9469772472780748
0.4092699001253388 0.03296506341551115 0.995026326493555
0.6163305831559217 0.05632946869143083 0.9901729623961024
0.33603835082456046 0.02510449410627418 0.9909562663718616
0.671922207541138 0.04196239729079867 0.9967850319907553
0.37473678197203086 0.03640397765956681 0.9408149181952478
0.32477742010003524 0.02342005480205739 0.953143725759919
0.36939856735605864 0.03189280477218134 0.9691202544815334
0.4744548138844981 0.042192818632601894 0.9939568252908001
0.3207759980443617 0.026857383305397647 0.9916323543883827
0.48169090517790497 0.032169526141198064 0.9963179122497184
0.3542229134152856 0.03339490472806082 0.9873339455762082
0.7766101834939219 0.18940796063107113 0.9499552485961671
0.509447085411883 0.04745187237138755 0.9771335170330905
0.5077822252452361 0.029483210732995202 0.9985554445726342
0.31268499344611145 0.027299478942749637 0.9769660079843453
0.5308244690447474 0.07239456109166899 0.9983848661084309
0.4602093991690075 0.06304415138769623 0.9984014961643697
0.6589888973703333 0.12857478539043213 0.9658962457689783
0.5389029214505866 0.03612925969452392 0.9973088358795419
0.5044959619255941 0.05103940698117361 0.9956112355427554
0.2596435651114042 0.028400051566136078 0.9879242868606147
0.664048953623834 0.062106586168887284 0.9970739277869521
0.44678300491635453 0.03991438953138781 0.9828422242798731
0.4076994852758123 0.03674093198344321 0.9894224371160195
0.42704358134826215 0.03835675876621031 0.9905885799560058
0.5177169315913412 0.0628479273920569 0.9792886345011951
0.32310478413944277 0.029075632602483994 0.9872199604720515
0.2876559588094897 0.025629533282706653 0.982063827912137
0.28425760187788385 0.02366203877031516 0.9819152879505951
0.2544400292253829 0.02089882172537256 0.9890290764330819
0.28371320347811785 0.025615012557658114 0.9706658165884307
0.22000899965376866 0.023677083285774753 0.8747065840972759
0.3723832018873082 0.05284185352269756 0.9258398210851939
0.4235949790887281 0.03447181848244076 0.9956255278765098
0.5108258268540804 0.05610472033255472 0.9916145349397738
0.346979862004504 0.05534457814878648 0.9777304565049137
0.24767235482262298 0.025098422271947883 0.9842370038576547
0.38770923863303897 0.10119258329619649 0.9942509822208684
0.5501912344463384 0.04572353436885342 0.9970415066907806
0.1445904268384834 0.02145754792216932 0.9025789953115376
0.2754802882566036 0.0312917229161122 0.9950856594705761
0.5921570494968911 0.04707399634803062 0.9958441704963577
0.4436493253739423 0.07375359719971092 0.9752449886544055
0.2874869193609098 0.031677767835712495 0.97192931760177
0.39204074317766363 0.03961574617047651 0.9798069683616858
0.5061762673261725 0.044755976653202634 0.9983858098960279
0.247741406402609 0.02178600471964744 0.9739405014071675
0.35562409632027686 0.024006322489187215 0.9935158848083996
0.5127977215615785 0.041034089730440364 0.9922922598580892
0.32371841117145633 0.025232941528936115 0.9755394257021011
0.4382386933589876 0.05317856610496646 0.9875066682253281
0.4193254310032689 0.24829928149575142 0.965891101745134
0.518572736310809 0.03940788740436941 0.9964164109907314
0.21378679200509138 0.023384061672438172 0.9760172635364145
0.5878931192942645 0.0602264155548241 0.9945642832010568
0.41484747070454747 0.02797742971215042 0.99604333535094
0.38701906547629145 0.031886266711546554 0.9899267852345016
0.3712116361971955 0.022899342184602905 0.9911439674346368
0.3741555453422211 0.03138552004876442 0.9872219010067904
0.49193643175292795 0.049941238198770437 0.9979113078774203
0.5048201828523996 0.0462119093668495 0.9819802906276172
0.26625465159988415 0.018859681710984576 0.9869310736010912
0.31580890274909107 0.027955326241345786 0.9919471002261542
0.5663017224338134 0.11514538798298392 0.9866837430500355
0.33688068723644504 0.026966832752360802 0.9700286166925315
0.39972766903986384 0.037838292019532614 0.9878324721250589
0.5031823686454343 0.04913894786843059 0.9959934956097978
0.5601407873145631 0.08487568274536846 0.9908297093614449
0.323577005160871 0.024855918707392677 0.9890907088336266
0.30697806035381076 0.05056510232870543 0.7490053507097422
0.24128855645161457 0.019835478416756248 0.9772663521532994
0.3560427702632643 0.04217135645110717 0.939185445105518
0.3772184535991342 0.029591445097032494 0.994360223702169
0.3334298650237209 0.04124629265501743 0.9542112995969104
0.4109665235929387 0.027055942200964606 0.9959819998298705
0.34217823254762303 0.047878239604042236 0.9848978438073043
0.4132169275273271 0.051941992790810396 0.9277534140346378
0.500052016067393 0.06368394697209058 0.9887424806377181
0.10844516672512503 0.012593924270268099 0.9057011875493364
0.45935562122668216 0.041838131700312434 0.99530742332563
0.521569499116488 0.053269562792581944 0.9966428190614676
0.5538351349114663 0.036703151659483874 0.998152317667643
0.4034523859929544 0.024291950297646248 0.992162208524789
0.4732002687878369 0.04426056495169924 0.9920637621759925
0.5409476524022324 0.04686920008892909 0.9977427594994314
0.4318937359070162 0.03173202743382408 0.9821422112545377
0.4043662941714147 0.037087774823865785 0.9891542343235161
0.4862278039008497 0.06651821746138305 0.9887680524116138
0.3431556168108513 0.02637362760119429 0.9694458913566429
0.5206815936147888 0.08062753612548647 0.9903500167394862
0.5775874517150676 0.04263420194897913 0.9981135275820044
0.4986730124069388 0.053119439639143416 0.9520658203631837
0.42995099096903866 0.08202578603120478 0.9791949907137477
0.5960892485672816 0.048745778915408725 0.9986575453306668
0.4210804708952289 0.03865672406668995 0.9667303247405136
0.23136906902689894 0.022668067326191588 0.9165119863325409
0.3696210178456268 0.024613168606698193 0.9942905552874681
0.3718976136620106 0.027090400380957544 0.9826297390179852
0.44983840538036296 0.09698554521777698 0.8074675932445358
0.4506913524224326 0.14238757577429886 0.9909287196979816
0.2368278166189943 0.02185467836107399 0.9018166151924947
0.3697006136843507 0.030848100689137743 0.9930622351225937
0.5377649077125658 0.041138823580183954 0.9952880068121595
0.4326935912466732 0.038949264881611274 0.9790301900589208
0.5705334340841244 0.1015502472470686 0.958771447742739
0.4187164309000186 0.031094438492915967 0.9961258825976084
0.3968862832762646 0.03041040981113199 0.9925674760622288
0.440976963122714 0.0345068991215433 0.9906645701840162
0.45296303785776043 0.041034924647513904 0.9471511600493439
0.4062711800964384 0.18442529986260608 0.9817071878257696
0.35609952999951977 0.02554226673351769 0.9859294883101207
0.6061138969073423 0.06345047885276277 0.9952870177982198
0.37427305536649297 0.10575839108826214 0.9891382492839703
0.24109129367775725 0.018968277683381368 0.98864172070353
0.337398029939417 0.038020350379984746 0.989103840742284
0.31085523473078086 0.03115287050285908 0.9768814462061228
0.4901165385596489 0.049323454181139655 0.9945021315220123
0.3283464011293498 0.025714555464254833 0.9950523396802133
0.6031418290028832 0.05541605952468514 0.9682942070901227
0.3617953379473953 0.031105107693931912 0.9754388918622293
0.4849453692364991 0.04122715527767565 0.9950502649767233
0.40780277930712266 0.03502448983824474 0.9734725587460723
0.36164203235003756 0.02945214186504737 0.9949718830395813
0.1963441809655143 0.03161486375545783 0.9179382470968122
0.5408408878230935 0.05044723126362732 0.9975458189924064
0.6553665550223383 0.09012080480077264 0.9928046202023021
0.2333710983541818 0.018718864444324048 0.9415806616092129
0.38060072684123164 0.02836938462224775 0.994948860961529
0.45492919032822343 0.0654276368026127 0.9906022107837527
0.4550404319145596 0.05856035889360963 0.9009094128842825
0.5120669198571968 0.03456777181728314 0.995494411229865
0.392164219522014 0.04606520646402319 0.9884232474342628
0.307976693238219 0.02286721175446066 0.9790703722224561
0.39822165479197474 0.044416490392635066 0.9937598997342775
0.3981587767618466 0.037128674771721056 0.9925146081977023
0.26312411058860796 0.026461167553325955 0.9863694533113203
0.23094157801081813 0.018170872328359816 0.9875735171053551
0.5320092541239166 0.05339188877906352 0.9862272090619293
0.7541546493287119 0.07442842887969325 0.9989045541587164
0.4084302421109999 0.03482045831903484 0.9880733635694179
0.3787581613339065 0.0293787053627415 0.8956645849357364
0.35212935822464264 0.03335871450647211 0.9936183164861105
0.5737452161602772 0.05500694943245799 0.983282382029914
0.38586627190389916 0.05826240636259669 0.9842599164826642
0.5241431415544668 0.07396444323978674 0.976744666414072
0.28899090083678425 0.026620680637159066 0.9621207788332417
0.5932654654933333 0.08373649390678527 0.9685106501177678
0.4827999698385751 0.05037675331806668 0.9545765087194337
0.38842997195219836 0.03319339969264536 0.9796180973063072
0.2621083377038748 0.022259143808312197 0.9383665919261678
0.42050198539907563 0.032445708183776 0.9888075765090861
0.3373622287230362 0.028673299489753477 0.9754413654423497
0.3862435467198431 0.02777612712786149 0.9801735727595138
0.5640389573486713 0.058446795243795195 0.9965188308803158
0.2036767687219551 0.02038758251040408 0.9906769829981794
0.36558495960666754 0.03581271667119522 0.9402282503477261
0.3968809677687518 0.030473967436694893 0.9854171417244074
0.5109684178848953 0.07826801266578874 0.9494902826742411
0.791094705796136 0.18834235444119457 0.9631364969186482
0.4265498399333494 0.03404768015818352 0.9818062240231857
0.3199670338424513 0.03567142966068464 0.9790019649401798
0.18240623161680752 0.017050946703826873 0.987226416622032
0.24925306701439076 0.02992586108321143 0.9461541656127922
0.5121880035358622 0.04642053446704046 0.9906038623751314
0.2788492544918044 0.024009638408368218 0.9525434679851796
0.5924850031945028 0.05147867888931225 0.9946129683475193
0.4808401494770277 0.06333272872189029 0.8656961120041536
0.4694272242594221 0.056687316175842634 0.953858460013297
0.41520637178039277 0.030236401854164492 0.9974258353680014
0.43756706658201516 0.03686396425321688 0.995106663669905
0.41241248462550684 0.05629240434976042 0.9690574250834031
0.3650064774778593 0.03826304752306607 0.9953557482550637
0.22837077360801183 0.02198114952166155 0.9726907860210374
0.37203915115746633 0.03620598511214507 0.9875682059849487
0.34471078408698735 0.03430972292339941 0.9888803761232866
0.37168258613609756 0.054911680456447544 0.8683701871279431
0.4275796749790946 0.04812885909981347 0.9764873203744171
0.5892855144957662 0.09679118848738175 0.9748376053866598
0.6302973056383478 0.06491178774542013 0.9975874512046916
0.3613634412348179 0.030185544882323313 0.9862328138783979
0.5422896670062244 0.05462890167391488 0.9709124122512451
0.4837870083320059 0.044826155663164 0.9829424293411216
0.5218138167366738 0.032964305291251265 0.9986111125659693
0.4926822864654566 0.0778264085025469 0.9888015065853042
0.7891746367123684 0.13204134961721836 0.993674106236114
0.7352052462514777 0.08673125416952998 0.9942112297555974
0.444374803772302 0.07748114821359889 0.9658079928364462
0.5524179819597579 0.06830893150036559 0.947659146814666
0.44751767815344784 0.043030526220559 0.9879917428178311
0.2378726929804655 0.019417969136559396 0.9924476950765198
0.6041579414000571 0.08172245184600013 0.9899075055090781
0.4970072038287338 0.034927522048371705 0.9941228289602072
0.2953553249823423 0.021062750665337197 0.9930059231416808
0.4115273648127439 0.04825673402038946 0.9864010106874971
0.4461533089081273 0.058807056588829364 0.9985881216823548
0.3669420759561637 0.02743405159372109 0.9393054750454474
0.3162041351599802 0.025973339301920542 0.9569761630919172
0.18694126516448328 0.016238435144189194 0.9804245414259553
0.4985495856608289 0.04431230671517909 0.9979136938964159
0.437572748812177 0.05604973688016755 0.9886698782254354
0.302150030554181 0.0237058147913954 0.9816183092145023
0.4154438512113161 0.026475549924054893 0.996804027088358
0.451454004953369 0.042576094730551635 0.9941948809205098
0.28967628545327145 0.023949352524963406 0.9807683819792788
0.2295631301825468 0.03641745699070299 0.974646020129504
0.4228863771118757 0.05185368855334984 0.9940855383214999
0.36875329643200433 0.03080388395764808 0.9634945867829101
0.4397489555160913 0.03635571340719169 0.9975504655027875
0.3750992189451378 0.03527378003280243 0.9840068417623359
0.5304124321555379 0.04229415198656778 0.9916916095019439
0.19296421995092844 0.01563159913268803 0.9701689126763307
0.5298413276552414 0.03777833024011484 0.9821129461402793
0.4458377961492072 0.09632785594983408 0.9802640569274363
0.256032323869791 0.02212236813483528 0.9596592024846157
0.49583466435684836 0.04747859751395086 0.9976398456329727
0.23390670221503782 0.04538568341255698 0.933477651341872
0.5340288519054218 0.08784938552283514 0.9785428116897935
0.6289668704005266 0.05801162597663645 0.988217291131937
0.5093568755058931 0.05224620291299968 0.9888692544360003
0.5768889944971374 0.04513924123905185 0.9790598592665527
0.48556184863669055 0.03744085336508575 0.9854957502341779
0.2710605819404625 0.024684483996638324 0.9773272272767887
0.4111708744715835 0.02870135051907554 0.9959699900763918
0.48657760515935305 0.06999586539724036 0.9616965414204528
0.5337728512973255 0.04207369859141414 0.9970021337133544
0.4095008741080153 0.11541522935716657 0.9823316604063949
0.24423241599526935 0.021092000578024267 0.9877356817101391
0.3958941490560052 0.04482661894923205 0.9471289731549267
0.2799521251887432 0.03374327504215428 0.9830362513247586
0.42234463381096726 0.039407881449715056 0.9372185316867447
0.29718190729836713 0.030346574084501643 0.8987833664470608
0.4512280302902432 0.07827910059037846 0.9918085332284652
0.39869899311850354 0.043429575901388996 0.9898014950021667
0.4865570978234541 0.050793553087381614 0.9868155246022627
0.5826821477939889 0.06587575143888115 0.9956738317449997
0.22810708084088469 0.02332264173627349 0.9431547381873852
0.605507474835003 0.05021025826686632 0.9884062356753214
0.26906476791759426 0.041101030756728 0.9819961749560827
0.7303835413700724 0.060541884371128854 0.9993837625096764
0.4351006891229287 0.0352425291726314 0.9801355783231437
0.43218679900999646 0.0983209840861164 0.8017110683153931
0.5363662802963607 0.09069034342894092 0.9957562432116349
0.3581247476104577 0.024200253518269838 0.9766168289778829
0.40631006295730027 0.040221644644285265 0.9807951676342667
0.5133337198133233 0.04268545091013801 0.994772677431792
0.5847935029628966 0.060401948271572505 0.991615338633643
0.47237386053303954 0.05234101077662573 0.9783018170804315
0.24573559575621506 0.020764270959507506 0.9873240312228091