0.3952979293716189 0.049475104455212714 0.9286466639690142
0.3266531593815091 0.14998084775530898 0.9514699660667493
0.2957262141119592 0.1711433089166987 0.972793912664631
0.2382222105757654 0.06372564669629821 0.9195317767935752
0.3820212369909674 0.07598182672044071 0.9121914695490508
0.46857052687454415 0.05257101865019886 0.9670958716638696
0.31568582456568467 0.026697583695134464 0.9222520058849139
0.34221807255534553 0.12319733012868553 0.9691253268314929
0.4387855009088433 0.13153798418409343 0.9756886613246973
0.32226228953860425 0.090652465016588 0.9683103174833106
0.30413474857172884 0.02638159859046059 0.9303696344446148
0.30076517216896126 0.11701487108804734 0.9363787817521856
0.2492739418348547 0.022562255617026943 0.9487718146145918
0.21047268687718557 0.0349168968136072 0.9163935705844575
0.33989504574536505 0.06157940572625969 0.9413389136935708
0.17127432210970062 0.017057644190943428 0.8662434345417186
0.3267836259878472 0.032670883275444 0.9324878445691895
0.25795256042917086 0.017372755370326707 0.915131961200894
0.2629555145820342 0.10073015225278391 0.9455182548668193
0.22422749880574963 0.018481474866661806 0.961996928814885
0.2854979762507351 0.026117871220017394 0.9211283603066612
0.3216636351974939 0.030768316482838884 0.9326663075750768
0.2838455597368292 0.03161012044192032 0.9488801233259138
0.2520004226501293 0.03032621097235568 0.8936857723290526
0.31030732109832787 0.09402629121041496 0.9707296853958465
0.24268323906889314 0.02985395737027182 0.9461904759330512
0.36342660889131356 0.06564125704308328 0.9562220695688459
0.3369355838491164 0.039694700603523446 0.9652166148179291
0.34504116568435866 0.07316590376149044 0.9472329313796648
0.26898364684205717 0.02035986205843303 0.9143581704911399
0.3449989300429068 0.04573344862089947 0.9468800812799845
0.3888099917103692 0.11073870960524806 0.9431483249103867
0.40580528589807324 0.08984623450860847 0.9087274156342828
0.2977664507662148 0.09087585202624238 0.9414427079786356
0.37173158356031266 0.0774242522589404 0.9260548499071771
0.27448540884311423 0.03488903242391629 0.8994753539130693
0.2598986528092958 0.03734018585177033 0.962612439585651
0.40056731874608237 0.22649442571403838 0.9022841372332919
0.4398147434210573 0.06138875207220404 0.9705575589693037
0.2689892727100082 0.06704837416281315 0.9052728650601346
0.28902633776559267 0.02509019560826764 0.9282523761805601
0.34322344672058275 0.031821372673202786 0.9458663926152021
0.47666365744785627 0.179805714584066 0.9408243897991319
0.37936448276146534 0.09680104013269275 0.9177233408146072
0.43253566731830007 0.16796301397369132 0.9793555430440504
0.296031831651735 0.035940554127675675 0.8718669337109792
0.24090403633220053 0.028554096203738753 0.9262025238547336
0.23651664555693078 0.1083059596336074 0.9145454240657599
0.22610561632462783 0.08156162413141038 0.9286109284496594
0.2763375167901578 0.07547673901280545 0.9402432906501923
0.39677622529860795 0.07929071024462342 0.9466693114531519
0.4072667895289547 0.140029493162676 0.922476936420264
0.16964024043855644 0.021141703869775836 0.9138208519972508
0.39692938582683546 0.1016602270673729 0.9601829766712016
0.27345227731741223 0.06986563248062135 0.9330732320218982
0.31372813357353957 0.029985740760500243 0.9523700159418217
0.2472254844971736 0.02602857045267065 0.9396102390061805
0.37294117616086997 0.06658806836948138 0.8945476707139717
0.2911055324860093 0.033635919610509935 0.8945646708450729
0.3508532495902621 0.040980974675145866 0.9316752357722556
0.31537260987530513 0.026897867537613158 0.9353923783134367
0.39040595290619345 0.03810939246157617 0.968458955161979
0.36164683166436346 0.031886502208026725 0.9825251303661314
0.19444140506756413 0.018656383991599995 0.9056433021171699
0.3870964055766083 0.04227379733697613 0.9575597659286778
0.37775456673396124 0.0985002104717718 0.9767619820180233
0.265081486038254 0.06830924411020008 0.8861053348070789
0.29538544906630115 0.043231872583323144 0.8953541246553921
0.2785299756991495 0.03051716083973444 0.9464989556095758
0.32024442503730655 0.06401332470562976 0.9457244865594281
0.28826450923050406 0.053653236242589344 0.9631249514882925
0.2967695916597417 0.028188969710100445 0.9221379642174257
0.3080719425433155 0.07616054538164865 0.9377716593834757
0.30491115153130155 0.028112832575695582 0.9136697297615562
0.31021256957271515 0.06980146371399068 0.930626319120389
0.2963444179341687 0.03705963358669948 0.813867772325609
0.38933269343308247 0.06788660138636596 0.9386583142086837
0.31666384715977 0.03913241502494102 0.9506712045253227
0.24321422496439782 0.025463991806926257 0.9659924009714546
0.3670308099344257 0.03534632459673806 0.9365882514272462
0.4249299127323922 0.05017558605167723 0.9053192886335797
0.3398549004433772 0.06513614050494232 0.8556118575671751
0.3047730217219344 0.0302013801134503 0.9037990766197088
0.49173778240204136 0.07922203134827875 0.9140048027703788
0.37117745182996403 0.09772140031705293 0.9718987313342731
0.3668350610461319 0.1752969852210992 0.9789784965830318
0.3331644910626645 0.07472571631859233 0.8956516593470932
0.23979091088798543 0.033287474381871955 0.9606356474726645
0.3122281845870716 0.07312932651141968 0.9203598095603723
0.19764081738368314 0.06407173373431878 0.8692439191538972
0.19360693252881495 0.024690429527956848 0.8740934933486294
0.285216944848509 0.06542302252650252 0.9191870339233933
0.2809713771797296 0.03284720779929128 0.943393507831032
0.2865925528916838 0.08605266274107988 0.9054900256664976
0.25464677716768974 0.02770381291935237 0.9379721534174246
0.3296257303505734 0.038560834538553905 0.9086589272781207
0.45162541839192527 0.32975016237055726 0.9819865860742596
0.19251123557081576 0.02443661281942865 0.9419086203631012
0.275297375401324 0.11214257117203572 0.9478440453476841
0.48061124348179024 0.28286977414303854 0.8890347978472193
0.3106224011519443 0.026454770661163942 0.918924590842295
0.2420307667610439 0.11157128729349715 0.9276888463458492
0.22627562876866433 0.02378590227757176 0.9439441968316389
0.272116270699062 0.08753262042366601 0.8899510087861146
0.39564544155438397 0.048685969659374904 0.9673857245723249
0.40393394562089313 0.04330878603473584 0.979980461240527
0.2196652364905453 0.02197130715146347 0.8679658175857111
0.5855367952141706 0.26736686521349473 0.9544919250406078
0.2862308137760695 0.07523457510288642 0.9441496489839023
0.32302025104563026 0.032937499908807455 0.8461020729960856
0.47791701277796556 0.04847448530639756 0.8207820971770095
0.206448268924679 0.017987379312261815 0.8990907625382223
0.44002869576118947 0.13841889047822398 0.932108391440493
0.39510602055726474 0.04721437314755124 0.9517688372878206
0.22936002300203828 0.01690905528412809 0.9300760492100244
0.3314848312115029 0.03520499552186165 0.9465212789069095
0.22767099108621702 0.020564445763462304 0.9142420076233038
0.3308993138351914 0.042359535241395324 0.8720025482493644
0.3656290697326383 0.03819183595628807 0.9090760604699034
0.2874465997520509 0.06754135193838152 0.916437294968982
0.2915649314709701 0.06100206934910709 0.9159007515959257
0.25304103404090145 0.03880956805603983 0.9521808956929055
0.3091171585159081 0.05037513110591258 0.9210343039400799
0.3830336484647523 0.047611960013880475 0.95190332205536
0.3340993928331918 0.04187580145197655 0.9458980007952416
0.1997503475720316 0.020097388280236345 0.8575086900535989
0.2450796015614617 0.024077668832296197 0.8261656322643283
0.2583656968120872 0.019267849744875477 0.9051310336261905
0.3653360240859262 0.0955382623936838 0.933260979481804
0.33706065610747155 0.08485654780252648 0.9171869086527379
0.40185057723875417 0.04707486496321745 0.8598437977217442
0.3102690715005276 0.061326514581128345 0.9513572863892202
0.3519177055540226 0.025937526055769187 0.9607294598755999
0.3364622289634159 0.049009489324096184 0.912195247951591
0.3911705948933682 0.07457576544423253 0.9216552740752332
0.2705991946533828 0.06934916235694873 0.8887721896432439
0.35669195705552864 0.10137226862371637 0.9780378652119712
0.3527391281244268 0.058344021803369187 0.963604105544759
0.3892004012713503 0.08281354914649013 0.9547453757370279
0.41671543544984974 0.05382426194201273 0.9329042841220553
0.3481136699803934 0.07479713475620771 0.9158865346836998
0.3945434667470288 0.07991274051186607 0.9208062183698369
0.3691207077086357 0.12232251442495638 0.9523668570893155
0.32225812062533865 0.07117278876720226 0.8990493634153381
0.3845805100282237 0.05381545561575277 0.9142196494919153
0.39263538508372736 0.09833532338408267 0.9809286157778581
0.3575368108760994 0.07699230544775712 0.9239478069441039
0.2977256867232544 0.0359975489987507 0.9270611387772316
0.19397486858877513 0.01709166547538485 0.9187108060145497
0.18049219022103402 0.02608948671350239 0.8708439936298136
0.29164277078416406 0.12480847179793783 0.9382706984864647
0.2091590926145085 0.025418833266412318 0.9275715058436924
0.28713346229983416 0.10265850961785856 0.9075908507534413
0.3433985702125734 0.17739071025499023 0.9687653687465796
0.3984380805871381 0.04506856958746921 0.9274622434903121
0.3077812828540333 0.028346440250776442 0.9558499612001796
0.4084609722927388 0.04463199289730461 0.9475303945717775
0.3982799149824567 0.04258819362321787 0.9522264511220002
0.38735145842212726 0.04317491081186926 0.95363751063399
0.30969433111169903 0.07113920367107317 0.9246688868239403
0.28765234947304 0.10789682123092864 0.9305113593052293
0.319024315388856 0.03001548921615743 0.9703083264984257
0.3327070596172354 0.032397640400002654 0.9190318451792593
0.4410254098078693 0.20134895758538296 0.9288458364573812
0.23998026782729687 0.09883321475389988 0.9510570005911996
0.34005617513776193 0.033984612356764456 0.9472191500419207
0.18007998489837918 0.03728094460308465 0.8801915067686731
0.3036726085229213 0.05842249579359306 0.9299084603131913
0.2379910238845533 0.07722412121897732 0.9070931921675863
0.2526926559133221 0.03424125305563309 0.9419957718526247
0.25173631258616813 0.046760713124020685 0.9009949776412004
0.29136551612626554 0.06078341035214498 0.9452791906056683
0.3453452822070598 0.09217487297675346 0.9393757616749061
0.25781021552151034 0.019072860031907578 0.9362033949412559
0.2897368454931114 0.03108565289490035 0.8770983794375206
0.2409115123244833 0.04257531208302109 0.9475354810598698
0.26564214030789035 0.07724956911320326 0.9520514860864366
0.30402312805980464 0.08532524512414463 0.954717106287545
0.26997075770956647 0.07468169377070563 0.9156644096390604
0.4704169447438433 0.05964690649785414 0.979206409630075
0.36964788529639253 0.048792381068371735 0.9414290318599473
0.2372793180039699 0.09410755252933685 0.9429745551519545
0.2821534075797543 0.08224881139981437 0.944610996734627
0.27896452284705253 0.10516689372720528 0.9498770207979944
0.28976390792226514 0.14087526814771062 0.9347846417244269
0.30937154709485626 0.057864365845254125 0.8545874190899057
0.36273055351772904 0.12612008042445638 0.9504431632160576
0.2379643450326108 0.06264659873113014 0.944898192340359
0.397574383698081 0.040335233276394926 0.9637216968873327
0.4405321785723227 0.07500813757937068 0.9650312589496095
0.238239095757706 0.06004583758670316 0.9521142495471182
0.2072271396821528 0.02086172947189387 0.8508225976287244
0.3064409896317154 0.03367792667646806 0.878134097020144
0.1988375034890687 0.030298004917677583 0.9402128932195518
0.3985675886564498 0.050086868543722476 0.9685595953384597
0.3142344890804918 0.033469020546388145 0.9359692501497707
0.323914655381353 0.05727094590955524 0.9238121058149151
0.3433219728714552 0.07143302158991192 0.8986767143213922
0.2645422124440021 0.054660619286152554 0.9086088401386918
0.3967487197773082 0.06483149719738104 0.9732672742989247
0.26118410799976843 0.021296889502591825 0.9533810065407233
0.3516007602590834 0.0997233517021095 0.9360133269261471
0.24685648736976967 0.026216475978976014 0.9389247364099459
0.32969728422671585 0.07247336465355875 0.9307645585186333
0.35720359478064506 0.10253591569669647 0.8334668840070332
0.42185050347060105 0.037645688250160764 0.9868117433021382
0.27287709287724116 0.032328142259745764 0.924294592786223
0.32946991965565936 0.041626499266864056 0.9572114787036011
0.4362918433808004 0.12150872218548643 0.947026941115925
0.38489679028311774 0.3091983218932826 0.9253308126291538
0.30044749820142025 0.047570063258600345 0.9608986020538239
0.30279935106514744 0.05202918312135818 0.8604435725892012
0.2279758406607299 0.058370693711460246 0.8088090143052008
0.14510358126477518 0.015070419440711387 0.8806599712378664
0.34297699903337153 0.14437448229162608 0.9585879941544893
0.27365039036792616 0.0733462497039637 0.9450038041020361
0.2684671552088758 0.02696666524193197 0.8983239696342477
0.5259627136131717 0.1607866543381148 0.9568650057484406
0.3695075523958775 0.09630105130759953 0.9285940094929156
0.3393310714004987 0.08047010090322475 0.8912283217645207
0.3213718137653276 0.09150185926762999 0.911118436279407
0.3217642649124678 0.05268050590340843 0.8994596530517098
0.17842151520163513 0.01507875925534332 0.9338710207677453
0.3236721181847236 0.054945912653008924 0.9465562651709839
0.28782577627511896 0.08031817863077947 0.9502805220806392
0.46409774067376985 0.05743673247343199 0.9653236490908303
0.3196044699021574 0.026717917219993222 0.9565710485904613
0.27465891353775906 0.032360247887921294 0.9427945569254924
0.32182941315389846 0.07420526632790213 0.9058470594646494
0.3538944812324881 0.06781170800699049 0.9470728530348188
0.29754306059001584 0.05374310394873329 0.9611500837696958
0.37051174710446 0.040306901059163465 0.9356393812677292
0.31680531456680955 0.06915954245269555 0.9040813761812182
0.31225084933389935 0.08905003660510132 0.9010324082204234
0.3571390175418733 0.05351531531596642 0.864516223832891
0.322877943796737 0.04329741964190114 0.938853105063835
0.3676325100225892 0.07754055665138863 0.9392593530918192
0.37708071575141067 0.04049318864068202 0.9605477943007706
0.26290581419034326 0.11077683738147674 0.9547456213487637
0.302893597071128 0.07993872907151209 0.9221368109100433
0.2883272320225927 0.14575007607857113 0.9298216904678979
0.26056241695986854 0.03208861601100257 0.9224352333476866
0.4585963153573886 0.17269945641551612 0.9517157145213998
0.27136688023919736 0.0569906234742515 0.9181926624687609
0.30569064817813835 0.03173968594629935 0.9299040034462887
0.32582943589183694 0.042762854659297495 0.9728739391776482
0.3439380313491354 0.09968263629482772 0.9649217317753528
0.40834403664784646 0.20554792324465324 0.9548666201598626
0.22184720042434367 0.017127914155454428 0.8004134176150024
0.4203299236538525 0.0396340364031581 0.9698790221865231
0.4517928006448249 0.054026663186343526 0.9826018341590314
0.3296780157843072 0.12370779370436051 0.9483227052425124
0.3623344033282077 0.03803202286375686 0.939708294533384
0.2517253799138818 0.021804929490697945 0.9144013387103942
0.4539373829898133 0.04812706482047788 0.8937051604884386
0.3586198165754768 0.0935903413189336 0.9397152854515485
0.4179871702773834 0.038577169012811593 0.9776408047826445
0.41377850865122134 0.1388054645144272 0.9833786288480595
0.27441245561955857 0.0656164649599137 0.8793829081858441
0.21046126184631722 0.014028112023069424 0.8891978442530072
0.29604818246511955 0.02987676114724384 0.9185105098022444
0.2981907756498855 0.027034777932862315 0.9269206442060524
0.3698517904584879 0.11270336682896337 0.9528647619644373
0.35359781323512995 0.0756798661982057 0.9126073337919944
0.28795287994282337 0.11538352360414722 0.9430508145835961
0.3018136566271508 0.06548656618837023 0.9164361441816532
0.3495440203034886 0.046893082254605464 0.9295419691980781
0.3309963124470594 0.2454254044146501 0.966836064199415
0.31231786126294175 0.028027498053066945 0.9176192535071088
0.1862946644981902 0.024527418800419972 0.9232639530711286
0.24421786739198625 0.020597738856116012 0.9087293700256664
0.2515043698543805 0.020830514402535052 0.8817416067020084
0.1943130986033049 0.0357851186657304 0.811720294159141
0.2812894763459609 0.024225180353787873 0.884458619074719
0.3368595973838121 0.05422059617609607 0.9562114691882347
0.29047863972017046 0.02955281065824899 0.9496712757308388
0.3812766414990644 0.11605252436228829 0.949722702375923
0.3342724553771546 0.027514312519276996 0.9055337832926381
0.22065356772575506 0.08667759560816879 0.8693899031404182
0.3002650672600002 0.07250779056389159 0.9416263261326615
0.24442920575640414 0.02532586569121614 0.9252674030612246
0.18038787686342259 0.015045290376058283 0.8309686104628269
0.35764664336422575 0.08556220151235323 0.9238848555728022
0.3610225062529542 0.032897434559740715 0.9466728963136485
0.1692123244857699 0.01489556347477782 0.8768634018539997
0.3743729207215532 0.10299962597170707 0.9416897310678084
0.2371634796331091 0.09921837749911057 0.9349979884917545
0.19103635210707876 0.02959428588544476 0.8174246464329464
0.24014457420383672 0.05656698712941943 0.9617607881407991
0.25707946506159807 0.0397746856449126 0.8361742929129274
0.30009527441070666 0.08246228521618412 0.9147591463358148
0.2947606591666801 0.02943984143890543 0.8764720967803453
