1107.97274 48.53015 86.21338
1059.34414 13.22797 42.69067
407.20784 22.91409 54.77181
1192.92223 48.57725 71.25969
520.24953 33.21218 40.80050
738.92380 40.14064 64.24906
1343.00930 48.57983 62.14752
877.54621 51.68347 84.95112
1052.97138 59.12457 82.69854
729.67592 27.70411 35.79669
704.60739 12.52872 46.36715
989.42197 50.12582 68.41545
425.12735 23.74836 56.85238
1287.31877 49.38548 84.16066
375.34931 25.34761 43.29686
851.40379 44.70540 79.56501
805.13010 32.22070 67.63413
1344.99747 46.61838 68.39526
813.44653 48.47247 71.95409
689.12224 24.92131 61.75574
924.21405 47.04173 60.16651
432.73184 9.59836 42.29784
1700.16669 43.29478 79.33135
1076.94501 43.77956 69.54759
1072.22890 60.40020 69.81425
703.77661 22.88276 47.62863
810.91191 40.37621 67.84134
1196.94961 45.52925 89.70892
307.45670 30.84075 56.98327
1697.34549 62.94393 82.15836
242.09364 12.57859 32.88947
865.77902 29.39784 61.19948
990.96415 49.51016 69.64100
1196.58211 49.79179 83.77530
1048.23561 39.74235 63.36623
1087.24160 38.12494 70.96456
379.67018 6.56753 39.81858
765.59126 26.48730 66.37751
618.15071 22.94349 52.64956
576.50349 29.85166 57.77539
806.62772 22.64738 40.95446
946.59124 56.64595 73.92781
902.59115 36.74581 74.72521
732.81522 37.01855 45.39187
599.46697 24.68180 62.37105
1067.10362 40.39563 61.60863
823.01988 15.38510 58.75261
491.69158 31.64807 66.70937
521.39509 25.03344 47.19638
1220.45576 38.04322 74.07454
1486.07254 44.06842 74.74266
1034.62792 41.26943 81.82766
929.65705 23.94092 63.87233
364.10898 19.73754 53.32621
311.91057 36.40397 55.35788
512.48921 40.68897 44.73526
357.79829 35.90851 53.14605
632.81410 23.90846 70.45583
902.38886 53.40909 69.13405
487.62066 3.47206 51.45760
819.77858 17.15522 66.27310
663.01149 42.15093 46.85486
512.71456 29.24933 58.09489
970.31711 34.47085 63.96837
1700.22277 41.75761 78.67548
522.68476 39.30219 69.36806
931.15009 51.81453 67.32234
889.33131 35.05708 64.72156
1032.08107 53.78048 70.64516
903.51803 43.06092 63.25369
1112.67843 41.64909 70.80545
1114.36626 33.44171 72.69527
925.82246 30.88261 77.06660
1321.89437 50.39377 77.11920
1201.16372 40.85915 69.99216
965.39429 39.86530 58.27583
770.37438 37.23742 49.65346
779.47084 35.75883 75.45795
1672.17390 73.01645 83.83392
1055.38952 26.15025 73.34455
1360.89917 59.92545 78.83834
647.20599 17.24076 62.87617
1064.50789 54.07808 78.48407
904.09996 60.33802 72.05805
827.87339 5.15849 74.31651
664.22324 27.40117 52.13181
687.26636 41.44926 63.63266
694.20196 16.02536 61.93878
1219.18514 38.12132 66.72417
806.87378 12.68255 66.32463
654.79278 31.87356 53.72084
807.38145 16.00517 54.34667
623.24765 36.64547 56.26029
536.98565 15.75114 42.86481
344.09744 29.15981 40.83418
272.79546 1.02553 32.72373
962.54420 26.97139 72.90904
1436.30215 41.99738 87.71177
1327.73197 52.36091 70.64816
1132.70208 26.33591 61.60095
1121.89075 37.38852 70.77241
1059.97218 27.58960 78.01759
707.16895 37.50647 61.08269
758.70142 34.03335 79.59181
1270.56933 67.80400 94.10794
1300.53059 25.17979 73.86758
839.76877 53.68574 75.92636
1508.75366 63.93886 92.90037
980.98693 39.48661 62.82430
1277.60720 30.97905 60.95428
391.44575 29.70266 43.52196
606.98565 29.76435 70.49540
882.45609 45.23240 68.14273
1005.98322 47.10862 66.19354
1731.65309 46.99460 81.91674
505.50166 40.60041 64.10920
548.10071 23.10991 58.61033
1062.86572 44.29857 60.38109
708.51587 22.40004 73.83751
554.12335 9.10372 56.93989
994.43261 42.10559 64.23908
901.16078 37.73632 58.08532
748.46184 19.69136 59.56272
248.81458 12.58335 38.81615
1153.78233 45.50481 72.72018
740.46383 32.37131 68.67852
1150.80638 27.33965 75.12174
1321.05559 49.03020 77.12295
1609.06355 45.67052 67.57397
643.78118 27.14116 53.19872
167.18377 19.55450 35.91133
1099.61085 21.47387 37.57833
1077.83876 24.45646 62.89338
627.04846 27.47211 59.57849
1221.91047 49.77330 78.41361
1032.29761 56.02716 68.05886
571.87825 11.75643 60.91882
1268.33036 41.35407 86.90443
1186.83891 48.62002 74.83459
756.82620 35.07173 57.62975
754.25883 26.75645 62.61962
1543.95026 53.18589 83.79754
784.70971 34.18798 62.66267
1622.99131 29.54128 98.31148
563.06554 16.68111 51.64481
1328.30369 33.47053 87.17737
384.83709 14.01117 49.79202
770.14042 30.92021 59.85547
1299.04132 54.14915 74.44667
677.13905 16.27416 51.71871
283.60221 29.14228 50.86739
315.81521 9.64774 41.02443
1161.61124 40.39913 63.23184
1524.95117 57.85300 97.23210
808.08805 16.83285 71.22673
507.04525 10.88008 38.72436
552.80377 2.77322 60.80508
978.98457 44.80121 69.54323
723.84220 42.46696 62.63711
669.00079 41.76579 54.76825
363.02234 34.61456 49.75200
850.01176 27.62238 61.11852
1495.59880 53.76343 68.85110
694.82564 30.64913 52.08290
1434.85196 51.34869 76.05471
1310.66212 21.38270 48.18897
509.09459 18.00337 51.23779
614.59940 41.93627 58.12371
453.38802 16.08874 33.82342
845.40878 44.62345 56.09233
766.32615 30.42422 55.17260
374.47191 33.43268 59.75719
772.99349 33.40647 48.53022
1046.30054 52.24934 60.80890
606.26169 29.97024 63.19558
992.08820 37.20483 67.61651
424.00264 22.34746 48.56696
450.77448 17.69688 45.88391
1352.63517 47.71616 74.24809
1392.92833 45.27253 69.34529
1409.82166 46.19623 85.51277
396.47442 13.53809 38.86765
568.39248 22.23161 57.84289
1328.73618 60.01761 88.43535
1185.76875 40.09605 62.53248
784.73364 16.55303 73.79360
687.29059 30.39759 54.77309
1105.81715 29.12615 73.95304
823.96512 31.99006 43.61871
1417.73750 44.63545 62.99811
250.27689 5.28848 35.96301
646.09997 35.28424 49.09831
788.77570 23.86621 52.57819
1104.35171 30.42483 79.21982
1184.53589 48.50192 76.32607
667.61528 41.08996 60.99506
998.47121 27.37117 56.66249
350.46241 30.71290 61.24741
1184.68591 26.23468 79.37606
781.81929 44.35810 66.36493
1475.80739 62.85956 86.57024
609.40550 26.52807 53.49301
622.50378 45.95083 49.05699
1109.52467 37.04521 75.03672
1265.55793 53.47665 85.34900
816.24164 29.76820 77.97100
614.01851 7.67962 45.90284
1129.41518 9.13048 65.47330
973.14322 34.12563 56.05946
1359.14209 57.24429 85.61539
815.10891 37.30031 64.18239
1941.41131 36.60138 46.49029
868.41884 37.38492 76.65354
1121.99665 13.77801 81.76941
1639.45703 48.42851 62.84172
1424.25859 37.16176 93.53259
944.50158 42.91529 69.89743
1089.31776 17.23872 77.89747
1050.62787 34.45699 71.88866
277.63570 37.04505 48.10511
377.69832 39.57099 50.54989
1395.57212 53.61744 74.27518
747.67185 31.79378 44.24223
963.47563 47.04230 65.12189
800.21383 33.29623 44.43725
1008.06068 33.40158 82.98513
505.47723 21.40293 58.82811
1008.71527 7.05708 66.34867
459.19754 12.88031 43.66329
413.86237 13.08768 27.65280
770.23757 42.26561 68.62283
1954.75681 65.74189 73.40282
1006.46460 45.51178 75.61341
608.96865 14.87927 54.29743
736.84742 31.40337 52.66973
772.64767 33.35436 63.72794
639.54105 22.58680 76.74925
831.88496 37.63613 65.03845
922.64864 16.26913 78.31974
1037.59740 25.15049 51.34679
858.56635 36.16946 53.42138
978.77367 33.80868 82.99041
562.53108 17.18542 56.38351
1017.73360 35.95098 50.53288
715.82257 23.40712 61.25361
662.24651 20.86567 59.77388
1156.19650 30.52948 79.52302
1135.57849 45.42916 77.77640
1323.72560 49.53952 86.40001
1089.36033 36.68867 74.17210
904.12094 41.40960 79.33808
807.66694 31.31334 76.17123
776.93502 18.94818 36.19235
404.04356 54.27591 72.54080
542.07722 42.04623 70.68066
1644.49683 44.09777 74.66303
1182.61088 37.07981 67.48434
703.56728 30.17191 65.86486
721.74776 15.21173 75.54060
445.45998 37.46059 47.15119
1192.04376 40.88557 80.48467
1076.84918 40.81862 61.54153
1274.77712 37.72913 89.93021
816.81136 24.44560 54.61766
1057.69471 59.19869 79.39612
1377.45398 37.56840 77.86274
1150.35844 47.46314 75.74813
275.88375 15.09682 25.79428
1248.30697 43.58254 88.17460
906.29985 17.51908 66.11378
1387.12992 50.74241 82.69695
598.34267 38.65854 55.27113
1539.03314 62.65936 88.04378
775.35347 33.30556 63.14964
1283.03501 38.00779 67.37179
437.03774 3.47612 42.58541
549.54554 31.74051 52.55554
1422.32690 44.80649 74.56369
471.83281 33.22583 63.74132
210.19106 33.29018 47.92577
1509.70568 51.48234 62.77818
807.44359 26.03747 74.71695
386.32876 32.29390 67.00374
1170.06679 34.71294 57.69317
799.88121 34.56697 62.63356
439.43146 8.22334 33.19699
614.86359 17.00463 62.66523
1638.13590 71.96988 93.50629
979.55945 32.96414 51.26802
1350.27704 62.23678 79.83656
591.35366 31.21429 45.84078
475.86726 23.74836 47.87752