504.25928 10.21661 41.60858
780.03942 20.07352 58.42488
326.20930 16.43795 42.69328
1425.18225 34.67262 74.05670
234.25623 6.96404 22.22216
746.64907 36.40511 60.30611
726.54608 25.90623 65.13651
693.84420 40.28189 63.65130
698.91635 26.29920 54.98317
880.42879 37.62513 67.96225
1088.65540 32.82043 53.79729
1465.64560 40.37444 85.48220
970.29796 20.96162 70.12083
715.22008 32.34140 65.00056
288.55406 3.08590 32.04009
718.58701 17.05202 58.09960
758.93068 20.79300 60.57379
828.87552 42.35380 66.33157
929.55929 51.39979 72.26301
706.19090 45.14141 62.77253
472.65497 17.79917 43.92995
543.73180 29.73585 52.35824
623.51835 15.55678 55.51804
626.25424 25.68841 60.54009
403.81268 37.13132 57.17778
506.69473 14.05238 47.15880
1147.08565 21.28463 67.65070
923.05007 28.09487 67.12763
874.33744 42.67125 65.27459
648.68821 33.13301 64.28621
790.35389 20.01343 49.14271
932.20573 35.83710 85.46205
669.43409 43.65360 61.58830
588.69629 14.05084 58.77219
753.92037 40.48322 69.45633
654.24709 39.74183 60.93472
1028.96284 35.09474 53.31345
631.41278 1.29488 53.44662
934.38708 25.42076 60.17876
180.82662 5.46386 20.46108
464.87747 16.79664 57.01415
579.89267 36.18467 51.29395
479.36011 13.84505 57.84345
1145.24120 45.43548 72.10467
365.34797 14.27357 40.70520
785.12401 20.00440 69.07466
603.37681 18.01123 43.74214
453.56133 23.47314 42.47960
757.73095 20.89166 53.37895
813.62020 31.60551 57.94157
634.02465 38.06561 53.66131
600.81895 37.93444 58.56558
396.21385 3.73769 34.21605
306.35011 4.06657 33.58734
1003.24709 23.79165 51.37084
1056.95468 33.25441 72.94389
885.45517 46.97118 69.33907
348.57310 27.64031 41.43306
902.40002 29.93686 66.94327
746.56538 25.56567 53.17008
384.60827 6.86817 43.24094
230.20883 2.42799 23.06817
640.17590 7.86409 57.92679
569.60987 40.12233 56.92736
589.15857 26.73878 50.29208
465.72543 14.63120 34.86474
725.76814 25.38784 49.39718
808.77238 25.23715 68.92873
338.88740 27.09398 48.25075
610.66269 43.48246 58.82976
672.72588 42.57491 59.08758
795.27478 23.67166 49.02166
601.53153 8.20267 41.94485
556.64712 22.14808 50.35338
789.15793 28.23580 46.02961
596.70168 15.25278 67.07059
757.23430 41.21588 60.41025
752.26852 28.83234 76.24676
658.31831 20.00824 64.71182
243.07778 16.38031 33.98899
883.90748 35.65741 73.20602
986.79370 43.26299 85.99993
1059.52695 29.26184 63.41868
709.03708 25.68191 72.15708
634.55746 25.58617 52.93367
717.28668 51.51820 62.83051
398.61938 1.37087 44.82475
387.81255 23.80271 47.74903
1222.95155 20.53956 73.82378
1110.29612 26.02730 65.05011
956.73677 19.99860 69.39428
714.68965 38.60156 64.68270
672.14939 30.75772 63.60750
771.34348 31.57239 65.84545
908.81121 29.11020 53.41593
536.20979 10.84126 48.12551
723.46360 6.62974 54.00415
378.76747 10.42571 30.79634
1147.68346 37.19094 65.00904
526.44295 17.43350 58.92834
777.63982 24.33999 52.03967
569.02909 32.63531 52.82946
669.39007 25.84932 54.56298
740.30796 30.70002 55.37199
755.06453 21.41609 50.77970
560.19348 29.50272 52.09806
811.49148 19.31256 83.05026
701.82878 23.71528 57.26736
473.74973 4.42407 42.58335
450.03050 17.66542 40.58244
425.33393 9.21976 40.32807
619.00452 12.54801 51.68933
867.00327 18.04319 61.67971
886.80574 21.42764 59.51503
1261.09330 36.38014 63.13823
604.32093 6.06031 45.06562
1027.88603 21.88771 87.69686
1147.56039 46.25498 66.98336
385.91959 13.96819 36.92165
302.79626 16.32214 36.57766
648.37166 15.61874 60.76422
789.36051 48.85174 64.97985
796.26409 35.59930 62.45448
890.35803 0.98039 58.49204
322.58406 15.52236 42.01853
856.17744 33.82355 54.82421
434.31643 20.03629 41.34248
560.00056 20.99297 48.76043
742.26003 25.96244 71.70731
384.88313 15.40903 46.94119
850.26183 21.56868 67.66486
953.24579 35.08948 66.22963
535.98107 30.22173 58.83394
688.00989 41.01050 65.59607
564.52116 31.65380 56.19254
849.62419 35.38323 70.27358
461.85390 27.29601 62.58311
639.68880 46.26425 60.32867
767.23167 43.46051 61.32270
647.18948 29.99681 57.33631
427.64830 35.24497 48.84054
717.81212 14.04457 56.79188
581.18837 21.36142 67.58710
1128.19110 26.05971 72.03336
1291.04687 22.11179 71.17589
447.76269 36.04036 50.52342
470.87651 5.22395 44.49597
649.82367 43.95104 60.99753
566.36476 25.41241 55.06765
447.04283 32.39262 51.09383
315.60290 3.48251 38.38373
498.31917 21.30272 46.41146
392.21258 5.60897 33.37905
529.22391 20.05461 55.64611
891.51805 30.63239 66.85018
540.17178 31.92002 53.35755
369.32283 11.97812 41.85193
1355.30139 35.85457 67.16965
617.73005 26.55044 43.87510
238.07193 25.97260 42.69041
500.17746 15.56134 46.79389
715.94108 39.34184 61.38121
935.25914 35.00561 69.84309
646.65909 42.01922 62.54565
735.89739 25.25356 47.58109
573.61328 13.50294 46.28308
442.68002 4.69468 44.45113
441.01544 12.69050 45.89755
811.51105 20.24724 57.04929
508.11094 10.48729 48.22040
330.16857 0.88325 19.08344
772.84231 21.88805 56.50408
491.92088 16.77038 48.92842
401.22505 1.78281 34.42949
609.46146 4.45410 49.10589
651.56362 42.38674 57.59484
740.53548 5.76023 65.90061
378.75819 12.33604 39.20297
818.10161 21.53961 62.26351
645.92166 21.09024 55.64039
307.35455 14.67949 37.00042
940.26533 63.45428 80.79299
742.47154 29.83903 66.42626
642.04522 16.66842 48.72129
637.47126 20.89643 57.88666
675.18736 35.08052 55.12140
823.97076 23.23636 57.36495
375.81422 8.70215 30.85923
746.55702 45.43715 61.93159
477.31550 20.01918 42.14992
895.68849 18.31313 55.58268
683.27678 43.88602 63.36829
531.51649 37.34334 59.70737
474.06232 30.63475 51.57004
620.25711 43.88138 61.86222
382.99948 19.66198 46.22092
705.17306 9.02187 61.05902
807.39427 20.81582 71.80643
490.60085 15.00042 42.27685
747.91933 33.26639 62.25499
787.53240 23.06288 70.75194
929.79003 19.26536 70.29545
350.04725 19.10919 38.44269
728.43422 21.86650 46.70880
753.27127 27.47977 49.62380
488.31370 25.16802 48.29099
678.30925 7.88434 62.71717
377.39644 30.58346 46.42506
424.07744 2.63739 34.58262
1185.99400 39.44770 68.29377
1208.83613 39.37438 71.71801
751.97926 19.20752 57.86380
849.97766 45.30025 74.29614
261.73719 13.05811 34.46320
279.20177 2.93527 19.36746
749.98714 20.67044 48.70611
743.68805 22.52890 55.55664
732.55323 33.69589 61.25699
526.78641 18.33749 55.75749
702.88357 20.47843 43.00093
765.59943 23.49266 64.95128
501.82383 40.08236 53.79587
678.84460 8.59148 48.39157
708.18921 15.11316 47.39862
615.90647 19.07129 44.38375
675.08970 6.49439 48.42769
126.96606 13.62425 28.22983
728.15788 28.46519 51.83336
983.67193 19.79113 59.11781
941.16406 30.26156 70.56502
546.31893 15.17673 43.38837
662.27321 26.46073 54.98783
209.79578 8.63104 26.42816
964.67720 12.47743 53.26526
830.56670 34.25138 63.03420
338.39341 17.78378 35.13460
611.40359 16.42700 42.10185
955.84552 49.73967 70.22174
391.42992 22.41241 39.20624
861.43461 23.51880 58.83931
1225.53761 26.81132 59.81525
693.67568 13.04533 56.50281
576.42610 25.06716 47.76114
882.66402 27.80790 64.06289
764.52110 32.94686 58.26770
776.61082 23.87408 62.41624
637.59676 46.17903 61.56352
594.13815 23.55887 47.83548
715.00582 45.21601 67.36151
689.04398 45.87419 62.81435
336.24779 14.97761 30.79902
937.14774 12.18844 58.45926
924.77284 37.74972 65.79046
706.34107 24.50861 53.76658
1416.85191 33.41565 74.68667
663.27986 22.02160 61.09213
788.16186 16.96272 63.89652
697.62374 38.27549 71.92095
732.39175 41.77306 60.89120
856.10691 45.69524 70.46083
543.70313 4.55537 36.35635
953.86442 7.54343 95.73616
909.75974 27.88037 65.78151
434.10906 28.83205 56.31741
1093.89310 30.49375 63.56131
699.01675 26.70844 58.08909
722.97909 19.75637 57.65639
458.38243 12.43149 55.55338
685.71037 13.08135 56.11672
906.67478 34.70595 66.25605
727.56124 37.97735 59.73462
514.40776 12.36794 49.90610
718.81780 40.49427 62.41178
719.68801 25.66919 54.54652
889.27618 15.79282 63.00506
337.57937 7.73952 29.17077
1073.34230 45.97013 64.44563
268.15412 31.97072 49.36924
756.84452 17.81991 57.72102
698.05293 15.32618 64.10942
274.32978 3.19315 32.41770
1141.18966 15.92561 87.96694
812.43285 40.48690 60.04495
938.36777 4.29850 80.47668
815.36182 40.08895 67.99424
550.81984 36.46276 56.68406
286.65071 3.96675 34.01506
821.92434 33.97763 60.61662
1226.65064 34.29248 73.67606
328.38757 8.56803 28.69523
880.99934 26.45942 57.07666
1134.70551 36.91751 61.21263