695.86630 34.81779 71.83019
816.79276 26.05815 79.21972
825.27016 18.10533 59.21285
655.13189 24.07383 57.68247
589.38892 33.03097 55.94050
770.27888 37.73985 57.83902
872.14417 39.49022 63.91786
748.43239 29.91164 69.23396
968.18369 36.56942 96.86059
891.49782 21.44990 60.07839
764.98698 39.03344 65.38408
862.82121 36.63841 75.50202
851.56005 17.75608 77.10856
1021.06238 25.76347 72.79638
507.37587 28.19819 45.85244
716.81562 10.77643 63.28862
1371.58567 51.88117 83.90212
868.15189 21.70207 71.70558
653.64610 29.10052 56.84674
754.37340 20.78363 69.73026
671.56348 36.41196 63.33042
762.98193 36.15777 61.92248
613.31295 23.64686 67.89956
735.32729 40.78506 70.24273
911.01269 26.44652 61.03488
647.51300 16.41498 73.05851
1217.37860 46.67167 90.43034
998.82084 25.45576 89.98866
472.12477 24.72117 44.37567
1163.48328 43.08697 79.97004
681.07805 27.80572 59.34002
774.82514 28.70553 75.76299
795.10687 37.58922 70.54153
565.70987 22.90224 52.52914
548.35245 31.30659 51.40106
594.84794 28.43717 63.66461
818.20300 20.05352 60.71223
378.41588 9.26323 41.00147
864.88641 30.32156 71.66360
722.24649 20.97733 61.50089
805.15551 35.14115 68.70128
857.62588 27.58082 69.80763
958.86793 43.85485 80.97340
600.04959 29.80203 49.55256
916.90044 33.91073 79.15698
467.66130 24.63393 46.95744
1009.52229 36.65373 86.72567
1044.84535 31.67469 86.85190
643.19027 29.75786 58.29242
476.24940 21.27551 46.20459
732.55783 24.91565 64.41769
906.88945 30.69710 92.22219
626.84747 30.40391 57.90309
964.99049 32.65469 88.67485
660.62933 27.22780 65.99947
1025.66517 28.40306 82.59285
746.85885 19.23435 77.04917
671.73087 35.75176 62.79152
610.23344 36.77807 63.23995
781.20216 12.35156 79.25345
771.89508 39.88859 65.87427
677.59846 29.36084 67.25883
778.02499 9.49848 43.62832
429.51347 18.32846 53.19408
757.93176 31.79468 72.37869
886.61700 21.67215 69.62865
576.14430 32.75967 50.98534
716.99252 34.31015 60.50031
853.92159 32.73501 70.74241
704.66973 38.22115 57.58945
777.65427 20.77213 69.94808
737.16094 35.58651 63.99728
1102.43255 40.39649 85.86691
376.09227 12.69050 42.91400
582.32580 27.04665 52.05847
880.60175 34.31762 62.46905
722.54724 23.11797 65.50648
747.90734 24.71394 65.00529
786.21595 28.34493 65.62560
775.14304 19.03901 77.43764
403.91354 16.99581 37.57444
645.95792 39.76398 61.18483
797.53170 34.43835 65.87249
789.01313 53.45073 60.12693
832.40540 30.37987 83.02828
945.86952 25.92122 76.60785
631.82558 34.93856 62.43556
705.42807 21.64618 64.55735
724.70106 31.31267 68.57869
624.25364 13.66118 68.66173
797.10450 36.77293 50.42403
518.88860 30.87491 49.19892
241.68161 9.98138 37.76869
801.24509 39.78400 69.94534
1136.91929 38.58624 84.25041
673.70575 38.20938 62.89864
1209.10531 33.74438 98.27202
597.08172 21.30092 61.50805
985.93483 37.20142 63.60307
290.14895 6.77382 23.29851
668.38375 35.85882 62.22631
698.59245 34.09007 61.13381
632.55578 28.68501 81.16417
651.88917 39.43895 56.36692
698.80740 25.00922 60.82881
890.93503 28.15866 80.12111
774.80119 31.51309 70.20866
1101.43560 46.28330 99.65492
857.67867 19.12597 64.50627
670.96248 30.97760 64.69976
1098.29223 42.70933 60.78126
1013.38882 24.76259 82.14968
682.64941 31.31848 54.98739
1110.99264 40.81575 70.89131
776.02696 37.95231 71.50003
1003.57755 14.46150 87.40865
962.21490 38.72067 76.65543
298.90344 12.60982 29.72468
758.69881 21.75689 64.59453
597.87803 32.81061 60.62054
512.91693 30.44312 51.13543
768.43719 23.41475 71.32803
1090.05274 31.61172 87.70967
814.55639 27.58476 69.29380
757.57648 18.60618 73.30778
337.94045 26.10939 44.41237
776.99967 46.03276 69.32848
748.84435 37.68203 65.79337
1050.94356 33.88448 94.67448
657.51832 33.87675 61.76838
754.36882 53.26020 63.63652
728.60288 39.48508 69.41498
1066.51396 43.63803 82.03461
664.26517 38.83605 59.61163
642.72004 35.58074 58.57033
762.09501 41.58286 59.00071
688.71435 31.78991 55.59938
681.38309 29.82574 53.21619
793.07918 40.71653 54.60156
1457.92193 58.22394 91.09942
764.63467 25.26897 76.09901
684.88396 34.33996 67.86516
643.82563 28.05394 54.60151
601.54043 32.16707 60.37230
687.84461 42.02685 59.89726
1024.80491 14.73248 96.46710
773.93532 33.02376 72.56118
829.80290 35.15607 60.31401
577.27265 32.17449 59.78997
716.24767 41.93498 62.46345
713.99774 34.98795 60.15299
849.36641 24.87786 43.98203
828.43299 34.06231 68.50483
811.41576 9.85702 51.98635
646.11655 40.67287 67.03147
673.61298 24.26852 66.50947
806.71668 39.74187 75.26898
1398.76892 56.54022 87.70781
737.85932 23.14499 78.17283
530.68558 23.49266 48.20709
1077.35221 31.66586 69.66067
978.42226 17.75711 80.29452
1309.05613 58.00371 84.02780
920.74061 39.33729 95.59221
898.34840 32.78425 66.54719
1098.30623 40.11933 79.74071
867.34883 30.10801 73.35761
524.34757 25.18940 47.63733
873.24431 40.12464 72.81071
701.36894 35.97731 66.27043
658.06059 31.05806 75.47083
480.38509 23.49792 43.80550
547.48791 22.91987 47.96481
769.27881 16.32985 69.25859
405.96046 21.02333 45.35925
701.82410 34.02862 61.69057
731.08752 13.61467 44.65584
794.13749 33.28471 72.49589
754.21070 29.12846 56.38571
785.29172 36.75862 78.94817
1007.48332 36.22225 83.89930
677.57013 29.37603 62.51880
683.42737 36.08192 57.09074
838.80664 26.81848 55.16196
1178.80412 21.93397 70.53532
839.78271 48.76103 79.31604
661.16041 26.88206 54.02131
1013.61508 32.51876 77.16526
762.82516 24.71334 68.43189
855.75111 32.60282 90.09231
491.66224 19.95346 46.48495
541.41547 29.67931 53.50806
698.11935 44.73786 59.94297
634.93272 6.83068 66.46231
714.36676 16.31271 59.18534
731.24259 35.35059 62.68954
939.02289 34.36491 83.51402
679.58737 33.83229 62.58114
682.75231 31.27747 68.61408
1114.59715 19.69742 81.34277
802.88639 32.60287 66.68606
718.25371 28.92073 62.09755
710.64297 16.88009 54.84684
491.00474 24.71398 43.37433
547.40290 34.54322 48.63704
1003.79425 27.78782 86.63515
451.35092 23.25087 53.90889
1034.59091 39.03455 90.35791
656.83913 19.71544 60.55879
1396.68361 45.86450 99.65492
746.19639 18.87150 50.12221
690.54554 43.01192 59.19225
868.19095 9.52250 89.72342
570.55907 18.70313 59.78871
829.75029 28.32771 55.46411
1075.13394 34.37593 83.50134
710.55525 36.18193 69.87783
752.81949 39.99400 59.65455
861.61284 29.35694 89.91838
641.35297 28.21182 58.23313
848.31189 43.86717 73.52066
651.57145 41.99314 55.76950
602.99085 30.56594 59.79493
843.65097 43.09871 62.90396
1007.35652 36.40262 84.73625
1223.20984 29.95682 88.85873
715.17553 30.99918 65.48910
967.26189 31.18104 77.77309
615.61644 34.60218 61.72857
712.10637 19.67706 64.06674
823.42281 23.14092 74.90146
1298.78940 44.49643 87.57261
706.54801 29.64123 61.74185
689.59200 32.04854 65.91955
877.31564 43.39639 58.41103
744.27507 21.37267 73.72832
615.94766 27.51098 58.69460
1003.23737 20.99486 72.91629
780.11749 24.50861 58.44640
656.73233 41.44949 54.56047
979.36199 39.18667 68.74633
648.86926 34.71223 64.08456
871.90062 30.00856 96.06829
536.62097 21.47317 54.99737
578.20262 37.00854 55.50961
887.22914 22.29163 74.89497
751.95253 18.54723 48.74438
1009.71968 38.01805 98.65913
782.74470 22.36727 65.61837
762.88261 37.46295 57.09084
780.16465 23.07670 65.74669
965.58324 38.75403 71.03518
572.49448 45.07208 60.30965
701.68553 33.95271 62.23494
1152.68706 39.06639 62.44173
635.53082 37.04474 54.12388
1220.11991 28.95247 83.22599
1163.16875 38.94621 96.67967
836.65787 41.23201 60.81506
814.44499 32.21698 64.46576
1105.16532 41.35017 78.70664
1198.94854 40.81572 81.96182
639.28157 30.12082 57.24387
722.27061 36.41450 71.14013
933.36045 38.97854 62.92500
689.41597 33.63572 53.77208
676.89526 39.02350 63.57673
1148.58950 47.95070 99.50709
493.64587 31.91204 57.65080
687.41328 27.57642 63.45106
727.07059 29.40836 62.79371
777.12965 20.03692 71.47753
670.99428 34.93959 58.52718
713.88754 36.45182 60.98380
1178.61489 57.09062 87.57116
345.31318 22.11579 38.63177
849.24932 29.36084 62.43767
903.66380 30.79995 70.09531
866.73424 38.48563 68.58441
797.66881 29.92663 80.45352
697.55392 33.90454 60.76320
663.82087 24.08446 64.50656
640.35079 29.58810 63.41401
1047.66236 46.34813 69.24605
588.05969 17.27234 52.75014
729.00211 21.22439 68.72446
712.59754 29.15302 65.29485
867.59687 31.14202 70.03264
649.48721 13.81837 50.25363
616.50499 42.33898 63.81429
918.87876 37.68203 58.74605
683.87820 37.62351 65.24707
