139.00000 24.53957 167.92167
105.00000 57.39048 449.02689
5.00000 340.40000 416.30835
31.00000 69.03226 279.08312
87.00000 29.51724 118.71814
160.00000 22.58125 141.77154
76.00000 49.82895 384.85607
28.00000 128.39286 448.48621
3.00000 716.66667 1009.27741
98.00000 33.96939 254.67276
280.00000 14.00714 84.52823
292.00000 14.22260 101.77982
90.00000 30.57778 140.90130
534.00000 12.96816 144.58427
110.00000 13.76364 53.72961
286.00000 16.63636 117.37252
743.00000 13.29475 103.17931
107.00000 21.91589 156.71422
1517.00000 8.64403 127.11311
485.00000 22.05979 181.10168
107.00000 36.77570 307.84230
321.00000 16.57321 84.85727
38.00000 33.05263 124.80847
331.00000 20.18731 86.64307
165.00000 28.32121 141.61052
96.00000 25.41667 65.18302
366.00000 10.54645 52.71240
396.00000 11.12374 73.40019
63.00000 26.85714 160.88760
52.00000 27.71154 143.37811
90.00000 22.33333 118.01186
172.00000 29.30814 198.88454
240.00000 20.57083 135.93551
112.00000 23.84821 115.42802
560.00000 10.18750 122.77928
439.00000 9.95444 115.68281
429.00000 19.59207 187.48533
268.00000 18.48881 158.89097
445.00000 7.37303 42.54632
93.00000 30.15054 176.76915
141.00000 16.12766 67.92151
74.00000 29.28378 197.67674
360.00000 9.89444 65.39529
446.00000 10.98655 91.58527
159.00000 31.99371 141.17029
78.00000 25.47436 160.19153
251.00000 16.84064 95.42043
47.00000 49.44681 158.76100
884.00000 7.25792 58.21921
1245.00000 5.87550 58.55392
278.00000 15.69424 197.15068
573.00000 9.04887 72.33086
219.00000 13.00913 61.36127
327.00000 15.77370 63.96131
501.00000 21.68263 148.39832
55.00000 57.65455 344.84917
315.00000 15.63492 140.41581
14.00000 86.00000 150.96925
376.00000 15.76862 162.39030
10.00000 163.30000 338.80852
116.00000 12.04310 52.44116
117.00000 30.79487 210.85773
121.00000 22.17355 105.11895
204.00000 8.41667 47.30147
374.00000 13.70588 172.70032
63.00000 23.15873 154.78784
365.00000 9.25205 85.00967
118.00000 16.40678 108.67205
72.00000 27.26389 147.26978
300.00000 11.18667 88.79188
442.00000 10.21719 103.87936
386.00000 14.16321 82.87510
486.00000 21.31481 259.46486
574.00000 6.75436 64.62360
523.00000 12.05354 93.13389
725.00000 18.24138 154.37332
450.00000 10.69333 71.13189
256.00000 16.62500 117.18055
15.00000 103.53333 312.09120
411.00000 12.73966 68.36344
99.00000 19.83838 126.52103
351.00000 17.34473 77.55486
65.00000 32.30769 195.07434
321.00000 9.84424 111.36374
79.00000 19.83544 116.05874
127.00000 37.92913 171.44257
691.00000 11.15195 83.33821
684.00000 12.18275 79.05493
115.00000 44.20000 317.47515
73.00000 84.28767 349.76816
319.00000 12.95611 90.01500
210.00000 24.51429 143.03250
241.00000 14.13278 84.92657
345.00000 15.31884 126.07172
234.00000 12.88034 71.53538
825.00000 18.60000 153.97665
124.00000 29.63710 149.44679
472.00000 14.90254 126.16091
75.00000 38.25333 230.79140
73.00000 31.52055 150.47151
171.00000 13.05263 126.74749
238.00000 23.99580 133.30960
290.00000 9.76897 70.54755
119.00000 18.71429 102.87638
63.00000 46.36508 253.20381
353.00000 17.25779 134.87339
81.00000 30.30864 235.26227
324.00000 15.85802 136.84074
818.00000 7.31540 49.41267
282.00000 10.90780 73.68718
189.00000 17.17989 74.51004
37.00000 145.45946 559.18433
323.00000 11.85449 82.77808
540.00000 41.74630 790.76408
395.00000 12.09873 171.95632
753.00000 13.49402 149.52735
267.00000 19.80899 74.93251
646.00000 10.26625 64.16489
79.00000 34.87342 135.82727
285.00000 26.31228 192.12115
664.00000 12.12199 89.41683
119.00000 34.20168 236.10888
985.00000 17.05787 168.89364
340.00000 20.14118 67.97355
57.00000 26.54386 168.92301
64.00000 22.89062 108.70417
346.00000 14.51445 119.85719
468.00000 8.37179 59.89744
42.00000 49.64286 180.02722
372.00000 15.04301 161.71087
233.00000 22.62232 158.60401
264.00000 21.38636 120.54417
361.00000 13.08587 96.53286
136.00000 33.41176 248.39720
45.00000 39.88889 171.41713
384.00000 11.48958 84.49923
831.00000 10.45848 166.89917
39.00000 61.00000 255.56383
375.00000 11.64533 85.21220
1087.00000 10.69917 103.28907
283.00000 17.34276 74.14745
339.00000 17.96755 194.31434
707.00000 15.61386 85.05497
271.00000 12.44649 92.45110
1539.00000 9.32878 68.66476
157.00000 19.22293 113.36838
42.00000 46.00000 178.89103
118.00000 33.33051 313.84726
192.00000 23.05208 101.20311
230.00000 17.25652 60.85335
183.00000 14.17486 46.21856
254.00000 11.16535 54.71030
529.00000 12.43100 66.78753
531.00000 13.60075 84.55290
559.00000 10.19857 106.36250
89.00000 32.42697 114.91393
350.00000 13.14000 57.13838
243.00000 12.05761 95.74235
17.00000 79.82353 293.67554
372.00000 13.16129 73.54905
107.00000 42.28972 312.05200
127.00000 25.51181 110.57764
311.00000 9.11576 67.12962
207.00000 14.39614 91.26226
77.00000 30.58442 200.58061
489.00000 8.30879 41.55324
108.00000 21.37037 113.87091
181.00000 15.36464 98.45575
68.00000 30.01471 134.95996
150.00000 22.60667 147.78795
771.00000 12.62387 68.90648
191.00000 16.20419 100.96360
208.00000 18.16346 69.24977
240.00000 31.23333 331.89393
200.00000 9.49000 53.64876
455.00000 10.01099 74.27195
513.00000 22.61988 140.77778
185.00000 46.75676 241.28846
482.00000 9.18672 59.27440
438.00000 12.11416 60.79932
429.00000 8.67832 101.74532
203.00000 19.40887 99.98840
15.00000 110.53333 266.93616
129.00000 16.54264 72.42789
636.00000 15.49528 113.15792
345.00000 16.59130 134.94202
240.00000 17.06667 101.61412
366.00000 12.81148 74.61530
373.00000 24.91689 155.75407
377.00000 27.74005 316.04145
190.00000 40.01053 185.12832
275.00000 8.60000 53.32985
319.00000 19.86520 132.73203
751.00000 16.22237 182.57435
175.00000 11.91429 84.30535
466.00000 15.32618 99.81522
305.00000 20.38361 141.40849
43.00000 30.67442 109.71543
97.00000 28.89691 149.27105
349.00000 17.33238 153.94746
397.00000 12.92695 68.83212
133.00000 32.21053 151.58457
105.00000 25.17143 182.82364
424.00000 13.41509 43.73038
535.00000 20.21308 172.24901
429.00000 8.39860 72.67517
476.00000 16.53151 82.70366
121.00000 39.71074 362.43129
511.00000 21.24070 205.98722
57.00000 40.57895 210.51640
290.00000 42.44138 280.73820
104.00000 35.80769 181.39709
52.00000 39.36538 209.16703
168.00000 21.62500 108.91006
137.00000 25.15328 134.46487
339.00000 18.95575 128.50932
312.00000 9.35897 71.48560
207.00000 24.67150 174.11468
590.00000 9.01356 67.81675
962.00000 9.58628 41.85538
254.00000 7.47638 68.68871
161.00000 25.26087 105.07410
10.00000 190.00000 559.67348
155.00000 12.36129 121.83410
114.00000 20.14912 95.44818
302.00000 21.49007 140.22361
155.00000 20.35484 99.86402
204.00000 33.37255 189.16312
16.00000 161.93750 388.98803
22.00000 88.09091 250.74560
832.00000 10.75841 81.18646
263.00000 13.66540 144.44830
415.00000 10.48193 90.44593
488.00000 9.43238 54.04764
64.00000 51.28125 310.59134
241.00000 14.70539 94.62799
359.00000 11.84958 61.03175
425.00000 14.85647 101.27944
181.00000 19.30387 105.24405
712.00000 9.34410 53.53638
800.00000 9.60500 129.03095
628.00000 19.42675 120.96289
134.00000 16.99254 81.33325
52.00000 79.61538 477.55979
571.00000 14.66900 135.05677
176.00000 15.85227 79.50708
132.00000 21.77273 121.03534
623.00000 10.60353 126.65313
336.00000 9.65476 52.78077
411.00000 11.46715 81.75389
877.00000 6.86545 69.68733
220.00000 13.36364 74.80839
339.00000 13.22714 56.98837
178.00000 16.17416 137.58845
1071.00000 9.28852 62.26786
123.00000 19.30081 117.85646
482.00000 13.86929 106.02737
635.00000 13.89921 129.64100
76.00000 29.67105 150.46729
363.00000 11.33333 101.71646
197.00000 30.38579 269.08420
75.00000 26.05333 156.06886
103.00000 36.22330 159.58708
219.00000 35.09589 203.84264
209.00000 17.60287 85.34086
490.00000 20.60612 199.99188
90.00000 22.81111 84.71716
845.00000 6.76095 27.02538
155.00000 15.65161 119.19394
128.00000 63.82812 489.33394
453.00000 6.64018 63.36872
623.00000 19.94864 246.17624
186.00000 16.81183 122.12136
270.00000 27.25926 334.46529
1153.00000 10.52385 48.25693
172.00000 17.91279 145.88781
75.00000 30.64000 141.28304
90.00000 23.38889 143.91909
116.00000 13.43103 67.98177
574.00000 13.77700 66.73884
117.00000 23.82051 136.05766
717.00000 11.35565 74.32296
43.00000 31.88372 139.20392
431.00000 17.69142 200.27872
710.00000 15.36479 112.07845
141.00000 39.78014 240.95322
566.00000 9.50883 51.22788
28.00000 46.10714 212.28911
108.00000 21.70370 190.40207
85.00000 54.31765 268.46725
96.00000 50.43750 230.57897
321.00000 19.62305 92.15887