1872.00000 12.68803 164.04031
930.00000 15.90645 182.86490
2116.00000 10.18951 77.22811
1400.00000 12.31714 139.33708
516.00000 16.30814 54.28549
2146.00000 8.18500 140.79936
1541.00000 18.17586 322.26053
2263.00000 11.67123 158.58580
1292.00000 14.59985 107.73036
1233.00000 15.67964 156.55049
1712.00000 6.97021 47.62416
913.00000 37.42169 996.44220
964.00000 18.28320 233.82562
2099.00000 9.37113 88.18099
1764.00000 9.14116 41.08724
1078.00000 26.53061 493.77807
1799.00000 9.01334 103.00899
2222.00000 12.66382 256.62945
1562.00000 9.68182 77.49113
2519.00000 5.23382 42.94582
1142.00000 11.68301 141.51858
2273.00000 6.72943 111.51970
1098.00000 29.24408 712.88779
1483.00000 20.00202 356.54047
1446.00000 5.94537 44.57974
1404.00000 16.02279 314.21555
918.00000 29.94771 391.96742
1215.00000 23.74321 515.66824
1412.00000 15.14023 124.11545
1621.00000 15.90068 229.87539
2269.00000 5.72234 24.99448
1259.00000 13.82049 226.11305
2128.00000 7.41024 67.16764
1313.00000 24.91622 716.67977
1527.00000 16.09365 365.04634
2250.00000 9.94800 90.05242
1098.00000 13.42532 129.91097
839.00000 26.54708 282.04324
682.00000 39.03519 783.12841
942.00000 11.09342 77.01595
1219.00000 16.90648 122.45979
730.00000 8.09315 77.42103
960.00000 32.03854 505.58535
1194.00000 26.84506 692.39535
1737.00000 7.49799 55.69215
729.00000 21.45679 372.07427
934.00000 14.27944 112.35632
1608.00000 8.09328 99.74283
1456.00000 19.67788 304.10704
961.00000 21.18106 512.83405
391.00000 6.93606 84.96359
1129.00000 8.67759 70.69985
1727.00000 6.19398 55.22527
1023.00000 25.65396 149.45144
1546.00000 9.35964 84.73068
1569.00000 7.88400 54.22920
1157.00000 11.25756 117.69060
765.00000 6.19869 27.87957
1473.00000 16.13442 188.11743
2461.00000 8.60382 83.77767
1034.00000 19.17215 224.52089
783.00000 11.24521 81.72768
2010.00000 14.09502 184.92898
1775.00000 6.92958 39.63355
1528.00000 5.62762 33.65887
1201.00000 9.76520 68.90244
2291.00000 7.08075 34.69830
882.00000 32.53288 412.77809
1830.00000 6.40710 29.07584
689.00000 6.21771 44.73452
1616.00000 12.61696 227.73165
1423.00000 5.29726 21.20176
1577.00000 9.69816 62.19765
1546.00000 14.40815 143.13065
1958.00000 4.49694 37.83018
675.00000 48.40593 975.09021
2006.00000 7.52642 83.50431
1041.00000 26.52930 638.35361
1233.00000 14.45499 104.26079
1101.00000 12.63306 65.12115
1810.00000 11.17845 138.68456
1210.00000 22.92562 328.66654
1804.00000 10.08869 107.30826
1555.00000 11.93569 96.11239
1141.00000 19.82472 479.73126
868.00000 12.20046 80.21386
1344.00000 15.52232 174.62514
1170.00000 13.45726 145.34545
908.00000 28.89868 643.53054
1150.00000 21.28957 159.31930
813.00000 37.38991 582.54470
2253.00000 9.50067 95.92561
1305.00000 16.22835 186.73401
1981.00000 11.34326 118.44004
1590.00000 7.60189 64.75015
1795.00000 9.55153 87.17165
1681.00000 6.81440 48.14202
619.00000 6.42165 47.86547
1435.00000 14.35958 194.14521
1614.00000 11.31908 48.24504
2004.00000 10.15419 126.53273
2104.00000 9.13213 62.08858
1060.00000 21.96981 345.48207
1690.00000 16.15562 364.40542
1333.00000 7.91973 39.60944
1226.00000 16.80669 159.71794
1047.00000 26.94365 668.91918
1289.00000 15.10473 255.80324
1717.00000 12.68666 130.90153
1944.00000 6.52160 61.84870
1861.00000 11.59968 202.06065
1250.00000 8.84800 60.95073
1331.00000 19.32457 419.04694
1578.00000 9.30925 59.95853
2118.00000 12.12937 127.04652
1363.00000 5.85547 31.14570
796.00000 22.43719 202.01755
1939.00000 9.44972 109.76094
676.00000 29.26183 520.43629
1590.00000 7.34025 24.23653
1583.00000 15.73594 232.15385
2183.00000 7.46496 38.69042
1173.00000 9.46803 83.85269
899.00000 30.08009 540.56266
1281.00000 14.83450 246.48009
1349.00000 5.31134 31.83018
2128.00000 4.66165 33.25706
846.00000 7.62411 49.83752
1466.00000 15.99523 203.40161
2261.00000 7.57983 56.24639
1189.00000 9.83263 109.53353
277.00000 75.50181 1065.41440
1522.00000 15.26544 106.22740
2323.00000 10.00947 107.65563
2395.00000 7.31608 52.63147
1299.00000 9.57583 137.89351
1578.00000 13.70596 218.03156
848.00000 5.47524 43.70195
1913.00000 7.10559 49.86786
1633.00000 10.97795 74.51384
1321.00000 6.01438 43.66399
1301.00000 10.57341 111.05618
1617.00000 13.16759 181.98671
940.00000 30.83830 764.25962
996.00000 21.86446 420.73426
110.00000 12.87273 108.46969
930.00000 32.35591 379.82395
1987.00000 3.87519 31.96759
1194.00000 12.55695 247.25512
1623.00000 8.53420 39.58172
1765.00000 6.98357 29.29936
1956.00000 6.59867 22.36738
1023.00000 13.17889 93.89922
1725.00000 9.38261 50.58332
1124.00000 4.92705 42.33595
2294.00000 6.88361 52.31079
1799.00000 12.81490 153.37868
1760.00000 9.46250 67.71680
1799.00000 9.68760 41.43433
980.00000 5.98571 19.36950
1122.00000 10.49643 57.18484
1665.00000 9.38979 145.07252
1108.00000 10.67599 159.74960
1744.00000 7.54300 62.95892
2354.00000 8.86279 34.51487
2407.00000 7.58455 55.72561
1770.00000 9.17797 42.60817
1744.00000 9.44782 62.64059
1159.00000 9.31061 56.06991
1357.00000 8.25940 60.60939
255.00000 45.58039 321.91825
1977.00000 5.85331 29.66742
2038.00000 6.56330 43.43355
831.00000 26.97714 265.44590
1086.00000 25.28269 338.60052
1831.00000 8.86455 51.67072
635.00000 19.43780 160.27209
1299.00000 12.36721 80.91180
1263.00000 11.52969 150.93185
1575.00000 18.14413 284.17654
1441.00000 8.25607 55.88547
893.00000 9.74020 71.81053
992.00000 33.95161 871.27169
1388.00000 18.46902 153.16902
1335.00000 13.50487 125.59445
628.00000 13.38057 143.04678
1341.00000 14.85384 233.12421
1713.00000 3.47811 28.87430
1656.00000 9.94324 96.09192
1056.00000 7.08428 35.51290
654.00000 38.70183 329.77031
915.00000 5.39563 42.11378
1512.00000 7.15542 92.60035
1273.00000 8.44148 123.56128
733.00000 4.99454 41.48180
2309.00000 9.71719 68.75907
1437.00000 11.82603 125.55794
686.00000 12.37755 127.70711
1225.00000 15.92816 80.11268
1488.00000 19.31788 431.87606
912.00000 42.78509 1193.64791
1129.00000 17.79539 157.31659
2048.00000 6.54443 20.54570
2631.00000 8.44394 92.87891
1215.00000 7.20576 48.29676
1356.00000 11.75221 85.30583
680.00000 19.88971 155.91216
1242.00000 8.81643 43.27720
815.00000 14.17914 176.08100
1332.00000 19.96922 338.27081
1756.00000 16.19989 379.82102
1685.00000 11.46825 127.90684
1408.00000 14.99574 109.16465
1464.00000 13.25137 102.08393
319.00000 23.70846 91.80636
1790.00000 9.86425 47.01375
1874.00000 14.67823 352.89937
2045.00000 7.29682 74.27142
1440.00000 14.10486 124.41662
926.00000 8.18143 76.98587
1755.00000 5.26382 30.41769
1392.00000 7.06609 52.32557
1707.00000 13.25308 129.10827
1597.00000 16.28992 243.18570
1960.00000 7.82500 31.78685
1526.00000 6.73853 21.17945
1434.00000 7.92329 30.36732
1540.00000 7.55974 42.79388
1776.00000 11.31588 77.17829
1471.00000 15.00272 296.36432
1009.00000 15.05649 256.68057
2577.00000 6.67326 139.54367
898.00000 7.58909 52.77307
947.00000 19.16684 297.11414
1105.00000 36.98190 1136.30241
573.00000 9.76265 64.45846
958.00000 13.58873 76.44512
1153.00000 7.61752 45.77387
649.00000 9.50847 99.26327
1208.00000 17.01656 271.75397
1603.00000 19.11666 372.25957
1617.00000 13.30550 88.78257
937.00000 15.23586 125.16142
1868.00000 13.39989 168.41413
1956.00000 6.33282 80.81959
1033.00000 16.69022 229.32889
1634.00000 7.81701 69.08140
822.00000 14.16910 92.85543
1499.00000 16.53903 143.00441
844.00000 5.05924 40.06584
388.00000 5.20103 29.74645
637.00000 49.59184 1069.34335
1627.00000 8.84511 58.17805
1683.00000 10.50624 63.63797
2467.00000 7.58006 42.81010
1136.00000 32.80898 861.69878
1356.00000 18.79351 260.32504
1314.00000 18.56393 412.53183
1797.00000 9.52198 102.51169
1793.00000 14.05466 267.03428
1437.00000 8.24983 53.12572
473.00000 45.08668 453.50298
1242.00000 16.83092 215.48706
961.00000 30.73465 486.81691
1083.00000 16.90674 197.71482
1564.00000 10.16432 117.20140
2108.00000 9.44924 93.33486
974.00000 30.18789 463.28808
1237.00000 17.03153 228.71565
1238.00000 11.66236 42.42150
1363.00000 13.02201 78.10869
633.00000 15.48183 106.41371
1779.00000 15.38449 183.28462
1301.00000 11.63874 82.50921
1012.00000 28.09783 532.92165
868.00000 15.34332 204.26432
1840.00000 7.62283 79.36488
790.00000 14.13038 74.77771
818.00000 14.32396 216.52783
863.00000 16.37543 81.57149
885.00000 7.63955 37.82864
1317.00000 14.51481 104.58625
2274.00000 11.46174 103.64425
550.00000 46.64364 717.27199
1440.00000 17.12708 247.08945
929.00000 12.78364 110.98876
642.00000 17.13240 91.26936
1305.00000 18.36015 168.95718
1869.00000 10.29267 91.24000
952.00000 14.10714 128.03514
1787.00000 11.12087 88.71044
1971.00000 10.67580 78.60918