410.00000 29.65610 270.88809
777.00000 9.82111 52.05868
680.00000 9.73088 68.53640
613.00000 26.98858 305.30965
580.00000 15.68966 107.68700
378.00000 15.23810 96.83817
321.00000 36.82243 391.67411
256.00000 34.26172 124.63129
356.00000 14.16292 97.70545
450.00000 17.65778 148.39257
636.00000 15.42610 110.87264
767.00000 14.46806 87.10020
608.00000 22.41612 161.70998
858.00000 21.50233 500.04642
645.00000 8.86512 53.03512
376.00000 39.02394 480.11416
345.00000 38.90435 491.20390
595.00000 24.11765 358.41565
675.00000 11.45630 83.48759
403.00000 24.04963 175.38592
596.00000 18.42953 316.90304
496.00000 18.33065 123.10669
361.00000 21.77562 187.99419
473.00000 26.98309 409.18662
661.00000 14.16641 113.41348
267.00000 47.91011 600.85141
424.00000 23.70283 226.64169
537.00000 17.16015 206.08595
528.00000 10.98864 62.80275
426.00000 40.06103 666.56750
441.00000 16.85488 105.60677
482.00000 18.42946 127.87513
591.00000 17.81218 130.20601
723.00000 12.46473 58.38047
639.00000 12.07512 78.87698
572.00000 22.82517 215.62218
725.00000 11.30069 73.45447
388.00000 41.69845 454.18512
369.00000 17.96748 143.28980
549.00000 18.90893 221.19097
510.00000 18.87647 113.84683
262.00000 45.96947 590.19357
442.00000 18.24208 223.14558
637.00000 14.29356 178.58805
399.00000 14.23058 128.64110
404.00000 36.82178 278.31211
449.00000 36.21826 495.73740
686.00000 26.72303 292.97473
701.00000 14.24964 80.91320
691.00000 11.66425 51.85078
591.00000 13.27580 92.79131
656.00000 15.36128 185.53830
534.00000 23.33146 180.60574
344.00000 18.60465 164.73670
717.00000 15.19805 90.62179
324.00000 39.82407 423.33406
468.00000 27.89957 319.39223
571.00000 19.16462 234.25922
502.00000 26.79283 321.16734
378.00000 31.19841 295.88589
568.00000 15.35387 77.86515
492.00000 13.23780 116.62961
369.00000 14.56911 95.28733
491.00000 21.22811 152.05636
440.00000 21.62273 151.46747
461.00000 15.17137 158.95833
583.00000 17.43568 166.12422
618.00000 22.67314 222.16128
505.00000 20.28119 172.07538
453.00000 21.20309 205.90866
436.00000 24.20183 125.98688
389.00000 22.23393 176.23243
601.00000 24.29285 359.39307
573.00000 21.35079 125.05132
547.00000 15.55759 120.51922
316.00000 43.62342 563.39110
632.00000 14.02373 110.42575
479.00000 27.73695 261.54504
535.00000 14.85234 109.01137
361.00000 37.49030 480.92387
436.00000 17.30275 74.97339
577.00000 19.63085 199.96742
453.00000 26.79249 376.31093
153.00000 52.37255 559.45483
376.00000 23.41223 217.33140
408.00000 17.80882 105.35318
650.00000 18.07385 214.93719
515.00000 15.14563 130.76299
420.00000 23.73333 159.92214
489.00000 46.44376 763.03352
556.00000 21.72302 128.43119
717.00000 11.64993 104.06613
346.00000 20.92197 209.00799
610.00000 18.83607 142.02500
514.00000 26.95331 310.18145
273.00000 29.32601 279.68543
539.00000 12.48609 85.20301
535.00000 32.73084 378.69435
537.00000 24.93110 188.76560
317.00000 38.38801 281.37550
432.00000 25.35648 158.47626
781.00000 12.76953 67.61112
531.00000 17.50471 191.54517
630.00000 13.68254 73.08541
412.00000 18.11408 106.44910
229.00000 26.53275 111.76982
472.00000 32.30720 519.93013
300.00000 22.67000 195.05570
683.00000 19.68960 165.75526
571.00000 22.15937 261.82222
126.00000 82.30952 632.61543
456.00000 46.21711 671.96282
596.00000 14.79698 139.84172
436.00000 20.97018 143.42521
680.00000 20.98529 168.80290
454.00000 25.74890 382.80827
287.00000 45.92683 310.31376
467.00000 17.77944 66.04606
273.00000 41.37729 446.72370
712.00000 14.86657 110.83936
707.00000 12.32815 87.77520
665.00000 18.18797 153.02548
222.00000 47.02703 506.49369
384.00000 23.72396 270.15719
445.00000 20.24045 144.39041
404.00000 22.34653 147.49655
576.00000 29.22222 380.83827
509.00000 27.95678 262.01091
379.00000 23.16095 237.47772
626.00000 15.97923 104.17015
427.00000 17.59719 155.93023
381.00000 16.71916 82.35738
307.00000 30.72964 262.10389
324.00000 38.04321 428.71417
489.00000 15.76278 96.08309
611.00000 22.41080 204.88362
488.00000 17.68852 184.14024
328.00000 14.84756 83.65533
425.00000 17.63765 66.72091
355.00000 35.73803 514.77473
509.00000 16.84086 243.78986
515.00000 19.31456 172.78225
685.00000 10.12701 60.62054
591.00000 18.09306 128.79018
373.00000 35.34584 516.30168
424.00000 12.23349 121.13745
614.00000 18.51629 187.07124
634.00000 14.79022 91.09197
712.00000 14.66292 117.82892
357.00000 25.89356 238.26907
785.00000 10.71720 67.83045
488.00000 18.30943 147.76179
828.00000 15.21135 81.90638
431.00000 15.44084 119.80615
395.00000 25.29620 293.84319
393.00000 23.51145 207.96289
382.00000 25.17539 322.30025
279.00000 38.34050 380.26996
439.00000 30.10934 230.07877
534.00000 16.01311 125.35670
506.00000 24.32609 235.93890
403.00000 22.09429 161.57415
420.00000 29.35714 340.08355
773.00000 12.71669 60.54191
723.00000 16.20470 100.39340
345.00000 33.65797 369.87865
695.00000 28.21871 256.23312
674.00000 10.89169 74.06849
792.00000 15.05051 103.00867
578.00000 16.12457 183.63849
540.00000 20.11852 170.05051
757.00000 8.25627 41.87192
518.00000 15.06178 89.68157
397.00000 29.61713 346.12695
422.00000 36.17773 379.59144
680.00000 18.22353 170.48604
560.00000 18.63929 118.49621
468.00000 14.77564 79.40502
752.00000 16.26596 156.81175
165.00000 38.40606 361.78272
430.00000 17.89302 194.31091
675.00000 14.02074 96.32247
551.00000 16.97096 145.34147
662.00000 16.91692 101.72723
374.00000 46.00000 481.03027
658.00000 19.25380 160.09031
677.00000 10.96160 79.55511
462.00000 32.84199 489.44149
426.00000 13.79577 101.46772
492.00000 13.41463 74.48454
553.00000 10.77034 70.36839
638.00000 21.98746 142.57943
295.00000 28.41356 344.96758
647.00000 26.44822 419.10932
613.00000 17.76020 64.42854
532.00000 21.82895 220.98088
459.00000 24.98039 228.77866
678.00000 18.00000 215.33351
780.00000 16.61667 138.22017
358.00000 22.14525 301.42300
605.00000 17.91240 100.07931
467.00000 20.21842 202.05570
256.00000 48.62891 283.51233
522.00000 13.83333 93.52008
751.00000 15.95473 198.57311
254.00000 21.37402 117.08005
368.00000 33.18478 216.34866
421.00000 17.47268 167.63947
560.00000 15.53571 112.14899
385.00000 29.72468 319.86990
495.00000 21.96162 111.01159
621.00000 22.06441 251.85254
408.00000 56.20588 728.73045
677.00000 26.37814 401.86031
482.00000 22.00830 148.93997
712.00000 17.65590 148.92668
456.00000 37.53509 325.62873
435.00000 16.69885 147.70747
495.00000 16.67879 214.95807
876.00000 13.17922 131.11435
605.00000 16.26446 166.90672
611.00000 14.56628 97.11643
537.00000 24.35754 260.27194
551.00000 15.49002 101.13275
381.00000 30.13911 214.25118
278.00000 22.60072 165.12279
421.00000 16.91924 88.40298
510.00000 20.64902 171.14929
911.00000 12.33480 87.34677
591.00000 13.88156 65.80723
495.00000 24.95960 196.85625
414.00000 35.56280 486.38357
533.00000 17.63415 193.46240
498.00000 22.68273 186.83059
568.00000 17.91373 187.28807
542.00000 18.35978 127.48523
366.00000 18.33333 102.23047
376.00000 19.30053 191.98294
862.00000 10.62761 74.83649
646.00000 16.27554 113.30202
601.00000 23.61231 277.42706
896.00000 13.37165 114.31157
690.00000 11.27681 111.37284
602.00000 15.32558 175.91664
565.00000 16.44779 127.42284
361.00000 19.89751 210.72775
582.00000 11.35223 69.89994
299.00000 23.93311 232.39941
681.00000 28.22173 414.11164
353.00000 16.92068 107.97442
274.00000 20.15693 152.65815
592.00000 16.54054 145.35784
327.00000 30.24159 257.98695
330.00000 25.26970 178.00343
267.00000 34.65543 377.83849
523.00000 23.13958 222.07937
407.00000 18.84521 182.66041
491.00000 12.09572 63.08954
567.00000 26.26279 214.00288
615.00000 28.60976 524.52001
308.00000 54.64286 785.06791
446.00000 30.69058 380.15245
422.00000 17.39100 125.37731
439.00000 22.20501 177.33245
631.00000 21.52298 181.48803
431.00000 30.26682 316.05724
418.00000 18.87560 108.61324
702.00000 10.53989 69.76667
281.00000 33.62633 224.60713
699.00000 23.62947 193.70882
559.00000 27.97853 282.62031
765.00000 18.76340 155.16766
748.00000 20.88503 206.15747
369.00000 36.48238 282.47914
462.00000 21.70779 159.64631
464.00000 13.06034 55.18863
531.00000 18.91714 112.74674
275.00000 48.02909 607.05757
704.00000 15.99574 129.74489
751.00000 10.25033 77.98393
545.00000 19.54495 257.92671
461.00000 48.27332 868.89944
573.00000 17.57068 136.36340
454.00000 23.90749 179.63119
703.00000 20.04125 187.60667
727.00000 10.93535 55.30227
690.00000 14.32464 113.07711
526.00000 34.81179 579.93343
611.00000 17.17840 93.32917
540.00000 15.67593 194.75097
895.00000 12.86369 109.71471
685.00000 15.69343 149.96303
