139.00000 24.53957 3411.00000 1107.97274 0.10418
105.00000 57.39048 6026.00000 1059.34414 0.05985
5.00000 340.40000 1702.00000 407.20784 0.09919
31.00000 69.03226 2140.00000 1192.92223 0.03202
87.00000 29.51724 2568.00000 520.24953 0.03013
160.00000 22.58125 3613.00000 738.92380 0.03711
76.00000 49.82895 3787.00000 1343.00930 0.03960
28.00000 128.39286 3595.00000 877.54621 0.12053
3.00000 716.66667 2150.00000 1052.97138 0.13949
98.00000 33.96939 3329.00000 729.67592 0.02991
280.00000 14.00714 3922.00000 704.60739 0.04777
292.00000 14.22260 4153.00000 989.42197 0.06561
90.00000 30.57778 2752.00000 425.12735 0.05619
534.00000 12.96816 6925.00000 1287.31877 0.07398
110.00000 13.76364 1514.00000 375.34931 0.13337
286.00000 16.63636 4758.00000 851.40379 0.09705
743.00000 13.29475 9878.00000 805.13010 0.04124
107.00000 21.91589 2345.00000 1344.99747 0.03313
1517.00000 8.64403 13113.00000 813.44653 0.08250
485.00000 22.05979 10699.00000 689.12224 0.04482
107.00000 36.77570 3935.00000 924.21405 0.05865
321.00000 16.57321 5320.00000 432.73184 0.12746
38.00000 33.05263 1256.00000 1700.16669 0.04644
331.00000 20.18731 6682.00000 1076.94501 0.04643
165.00000 28.32121 4673.00000 1072.22890 0.09776
96.00000 25.41667 2440.00000 703.77661 0.04447
366.00000 10.54645 3860.00000 810.91191 0.08675
396.00000 11.12374 4405.00000 1196.94961 0.05743
63.00000 26.85714 1692.00000 307.45670 0.10151
52.00000 27.71154 1441.00000 1697.34549 0.04527
90.00000 22.33333 2010.00000 242.09364 0.08841
172.00000 29.30814 5041.00000 865.77902 0.03898
240.00000 20.57083 4937.00000 990.96415 0.06264
112.00000 23.84821 2671.00000 1196.58211 0.06587
560.00000 10.18750 5705.00000 1048.23561 0.03176
439.00000 9.95444 4370.00000 1087.24160 0.06449
429.00000 19.59207 8405.00000 379.67018 0.08658
268.00000 18.48881 4955.00000 765.59126 0.06418
445.00000 7.37303 3281.00000 618.15071 0.05414
93.00000 30.15054 2804.00000 576.50349 0.06265
141.00000 16.12766 2274.00000 806.62772 0.03518
74.00000 29.28378 2167.00000 946.59124 0.05997
360.00000 9.89444 3562.00000 902.59115 0.05216
446.00000 10.98655 4900.00000 732.81522 0.02827
159.00000 31.99371 5087.00000 599.46697 0.06195
78.00000 25.47436 1987.00000 1067.10362 0.03605
251.00000 16.84064 4227.00000 823.01988 0.05020
47.00000 49.44681 2324.00000 491.69158 0.11537
884.00000 7.25792 6416.00000 521.39509 0.05010
1245.00000 5.87550 7315.00000 1220.45576 0.07344
278.00000 15.69424 4363.00000 1486.07254 0.04906
573.00000 9.04887 5185.00000 1034.62792 0.08194
219.00000 13.00913 2849.00000 929.65705 0.05703
327.00000 15.77370 5158.00000 364.10898 0.09355
501.00000 21.68263 10863.00000 311.91057 0.06489
55.00000 57.65455 3171.00000 512.48921 0.03864
315.00000 15.63492 4925.00000 357.79829 0.09388
14.00000 86.00000 1204.00000 632.81410 0.06708
376.00000 15.76862 5929.00000 902.38886 0.06438
10.00000 163.30000 1633.00000 487.62066 0.06981
116.00000 12.04310 1397.00000 819.77858 0.08845
117.00000 30.79487 3603.00000 663.01149 0.02361
121.00000 22.17355 2683.00000 512.71456 0.08787
204.00000 8.41667 1717.00000 970.31711 0.07330
374.00000 13.70588 5126.00000 1700.22277 0.05539
63.00000 23.15873 1459.00000 522.68476 0.14048
365.00000 9.25205 3377.00000 931.15009 0.06571
118.00000 16.40678 1936.00000 889.33131 0.05570
72.00000 27.26389 1963.00000 1032.08107 0.05680
300.00000 11.18667 3356.00000 903.51803 0.03444
442.00000 10.21719 4516.00000 1112.67843 0.05231
386.00000 14.16321 5467.00000 1114.36626 0.03167
486.00000 21.31481 10359.00000 925.82246 0.06628
574.00000 6.75436 3877.00000 1321.89437 0.04691
523.00000 12.05354 6304.00000 1201.16372 0.03189
725.00000 18.24138 13225.00000 965.39429 0.03173
450.00000 10.69333 4812.00000 770.37438 0.03305
256.00000 16.62500 4256.00000 779.47084 0.09640
15.00000 103.53333 1553.00000 1672.17390 0.07506
411.00000 12.73966 5236.00000 1055.38952 0.05919
99.00000 19.83838 1964.00000 1360.89917 0.06696
351.00000 17.34473 6088.00000 647.20599 0.06393
65.00000 32.30769 2100.00000 1064.50789 0.09487
321.00000 9.84424 3160.00000 904.09996 0.09352
79.00000 19.83544 1567.00000 827.87339 0.12772
127.00000 37.92913 4817.00000 664.22324 0.05439
691.00000 11.15195 7706.00000 687.26636 0.09365
684.00000 12.18275 8333.00000 694.20196 0.05875
115.00000 44.20000 5083.00000 1219.18514 0.03885
73.00000 84.28767 6153.00000 806.87378 0.15535
319.00000 12.95611 4133.00000 654.79278 0.05076
210.00000 24.51429 5148.00000 807.38145 0.04789
241.00000 14.13278 3406.00000 623.24765 0.06293
345.00000 15.31884 5285.00000 536.98565 0.06588
234.00000 12.88034 3014.00000 344.09744 0.03520
825.00000 18.60000 15345.00000 272.79546 0.06920
124.00000 29.63710 3675.00000 962.54420 0.08553
472.00000 14.90254 7034.00000 1436.30215 0.06651
75.00000 38.25333 2869.00000 1327.73197 0.05973
73.00000 31.52055 2301.00000 1132.70208 0.03774
171.00000 13.05263 2232.00000 1121.89075 0.02835
238.00000 23.99580 5711.00000 1059.97218 0.06123
290.00000 9.76897 2833.00000 707.16895 0.06404
119.00000 18.71429 2227.00000 758.70142 0.09646
63.00000 46.36508 2921.00000 1270.56933 0.12761
353.00000 17.25779 6092.00000 1300.53059 0.08093
81.00000 30.30864 2455.00000 839.76877 0.10456
324.00000 15.85802 5138.00000 1508.75366 0.13262
818.00000 7.31540 5984.00000 980.98693 0.05341
282.00000 10.90780 3076.00000 1277.60720 0.06083
189.00000 17.17989 3247.00000 391.44575 0.12394
37.00000 145.45946 5382.00000 606.98565 0.10581
323.00000 11.85449 3829.00000 882.45609 0.05463
540.00000 41.74630 22543.00000 1005.98322 0.05373
395.00000 12.09873 4779.00000 1731.65309 0.05255
753.00000 13.49402 10161.00000 505.50166 0.07969
267.00000 19.80899 5289.00000 548.10071 0.07427
646.00000 10.26625 6632.00000 1062.86572 0.03078
79.00000 34.87342 2755.00000 708.51587 0.10162
285.00000 26.31228 7499.00000 554.12335 0.06644
664.00000 12.12199 8049.00000 994.43261 0.03501
119.00000 34.20168 4070.00000 901.16078 0.00624
985.00000 17.05787 16802.00000 748.46184 0.06505
340.00000 20.14118 6848.00000 248.81458 0.11876
57.00000 26.54386 1513.00000 1153.78233 0.05424
64.00000 22.89062 1465.00000 740.46383 0.07897
346.00000 14.51445 5022.00000 1150.80638 0.06203
468.00000 8.37179 3918.00000 1321.05559 0.04733
42.00000 49.64286 2085.00000 1609.06355 0.04301
372.00000 15.04301 5596.00000 643.78118 0.06710
233.00000 22.62232 5271.00000 167.18377 0.05733
264.00000 21.38636 5646.00000 1099.61085 0.04229
361.00000 13.08587 4724.00000 1077.83876 0.06292
136.00000 33.41176 4544.00000 627.04846 0.08487
45.00000 39.88889 1795.00000 1221.91047 0.05797
384.00000 11.48958 4412.00000 1032.29761 0.05493
831.00000 10.45848 8691.00000 571.87825 0.10530
39.00000 61.00000 2379.00000 1268.33036 0.10753
375.00000 11.64533 4367.00000 1186.83891 0.06202
1087.00000 10.69917 11630.00000 756.82620 0.04354
283.00000 17.34276 4908.00000 754.25883 0.08449
339.00000 17.96755 6091.00000 1543.95026 0.04935
707.00000 15.61386 11039.00000 784.70971 0.04130
271.00000 12.44649 3373.00000 1622.99131 0.10231
1539.00000 9.32878 14357.00000 563.06554 0.07607
157.00000 19.22293 3018.00000 1328.30369 0.08879
42.00000 46.00000 1932.00000 384.83709 0.12864
118.00000 33.33051 3933.00000 770.14042 0.04824
192.00000 23.05208 4426.00000 1299.04132 0.06562
230.00000 17.25652 3969.00000 677.13905 0.04989
183.00000 14.17486 2594.00000 283.60221 0.10730
254.00000 11.16535 2836.00000 315.81521 0.04788
529.00000 12.43100 6576.00000 1161.61124 0.06008
531.00000 13.60075 7222.00000 1524.95117 0.12269
559.00000 10.19857 5701.00000 808.08805 0.07140
89.00000 32.42697 2886.00000 507.04525 0.04122
350.00000 13.14000 4599.00000 552.80377 0.12089
243.00000 12.05761 2930.00000 978.98457 0.06169
17.00000 79.82353 1357.00000 723.84220 0.03970
372.00000 13.16129 4896.00000 669.00079 0.07527
107.00000 42.28972 4525.00000 363.02234 0.06981
127.00000 25.51181 3240.00000 850.01176 0.05202
311.00000 9.11576 2835.00000 1495.59880 0.03854
207.00000 14.39614 2980.00000 694.82564 0.05488
77.00000 30.58442 2355.00000 1434.85196 0.03998
489.00000 8.30879 4063.00000 1310.66212 0.07528
108.00000 21.37037 2308.00000 509.09459 0.04216
181.00000 15.36464 2781.00000 614.59940 0.04605
68.00000 30.01471 2041.00000 453.38802 0.06653
150.00000 22.60667 3391.00000 845.40878 0.03681
771.00000 12.62387 9733.00000 766.32615 0.03801
191.00000 16.20419 3095.00000 374.47191 0.09842
208.00000 18.16346 3778.00000 772.99349 0.04203
240.00000 31.23333 7496.00000 1046.30054 0.03743
200.00000 9.49000 1898.00000 606.26169 0.14759
455.00000 10.01099 4555.00000 992.08820 0.04392
513.00000 22.61988 11604.00000 424.00264 0.05807
185.00000 46.75676 8650.00000 450.77448 0.09575
482.00000 9.18672 4428.00000 1352.63517 0.03285
438.00000 12.11416 5306.00000 1392.92833 0.02875
429.00000 8.67832 3723.00000 1409.82166 0.05867
203.00000 19.40887 3940.00000 396.47442 0.04650
15.00000 110.53333 1658.00000 568.39248 0.08571
129.00000 16.54264 2134.00000 1328.73618 0.11207
636.00000 15.49528 9855.00000 1185.76875 0.05075
345.00000 16.59130 5724.00000 784.73364 0.08497
240.00000 17.06667 4096.00000 687.29059 0.09967
366.00000 12.81148 4689.00000 1105.81715 0.05161
373.00000 24.91689 9294.00000 823.96512 0.03571
377.00000 27.74005 10458.00000 1417.73750 0.06651
190.00000 40.01053 7602.00000 250.27689 0.10795
275.00000 8.60000 2365.00000 646.09997 0.05574
319.00000 19.86520 6337.00000 788.77570 0.04213
751.00000 16.22237 12183.00000 1104.35171 0.06680
175.00000 11.91429 2085.00000 1184.53589 0.06425
466.00000 15.32618 7142.00000 667.61528 0.04818
305.00000 20.38361 6217.00000 998.47121 0.07118
43.00000 30.67442 1319.00000 350.46241 0.10203
97.00000 28.89691 2803.00000 1184.68591 0.07815
349.00000 17.33238 6049.00000 781.81929 0.06762
397.00000 12.92695 5132.00000 1475.80739 0.08054
133.00000 32.21053 4284.00000 609.40550 0.02167
105.00000 25.17143 2643.00000 622.50378 0.04496
424.00000 13.41509 5688.00000 1109.52467 0.06293
535.00000 20.21308 10814.00000 1265.55793 0.08641
429.00000 8.39860 3603.00000 816.24164 0.09438
476.00000 16.53151 7869.00000 614.01851 0.06806
121.00000 39.71074 4805.00000 1129.41518 0.06723
511.00000 21.24070 10854.00000 973.14322 0.05255
57.00000 40.57895 2313.00000 1359.14209 0.07252
290.00000 42.44138 12308.00000 815.10891 0.06431
104.00000 35.80769 3724.00000 1941.41131 0.01931
52.00000 39.36538 2047.00000 868.41884 0.07334
168.00000 21.62500 3633.00000 1121.99665 0.07202
137.00000 25.15328 3446.00000 1639.45703 0.03416
339.00000 18.95575 6426.00000 1424.25859 0.06803
312.00000 9.35897 2920.00000 944.50158 0.06524
207.00000 24.67150 5107.00000 1089.31776 0.06059
590.00000 9.01356 5318.00000 1050.62787 0.03399
962.00000 9.58628 9222.00000 277.63570 0.04131
254.00000 7.47638 1899.00000 377.69832 0.04957
161.00000 25.26087 4067.00000 1395.57212 0.07872
10.00000 190.00000 1900.00000 747.67185 0.03080
155.00000 12.36129 1916.00000 963.47563 0.06751
114.00000 20.14912 2297.00000 800.21383 0.02128
302.00000 21.49007 6490.00000 1008.06068 0.08574
155.00000 20.35484 3155.00000 505.47723 0.07733
204.00000 33.37255 6808.00000 1008.71527 0.05828
16.00000 161.93750 2591.00000 459.19754 0.11242
22.00000 88.09091 1938.00000 413.86237 0.07214
832.00000 10.75841 8951.00000 770.23757 0.09630
263.00000 13.66540 3594.00000 1954.75681 0.05378
415.00000 10.48193 4350.00000 1006.46460 0.08163
488.00000 9.43238 4603.00000 608.96865 0.04970
64.00000 51.28125 3282.00000 736.84742 0.04292
241.00000 14.70539 3544.00000 772.64767 0.04871
359.00000 11.84958 4254.00000 639.54105 0.09607
425.00000 14.85647 6314.00000 831.88496 0.03462
181.00000 19.30387 3494.00000 922.64864 0.08315
712.00000 9.34410 6653.00000 1037.59740 0.05356
800.00000 9.60500 7684.00000 858.56635 0.03663
628.00000 19.42675 12200.00000 978.77367 0.11184
134.00000 16.99254 2277.00000 562.53108 0.05268
52.00000 79.61538 4140.00000 1017.73360 0.01172
571.00000 14.66900 8376.00000 715.82257 0.11251
176.00000 15.85227 2790.00000 662.24651 0.06144
132.00000 21.77273 2874.00000 1156.19650 0.04730
623.00000 10.60353 6606.00000 1135.57849 0.05520
336.00000 9.65476 3244.00000 1323.72560 0.08218
411.00000 11.46715 4713.00000 1089.36033 0.03376
877.00000 6.86545 6021.00000 904.12094 0.12336
220.00000 13.36364 2940.00000 807.66694 0.08154
339.00000 13.22714 4484.00000 776.93502 0.05729
178.00000 16.17416 2879.00000 404.04356 0.11881
1071.00000 9.28852 9948.00000 542.07722 0.10305
123.00000 19.30081 2374.00000 1644.49683 0.04984
482.00000 13.86929 6685.00000 1182.61088 0.03939
635.00000 13.89921 8826.00000 703.56728 0.04899
76.00000 29.67105 2255.00000 721.74776 0.10641
363.00000 11.33333 4114.00000 445.45998 0.07182
197.00000 30.38579 5986.00000 1192.04376 0.06179
75.00000 26.05333 1954.00000 1076.84918 0.03545
103.00000 36.22330 3731.00000 1274.77712 0.11226
219.00000 35.09589 7686.00000 816.81136 0.04593
209.00000 17.60287 3679.00000 1057.69471 0.08571
490.00000 20.60612 10097.00000 1377.45398 0.06857
90.00000 22.81111 2053.00000 1150.35844 0.07388
845.00000 6.76095 5713.00000 275.88375 0.07039
155.00000 15.65161 2426.00000 1248.30697 0.06444
128.00000 63.82812 8170.00000 906.29985 0.06832
453.00000 6.64018 3008.00000 1387.12992 0.04711
623.00000 19.94864 12428.00000 598.34267 0.05684
186.00000 16.81183 3127.00000 1539.03314 0.08571
270.00000 27.25926 7360.00000 775.35347 0.07687
1153.00000 10.52385 12134.00000 1283.03501 0.05751
172.00000 17.91279 3081.00000 437.03774 0.06063
75.00000 30.64000 2298.00000 549.54554 0.02817
90.00000 23.38889 2105.00000 1422.32690 0.04503
116.00000 13.43103 1558.00000 471.83281 0.12650
574.00000 13.77700 7908.00000 210.19106 0.11967
117.00000 23.82051 2787.00000 1509.70568 0.05460
717.00000 11.35565 8142.00000 807.44359 0.10032
43.00000 31.88372 1371.00000 386.32876 0.09062
431.00000 17.69142 7625.00000 1170.06679 0.05375
710.00000 15.36479 10909.00000 799.88121 0.04263
141.00000 39.78014 5609.00000 439.43146 0.10398
566.00000 9.50883 5382.00000 614.86359 0.16052
28.00000 46.10714 1291.00000 1638.13590 0.12970
108.00000 21.70370 2344.00000 979.55945 0.02375
85.00000 54.31765 4617.00000 1350.27704 0.07183
96.00000 50.43750 4842.00000 591.35366 0.02440
321.00000 19.62305 6299.00000 475.86726 0.04865
