1872.00000 12.68803 23752.00000 504.25928 0.06567
930.00000 15.90645 14793.00000 780.03942 0.06518
2116.00000 10.18951 21561.00000 326.20930 0.05999
1400.00000 12.31714 17244.00000 1425.18225 0.07677
516.00000 16.30814 8415.00000 234.25623 0.04938
2146.00000 8.18500 17565.00000 746.64907 0.04571
1541.00000 18.17586 28009.00000 726.54608 0.12188
2263.00000 11.67123 26412.00000 693.84420 0.03913
1292.00000 14.59985 18863.00000 698.91635 0.08062
1233.00000 15.67964 19333.00000 880.42879 0.03696
1712.00000 6.97021 11933.00000 1088.65540 0.05038
913.00000 37.42169 34166.00000 1465.64560 0.08251
964.00000 18.28320 17625.00000 970.29796 0.06364
2099.00000 9.37113 19670.00000 715.22008 0.03846
1764.00000 9.14116 16125.00000 288.55406 0.07226
1078.00000 26.53061 28600.00000 718.58701 0.07470
1799.00000 9.01334 16215.00000 758.93068 0.05439
2222.00000 12.66382 28139.00000 828.87552 0.07796
1562.00000 9.68182 15123.00000 929.55929 0.10312
2519.00000 5.23382 13184.00000 706.19090 0.06486
1142.00000 11.68301 13342.00000 472.65497 0.07585
2273.00000 6.72943 15296.00000 543.73180 0.02197
1098.00000 29.24408 32110.00000 623.51835 0.07420
1483.00000 20.00202 29663.00000 626.25424 0.10760
1446.00000 5.94537 8597.00000 403.81268 0.05226
1404.00000 16.02279 22496.00000 506.69473 0.07555
918.00000 29.94771 27492.00000 1147.08565 0.07674
1215.00000 23.74321 28848.00000 923.05007 0.05974
1412.00000 15.14023 21378.00000 874.33744 0.05084
1621.00000 15.90068 25775.00000 648.68821 0.07045
2269.00000 5.72234 12984.00000 790.35389 0.04441
1259.00000 13.82049 17400.00000 932.20573 0.10253
2128.00000 7.41024 15769.00000 669.43409 0.03832
1313.00000 24.91622 32715.00000 588.69629 0.08298
1527.00000 16.09365 24575.00000 753.92037 0.08329
2250.00000 9.94800 22383.00000 654.24709 0.04713
1098.00000 13.42532 14741.00000 1028.96284 0.05026
839.00000 26.54708 22273.00000 631.41278 0.09814
682.00000 39.03519 26622.00000 934.38708 0.08026
942.00000 11.09342 10450.00000 180.82662 0.04480
1219.00000 16.90648 20609.00000 464.87747 0.06251
730.00000 8.09315 5908.00000 579.89267 0.03459
960.00000 32.03854 30757.00000 479.36011 0.12062
1194.00000 26.84506 32053.00000 1145.24120 0.10550
1737.00000 7.49799 13024.00000 365.34797 0.04037
729.00000 21.45679 15642.00000 785.12401 0.08630
934.00000 14.27944 13337.00000 603.37681 0.04500
1608.00000 8.09328 13014.00000 453.56133 0.02720
1456.00000 19.67788 28651.00000 757.73095 0.06720
961.00000 21.18106 20355.00000 813.62020 0.03914
391.00000 6.93606 2712.00000 634.02465 0.03356
1129.00000 8.67759 9797.00000 600.81895 0.03700
1727.00000 6.19398 10697.00000 396.21385 0.07982
1023.00000 25.65396 26244.00000 306.35011 0.05571
1546.00000 9.35964 14470.00000 1003.24709 0.04444
1569.00000 7.88400 12370.00000 1056.95468 0.04091
1157.00000 11.25756 13025.00000 885.45517 0.07398
765.00000 6.19869 4742.00000 348.57310 0.01356
1473.00000 16.13442 23766.00000 902.40002 0.04603
2461.00000 8.60382 21174.00000 746.56538 0.02666
1034.00000 19.17215 19824.00000 384.60827 0.05842
783.00000 11.24521 8805.00000 230.20883 0.05297
2010.00000 14.09502 28331.00000 640.17590 0.07947
1775.00000 6.92958 12300.00000 569.60987 0.03632
1528.00000 5.62762 8599.00000 589.15857 0.02605
1201.00000 9.76520 11728.00000 465.72543 0.03750
2291.00000 7.08075 16222.00000 725.76814 0.02221
882.00000 32.53288 28694.00000 808.77238 0.04273
1830.00000 6.40710 11725.00000 338.88740 0.04820
689.00000 6.21771 4284.00000 610.66269 0.02495
1616.00000 12.61696 20389.00000 672.72588 0.03411
1423.00000 5.29726 7538.00000 795.27478 0.08460
1577.00000 9.69816 15294.00000 601.53153 0.05839
1546.00000 14.40815 22275.00000 556.64712 0.07383
1958.00000 4.49694 8805.00000 789.15793 0.07778
675.00000 48.40593 32674.00000 596.70168 0.12109
2006.00000 7.52642 15098.00000 757.23430 0.03984
1041.00000 26.52930 27617.00000 752.26852 0.08092
1233.00000 14.45499 17823.00000 658.31831 0.07531
1101.00000 12.63306 13909.00000 243.07778 0.10324
1810.00000 11.17845 20233.00000 883.90748 0.06693
1210.00000 22.92562 27740.00000 986.79370 0.08356
1804.00000 10.08869 18200.00000 1059.52695 0.03097
1555.00000 11.93569 18560.00000 709.03708 0.08780
1141.00000 19.82472 22620.00000 634.55746 0.03680
868.00000 12.20046 10590.00000 717.28668 0.03549
1344.00000 15.52232 20862.00000 398.61938 0.08892
1170.00000 13.45726 15745.00000 387.81255 0.03878
908.00000 28.89868 26240.00000 1222.95155 0.08969
1150.00000 21.28957 24483.00000 1110.29612 0.04157
813.00000 37.38991 30398.00000 956.73677 0.07029
2253.00000 9.50067 21405.00000 714.68965 0.05518
1305.00000 16.22835 21178.00000 672.14939 0.04384
1981.00000 11.34326 22471.00000 771.34348 0.04194
1590.00000 7.60189 12087.00000 908.81121 0.04179
1795.00000 9.55153 17145.00000 536.20979 0.04419
1681.00000 6.81440 11455.00000 723.46360 0.09310
619.00000 6.42165 3975.00000 378.76747 0.05554
1435.00000 14.35958 20606.00000 1147.68346 0.06580
1614.00000 11.31908 18269.00000 526.44295 0.05285
2004.00000 10.15419 20349.00000 777.63982 0.07362
2104.00000 9.13213 19214.00000 569.02909 0.03648
1060.00000 21.96981 23288.00000 669.39007 0.05796
1690.00000 16.15562 27303.00000 740.30796 0.03188
1333.00000 7.91973 10557.00000 755.06453 0.02883
1226.00000 16.80669 20605.00000 560.19348 0.04591
1047.00000 26.94365 28210.00000 811.49148 0.11786
1289.00000 15.10473 19470.00000 701.82878 0.05148
1717.00000 12.68666 21783.00000 473.74973 0.07342
1944.00000 6.52160 12678.00000 450.03050 0.04393
1861.00000 11.59968 21587.00000 425.33393 0.07481
1250.00000 8.84800 11060.00000 619.00452 0.05311
1331.00000 19.32457 25721.00000 867.00327 0.04313
1578.00000 9.30925 14690.00000 886.80574 0.04918
2118.00000 12.12937 25690.00000 1261.09330 0.03760
1363.00000 5.85547 7981.00000 604.32093 0.10815
796.00000 22.43719 17860.00000 1027.88603 0.07874
1939.00000 9.44972 18323.00000 1147.56039 0.03870
676.00000 29.26183 19781.00000 385.91959 0.07479
1590.00000 7.34025 11671.00000 302.79626 0.03850
1583.00000 15.73594 24910.00000 648.37166 0.10149
2183.00000 7.46496 16296.00000 789.36051 0.05227
1173.00000 9.46803 11106.00000 796.26409 0.03357
899.00000 30.08009 27042.00000 890.35803 0.11731
1281.00000 14.83450 19003.00000 322.58406 0.05373
1349.00000 5.31134 7165.00000 856.17744 0.02617
2128.00000 4.66165 9920.00000 434.31643 0.03935
846.00000 7.62411 6450.00000 560.00056 0.04093
1466.00000 15.99523 23449.00000 742.26003 0.11215
2261.00000 7.57983 17138.00000 384.88313 0.08332
1189.00000 9.83263 11691.00000 850.26183 0.06725
277.00000 75.50181 20914.00000 953.24579 0.03943
1522.00000 15.26544 23234.00000 535.98107 0.04041
2323.00000 10.00947 23252.00000 688.00989 0.05073
2395.00000 7.31608 17522.00000 564.52116 0.09312
1299.00000 9.57583 12439.00000 849.62419 0.03799
1578.00000 13.70596 21628.00000 461.85390 0.12113
848.00000 5.47524 4643.00000 639.68880 0.02850
1913.00000 7.10559 13593.00000 767.23167 0.04288
1633.00000 10.97795 17927.00000 647.18948 0.05457
1321.00000 6.01438 7945.00000 427.64830 0.01773
1301.00000 10.57341 13756.00000 717.81212 0.07888
1617.00000 13.16759 21292.00000 581.18837 0.11776
940.00000 30.83830 28988.00000 1128.19110 0.07629
996.00000 21.86446 21777.00000 1291.04687 0.09059
110.00000 12.87273 1416.00000 447.76269 0.01588
930.00000 32.35591 30091.00000 470.87651 0.09606
1987.00000 3.87519 7700.00000 649.82367 0.06117
1194.00000 12.55695 14993.00000 566.36476 0.03555
1623.00000 8.53420 13851.00000 447.04283 0.02376
1765.00000 6.98357 12326.00000 315.60290 0.05053
1956.00000 6.59867 12907.00000 498.31917 0.04635
1023.00000 13.17889 13482.00000 392.21258 0.05084
1725.00000 9.38261 16185.00000 529.22391 0.04973
1124.00000 4.92705 5538.00000 891.51805 0.05057
2294.00000 6.88361 15791.00000 540.17178 0.05141
1799.00000 12.81490 23054.00000 369.32283 0.11005
1760.00000 9.46250 16654.00000 1355.30139 0.02978
1799.00000 9.68760 17428.00000 617.73005 0.02274
980.00000 5.98571 5866.00000 238.07193 0.03478
1122.00000 10.49643 11777.00000 500.17746 0.04586
1665.00000 9.38979 15634.00000 715.94108 0.04140
1108.00000 10.67599 11829.00000 935.25914 0.04750
1744.00000 7.54300 13155.00000 646.65909 0.05766
2354.00000 8.86279 20863.00000 735.89739 0.03918
2407.00000 7.58455 18256.00000 573.61328 0.04430
1770.00000 9.17797 16245.00000 442.68002 0.06498
1744.00000 9.44782 16477.00000 441.01544 0.03486
1159.00000 9.31061 10791.00000 811.51105 0.04851
1357.00000 8.25940 11208.00000 508.11094 0.06076
255.00000 45.58039 11623.00000 330.16857 0.08240
1977.00000 5.85331 11572.00000 772.84231 0.07884
2038.00000 6.56330 13376.00000 491.92088 0.05072
831.00000 26.97714 22418.00000 401.22505 0.09098
1086.00000 25.28269 27457.00000 609.46146 0.08366
1831.00000 8.86455 16231.00000 651.56362 0.03090
635.00000 19.43780 12343.00000 740.53548 0.08107
1299.00000 12.36721 16065.00000 378.75819 0.05073
1263.00000 11.52969 14562.00000 818.10161 0.06417
1575.00000 18.14413 28577.00000 645.92166 0.11499
1441.00000 8.25607 11897.00000 307.35455 0.04268
893.00000 9.74020 8698.00000 940.26533 0.08858
992.00000 33.95161 33680.00000 742.47154 0.04383
1388.00000 18.46902 25635.00000 642.04522 0.06796
1335.00000 13.50487 18029.00000 637.47126 0.05655
628.00000 13.38057 8403.00000 675.18736 0.05230
1341.00000 14.85384 19919.00000 823.97076 0.05082
1713.00000 3.47811 5958.00000 375.81422 0.06801
1656.00000 9.94324 16466.00000 746.55702 0.03776
1056.00000 7.08428 7481.00000 477.31550 0.06302
654.00000 38.70183 25311.00000 895.68849 0.07373
915.00000 5.39563 4937.00000 683.27678 0.03032
1512.00000 7.15542 10819.00000 531.51649 0.04767
1273.00000 8.44148 10746.00000 474.06232 0.07762
733.00000 4.99454 3661.00000 620.25711 0.03177
2309.00000 9.71719 22437.00000 382.99948 0.06557
1437.00000 11.82603 16994.00000 705.17306 0.10370
686.00000 12.37755 8491.00000 807.39427 0.03777
1225.00000 15.92816 19512.00000 490.60085 0.03335
1488.00000 19.31788 28745.00000 747.91933 0.04626
912.00000 42.78509 39020.00000 787.53240 0.07829
1129.00000 17.79539 20091.00000 929.79003 0.09439
2048.00000 6.54443 13403.00000 350.04725 0.05731
2631.00000 8.44394 22216.00000 728.43422 0.05262
1215.00000 7.20576 8755.00000 753.27127 0.01663
1356.00000 11.75221 15936.00000 488.31370 0.04735
680.00000 19.88971 13525.00000 678.30925 0.07423
1242.00000 8.81643 10950.00000 377.39644 0.02712
815.00000 14.17914 11556.00000 424.07744 0.06087
1332.00000 19.96922 26599.00000 1185.99400 0.10589
1756.00000 16.19989 28447.00000 1208.83613 0.08232
1685.00000 11.46825 19324.00000 751.97926 0.04993
1408.00000 14.99574 21114.00000 849.97766 0.07990
1464.00000 13.25137 19400.00000 261.73719 0.02476
319.00000 23.70846 7563.00000 279.20177 0.07521
1790.00000 9.86425 17657.00000 749.98714 0.05978
1874.00000 14.67823 27507.00000 743.68805 0.08093
2045.00000 7.29682 14922.00000 732.55323 0.03167
1440.00000 14.10486 20311.00000 526.78641 0.03571
926.00000 8.18143 7576.00000 702.88357 0.05899
1755.00000 5.26382 9238.00000 765.59943 0.06475
1392.00000 7.06609 9836.00000 501.82383 0.01959
1707.00000 13.25308 22623.00000 678.84460 0.07800
1597.00000 16.28992 26015.00000 708.18921 0.07008
1960.00000 7.82500 15337.00000 615.90647 0.04730
1526.00000 6.73853 10283.00000 675.08970 0.08958
1434.00000 7.92329 11362.00000 126.96606 0.04045
1540.00000 7.55974 11642.00000 728.15788 0.02614
1776.00000 11.31588 20097.00000 983.67193 0.06792
1471.00000 15.00272 22069.00000 941.16406 0.06783
1009.00000 15.05649 15192.00000 546.31893 0.06882
2577.00000 6.67326 17197.00000 662.27321 0.03212
898.00000 7.58909 6815.00000 209.79578 0.04602
947.00000 19.16684 18151.00000 964.67720 0.05391
1105.00000 36.98190 40865.00000 830.56670 0.06045
573.00000 9.76265 5594.00000 338.39341 0.04277
958.00000 13.58873 13018.00000 611.40359 0.04917
1153.00000 7.61752 8783.00000 955.84552 0.06597
649.00000 9.50847 6171.00000 391.42992 0.04132
1208.00000 17.01656 20556.00000 861.43461 0.05387
1603.00000 19.11666 30644.00000 1225.53761 0.07345
1617.00000 13.30550 21515.00000 693.67568 0.07817
937.00000 15.23586 14276.00000 576.42610 0.02768
1868.00000 13.39989 25031.00000 882.66402 0.04775
1956.00000 6.33282 12387.00000 764.52110 0.03736
1033.00000 16.69022 17241.00000 776.61082 0.05575
1634.00000 7.81701 12773.00000 637.59676 0.04094
822.00000 14.16910 11647.00000 594.13815 0.03075
1499.00000 16.53903 24792.00000 715.00582 0.05876
844.00000 5.05924 4270.00000 689.04398 0.03118
388.00000 5.20103 2018.00000 336.24779 0.07132
637.00000 49.59184 31590.00000 937.14774 0.06681
1627.00000 8.84511 14391.00000 924.77284 0.04041
1683.00000 10.50624 17682.00000 706.34107 0.04907
2467.00000 7.58006 18700.00000 1416.85191 0.06347
1136.00000 32.80898 37271.00000 663.27986 0.07998
1356.00000 18.79351 25484.00000 788.16186 0.05423
1314.00000 18.56393 24393.00000 697.62374 0.09811
1797.00000 9.52198 17111.00000 732.39175 0.02980
1793.00000 14.05466 25200.00000 856.10691 0.04335
1437.00000 8.24983 11855.00000 543.70313 0.06685
473.00000 45.08668 21326.00000 953.86442 0.11953
1242.00000 16.83092 20904.00000 909.75974 0.03734
961.00000 30.73465 29536.00000 434.10906 0.07028
1083.00000 16.90674 18310.00000 1093.89310 0.03836
1564.00000 10.16432 15897.00000 699.01675 0.03324
2108.00000 9.44924 19919.00000 722.97909 0.05457
974.00000 30.18789 29403.00000 458.38243 0.12321
1237.00000 17.03153 21068.00000 685.71037 0.06269
1238.00000 11.66236 14438.00000 906.67478 0.05102
1363.00000 13.02201 17749.00000 727.56124 0.02632
633.00000 15.48183 9800.00000 514.40776 0.06974
1779.00000 15.38449 27369.00000 718.81780 0.03669
1301.00000 11.63874 15142.00000 719.68801 0.10072
1012.00000 28.09783 28435.00000 889.27618 0.05300
868.00000 15.34332 13318.00000 337.57937 0.05246
1840.00000 7.62283 14026.00000 1073.34230 0.05711
790.00000 14.13038 11163.00000 268.15412 0.13120
818.00000 14.32396 11717.00000 756.84452 0.05752
863.00000 16.37543 14132.00000 698.05293 0.04074
885.00000 7.63955 6761.00000 274.32978 0.08097
1317.00000 14.51481 19116.00000 1141.18966 0.07240
2274.00000 11.46174 26064.00000 812.43285 0.01920
550.00000 46.64364 25654.00000 938.36777 0.08921
1440.00000 17.12708 24663.00000 815.36182 0.06048
929.00000 12.78364 11876.00000 550.81984 0.05143
642.00000 17.13240 10999.00000 286.65071 0.05500
1305.00000 18.36015 23960.00000 821.92434 0.03390
1869.00000 10.29267 19237.00000 1226.65064 0.07633
952.00000 14.10714 13430.00000 328.38757 0.03134
1787.00000 11.12087 19873.00000 880.99934 0.04806
1971.00000 10.67580 21042.00000 1134.70551 0.08863
