410.00000 29.65610 12159.00000 695.86630 0.07190
777.00000 9.82111 7631.00000 816.79276 0.11004
680.00000 9.73088 6617.00000 825.27016 0.08490
613.00000 26.98858 16544.00000 655.13189 0.06795
580.00000 15.68966 9100.00000 589.38892 0.06397
378.00000 15.23810 5760.00000 770.27888 0.10279
321.00000 36.82243 11820.00000 872.14417 0.07142
256.00000 34.26172 8771.00000 748.43239 0.08237
356.00000 14.16292 5042.00000 968.18369 0.10298
450.00000 17.65778 7946.00000 891.49782 0.06508
636.00000 15.42610 9811.00000 764.98698 0.07791
767.00000 14.46806 11097.00000 862.82121 0.08454
608.00000 22.41612 13629.00000 851.56005 0.05652
858.00000 21.50233 18449.00000 1021.06238 0.08922
645.00000 8.86512 5718.00000 507.37587 0.08425
376.00000 39.02394 14673.00000 716.81562 0.08747
345.00000 38.90435 13422.00000 1371.58567 0.07715
595.00000 24.11765 14350.00000 868.15189 0.08256
675.00000 11.45630 7733.00000 653.64610 0.07196
403.00000 24.04963 9692.00000 754.37340 0.05151
596.00000 18.42953 10984.00000 671.56348 0.07020
496.00000 18.33065 9092.00000 762.98193 0.08973
361.00000 21.77562 7861.00000 613.31295 0.07180
473.00000 26.98309 12763.00000 735.32729 0.07796
661.00000 14.16641 9364.00000 911.01269 0.06434
267.00000 47.91011 12792.00000 647.51300 0.07221
424.00000 23.70283 10050.00000 1217.37860 0.09098
537.00000 17.16015 9215.00000 998.82084 0.06863
528.00000 10.98864 5802.00000 472.12477 0.04963
426.00000 40.06103 17066.00000 1163.48328 0.07671
441.00000 16.85488 7433.00000 681.07805 0.08379
482.00000 18.42946 8883.00000 774.82514 0.08620
591.00000 17.81218 10527.00000 795.10687 0.07590
723.00000 12.46473 9012.00000 565.70987 0.06868
639.00000 12.07512 7716.00000 548.35245 0.05527
572.00000 22.82517 13056.00000 594.84794 0.07150
725.00000 11.30069 8193.00000 818.20300 0.06807
388.00000 41.69845 16179.00000 378.41588 0.09001
369.00000 17.96748 6630.00000 864.88641 0.05496
549.00000 18.90893 10381.00000 722.24649 0.11776
510.00000 18.87647 9627.00000 805.15551 0.04601
262.00000 45.96947 12044.00000 857.62588 0.06603
442.00000 18.24208 8063.00000 958.86793 0.09092
637.00000 14.29356 9105.00000 600.04959 0.06534
399.00000 14.23058 5678.00000 916.90044 0.07085
404.00000 36.82178 14876.00000 467.66130 0.05050
449.00000 36.21826 16262.00000 1009.52229 0.10470
686.00000 26.72303 18332.00000 1044.84535 0.09899
701.00000 14.24964 9989.00000 643.19027 0.06719
691.00000 11.66425 8060.00000 476.24940 0.06327
591.00000 13.27580 7846.00000 732.55783 0.09620
656.00000 15.36128 10077.00000 906.88945 0.12064
534.00000 23.33146 12459.00000 626.84747 0.07410
344.00000 18.60465 6400.00000 964.99049 0.12235
717.00000 15.19805 10897.00000 660.62933 0.06742
324.00000 39.82407 12903.00000 1025.66517 0.09360
468.00000 27.89957 13057.00000 746.85885 0.08125
571.00000 19.16462 10943.00000 671.73087 0.08997
502.00000 26.79283 13450.00000 610.23344 0.06929
378.00000 31.19841 11793.00000 781.20216 0.08877
568.00000 15.35387 8721.00000 771.89508 0.06727
492.00000 13.23780 6513.00000 677.59846 0.06464
369.00000 14.56911 5376.00000 778.02499 0.07121
491.00000 21.22811 10423.00000 429.51347 0.06380
440.00000 21.62273 9514.00000 757.93176 0.07364
461.00000 15.17137 6994.00000 886.61700 0.09145
583.00000 17.43568 10165.00000 576.14430 0.08856
618.00000 22.67314 14012.00000 716.99252 0.07059
505.00000 20.28119 10242.00000 853.92159 0.08444
453.00000 21.20309 9605.00000 704.66973 0.08623
436.00000 24.20183 10552.00000 777.65427 0.10792
389.00000 22.23393 8649.00000 737.16094 0.09098
601.00000 24.29285 14600.00000 1102.43255 0.07482
573.00000 21.35079 12234.00000 376.09227 0.04632
547.00000 15.55759 8510.00000 582.32580 0.05945
316.00000 43.62342 13785.00000 880.60175 0.07700
632.00000 14.02373 8863.00000 722.54724 0.10498
479.00000 27.73695 13286.00000 747.90734 0.08315
535.00000 14.85234 7946.00000 786.21595 0.04522
361.00000 37.49030 13534.00000 775.14304 0.09123
436.00000 17.30275 7544.00000 403.91354 0.06055
577.00000 19.63085 11327.00000 645.95792 0.06596
453.00000 26.79249 12137.00000 797.53170 0.07927
153.00000 52.37255 8013.00000 789.01313 0.08141
376.00000 23.41223 8803.00000 832.40540 0.08117
408.00000 17.80882 7266.00000 945.86952 0.08252
650.00000 18.07385 11748.00000 631.82558 0.06268
515.00000 15.14563 7800.00000 705.42807 0.06481
420.00000 23.73333 9968.00000 724.70106 0.06931
489.00000 46.44376 22711.00000 624.25364 0.08544
556.00000 21.72302 12078.00000 797.10450 0.03651
717.00000 11.64993 8353.00000 518.88860 0.05811
346.00000 20.92197 7239.00000 241.68161 0.03684
610.00000 18.83607 11490.00000 801.24509 0.08681
514.00000 26.95331 13854.00000 1136.91929 0.09328
273.00000 29.32601 8006.00000 673.70575 0.07708
539.00000 12.48609 6730.00000 1209.10531 0.11258
535.00000 32.73084 17511.00000 597.08172 0.03846
537.00000 24.93110 13388.00000 985.93483 0.08037
317.00000 38.38801 12169.00000 290.14895 0.10140
432.00000 25.35648 10954.00000 668.38375 0.07285
781.00000 12.76953 9973.00000 698.59245 0.07310
531.00000 17.50471 9295.00000 632.55578 0.06821
630.00000 13.68254 8620.00000 651.88917 0.10679
412.00000 18.11408 7463.00000 698.80740 0.08816
229.00000 26.53275 6076.00000 890.93503 0.09423
472.00000 32.30720 15249.00000 774.80119 0.07112
300.00000 22.67000 6801.00000 1101.43560 0.10714
683.00000 19.68960 13448.00000 857.67867 0.08287
571.00000 22.15937 12653.00000 670.96248 0.04978
126.00000 82.30952 10371.00000 1098.29223 0.07916
456.00000 46.21711 21075.00000 1013.38882 0.08115
596.00000 14.79698 8819.00000 682.64941 0.09185
436.00000 20.97018 9143.00000 1110.99264 0.05886
680.00000 20.98529 14270.00000 776.02696 0.04794
454.00000 25.74890 11690.00000 1003.57755 0.08637
287.00000 45.92683 13181.00000 962.21490 0.06389
467.00000 17.77944 8303.00000 298.90344 0.07346
273.00000 41.37729 11296.00000 758.69881 0.04368
712.00000 14.86657 10585.00000 597.87803 0.06434
707.00000 12.32815 8716.00000 512.91693 0.05053
665.00000 18.18797 12095.00000 768.43719 0.09255
222.00000 47.02703 10440.00000 1090.05274 0.08567
384.00000 23.72396 9110.00000 814.55639 0.07533
445.00000 20.24045 9007.00000 757.57648 0.08904
404.00000 22.34653 9028.00000 337.94045 0.02819
576.00000 29.22222 16832.00000 776.99967 0.06481
509.00000 27.95678 14230.00000 748.84435 0.08728
379.00000 23.16095 8778.00000 1050.94356 0.09768
626.00000 15.97923 10003.00000 657.51832 0.06789
427.00000 17.59719 7514.00000 754.36882 0.06631
381.00000 16.71916 6370.00000 728.60288 0.07881
307.00000 30.72964 9434.00000 1066.51396 0.07739
324.00000 38.04321 12326.00000 664.26517 0.07507
489.00000 15.76278 7708.00000 642.72004 0.06002
611.00000 22.41080 13693.00000 762.09501 0.09793
488.00000 17.68852 8632.00000 688.71435 0.10755
328.00000 14.84756 4870.00000 681.38309 0.06755
425.00000 17.63765 7496.00000 793.07918 0.06400
355.00000 35.73803 12687.00000 1457.92193 0.09745
509.00000 16.84086 8572.00000 764.63467 0.09457
515.00000 19.31456 9947.00000 684.88396 0.07517
685.00000 10.12701 6937.00000 643.82563 0.06166
591.00000 18.09306 10693.00000 601.54043 0.06427
373.00000 35.34584 13184.00000 687.84461 0.07746
424.00000 12.23349 5187.00000 1024.80491 0.08328
614.00000 18.51629 11369.00000 773.93532 0.12391
634.00000 14.79022 9377.00000 829.80290 0.06293
712.00000 14.66292 10440.00000 577.27265 0.08639
357.00000 25.89356 9244.00000 716.24767 0.09413
785.00000 10.71720 8413.00000 713.99774 0.06971
488.00000 18.30943 8935.00000 849.36641 0.07788
828.00000 15.21135 12595.00000 828.43299 0.10868
431.00000 15.44084 6655.00000 811.41576 0.09118
395.00000 25.29620 9992.00000 646.11655 0.06911
393.00000 23.51145 9240.00000 673.61298 0.08196
382.00000 25.17539 9617.00000 806.71668 0.07567
279.00000 38.34050 10697.00000 1398.76892 0.09691
439.00000 30.10934 13218.00000 737.85932 0.09162
534.00000 16.01311 8551.00000 530.68558 0.05121
506.00000 24.32609 12309.00000 1077.35221 0.06568
403.00000 22.09429 8904.00000 978.42226 0.06848
420.00000 29.35714 12330.00000 1309.05613 0.08639
773.00000 12.71669 9830.00000 920.74061 0.09268
723.00000 16.20470 11716.00000 898.34840 0.07987
345.00000 33.65797 11612.00000 1098.30623 0.07710
695.00000 28.21871 19612.00000 867.34883 0.07077
674.00000 10.89169 7341.00000 524.34757 0.08437
792.00000 15.05051 11920.00000 873.24431 0.13467
578.00000 16.12457 9320.00000 701.36894 0.07705
540.00000 20.11852 10864.00000 658.06059 0.06884
757.00000 8.25627 6250.00000 480.38509 0.07204
518.00000 15.06178 7802.00000 547.48791 0.06049
397.00000 29.61713 11758.00000 769.27881 0.07722
422.00000 36.17773 15267.00000 405.96046 0.04049
680.00000 18.22353 12392.00000 701.82410 0.09506
560.00000 18.63929 10438.00000 731.08752 0.06936
468.00000 14.77564 6915.00000 794.13749 0.08456
752.00000 16.26596 12232.00000 754.21070 0.06896
165.00000 38.40606 6337.00000 785.29172 0.08700
430.00000 17.89302 7694.00000 1007.48332 0.10392
675.00000 14.02074 9464.00000 677.57013 0.06790
551.00000 16.97096 9351.00000 683.42737 0.10442
662.00000 16.91692 11199.00000 838.80664 0.07432
374.00000 46.00000 17204.00000 1178.80412 0.08145
658.00000 19.25380 12669.00000 839.78271 0.09127
677.00000 10.96160 7421.00000 661.16041 0.07502
462.00000 32.84199 15173.00000 1013.61508 0.09061
426.00000 13.79577 5877.00000 762.82516 0.09218
492.00000 13.41463 6600.00000 855.75111 0.09662
553.00000 10.77034 5956.00000 491.66224 0.05226
638.00000 21.98746 14028.00000 541.41547 0.08600
295.00000 28.41356 8382.00000 698.11935 0.07740
647.00000 26.44822 17112.00000 634.93272 0.07769
613.00000 17.76020 10887.00000 714.36676 0.06910
532.00000 21.82895 11613.00000 731.24259 0.06057
459.00000 24.98039 11466.00000 939.02289 0.08767
678.00000 18.00000 12204.00000 679.58737 0.09981
780.00000 16.61667 12961.00000 682.75231 0.07980
358.00000 22.14525 7928.00000 1114.59715 0.06654
605.00000 17.91240 10837.00000 802.88639 0.08266
467.00000 20.21842 9442.00000 718.25371 0.07160
256.00000 48.62891 12449.00000 710.64297 0.08456
522.00000 13.83333 7221.00000 491.00474 0.06126
751.00000 15.95473 11982.00000 547.40290 0.05945
254.00000 21.37402 5429.00000 1003.79425 0.09057
368.00000 33.18478 12212.00000 451.35092 0.08157
421.00000 17.47268 7356.00000 1034.59091 0.11823
560.00000 15.53571 8700.00000 656.83913 0.08867
385.00000 29.72468 11444.00000 1396.68361 0.11381
495.00000 21.96162 10871.00000 746.19639 0.06651
621.00000 22.06441 13702.00000 690.54554 0.09496
408.00000 56.20588 22932.00000 868.19095 0.11458
677.00000 26.37814 17858.00000 570.55907 0.07906
482.00000 22.00830 10608.00000 829.75029 0.10756
712.00000 17.65590 12571.00000 1075.13394 0.07442
456.00000 37.53509 17116.00000 710.55525 0.07810
435.00000 16.69885 7264.00000 752.81949 0.07938
495.00000 16.67879 8256.00000 861.61284 0.11022
876.00000 13.17922 11545.00000 641.35297 0.07796
605.00000 16.26446 9840.00000 848.31189 0.08079
611.00000 14.56628 8900.00000 651.57145 0.08911
537.00000 24.35754 13080.00000 602.99085 0.07506
551.00000 15.49002 8535.00000 843.65097 0.06625
381.00000 30.13911 11483.00000 1007.35652 0.09761
278.00000 22.60072 6283.00000 1223.20984 0.10260
421.00000 16.91924 7123.00000 715.17553 0.05868
510.00000 20.64902 10531.00000 967.26189 0.06427
911.00000 12.33480 11237.00000 615.61644 0.06790
591.00000 13.88156 8204.00000 712.10637 0.08700
495.00000 24.95960 12355.00000 823.42281 0.10967
414.00000 35.56280 14723.00000 1298.78940 0.08183
533.00000 17.63415 9399.00000 706.54801 0.10654
498.00000 22.68273 11296.00000 689.59200 0.09538
568.00000 17.91373 10175.00000 877.31564 0.05126
542.00000 18.35978 9951.00000 744.27507 0.10212
366.00000 18.33333 6710.00000 615.94766 0.10609
376.00000 19.30053 7257.00000 1003.23737 0.05479
862.00000 10.62761 9161.00000 780.11749 0.08017
646.00000 16.27554 10514.00000 656.73233 0.10188
601.00000 23.61231 14191.00000 979.36199 0.08191
896.00000 13.37165 11981.00000 648.86926 0.07226
690.00000 11.27681 7781.00000 871.90062 0.11138
602.00000 15.32558 9226.00000 536.62097 0.05849
565.00000 16.44779 9293.00000 578.20262 0.07023
361.00000 19.89751 7183.00000 887.22914 0.06506
582.00000 11.35223 6607.00000 751.95253 0.08398
299.00000 23.93311 7156.00000 1009.71968 0.09451
681.00000 28.22173 19219.00000 782.74470 0.07808
353.00000 16.92068 5973.00000 762.88261 0.10015
274.00000 20.15693 5523.00000 780.16465 0.06654
592.00000 16.54054 9792.00000 965.58324 0.06899
327.00000 30.24159 9889.00000 572.49448 0.06064
330.00000 25.26970 8339.00000 701.68553 0.08182
267.00000 34.65543 9253.00000 1152.68706 0.07569
523.00000 23.13958 12102.00000 635.53082 0.10801
407.00000 18.84521 7670.00000 1220.11991 0.07288
491.00000 12.09572 5939.00000 1163.16875 0.08239
567.00000 26.26279 14891.00000 836.65787 0.06895
615.00000 28.60976 17595.00000 814.44499 0.07064
308.00000 54.64286 16830.00000 1105.16532 0.08053
446.00000 30.69058 13688.00000 1198.94854 0.07320
422.00000 17.39100 7339.00000 639.28157 0.06339
439.00000 22.20501 9748.00000 722.27061 0.08078
631.00000 21.52298 13581.00000 933.36045 0.07822
431.00000 30.26682 13045.00000 689.41597 0.07942
418.00000 18.87560 7890.00000 676.89526 0.08679
702.00000 10.53989 7399.00000 1148.58950 0.11857
281.00000 33.62633 9449.00000 493.64587 0.05850
699.00000 23.62947 16517.00000 687.41328 0.06896
559.00000 27.97853 15640.00000 727.07059 0.07803
765.00000 18.76340 14354.00000 777.12965 0.08687
748.00000 20.88503 15622.00000 670.99428 0.11223
369.00000 36.48238 13462.00000 713.88754 0.08217
462.00000 21.70779 10029.00000 1178.61489 0.09839
464.00000 13.06034 6060.00000 345.31318 0.05021
531.00000 18.91714 10045.00000 849.24932 0.10195
275.00000 48.02909 13208.00000 903.66380 0.05677
704.00000 15.99574 11261.00000 866.73424 0.08195
751.00000 10.25033 7698.00000 797.66881 0.10802
545.00000 19.54495 10652.00000 697.55392 0.07441
461.00000 48.27332 22254.00000 663.82087 0.07970
573.00000 17.57068 10068.00000 640.35079 0.06726
454.00000 23.90749 10854.00000 1047.66236 0.05576
703.00000 20.04125 14089.00000 588.05969 0.05957
727.00000 10.93535 7950.00000 729.00211 0.10252
690.00000 14.32464 9884.00000 712.59754 0.07788
526.00000 34.81179 18311.00000 867.59687 0.08285
611.00000 17.17840 10496.00000 649.48721 0.05990
540.00000 15.67593 8465.00000 616.50499 0.07981
895.00000 12.86369 11513.00000 918.87876 0.06667
685.00000 15.69343 10750.00000 683.87820 0.05818
