24.53957 17.87609 90.45956
57.39048 6.35828 90.78759
340.40000 16.30559 74.95837
69.03226 -54.94906 81.33050
29.51724 14.20888 83.57726
22.58125 -12.95972 92.29446
49.82895 -24.96547 89.08333
128.39286 1.37113 75.21510
716.66667 -57.40663 45.39362
33.96939 -16.68744 93.18620
14.00714 -4.83762 90.36763
14.22260 7.15649 85.83044
30.57778 14.35155 83.60782
12.96816 -10.51069 87.40871
13.76364 -1.91084 86.00759
16.63636 1.49653 90.16471
13.29475 11.01455 87.94443
21.91589 54.39219 81.60528
8.64403 5.59462 83.60060
22.05979 -1.92830 91.10060
36.77570 -6.11929 92.95292
16.57321 8.95502 79.89984
33.05263 32.76007 79.92470
20.18731 15.26665 80.95007
28.32121 14.83837 79.36834
25.41667 25.95053 81.64283
10.54645 16.69501 84.81810
11.12374 9.04516 87.90936
26.85714 -2.15799 90.33435
27.71154 58.22116 67.14210
22.33333 -2.98085 76.54102
29.30814 13.96414 84.80243
20.57083 -1.47221 85.94026
23.84821 -25.78156 83.78726
10.18750 3.56546 88.25555
9.95444 -2.77509 88.07156
19.59207 7.51059 85.63642
18.48881 -10.02942 92.25505
7.37303 5.80104 91.21952
30.15054 -5.89882 87.17667
16.12766 2.16880 91.60768
29.28378 -1.65683 87.91006
9.89444 3.10859 88.19426
10.98655 12.61060 87.50721
31.99371 -0.51048 89.95277
25.47436 3.30511 83.35092
16.84064 4.02787 88.52877
49.44681 2.35857 72.35110
7.25792 4.44902 87.49670
5.87550 8.13630 89.48945
15.69424 4.48989 91.42568
9.04887 6.99374 89.41219
13.00913 5.28963 89.02524
15.77370 11.33790 84.38770
21.68263 15.42116 83.71227
57.65455 23.39622 87.01145
15.63492 1.38080 86.05109
86.00000 43.13724 55.28782
15.76862 -2.79655 89.29385
163.30000 38.47531 55.25109
12.04310 33.29055 85.15310
30.79487 -27.39009 85.02300
22.17355 26.54507 82.02076
8.41667 7.20795 94.18067
13.70588 0.68801 91.17065
23.15873 43.40477 82.49696
9.25205 7.11687 85.65908
16.40678 38.25219 87.01939
27.26389 -15.53709 86.68022
11.18667 7.31872 87.52307
10.21719 6.51478 87.12548
14.16321 1.09221 90.24001
21.31481 -2.49095 88.68025
6.75436 8.41715 87.41782
12.05354 -0.56507 84.52575
18.24138 6.32804 83.90067
10.69333 10.31125 88.84887
16.62500 -10.83126 88.69095
103.53333 -56.77436 51.75743
12.73966 -8.45861 91.68985
19.83838 -20.05173 84.64345
17.34473 -0.98336 87.55523
32.30769 9.23893 84.91070
9.84424 -9.57079 90.84628
19.83544 1.89651 91.89954
37.92913 10.31708 82.22409
11.15195 -1.28926 87.45987
12.18275 1.53219 88.74461
44.20000 3.66129 87.05801
84.28767 37.68278 79.02056
12.95611 -2.87141 89.38785
24.51429 -8.46017 86.53654
14.13278 7.18143 87.09269
15.31884 3.88954 85.29315
12.88034 -0.84054 87.62935
18.60000 -0.44694 84.55405
29.63710 11.14930 85.61241
14.90254 1.79796 90.47471
38.25333 16.40883 86.20909
31.52055 -10.31888 81.46639
13.05263 -0.55770 98.72082
23.99580 5.69553 86.97215
9.76897 22.08059 85.36750
18.71429 43.11218 81.20241
46.36508 4.34264 85.52554
17.25779 1.02499 88.59586
30.30864 18.77798 91.36171
15.85802 12.42243 87.69619
7.31540 -6.87891 92.00629
10.90780 -2.80763 92.95484
17.17989 -1.62244 89.89313
145.45946 -7.96356 61.54262
11.85449 0.62350 87.98311
41.74630 -0.81209 84.25854
12.09873 -10.82296 88.63268
13.49402 3.79971 88.36860
19.80899 9.38352 86.66943
10.26625 9.94703 87.54937
34.87342 9.47059 90.97740
26.31228 -5.09892 89.21450
12.12199 -0.45844 86.44929
34.20168 3.33979 88.11972
17.05787 -1.06371 87.08093
20.14118 4.85958 84.15410
26.54386 54.04720 70.73581
22.89062 24.37052 81.48394
14.51445 -6.18797 89.59437
8.37179 5.00293 85.31406
49.64286 11.09453 84.54273
15.04301 6.15809 83.55869
22.62232 11.75061 86.17272
21.38636 -2.48397 82.29210
13.08587 12.91026 85.48917
33.41176 -5.48507 94.21868
39.88889 38.22778 77.18404
11.48958 -5.77249 89.70465
10.45848 1.32530 86.88511
61.00000 12.43633 88.93333
11.64533 3.97857 100.42482
10.69917 7.84090 87.91930
17.34276 12.74956 86.59899
17.96755 6.76896 89.41203
15.61386 3.14353 71.76922
12.44649 24.31340 96.98539
9.32878 -24.07838 91.20491
19.22293 -0.20449 87.17410
46.00000 -0.34311 74.91774
33.33051 5.77969 84.06224
23.05208 -3.91502 82.64144
17.25652 -7.74359 86.85241
14.17486 4.19863 84.23054
11.16535 8.76423 80.52138
12.43100 10.12694 82.37323
13.60075 3.73716 87.62237
10.19857 -2.15201 94.48741
32.42697 0.93649 83.40053
13.14000 14.30687 87.13695
12.05761 8.91176 92.48210
79.82353 -7.03901 90.63232
13.16129 -9.88911 88.96572
42.28972 14.03449 88.28420
25.51181 15.72400 88.47390
9.11576 1.37980 84.13287
14.39614 -2.81143 90.85023
30.58442 -28.16604 85.73390
8.30879 -7.94167 85.66719
21.37037 4.44675 80.06405
15.36464 6.76270 84.11026
30.01471 7.09682 84.17056
22.60667 13.88076 89.28136
12.62387 -4.46793 90.61102
16.20419 15.61050 90.77752
18.16346 -9.41777 88.60422
31.23333 -8.28254 96.02507
9.49000 4.06982 88.75042
10.01099 -6.10715 91.48432
22.61988 7.26863 85.90330
46.75676 16.47815 85.29199
9.18672 0.46797 89.61694
12.11416 0.40705 86.85767
8.67832 -39.72911 88.66482
19.40887 21.55877 80.13624
110.53333 -24.82643 71.99482
16.54264 3.05258 83.20945
15.49528 -0.83894 87.94770
16.59130 16.80224 84.13812
17.06667 11.62399 87.65255
12.81148 -10.80854 89.84367
24.91689 -3.62177 89.74263
27.74005 -2.72729 90.68479
40.01053 12.88193 86.90602
8.60000 -2.39808 97.46566
19.86520 -0.35990 89.77657
16.22237 7.53763 85.53192
11.91429 -3.18219 85.31369
15.32618 10.93963 82.26910
20.38361 6.09048 88.84095
30.67442 67.33495 44.54628
28.89691 32.51189 80.95650
17.33238 -5.59657 89.50328
12.92695 -2.41587 88.66801
32.21053 7.65076 83.06907
25.17143 -24.08720 84.54472
13.41509 12.52722 85.60895
20.21308 -5.04561 85.79833
8.39860 16.07384 87.79058
16.53151 1.70399 83.37261
39.71074 -5.88167 83.95640
21.24070 -2.52009 85.53280
40.57895 24.84557 90.06690
42.44138 14.32278 73.69692
35.80769 -8.16753 81.01878
39.36538 -60.60264 69.19817
21.62500 -13.88311 92.75683
25.15328 -1.26000 87.34656
18.95575 -6.02515 86.09223
9.35897 -0.69687 87.61245
24.67150 -16.48014 85.34284
9.01356 9.91376 87.25902
9.58628 -3.25644 86.28741
7.47638 -8.17614 92.52061
25.26087 -13.52201 80.62931
190.00000 49.61628 66.16781
12.36129 -4.59074 93.75412
20.14912 17.37447 86.46890
21.49007 -0.52882 86.92449
20.35484 5.82903 84.70892
33.37255 0.66873 81.18966
161.93750 -38.60536 62.30820
88.09091 -29.30122 77.82463
10.75841 2.04042 86.84723
13.66540 -5.31344 84.24584
10.48193 10.24909 91.95379
9.43238 11.58413 90.34839
51.28125 -10.59055 84.48149
14.70539 7.91396 89.97506
11.84958 7.03253 85.79404
14.85647 5.37742 87.27755
19.30387 3.19257 87.07837
9.34410 9.36494 87.09879
9.60500 -8.71918 91.67535
19.42675 1.77604 83.95134
16.99254 1.00398 79.33405
79.61538 -21.31180 84.23830
14.66900 4.96627 85.76497
15.85227 4.24376 88.30519
21.77273 11.18551 84.09577
10.60353 9.41626 93.48422
9.65476 -6.43208 90.21819
11.46715 8.35612 90.05726
6.86545 -4.99147 84.91598
13.36364 4.84922 86.74540
13.22714 12.05278 82.00639
16.17416 -3.09130 88.23113
9.28852 0.16116 85.10141
19.30081 9.45405 95.13375
13.86929 -3.56846 87.17880
13.89921 -4.98827 93.06272
29.67105 22.00395 89.47166
11.33333 3.15882 87.39368
30.38579 7.16964 88.86792
26.05333 4.19798 89.08527
36.22330 0.24305 93.37062
35.09589 12.08700 84.34018
17.60287 0.66310 91.32159
20.60612 9.11514 96.65378
22.81111 -4.75038 88.73249
6.76095 -3.03744 92.28936
15.65161 8.94259 87.81067
63.82812 14.45575 84.13232
6.64018 11.87096 87.15505
19.94864 8.87968 90.07818
16.81183 -14.20864 88.77611
27.25926 11.04817 79.68387
10.52385 5.79900 89.80613
17.91279 36.43785 83.56297
30.64000 -1.53804 94.66457
23.38889 13.11460 94.01687
13.43103 23.32933 85.89372
13.77700 7.42458 85.98512
23.82051 12.19239 86.91513
11.35565 5.25886 85.25321
31.88372 2.17515 89.12858
17.69142 13.51298 89.54036
15.36479 2.71395 71.17524
39.78014 -1.86637 89.59006
9.50883 -6.08521 84.43779
46.10714 -34.45476 96.70000
21.70370 2.50553 89.06426
54.31765 -5.15536 82.06718
50.43750 -29.54786 80.24915
19.62305 3.04044 87.06971