12.68803 1.47746 87.68177
15.90645 -0.08457 88.94672
10.18951 0.64602 89.87014
12.31714 6.49777 88.65557
16.30814 0.97389 84.01776
8.18500 0.23352 87.87246
18.17586 3.94466 88.88744
11.67123 4.55961 87.19752
14.59985 3.20839 89.29939
15.67964 5.56691 89.13899
6.97021 -1.73201 91.21507
37.42169 4.87551 90.22363
18.28320 1.41424 83.16463
9.37113 1.91062 88.57404
9.14116 0.53764 84.16157
26.53061 -1.55663 88.63354
9.01334 2.52818 88.85339
12.66382 1.56818 82.62663
9.68182 6.56751 93.42838
5.23382 3.78312 87.58884
11.68301 -0.18680 87.72694
6.72943 6.65693 91.76160
29.24408 1.88058 88.40506
20.00202 4.44643 88.79144
5.94537 5.27627 91.91359
16.02279 -6.35173 88.40370
29.94771 -4.73266 85.85087
23.74321 -0.00248 91.42238
15.14023 0.10365 85.58344
15.90068 1.02727 87.50231
5.72234 5.56380 91.10856
13.82049 1.50804 86.07726
7.41024 5.90168 87.74613
24.91622 -1.61048 89.89827
16.09365 3.40123 87.01754
9.94800 1.44805 86.49524
13.42532 -1.78457 93.65957
26.54708 -1.52792 82.05549
39.03519 10.67575 90.93395
11.09342 2.83662 87.56555
16.90648 -6.31226 85.29303
8.09315 -1.29562 93.91192
32.03854 -3.12897 84.93862
26.84506 1.31400 85.18782
7.49799 4.23832 86.01663
21.45679 7.06639 89.62650
14.27944 7.43963 86.11944
8.09328 4.71132 86.74681
19.67788 4.51977 89.01373
21.18106 0.33106 89.64554
6.93606 -4.02075 99.24768
8.67759 0.43279 88.75228
6.19398 -9.06569 86.51492
25.65396 0.89242 78.06766
9.35964 7.20600 87.51924
7.88400 1.26233 90.63360
11.25756 1.36243 90.00544
6.19869 -9.74784 90.35617
16.13442 -2.62073 90.44438
8.60382 4.72683 88.39515
19.17215 -1.17772 88.71788
11.24521 1.92606 87.73932
14.09502 -0.26329 85.46132
6.92958 -4.23840 89.30019
5.62762 -11.76199 91.30653
9.76520 5.11586 91.95685
7.08075 7.71037 90.71426
32.53288 7.69414 88.28651
6.40710 7.87331 94.30530
6.21771 -5.97120 91.17868
12.61696 -5.76040 86.98656
5.29726 -2.25323 90.20750
9.69816 5.44957 88.43777
14.40815 0.65657 89.54230
4.49694 -7.80583 92.86431
48.40593 4.66599 84.67086
7.52642 2.36742 89.64721
26.52930 -3.01815 91.08055
14.45499 -1.76989 86.10636
12.63306 2.02920 78.23674
11.17845 2.12057 87.62122
22.92562 -0.28487 90.23518
10.08869 8.89271 91.63196
11.93569 3.46705 87.61867
19.82472 -0.42336 90.74467
12.20046 2.95765 86.00077
15.52232 -1.06449 86.22079
13.45726 6.32809 86.60636
28.89868 0.45671 86.11277
21.28957 3.95959 80.94094
37.38991 0.12649 85.88651
9.50067 2.76422 86.99523
16.22835 1.30093 86.27429
11.34326 10.75875 88.05232
7.60189 -1.48779 91.30755
9.55153 1.33268 89.37431
6.81440 3.83689 89.70420
6.42165 -13.36912 96.86885
14.35958 -1.61334 90.40079
11.31908 -0.55931 90.76858
10.15419 2.18026 88.34400
9.13213 0.23276 86.69257
21.96981 -3.72979 87.68541
16.15562 3.36829 87.65138
7.91973 -2.63846 87.72334
16.80669 -5.91029 86.75803
26.94365 6.04461 88.83002
15.10473 -4.72456 89.63514
12.68666 5.72824 90.37179
6.52160 -3.39754 91.93020
11.59968 5.10742 85.56798
8.84800 0.64340 89.86138
19.32457 -0.86938 90.03668
9.30925 7.75449 88.73159
12.12937 1.58267 86.59748
5.85547 3.27211 89.86940
22.43719 -8.71357 84.16086
9.44972 0.33216 90.89064
29.26183 0.08880 85.37381
7.34025 4.49052 87.14875
15.73594 2.95987 85.23747
7.46496 3.15941 85.60866
9.46803 -4.11189 84.49640
30.08009 3.22989 87.43143
14.83450 2.13742 88.83405
5.31134 -3.17582 94.12134
4.66165 -5.00185 90.65355
7.62411 9.27697 93.37961
15.99523 16.20876 90.82329
7.57983 -5.90818 86.46845
9.83263 3.28960 87.32236
75.50181 -13.96367 91.53394
15.26544 5.99174 87.34163
10.00947 4.32977 85.93926
7.31608 0.17257 88.99352
9.57583 1.26313 89.56955
13.70596 -4.95411 90.20745
5.47524 4.70365 91.97063
7.10559 -3.54101 88.91401
10.97795 0.78066 90.70427
6.01438 -0.86029 91.89714
10.57341 -0.55143 88.84799
13.16759 2.72823 88.66176
30.83830 6.90260 92.46641
21.86446 8.14873 91.47519
12.87273 -10.74214 89.47568
32.35591 1.67357 83.28485
3.87519 7.33122 92.69428
12.55695 -0.59704 90.16538
8.53420 -1.31682 88.94185
6.98357 5.12056 88.43664
6.59867 -6.61115 87.59301
13.17889 10.12767 83.88139
9.38261 2.64465 86.50302
4.92705 -5.64902 92.27571
6.88361 1.68690 87.60181
12.81490 6.12917 84.95366
9.46250 4.79480 87.50261
9.68760 8.05246 89.10237
5.98571 -6.31415 89.05040
10.49643 3.53726 88.96325
9.38979 2.68527 89.05825
10.67599 -0.84978 92.45902
7.54300 -6.64328 90.35084
8.86279 6.67161 87.16387
7.58455 -21.49421 87.47274
9.17797 11.08369 87.56070
9.44782 0.02506 89.31597
9.31061 1.70952 83.52851
8.25940 -0.76652 90.11990
45.58039 0.30939 80.19402
5.85331 7.90269 91.00951
6.56330 3.85232 88.37033
26.97714 3.13103 84.63054
25.28269 3.55198 87.95217
8.86455 -3.01598 89.70821
19.43780 5.18874 88.99530
12.36721 0.55043 89.94926
11.52969 3.96044 87.23694
18.14413 1.35674 87.39189
8.25607 -2.68820 90.01322
9.74020 7.22408 91.23134
33.95161 4.73976 90.23633
18.46902 2.93090 87.02382
13.50487 7.59720 87.30145
13.38057 -0.85056 90.30478
14.85384 0.49366 88.45390
3.47811 -10.62127 93.04329
9.94324 -3.43480 90.94085
7.08428 -3.67862 89.20024
38.70183 1.67728 80.78232
5.39563 2.22690 93.29638
7.15542 1.22383 90.24711
8.44148 -4.96910 90.32480
4.99454 -7.61308 93.45839
9.71719 0.15999 86.31734
11.82603 0.32994 88.03041
12.37755 6.13000 87.62740
15.92816 1.72944 88.40329
19.31788 2.85660 84.61386
42.78509 -0.28793 90.67472
17.79539 -0.80076 85.43647
6.54443 -3.15201 88.92545
8.44394 3.83759 89.38690
7.20576 4.72350 89.66623
11.75221 -1.57619 90.50353
19.88971 3.22724 88.87542
8.81643 0.24863 89.85864
14.17914 4.24331 90.42709
19.96922 4.10271 84.72808
16.19989 3.00337 89.54253
11.46825 2.47540 89.81642
14.99574 5.42394 87.85968
13.25137 -1.65495 85.09879
23.70846 0.35603 75.65491
9.86425 8.34697 89.79104
14.67823 -1.74014 89.07369
7.29682 4.14638 87.87280
14.10486 1.37587 87.34099
8.18143 -3.19098 92.25773
5.26382 3.24293 88.74462
7.06609 3.41284 89.33008
13.25308 4.01121 87.47088
16.28992 8.98998 87.42352
7.82500 -2.96703 86.10893
6.73853 -1.28449 88.82693
7.92329 5.65269 88.73651
7.55974 -14.06546 88.80387
11.31588 4.94827 88.75230
15.00272 10.43636 87.63132
15.05649 8.57060 87.88526
6.67326 8.14643 91.10172
7.58909 -1.31409 88.83840
19.16684 2.62235 89.38921
36.98190 3.11377 93.25948
9.76265 -10.36904 85.89842
13.58873 0.06175 84.84171
7.61752 0.32603 90.89407
9.50847 -2.14491 89.90872
17.01656 1.25347 86.77589
19.11666 1.79829 88.06042
13.30550 1.32003 83.74151
15.23586 2.32282 86.27246
13.39989 8.98300 88.12934
6.33282 -12.72335 87.81493
16.69022 2.94861 83.22238
7.81701 -0.75982 89.98789
14.16910 -3.51343 85.51683
16.53903 1.66629 86.87317
5.05924 -9.43862 90.14244
5.20103 -20.53033 98.46590
49.59184 -1.03724 88.81844
8.84511 9.89131 89.68201
10.50624 6.01995 91.80209
7.58006 16.81656 90.89266
32.80898 7.19266 93.49768
18.79351 6.09807 88.17553
18.56393 7.11214 92.62008
9.52198 3.75579 86.22954
14.05466 4.32365 87.95021
8.24983 -4.44148 89.28468
45.08668 -3.53148 73.85455
16.83092 -1.15329 87.68945
30.73465 4.74832 90.22716
16.90674 7.23318 86.99368
10.16432 4.89336 89.66104
9.44924 7.93650 89.37342
30.18789 -1.46028 83.70196
17.03153 3.93924 89.53469
11.66236 8.76579 87.06792
13.02201 -4.49312 88.80342
15.48183 3.07846 89.54217
15.38449 1.15002 86.45069
11.63874 1.91270 88.02634
28.09783 -1.10691 88.84028
15.34332 8.12151 85.72934
7.62283 6.64635 94.11098
14.13038 -7.48967 86.63145
14.32396 -10.20937 95.63806
16.37543 0.26900 84.86624
7.63955 -0.61939 88.44273
14.51481 0.71416 84.70408
11.46174 21.50675 87.04947
46.64364 4.91553 84.13501
17.12708 4.84582 86.77295
12.78364 7.59803 84.28832
17.13240 -5.98908 83.61855
18.36015 7.00513 89.95294
10.29267 4.20000 87.70104
14.10714 0.09073 84.64614
11.12087 4.82786 89.06078
10.67580 -0.38616 86.61157