2791.3301930154635 35.35261948530521 0.08295536677508748
798.431357230498 15.006081495096323 0.355999588545835
697.9986366422345 19.807981004905518 0.06055651715152109
675.6323529412813 15.940012254903698 0.3162329403546362
329.8644761029914 10.426302083332926 0.16844005739810433
1569.0472732845228 27.225122549023265 0.06339050231479712
2050.8302389711894 32.24378063726182 0.05566441874962516
1571.3437346815338 29.66677389706134 0.03860568436334106
451.47804840693135 14.33457414215593 0.11137796983818062
617.8614430147555 15.780836397057797 0.19603166358998178
631.1390165441946 16.062270220588307 0.21737094088974654
1995.3722886034525 31.30853247549497 0.10102275971955164
1356.0056832111077 22.294071691180427 0.1301227332375521
1159.0684436275967 24.922395833335194 0.051889859313170986
523.8862438725946 14.07444852941128 0.1684774826901788
3114.0622395841565 36.74514399510855 0.09477071606844449
1227.2784313727439 22.92616421569029 0.1038832959436364
1175.4015318628278 26.268658088236254 0.047989145202500694
401.05715379902847 14.607398897057687 0.07982495467651579
1016.395940563817 23.445389093139962 0.0506231506310549
1196.1828125002498 21.37270220588665 0.0863334666404279
616.661335784372 17.38321078431452 0.0970944145629671
3099.0433057608366 38.59964767158329 0.06040026589522196
1685.6117187504688 29.209849877457522 0.06429540876163554
206.21792279412122 10.274050245097513 0.12128585890404686
2313.574218750696 31.895634191186105 0.06941578235546202
1121.4645986523212 22.9750459558877 0.09027125325829063
2154.1367493879743 31.18481924020438 0.07128872627414745
906.0509344363767 20.459053308826086 0.13600067802452998
1489.4893995100585 27.411580882355956 0.04806458532219605
488.5162224265183 16.013802083332795 0.11440760062852559
1155.7955116423254 21.557276348039444 0.08591962273398349
676.8846354167287 19.045726102943366 0.05918852074889012
3282.8727634817246 40.7412683823706 0.05007965334564351
1006.9351102941872 22.75805759803967 0.07602373853437583
1294.4380974266269 26.275168504904986 0.04636920921944055
917.5729779412725 15.62778799019459 0.39786166227643416
2058.828982843893 26.19169730393002 0.1589148712098069
1911.7851562504516 26.789996936280765 0.19322029315556616
419.3691023285099 11.494500612744838 0.3144480637181802
833.4193933824896 19.05863970588505 0.09280863606587593
152.52043504902826 8.458762254901886 0.15060200711112057
2077.3958486528295 31.19572610295269 0.08505099855923719
2136.043811275092 33.472212009811095 0.07492397375986397
959.4661458334501 19.998039215690017 0.11138957436860437
1031.0394607845556 16.792830882354036 0.35786777076908594
833.3419577207488 17.683440563726453 0.1167992325727881
902.2828737746103 20.078308823532726 0.06800558616518196
1921.3157475495611 31.190441176478508 0.04633736301647655
1620.3437193631248 26.157720588241393 0.0712471464674619
161.01962316177497 9.222594975489596 0.1296408752522056
258.5695006127496 10.64541973039162 0.1317116214656745
651.7321997550094 15.581188725489897 0.17639781993538836
1374.0975183828155 25.055085784322124 0.09704149616295024
479.5380667892912 15.085585171568187 0.09337485391298109
639.0359528186847 15.305223651959748 0.19332767875245402
271.687775735315 11.207383578430836 0.12440652930053311
210.69221813726085 10.23465073529358 0.11022217856059124
1073.3205269609687 22.44166666666987 0.08711013488093547
720.5423406863883 19.562101715689884 0.06666110980340213
1298.195312500366 22.17530637255501 0.1037489773090689
537.4763327206929 11.194745710784504 0.4473053416588427
3704.9628829671187 43.03086703433244 0.0579848054145356
544.4068167892682 16.607582720589072 0.071644863359495
375.46412377454664 13.333333333332735 0.1083465949461271
691.5571691177169 14.45061274509721 0.19433770624054
761.2984987745671 19.92742034313941 0.0758780438265626
1018.8226256129722 23.244715073533346 0.06274786188444118
333.5504136029634 13.536933210783369 0.08469579640913599
141.5282015931396 8.50905330882324 0.12917911748178815
662.6837162990648 18.47017463235444 0.06526225337276262
241.4712622549185 11.077573529410996 0.12315246752831607
1415.0843290444802 23.31355698530076 0.07988730800455242
920.031755514856 21.31401654412151 0.06985903096994736
362.1874540441474 13.787086397057951 0.10462920970325296
2070.567233456717 30.149708946088072 0.11127269564921384
840.5817248775163 20.494623161766686 0.06557320734239741
1308.941421568858 24.156587009805126 0.0937829563398182
1469.958440564221 24.3642922794179 0.0815407926703673
1047.1268995099733 18.63621323529645 0.1530092809069772
1271.4817555148686 25.190916053922848 0.0608730008017832
1401.7747395834879 27.42207414215635 0.054642770355746585
581.4749387255713 17.309865196079848 0.08153708123809252
1018.275628063876 22.246063112748168 0.09572370876444457
1657.5403492650994 26.849509803928402 0.07012735712705921
337.5292126225768 11.133930759803244 0.20106198678974263
1338.1061580887056 23.94522058824349 0.1833330589800823
416.08947610299003 13.938495710783497 0.11626534276488545
2145.790165441936 29.71326593138164 0.08751192988993467
642.1104319853555 18.109482230393574 0.08758039046924268
2304.3047487752847 31.768137254911508 0.1272137465326045
1416.6096507354762 27.09077818627739 0.04519830742801875
1170.7787530638577 22.721001838236724 0.08782679749975997
1348.5479166669068 26.856250000003037 0.046508839129809215
419.78042279416155 14.069424019606998 0.17440552762197162
742.6384497550218 18.892892156866296 0.12784957807613032
1219.6157322306647 20.591161151965462 0.16289308164063654
200.84554227942382 9.135125612744627 0.19672001765013064
1609.7492493875727 25.835707720592595 0.13376207355808287
645.922120098125 18.095802696080394 0.07837130267893144
1403.5917892160533 26.94209558824166 0.05461684505736114
716.3736672794706 19.23941482843328 0.06365742014156603
1570.6897671572317 26.35113357843688 0.07651141701723238
1314.7016850491964 26.321446078434313 0.06439029636228492
337.90196078435366 12.64347426470448 0.10210772704485667
953.7729013481847 20.50409007353304 0.10059070864298535
3015.2576286776084 37.2543198529533 0.06037961805918859
982.0492340688473 21.167401960788652 0.09167804654743317
1490.4706495101952 25.277083333340112 0.10851178143439048
629.4336243873598 17.776271446080774 0.0847760220809059
4247.303799020883 43.32349877452371 0.05845472842214307
506.12503063732356 13.614031862743513 0.1523486487944765
1438.7170649515 26.77742034314475 0.07677964525511013
622.278462009885 16.228707107843263 0.13475739736834508
1547.5708486522522 29.17532169118097 0.043712324035437546
355.9498774510129 11.36335784313657 0.2447631565184471
1184.652313112905 19.64915747549173 0.1927186694008265
783.9254595588748 19.87389705882444 0.05756826286340555
1586.7463848042196 23.156893382357726 0.11462800302796616
459.80016850495264 14.45087316176405 0.09987714613853943
2197.0577818634933 30.528339460792893 0.09691357807246555
782.9808517157572 20.214705882355158 0.06144192480656418
451.66692708338 13.800873161763404 0.1244574895145059
1738.0316942408683 26.430009191185484 0.23817457625169286
773.0128829658198 18.390364583336424 0.08957999492202624
308.0730085784563 12.211795343136378 0.09952917781914775
844.4891084559495 20.84912683823793 0.0575537329942421
180.7649969362846 8.902343749999668 0.18413872272218376
1366.9719056375475 25.35333946078782 0.12778106360876498
606.9304993873382 17.852527573532285 0.08132727606966837
751.0381280638336 15.76989889705775 0.18595877644547332
637.591773897067 14.164966299017593 0.1995449650838122
572.7823529412298 17.354319852942503 0.07331293536953952
1113.116758578554 24.798223039218026 0.046111165731878435
449.0303308823833 15.670802696077802 0.07153812088118043
507.50617340690707 15.32333026960682 0.08715894681513846
1955.2490502457042 29.668443627457076 0.061360046879187946
171.60220588235586 9.49025735294077 0.11755756958322847
937.9799325981153 21.57319240196338 0.06473459570611585
501.5460171569232 16.150337009803934 0.07580367957717114
198.52919730392767 10.272426470587709 0.10959656142292253
1158.3738204659344 20.47948835784713 0.15430430648527177
1871.4054227947936 28.913143382359785 0.06678868569470509
2873.985386030196 34.43618259804677 0.1428430822730276
1868.6085477945976 27.06513480392597 0.09767019531303221
75.7541053921578 6.269699754901881 0.16854762334778253
2903.243305760798 34.23291973040484 0.10047188234356688
746.1602328431715 19.855790441177078 0.060545342882359215
595.422058823608 15.50661764705773 0.10085055956418185
386.9634344362909 13.574433210783633 0.10184062465811168
870.7798713236582 19.10857843137577 0.14064890068388367
701.0592984069265 18.529518995100524 0.08426429553890262
1179.4130208335603 19.550306372552054 0.1347989156541549
1191.2624387257397 22.545435049024558 0.09003020663916093
468.9659926471184 14.583026960783252 0.16904105058405744
924.4437193628567 21.846875000003138 0.058012329805156616
2040.4948376231164 30.101302083341658 0.08063461699609688
734.8338082109024 17.97287071078603 0.10514789040339781
358.1632199755236 13.63368566176392 0.08842982877423647
291.10330882355254 11.600612745097475 0.10916057107312803
332.10586703435695 12.14036458333224 0.1115627899420334
717.3027573530404 17.803553921570412 0.10050796284365011
562.1741115196538 15.748988970588059 0.09102048989436437
447.42190563728826 15.378033088234782 0.07453434416109889
541.7659466912187 17.49269301470704 0.06641154821985047
1064.7332567404635 23.04214154412376 0.07060079714535723
909.3567095589996 20.395863970593254 0.09315784153696754
476.54790134807973 15.082184436273934 0.1364318458273905
373.09229473046264 12.122870710783783 0.21059818010343634
897.912331495259 19.41968443627841 0.11228750700405288
554.7204044118613 10.805484068627615 0.3793872649628171
700.3865042892984 16.345511642156325 0.18203729114141198
742.8921875001206 18.554503676473097 0.11010630200015463
2190.583471201705 26.716528799028218 0.23832934339172016
1779.5227022064864 27.598345588244484 0.1392936316421673
361.0479932598249 14.072166053920945 0.07788000322293206
1468.7941789219294 20.359926470591756 0.180576870903954
457.0871017157408 15.182781862744056 0.08363353982281921
879.9183210785507 17.889307598039785 0.15728137790624197
1431.822594975968 27.186044730399598 0.06018421088458573
973.0353860295407 20.13612132353318 0.07582160153171294
353.0664368872525 12.362576593136426 0.10355903373638917
1851.3776960790221 31.527297794124213 0.04130519223585407
1561.695557598424 27.616911764712537 0.05254832770860093
847.7635416668671 18.937285539219385 0.09682637561195132
822.0241115197039 16.524938725489253 0.1425949671885672
1128.571446078666 22.12202818627922 0.0902218651561441
333.2324754902246 12.974754901959875 0.10392512465529051
1080.7531096814637 23.511136642159205 0.05382875540382271
168.87838541667296 8.847778799019146 0.16518585049098314
2201.142187500656 28.436121323537485 0.1009085495587896
186.1586703431411 9.685294117646702 0.12175513583780798
1004.6064797795575 20.628170955885412 0.07576686509626848
1528.3349264708363 24.624571078435913 0.05985792451942421
101.87748161764944 7.344791666666564 0.14616729106012916
2110.275995710988 32.75261948529606 0.041127263998177004
1128.872717524844 21.331050857847657 0.08919264679300248
332.41063112747497 9.049999999999386 0.27360891861958997
835.9415441178049 18.734191176473992 0.10947236681226973
1699.9938112748623 29.892340686279468 0.0457440615407233
3345.853370099436 43.13970588237026 0.034118394962013146
1508.643060662216 24.079335171572975 0.10207225063438519
233.48246017157433 11.243060661764037 0.10655311231593897
1449.0516084560895 27.13650428922012 0.10315012135260622
282.7202818627744 11.082261029410711 0.14958158078937117
242.58733149511266 10.925260416665994 0.12024935555643831
716.9320618874065 14.993060661764211 0.1982153689569135
238.34152879902362 10.878630514705316 0.11574365359415474
724.6420343138599 14.68183210784305 0.21678282993552656
2440.587055760568 33.9611366421646 0.09426395154578988
3326.0098958339972 42.34420955883191 0.03215600071115837
1451.6541819856745 25.410064338241423 0.092225955912761
556.5601409313873 17.315441176470483 0.07180387147070783
807.503033088365 19.639705882357024 0.0704763420001973
321.46204044122777 7.776102941177004 0.41646477370499646
642.004672181453 17.956939338237827 0.1170654518890165
2076.1591911771625 32.65839460785246 0.06357188832073862
686.0888020834724 18.453446691179376 0.0771877488948692
907.3551011030453 20.48374693627683 0.0887118059708172
310.4421721814056 11.08785232842998 0.158622502167518
927.4272518383635 18.62856924019836 0.21800878330279755
259.1905484068706 11.649800857842601 0.09409708263983817
1251.539905024791 23.513495710789783 0.1412120493994915
1686.0693933828306 27.648284313733573 0.0749879298075265
660.4620098040319 18.32187500000318 0.0721850424573819
356.2822916667044 12.819178921567923 0.14429655139580208
260.5323223039375 10.760171568626815 0.12226597170310988
430.3697303922235 14.25713848039114 0.10780784792389463
1001.6568780639046 21.376853553925535 0.09342842217733364
1398.0999846817315 25.317294730397222 0.09498225266775244
900.6267003678165 18.529304534315994 0.11508872208105925
1081.943596813909 23.48342524510245 0.05190408217567462
202.41652879903157 9.021032475489754 0.18895466007498662
925.8217984070917 18.96003370098355 0.12868982890516892
3472.121246937144 46.06744791668031 0.02560675531514146
265.9242647059066 10.515042892155757 0.1284542886127041
463.3766850490936 13.177879901959939 0.1422327685289289
467.42786458337144 13.98451286764531 0.1828551172887442
269.25019914218063 10.485125612743987 0.1499714768289322
1223.6022977943942 22.732720588240063 0.1114282226012021
1168.6615196079504 24.59025735294209 0.10632950841164307
1034.9452665443057 21.99263174020065 0.1352670750982291
506.3064031863503 13.495802696077813 0.15277130729422597
1535.3456341917058 27.317233455889635 0.07929021681609506
944.310814951092 20.875520833336527 0.10372052607011539
980.2565870101056 18.211642156866457 0.23156989196482172
552.6693780637684 16.226792279411857 0.07776381789367295
540.5953890932353 14.59321384803823 0.11873343401820494
709.1704503676997 19.410891544119153 0.060600987728686426
237.91392463236286 11.131295955881733 0.10184898372119343
149.2607077205967 8.654273897058564 0.13462510545166903
2430.8867340695547 32.36302083334565 0.14266382043968368
693.8788296569437 17.49739583333394 0.13954134962582962
910.4336397060332 20.720251225494405 0.10450509822890404
1177.2559742649655 25.291789215689874 0.057119568486549525
2433.0127144616577 37.41072303922928 0.048059997113708675
1469.73759191215 25.846476715691338 0.08387244617732706
1926.1315870102505 29.605698529416035 0.0625103371985868
674.9933210785123 18.00520833333576 0.08323686644218477
850.5578737745798 21.79718137255036 0.05198413858548589
709.7569699755966 16.182184436274003 0.15703359111108373
1880.258455882801 24.1574754902012 0.2513679257043
917.8078584561275 20.8365042892194 0.0906884059092232
1474.847074142633 27.860370710792083 0.05674019303388819
1210.210952818922 20.56655943627839 0.1259229228449986
613.4080575981399 17.403216911766194 0.07206869727344908
1329.2516544120838 25.712990196083748 0.06359124891032682
2004.2825674027747 30.21685049020744 0.10075353773026022
1218.0361672796719 22.492846200985166 0.1389565591282499
357.6863357843444 12.96026348039106 0.15033573262464284
638.9055759804513 18.61908700980618 0.06343479232606034
395.450398284385 11.906587009802912 0.17351170515000314
976.2610140932218 23.37765012255168 0.04874847818826416
631.767279411874 16.8871936274524 0.09496896659174417
1436.2265318632212 25.728400735300585 0.08249387787100099
321.32956495104406 9.820618872549334 0.42399693446051356
389.2186274509931 13.67215073529343 0.10137711455735045
343.208103553957 11.667264093135927 0.13751332305036912
537.2169730393379 14.203431372548929 0.1517299365505313
416.5475183823998 11.955882352940224 0.17735226986575686
171.8935202206008 8.468979779411555 0.185169305497977
1302.8789368875737 23.124586397062753 0.13268323165001175
900.6293811275018 23.361642156864402 0.045536852450395834
2318.1166973047057 27.104197303929304 0.15097503500248333
858.6046875000756 20.338327205884454 0.12655410129133599
786.119500612869 16.960094975490833 0.12929640800425987
598.1715073530512 13.215134803921199 0.24417896461102304
1123.6029258579406 22.353691789218647 0.10908367749794137
1246.7730698531507 23.2317708333365 0.18270955341746015
644.426026348151 15.497809436273958 0.1780533949331225
762.8513480392999 19.141084558825483 0.11666574695055221
914.4378063726695 20.63517156862961 0.15437710080517833