399.687928921614 9.273682598039025 0.3952979293716189
630.3160539216567 12.895833333332776 0.3266531593815091
349.2255667892461 9.810217524509408 0.2957262141119592
686.4575061275689 14.144148284312868 0.2382222105757654
645.7426011030634 12.315977328430973 0.3820212369909674
203.98288909314266 6.490946691176187 0.46857052687454415
439.12576593142006 10.027022058822991 0.31568582456568467
290.2189950980694 8.744148284313814 0.34221807255534553
277.9018229166824 7.075811887254938 0.4387855009088433
403.64059436279115 9.386151960784426 0.32226228953860425
352.2470435049328 9.62593443627392 0.30413474857172884
612.3764705883355 13.314031862744425 0.30076517216896126
521.0702512255715 12.425490196077352 0.2492739418348547
862.5076439952229 16.817907475488806 0.21047268687718557
404.12195159318935 9.827680759804014 0.33989504574536505
1601.1575367650626 20.315686274511645 0.17127432210970062
531.5739430147423 11.38086703431232 0.3267836259878472
766.5384957108984 13.750291053920131 0.25795256042917086
502.55572916671576 11.863664215685546 0.2629555145820342
320.96479779414994 9.101470588234985 0.22422749880574963
384.80612745102167 10.537162990195231 0.2854979762507351
369.38224571081594 9.412699142156493 0.3216636351974939
348.23123468140165 9.436933210783964 0.2838455597368292
736.0891544118755 13.621997549019172 0.2520004226501293
320.84817708336755 9.17774203431373 0.31030732109832787
487.3211550245768 11.578661151960015 0.24268323906889314
349.55461090689056 9.027527573529364 0.36342660889131356
453.711228553988 10.699923406862261 0.3369355838491164
404.94114583337023 9.651531862744926 0.34504116568435866
732.5585784314517 13.441299019607056 0.26898364684205717
419.70790441181924 10.034037990196024 0.3449989300429068
664.0217064952178 11.684175857843679 0.3888099917103692
778.8694699756379 13.354733455882766 0.40580528589807324
549.9979473040155 12.596384803921346 0.2977664507662148
549.2534160539798 11.140150122548434 0.37173158356031266
809.9556832109403 15.049371936274989 0.27448540884311423
427.1696997549588 10.55934436274499 0.2598986528092958
475.4456341912867 11.543979779412329 0.40056731874608237
217.62101715687987 6.493658088235119 0.4398147434210573
1165.5684129903511 16.18005514705873 0.2689892727100082
402.793336397113 10.770603553921333 0.28902633776559267
437.1751838235871 10.072212009803708 0.34322344672058275
496.6757965686796 9.609681372549074 0.47666365744785627
783.7426623775634 12.936197916666522 0.37936448276146534
183.94937193628445 6.137147671568568 0.43253566731830007
561.7316329657613 11.84664522058766 0.296031831651735
893.1950367647723 15.73541666666455 0.24090403633220053
1035.3911917893793 18.25133272058814 0.23651664555693078
655.2011642157939 14.30839460784264 0.22610561632462783
482.78158700985585 11.548560049018871 0.2763375167901578
584.24969362757 11.689001225490916 0.39677622529860795
1020.8071384805523 14.511979166666857 0.4072667895289547
627.6176776961789 13.38462009803818 0.16964024043855644
474.05533088241367 9.05435049019624 0.39692938582683546
656.2236979167906 13.977098651960507 0.27345227731741223
536.4359221814223 10.899371936273385 0.31372813357353957
673.0300857844466 14.063511029412231 0.2472254844971736
816.4267616423195 13.569469975490565 0.37294117616086997
491.4120863971124 11.787882965685336 0.2911055324860093
825.6597886030622 13.413097426469971 0.3508532495902621
291.20223651963227 8.703553921568604 0.31537260987530513
212.1831648284454 7.299188112745202 0.39040595290619345
243.84636948531258 7.122257965686464 0.36164683166436346
463.79005821084803 11.652159926470128 0.19444140506756413
258.15459558824807 7.614338235293865 0.3870964055766083
245.24649203432767 7.754947916666335 0.37775456673396124
823.6309129903343 14.754932598038652 0.265081486038254
657.728140318694 13.444776348038674 0.29538544906630115
401.55238970593444 10.496139705881845 0.2785299756991495
316.5643841912049 8.68739276960773 0.32024442503730655
427.8092064951497 10.616743259803213 0.28826450923050406
488.499724264746 10.58143382352862 0.2967695916597417
548.308731617746 12.980055147059693 0.3080719425433155
557.5241421569651 12.260876225489746 0.30491115153130155
600.3611825981421 12.329289215685755 0.31021256957271515
1080.0555606618846 15.820235906861477 0.2963444179341687
667.4184129903332 12.578860294118172 0.38933269343308247
425.88707107847455 10.52423406862648 0.31666384715977
251.56648284316978 8.774724264706352 0.24321422496439782
724.4724417893176 12.68696384803856 0.3670308099344257
278.78186274512814 7.502757352941513 0.4249299127323922
933.7678462011451 15.287484681372549 0.3398549004433772
499.9931985294612 11.401623774508993 0.3047730217219344
259.6485753676486 6.319898897058479 0.49173778240204136
272.7812806372737 8.152083333333344 0.37117745182996403
279.1763174019883 7.850980392157059 0.3668350610461319
770.5996783089502 14.04483762254857 0.3331644910626645
450.0986672794785 11.200995710783682 0.23979091088798543
724.5405943628738 13.021047794117829 0.3122281845870716
1372.228354779753 23.1619025735332 0.19764081738368314
478.77454044126193 11.898988970587867 0.19360693252881495
546.7790441177165 12.14065563725403 0.285216944848509
150.8271139705981 6.826286764705555 0.2809713771797296
763.7695465687522 14.425275735293813 0.2865925528916838
547.5442861520008 12.225995710782867 0.25464677716768974
342.1330116421833 8.449800857843087 0.3296257303505734
248.410707720592 7.271124387254812 0.45162541839192527
456.55059742653526 13.075628063724473 0.19251123557081576
460.42314644612037 12.148268995096968 0.275297375401324
436.4765012255802 9.7544730392163 0.48061124348179024
374.78952205886117 9.206464460784646 0.3106224011519443
681.975735294204 14.271200980391013 0.2420307667610439
437.26885723044234 11.198299632352331 0.22627562876866433
661.8768382353445 12.324938725489613 0.272116270699062
246.28040747550088 7.154304534313447 0.39564544155438397
205.59082414216232 6.238097426470155 0.40393394562089313
1004.9304227943041 15.969669117646426 0.2196652364905453
428.95530024513954 7.685232843137514 0.5855367952141706
754.6081801471852 14.064705882352541 0.2862308137760695
767.1251072304866 13.38763786764613 0.32302025104563026
881.6002450981059 10.52665441176432 0.47791701277796556
1045.676700367812 17.459635416666618 0.206448268924679
706.6192095589195 12.260998774509536 0.44002869576118947
346.3972273284624 8.316436887255344 0.39510602055726474
380.54762561278466 11.26885723039129 0.22936002300203828
832.0221354168184 13.193213848038953 0.3314848312115029
626.7553308823968 13.05533088235139 0.22767099108621702
359.6186121323998 9.542264093136978 0.3308993138351914
564.9722579657806 11.095940563725478 0.3656290697326383
573.4344975490769 12.513020833332742 0.2874465997520509
581.0461856618249 12.574954044117003 0.2915649314709701
458.62487745104403 11.352573529410867 0.25304103404090145
964.6880667893491 13.804212622548457 0.3091171585159081
379.96587009808735 9.178278186274463 0.3830336484647523
567.5214154412529 10.808180147058911 0.3340993928331918
326.7771139706183 10.277542892156271 0.1997503475720316
725.6746170343929 14.494132965685385 0.2450796015614617
503.90150122554974 11.738756127449864 0.2583656968120872
825.0242187501384 12.618183210784842 0.3653360240859262
618.1762714461835 12.501363357843033 0.33706065610747155
385.1879442401999 8.092509191176152 0.40185057723875417
378.2628063725866 9.087806372548984 0.3102690715005276
267.55986519609536 8.25545343137274 0.3519177055540226
416.2971813725841 10.124509803920683 0.3364622289634159
536.7616727941888 10.80156249999996 0.3911705948933682
685.1174479167544 14.33074448529326 0.2705991946533828
169.28314950981488 6.299571078431398 0.35669195705552864
196.66547181373483 6.583609068627251 0.3527391281244268
249.41223958334874 7.478783700980357 0.3892004012713503
577.599525122574 11.395664828429723 0.41671543544984974
1027.9423406864491 14.228799019608314 0.3481136699803934
643.0407781863853 11.63299632352938 0.3945434667470288
453.73612132357545 10.910661764705484 0.3691207077086357
794.2972886030989 14.237331495098257 0.32225812062533865
453.84862132357654 10.571997549018823 0.3845805100282237
341.15065870100636 7.56640625000011 0.39263538508372736
761.3832567403243 12.727221200980242 0.3575368108760994
357.76197916670014 10.120772058822663 0.2977256867232544
354.83440563729033 10.985447303920612 0.19397486858877513
547.2613970588664 12.445251225489427 0.18049219022103402
549.0547028186885 12.29793198529341 0.29164277078416406
500.31743259812396 11.434681372548646 0.2091590926145085
867.9118259805527 16.3283394607849 0.28713346229983416
482.9849571078855 9.885906862745093 0.3433985702125734
306.9953737745337 8.34761029411755 0.3984380805871381
385.8719822304331 9.723820465685806 0.3077812828540333
260.99180453433047 7.307306985294122 0.4084609722927388
414.944010416678 9.07051164215612 0.3982799149824567
449.40049019612457 9.919178921568221 0.38735145842212726
679.4646752452193 12.714460784313484 0.30969433111169903
710.4613051471717 13.37236519607791 0.28765234947304
384.25237438732387 9.636044730392126 0.319024315388856
509.7910998774574 10.822319240194684 0.3327070596172354
793.0627144609027 13.819975490195704 0.4410254098078693
451.4792892157338 12.387101715685072 0.23998026782729687
452.19805453433844 9.967264093136107 0.34005617513776193
1134.7969056374052 19.60873161764804 0.18007998489837918
574.3396599265546 11.535646446078234 0.3036726085229213
773.0570006128713 15.564016544118195 0.2379910238845533
305.4153952206175 9.99180453431355 0.2526926559133221
675.0793351716587 14.088189338234178 0.25173631258616813
430.02149203437114 10.655897671568233 0.29136551612626554
598.8383884804764 11.432935049019342 0.3453452822070598
574.185278799104 12.195909926469753 0.25781021552151034
407.36302083338336 11.353462009803648 0.2897368454931114
338.75139399512807 10.385094975489425 0.2409115123244833
502.86902573538396 11.436948529411685 0.26564214030789035
444.8627604167299 10.046920955882431 0.30402312805980464
678.7965992647963 14.210569852940242 0.26997075770956647
171.91919424019972 5.285830269607583 0.4704169447438433
552.1738511030298 10.285094975490248 0.36964788529639253
533.9556832108404 12.678875612744 0.2372793180039699
366.5486979167015 10.231786151960101 0.2821534075797543
495.3890931373071 12.000735294116732 0.27896452284705253
851.5085631128835 15.66662071078392 0.28976390792226514
960.8939644609405 16.123100490196826 0.30937154709485626
551.530821078485 10.636611519607422 0.36273055351772904
598.5178308824417 13.616053921567238 0.2379643450326108
393.06943933827597 8.432092524510013 0.397574383698081
408.80499387259556 9.213112745097975 0.4405321785723227
393.12879901965124 10.606035539215055 0.238239095757706
649.6454044118534 14.285018382351831 0.2072271396821528
536.7426930147368 10.388955269606917 0.3064409896317154
636.6932138481563 14.797870710783462 0.1988375034890687
179.63256740197374 6.7760416666669485 0.3985675886564498
322.46960784316974 9.416666666666439 0.3142344890804918
677.8453125000684 12.014522058822864 0.323914655381353
858.3381127452736 15.01991421568667 0.3433219728714552
879.4298866423247 16.374555759804576 0.2645422124440021
307.01763174023483 8.026118259804445 0.3967487197773082
364.76668198533207 10.13043811274446 0.26118410799976843
659.232046568731 11.971966911764646 0.3516007602590834
479.25684742654903 10.741498161764419 0.24685648736976967
568.1427389706622 11.54270833333286 0.32969728422671585
1150.793030024696 16.886963848039144 0.35720359478064506
158.38134191177093 5.62181372548993 0.42185050347060105
320.56868872551905 10.077113970587394 0.27287709287724116
356.16632965688984 9.048866421568329 0.32946991965565936
650.6852634805239 11.494546568627841 0.4362918433808004
1037.2269454657828 15.48717830882264 0.38489679028311774
426.0496936274986 10.146966911764357 0.30044749820142025
644.825505514769 13.37961090686199 0.30279935106514744
3123.843229167712 31.737101715695562 0.2279758406607299
949.3599111522522 19.36282169118002 0.14510358126477518
501.1158394608262 10.852420343136826 0.34297699903337153
519.7976562500729 13.039384191175829 0.27365039036792616
499.34131433830095 12.09590992646949 0.2684671552088758
357.6055912990576 8.27786458333361 0.5259627136131717
939.6834252452306 13.423560049020221 0.3695075523958775
1121.2263327207845 16.597625612745304 0.3393310714004987
604.8698988971214 12.589813112744006 0.3213718137653276
411.1550245098442 11.159803921567548 0.3217642649124678
340.20746017160656 11.29606311274413 0.17842151520163513
264.52604166668453 8.456985294117613 0.3236721181847236
442.1416053921979 10.410998774509217 0.28782577627511896
412.7558670343547 7.848697916666966 0.46409774067376985
282.98336397061814 8.228339460784294 0.3196044699021574
606.1384037991096 12.157368259803233 0.27465891353775906
768.788664215829 14.684834558823903 0.32182941315389846
637.083379289335 12.068642769608084 0.3538944812324881
486.83465073536524 11.466636029410786 0.29754306059001584
613.5334865196513 12.311029411763014 0.37051174710446
1019.3401194854384 14.691498161764704 0.31680531456680955
852.9112438726693 14.261458333332726 0.31225084933389935
504.7211397059317 10.936580882352386 0.3571390175418733
717.8303002452432 13.317984068627778 0.322877943796737
529.7778339461607 10.263036151960977 0.3676325100225892
383.51678921573176 8.245588235294084 0.37708071575141067
496.01703431380105 12.259160539215067 0.26290581419034326
386.9892003676783 10.201577818626745 0.302893597071128
653.020113357906 14.021063112743677 0.2883272320225927
418.3372549020084 11.498161764704589 0.26056241695986854
640.0424938726376 11.809099264705617 0.4585963153573886
732.589430147161 13.17438725490131 0.27136688023919736
335.25018382355853 9.201623774509441 0.30569064817813835
307.9707414216074 8.330637254902458 0.32582943589183694
511.44171262260136 10.055346200980342 0.3439380313491354
499.5857536765222 9.87034313725511 0.40834403664784646
1588.2014705885922 22.281648284316343 0.22184720042434367
193.43765318627993 6.125275735293959 0.4203299236538525
189.21424632354413 6.023008578431337 0.4517928006448249
447.1960171569171 10.572947303921303 0.3296780157843072
192.99944852941078 6.49883578431358 0.3623344033282077
635.8060049020411 11.620986519607188 0.2517253799138818
575.9237132353413 9.598682598038861 0.4539373829898133
355.95883884807847 9.287729779411697 0.3586198165754768
217.286657475505 6.713097426470427 0.4179871702773834
187.06738664217335 6.579396446078464 0.41377850865122134
803.7220741422792 14.952068014705077 0.27441245561955857
735.7286305148032 15.308471200978705 0.21046126184631722
629.8138786765173 12.662285539214075 0.29604818246511955
661.339047181428 12.796185661762982 0.2981907756498855
451.7546875000634 10.051256127450928 0.3698517904584879
653.209589460874 11.840962009803542 0.35359781323512995
457.70076593142016 12.343658088234166 0.28795287994282337
595.9763020834209 11.773238357842812 0.3018136566271508
292.5272977941359 8.423590686274414 0.3495440203034886
338.77853860296676 10.917876838234191 0.3309963124470594
363.80168504905146 8.487285539215492 0.31231786126294175
568.9793351716703 14.316007965685603 0.1862946644981902
691.2182444853853 14.613066789214104 0.24421786739198625
1130.6748008580405 18.214690563727792 0.2515043698543805
1112.460309436457 19.69275428921893 0.1943130986033049
553.6148897059431 11.787040441175519 0.2812894763459609
295.9426776960966 8.403676470588447 0.3368595973838121
187.52849264707567 6.754473039215503 0.29047863972017046
453.8195618872979 10.88769914215599 0.3812766414990644
765.255744485403 12.3041207107836 0.3342724553771546
957.2390012256363 17.401011029412068 0.22065356772575506
682.964828431441 12.65193014705831 0.3002650672600002
375.5251838235661 10.495312499998947 0.24442920575640414
1464.0055912993703 22.815150122552527 0.18038787686342259
732.2494025736669 13.451485906862521 0.35764664336422575
250.06832107845068 8.375582107843176 0.3610225062529542
723.6521905638424 14.479549632352143 0.1692123244857699
719.5902420344656 13.345082720588893 0.3743729207215532
697.2484987746045 14.380300245096775 0.2371634796331091
1700.181357230628 22.314016544118644 0.19103635210707876
358.4042126225944 10.63788296568571 0.24014457420383672
489.5159926470905 11.270220588234722 0.25707946506159807
598.7205422794981 13.236289828430216 0.30009527441070666
490.0811427696645 11.04443933823448 0.2947606591666801
