0.11926 0.09771 0.67126 0.10418
0.53588 0.79937 0.51736 0.05985
0.12210 0.74224 0.48559 0.09919
0.50293 0.36288 0.64649 0.03202
0.68519 0.32275 0.46070 0.03013
0.28942 0.22495 0.48682 0.03711
0.48607 0.62668 0.64012 0.03960
0.10284 0.67563 0.80465 0.12053
0.64218 0.11586 0.70764 0.13949
0.61695 0.39080 0.48528 0.02991
0.54018 0.54780 0.42274 0.04777
0.66790 0.17822 0.64007 0.06561
0.17517 0.30472 0.45732 0.05619
0.47374 0.25633 0.69993 0.07398
0.06968 0.88243 0.52820 0.13337
0.34310 0.19660 0.62829 0.09705
0.47135 0.35705 0.51753 0.04124
0.57427 0.48134 0.72861 0.03313
0.15463 0.16868 0.57256 0.08250
0.37682 0.41408 0.45801 0.04482
0.36823 0.47422 0.68367 0.05865
0.63416 0.87828 0.48995 0.12746
0.58320 0.49182 0.80577 0.04644
0.51247 0.33152 0.60685 0.04643
0.68046 0.11792 0.66709 0.09776
0.55954 0.53519 0.45974 0.04447
0.82330 0.27042 0.62858 0.08675
0.41646 0.20399 0.63415 0.05743
0.04818 0.58607 0.61735 0.10151
0.57346 0.36820 0.83765 0.04527
0.79381 0.59396 0.35223 0.08841
0.53583 0.42946 0.52902 0.03898
0.45100 0.18374 0.62380 0.06264
0.43111 0.14292 0.63999 0.06587
0.60506 0.44704 0.62551 0.03176
0.60625 0.27476 0.62933 0.06449
0.78291 0.35385 0.29693 0.08658
0.59136 0.32643 0.49763 0.06418
0.29101 0.40878 0.44281 0.05414
0.29957 0.16429 0.47801 0.06265
0.57322 0.76415 0.50538 0.03518
0.23603 0.28390 0.66994 0.05997
0.55101 0.30629 0.58005 0.05216
0.48582 0.45432 0.50176 0.02827
0.11569 0.41814 0.46564 0.06195
0.58640 0.37090 0.63930 0.03605
0.49442 0.41418 0.46792 0.05020
0.13488 0.59570 0.66697 0.11537
0.51984 0.24685 0.42516 0.05010
0.35401 0.61147 0.63792 0.07344
0.53902 0.63131 0.73210 0.04906
0.42570 0.13032 0.61363 0.08194
0.45778 0.45182 0.52046 0.05703
0.59946 0.54463 0.51147 0.09355
0.07178 0.49676 0.53923 0.06489
0.46629 0.31299 0.49029 0.03864
0.13105 0.56374 0.58423 0.09388
0.22929 0.21814 0.48667 0.06708
0.29991 0.24725 0.64214 0.06438
0.12650 0.50824 0.35273 0.06981
0.52233 0.31472 0.48917 0.08845
0.51705 0.30773 0.49644 0.02361
0.48312 0.19642 0.45280 0.08787
0.66994 0.27182 0.57217 0.07330
0.45232 0.60570 0.69092 0.05539
0.09067 0.68294 0.80053 0.14048
0.62384 0.12327 0.61146 0.06571
0.68115 0.27911 0.59769 0.05570
0.61228 0.17223 0.64560 0.05680
0.54814 0.31933 0.58874 0.03444
0.56116 0.32047 0.65686 0.05231
0.56032 0.46346 0.61235 0.03167
0.37600 0.17957 0.55526 0.06628
0.58107 0.35958 0.70324 0.04691
0.56904 0.42972 0.66828 0.03189
0.55132 0.33444 0.56698 0.03173
0.45271 0.43808 0.51753 0.03305
0.48993 0.17297 0.53955 0.09640
0.53841 0.18517 0.82309 0.07506
0.50711 0.42694 0.57891 0.05919
0.48982 0.24654 0.75648 0.06696
0.20855 0.31319 0.44554 0.06393
0.62650 0.11450 0.67112 0.09487
0.42085 0.12983 0.63629 0.09352
0.65774 0.36210 0.54992 0.12772
0.49786 0.27719 0.46128 0.05439
0.88626 0.18565 0.57137 0.09365
0.53355 0.30355 0.44200 0.05875
0.61662 0.38847 0.68448 0.03885
0.07928 0.88989 0.56781 0.15535
0.34066 0.33642 0.49538 0.05076
0.58551 0.48986 0.47854 0.04789
0.56133 0.28335 0.53195 0.06293
0.51640 0.57964 0.37480 0.06588
0.17028 0.27589 0.39740 0.03520
0.63056 0.50445 0.25597 0.06920
0.37577 0.45397 0.57788 0.08553
0.49420 0.29169 0.70186 0.06651
0.55126 0.30193 0.73300 0.05973
0.53823 0.62339 0.59076 0.03774
0.48730 0.36551 0.59102 0.02835
0.48902 0.22652 0.57451 0.06123
0.65163 0.16271 0.50164 0.06404
0.37294 0.30685 0.64124 0.09646
0.11560 0.66477 0.90946 0.12761
0.42833 0.57627 0.65331 0.08093
0.27360 0.17179 0.67930 0.10456
0.52333 0.06659 0.77675 0.13262
0.52462 0.32368 0.58750 0.05341
0.53017 0.61236 0.65077 0.06083
0.10863 0.84646 0.47684 0.12394
0.12397 0.50988 0.63295 0.10581
0.32490 0.20048 0.57671 0.05463
0.40840 0.13306 0.59456 0.05373
0.45238 0.57257 0.72613 0.05255
0.22792 0.36732 0.59528 0.07969
0.44330 0.26979 0.44186 0.07427
0.52294 0.43220 0.60854 0.03078
0.33330 0.28825 0.56899 0.10162
0.20945 0.43758 0.38716 0.06644
0.57441 0.35774 0.60909 0.03501
0.54305 0.55629 0.54881 0.00624
0.22008 0.52308 0.41728 0.06505
0.29949 0.72826 0.45108 0.11876
0.60169 0.24755 0.67932 0.05424
0.44561 0.14212 0.52251 0.07897
0.40747 0.51435 0.53679 0.06203
0.56919 0.35526 0.70518 0.04733
0.62814 0.50608 0.76727 0.04301
0.14156 0.48515 0.47351 0.06710
0.09730 0.49372 0.37630 0.05733
0.58569 0.62671 0.52897 0.04229
0.47899 0.54457 0.56439 0.06292
0.48423 0.21928 0.51181 0.08487
0.59157 0.19456 0.69661 0.05797
0.60616 0.17182 0.65229 0.05493
0.27622 0.43715 0.43663 0.10530
0.61697 0.10000 0.70192 0.10753
0.46001 0.25841 0.67231 0.06202
0.54178 0.31462 0.51025 0.04354
0.55497 0.27386 0.52054 0.08449
0.51985 0.39924 0.71972 0.04935
0.64071 0.24321 0.54925 0.04130
0.38767 0.46698 0.67874 0.10231
0.39926 0.40206 0.41129 0.07607
0.37748 0.50606 0.67379 0.08879
0.19553 0.75131 0.49320 0.12864
0.49740 0.31359 0.52484 0.04824
0.41856 0.29862 0.71976 0.06562
0.57692 0.42727 0.43762 0.04989
0.08249 0.80672 0.55556 0.10730
0.35614 0.34262 0.31466 0.04788
0.44428 0.46222 0.61683 0.06008
0.46290 0.07216 0.77648 0.12269
0.44753 0.30081 0.45936 0.07140
0.54133 0.60105 0.35074 0.04122
0.06803 0.67984 0.52844 0.12089
0.57653 0.17766 0.60266 0.06169
0.41299 0.11260 0.51408 0.03970
0.35948 0.37981 0.58507 0.07527
0.09868 0.60494 0.52680 0.06981
0.47509 0.42190 0.51791 0.05202
0.47550 0.53543 0.75460 0.03854
0.57322 0.29272 0.50564 0.05488
0.57583 0.39017 0.74619 0.03998
0.47238 0.61130 0.58907 0.07528
0.36045 0.37507 0.38515 0.04216
0.26381 0.36706 0.56709 0.04605
0.57057 0.42492 0.37375 0.06653
0.48626 0.24777 0.54783 0.03681
0.55695 0.43394 0.49442 0.03801
0.05759 0.56787 0.61455 0.09842
0.44566 0.49864 0.50585 0.04203
0.51762 0.35378 0.62783 0.03743
0.07815 0.83522 0.70097 0.14759
0.49507 0.26352 0.57026 0.04392
0.33749 0.28877 0.41175 0.05807
0.39291 0.39291 0.41026 0.09575
0.54003 0.46307 0.68017 0.03285
0.45503 0.63537 0.58540 0.02875
0.36502 0.40310 0.65378 0.05867
0.51624 0.41242 0.31144 0.04650
0.35853 0.49906 0.55603 0.08571
0.69904 0.14707 0.72405 0.11207
0.45789 0.59058 0.62119 0.05075
0.13776 0.55895 0.51328 0.08497
0.10007 0.59062 0.52614 0.09967
0.53759 0.41388 0.60392 0.05161
0.50699 0.46195 0.49828 0.03571
0.49790 0.52734 0.68508 0.06651
0.06929 0.77240 0.35277 0.10795
0.73925 0.26965 0.51149 0.05574
0.60026 0.52203 0.49958 0.04213
0.36912 0.37693 0.57858 0.06680
0.36165 0.28801 0.68146 0.06425
0.34593 0.23895 0.49773 0.04818
0.58097 0.47196 0.55392 0.07118
0.05699 0.59214 0.62886 0.10203
0.50017 0.54522 0.60968 0.07815
0.55189 0.14449 0.56196 0.06762
0.56753 0.16554 0.74365 0.08054
0.55639 0.47748 0.45569 0.02167
0.55466 0.21191 0.51787 0.04496
0.47626 0.22417 0.59329 0.06293
0.38905 0.09698 0.69383 0.08641
0.43668 0.13569 0.53400 0.09438
0.49127 0.63213 0.39269 0.06806
0.65286 0.68434 0.56858 0.06723
0.65041 0.40534 0.56800 0.05255
0.52468 0.14764 0.73577 0.07252
0.58063 0.15526 0.54657 0.06431
0.64521 0.65622 0.73664 0.01931
0.34850 0.36395 0.59088 0.07334
0.55741 0.20116 0.56975 0.07202
0.55668 0.56329 0.76714 0.03416
0.54601 0.26541 0.70261 0.06803
0.49200 0.22447 0.59899 0.06524
0.50620 0.59831 0.54065 0.06059
0.57614 0.39303 0.61395 0.03399
0.08461 0.41533 0.47794 0.04131
0.10302 0.33637 0.50842 0.04957
0.50102 0.30300 0.75017 0.07872
0.55170 0.70957 0.48782 0.03080
0.64543 0.16870 0.62783 0.06751
0.57624 0.53005 0.53592 0.02128
0.21238 0.32106 0.57788 0.08574
0.31501 0.27350 0.45310 0.07733
0.63995 0.58981 0.53309 0.05828
0.42323 0.56190 0.42432 0.11242
0.65311 0.50191 0.35147 0.07214
0.88510 0.17696 0.60570 0.09630
0.57359 0.45692 0.90129 0.05378
0.34643 0.14963 0.60988 0.08163
0.30274 0.24175 0.39012 0.04970
0.51746 0.37753 0.52121 0.04292
0.51499 0.19827 0.52311 0.04871
0.21802 0.47071 0.58869 0.09607
0.55218 0.31189 0.55207 0.03462
0.45475 0.26295 0.49791 0.08315
0.50442 0.58599 0.53452 0.05356
0.51113 0.51258 0.52968 0.03663
0.58494 0.18907 0.59097 0.11184
0.24442 0.32413 0.41207 0.05268
0.60257 0.57507 0.61203 0.01172
0.10907 0.74470 0.53224 0.11251
0.56206 0.24690 0.44639 0.06144
0.56545 0.60922 0.60192 0.04730
0.51192 0.22431 0.62557 0.05520
0.57086 0.24249 0.70774 0.08218
0.58701 0.38018 0.63418 0.03376
0.46708 0.07513 0.60042 0.12336
0.39332 0.22791 0.56343 0.08154
0.53313 0.67909 0.46477 0.05729
0.08013 0.69942 0.82358 0.11881
0.11634 0.49294 0.70679 0.10305
0.56647 0.49247 0.78244 0.04984
0.57508 0.65017 0.64586 0.03939
0.35810 0.26235 0.49343 0.04899
0.11137 0.45697 0.60477 0.10641
0.66179 0.21066 0.47404 0.07182
0.50818 0.26895 0.65950 0.06179
0.58730 0.36983 0.64461 0.03545
0.47255 0.21465 0.67534 0.11226
0.51248 0.53661 0.50837 0.04593
0.35152 0.23304 0.68990 0.08571
0.37508 0.49422 0.65779 0.06857
0.42068 0.21155 0.66365 0.07388
0.74217 0.52550 0.31724 0.07039
0.49322 0.17106 0.65011 0.06444
0.56417 0.27181 0.52103 0.06832
0.57980 0.36699 0.72205 0.04711
0.48216 0.12000 0.46658 0.05684
0.56584 0.15824 0.79765 0.08571
0.45262 0.16166 0.53032 0.07687
0.40207 0.60514 0.60695 0.05751
0.55611 0.34216 0.34388 0.06063
0.49841 0.27857 0.43064 0.02817
0.53702 0.53051 0.70625 0.04503
0.07977 0.75407 0.70793 0.12650
0.05168 0.77553 0.62987 0.11967
0.59016 0.46762 0.74138 0.05460
0.38591 0.26629 0.59571 0.10032
0.14783 0.49277 0.63223 0.09062
0.56107 0.61031 0.61186 0.05375
0.64200 0.23712 0.55633 0.04263
0.61604 0.69611 0.38751 0.10398
0.08507 0.93151 0.59013 0.16052
0.55706 0.04366 0.84487 0.12970
0.57288 0.76336 0.59387 0.02375
0.58106 0.19164 0.71675 0.07183
0.57723 0.36035 0.45419 0.02440
0.17704 0.27611 0.40982 0.04865