0.24260 0.53836 0.30164 0.06567
0.50138 0.29676 0.47511 0.06518
0.20688 0.40904 0.36435 0.05999
0.32379 0.73008 0.65054 0.07677
0.29834 0.41327 0.19355 0.04938
0.28564 0.18750 0.49069 0.04571
0.13144 0.79627 0.54064 0.12188
0.17036 0.37315 0.50612 0.03913
0.15168 0.71132 0.49088 0.08062
0.56343 0.29160 0.54961 0.03696
0.36081 0.60828 0.51752 0.05038
0.22023 0.58349 0.62152 0.08251
0.29671 0.39272 0.46727 0.06364
0.26994 0.24180 0.47939 0.03846
0.27936 0.65050 0.19322 0.07226
0.29735 0.53833 0.42225 0.07470
0.31311 0.28327 0.43390 0.05439
0.15694 0.65647 0.56761 0.07796
0.57533 0.04284 0.59234 0.10312
0.34928 0.12960 0.53249 0.06486
0.48907 0.20944 0.36381 0.07585
0.25319 0.24740 0.40998 0.02197
0.25934 0.53839 0.37992 0.07420
0.13447 0.75566 0.49917 0.10760
0.10294 0.42502 0.51845 0.05226
0.34726 0.43875 0.36028 0.07555
0.22469 0.65478 0.46808 0.07674
0.25705 0.43240 0.47921 0.05974
0.25263 0.33013 0.54788 0.05084
0.16565 0.42899 0.53253 0.07045
0.32117 0.50472 0.37875 0.04441
0.30990 0.23139 0.64828 0.10253
0.20471 0.14233 0.50624 0.03832
0.39726 0.30750 0.40519 0.08298
0.42366 0.40477 0.62782 0.08329
0.19402 0.29257 0.49100 0.04713
0.57061 0.42026 0.58034 0.05026
0.40300 0.47308 0.31086 0.09814
0.44950 0.33014 0.50804 0.08026
0.28615 0.25300 0.16920 0.04480
0.19611 0.17764 0.38381 0.06251
0.18314 0.44506 0.43926 0.03459
0.19594 0.68513 0.46418 0.12062
0.21035 0.72171 0.70441 0.10550
0.26932 0.35958 0.29076 0.04037
0.50753 0.33742 0.47087 0.08630
0.28903 0.38605 0.35421 0.04500
0.23931 0.36791 0.34013 0.02720
0.20518 0.61284 0.39658 0.06720
0.23291 0.43774 0.46472 0.03914
0.20063 0.41659 0.46694 0.03356
0.19491 0.32971 0.45190 0.03700
0.24161 0.62280 0.23747 0.07982
0.49766 0.27727 0.23189 0.05571
0.29033 0.61914 0.40603 0.04444
0.40068 0.34946 0.53531 0.04091
0.55903 0.13295 0.59181 0.07398
0.21776 0.31401 0.33376 0.01356
0.55088 0.30781 0.52639 0.04603
0.42573 0.41223 0.41940 0.02666
0.32276 0.38824 0.29032 0.05842
0.14792 0.38704 0.17158 0.05297
0.40388 0.35329 0.37370 0.07947
0.18124 0.29180 0.47468 0.03632
0.31674 0.40750 0.39381 0.02605
0.59002 0.55337 0.36420 0.03750
0.30885 0.42680 0.38323 0.02221
0.28369 0.26704 0.47286 0.04273
0.11702 0.53398 0.40967 0.04820
0.17628 0.27192 0.49627 0.02495
0.28134 0.24309 0.48525 0.03411
0.25722 0.65685 0.37730 0.08460
0.34994 0.54884 0.29493 0.05839
0.14801 0.62376 0.40706 0.07383
0.24675 0.64616 0.39683 0.07778
0.27142 0.64409 0.51173 0.12109
0.23521 0.41982 0.49493 0.03984
0.11375 0.36345 0.54348 0.08092
0.13670 0.54095 0.45665 0.07531
0.13004 0.75031 0.33948 0.10324
0.18379 0.38903 0.55065 0.06693
0.15513 0.39227 0.66634 0.08356
0.34198 0.47531 0.47890 0.03097
0.11589 0.46511 0.52995 0.08780
0.27365 0.34209 0.41462 0.03680
0.15725 0.35549 0.55202 0.03549
0.28395 0.42629 0.26535 0.08892
0.14859 0.44915 0.37277 0.03878
0.24598 0.66783 0.47996 0.08969
0.44163 0.59350 0.48970 0.04157
0.35290 0.36665 0.46861 0.07029
0.33273 0.11721 0.49876 0.05518
0.17164 0.44431 0.46888 0.04384
0.20395 0.40021 0.48710 0.04194
0.29845 0.44929 0.44838 0.04179
0.39834 0.30357 0.34622 0.04419
0.28906 0.64688 0.34818 0.09310
0.24302 0.49318 0.25311 0.05554
0.38681 0.47667 0.58059 0.06580
0.19038 0.35556 0.42161 0.05285
0.24642 0.63475 0.44431 0.07362
0.21781 0.46356 0.41670 0.03648
0.36637 0.42723 0.46094 0.05796
0.30198 0.39961 0.44593 0.03188
0.29776 0.43831 0.37943 0.02883
0.36408 0.32341 0.45097 0.04591
0.20427 0.47363 0.59257 0.11786
0.39851 0.27927 0.43516 0.05148
0.19733 0.57227 0.27469 0.07342
0.53151 0.24750 0.34470 0.04393
0.24425 0.44908 0.29782 0.07481
0.48507 0.37265 0.38697 0.05311
0.36883 0.45779 0.42293 0.04313
0.41995 0.40347 0.46261 0.04918
0.28964 0.54028 0.51785 0.03760
0.18535 0.64145 0.30670 0.10815
0.57243 0.19960 0.54109 0.07874
0.23289 0.51019 0.56149 0.03870
0.45776 0.42893 0.31978 0.07479
0.22062 0.43383 0.29762 0.03850
0.21118 0.69121 0.45871 0.10149
0.18392 0.35567 0.55789 0.05227
0.22530 0.31932 0.49399 0.03357
0.18949 0.63328 0.34635 0.11731
0.17479 0.41801 0.33346 0.05373
0.28070 0.43245 0.45096 0.02617
0.48026 0.32925 0.33628 0.03935
0.30099 0.32477 0.38226 0.04093
0.21623 0.55193 0.56582 0.11215
0.19301 0.59986 0.39187 0.08332
0.32219 0.33005 0.47183 0.06725
0.60574 0.31732 0.59032 0.03943
0.17733 0.39236 0.45486 0.04041
0.14358 0.33293 0.53106 0.05073
0.13438 0.77121 0.49878 0.09312
0.19241 0.40672 0.51416 0.03799
0.10165 0.77131 0.59055 0.12113
0.18030 0.20635 0.51401 0.02850
0.23719 0.37786 0.51453 0.04288
0.24269 0.44038 0.47714 0.05457
0.19849 0.19952 0.40014 0.01773
0.29176 0.46062 0.40869 0.07888
0.28606 0.57130 0.56393 0.11776
0.47288 0.28009 0.57134 0.07629
0.22779 0.67263 0.49598 0.09059
0.19754 0.22965 0.41406 0.01588
0.17168 0.51484 0.31948 0.09606
0.35995 0.09545 0.50689 0.06117
0.32025 0.20280 0.41182 0.03555
0.17338 0.37422 0.39907 0.02376
0.38685 0.38737 0.23959 0.05053
0.29410 0.40512 0.33681 0.04635
0.51516 0.52018 0.25891 0.05084
0.15781 0.38516 0.41529 0.04973
0.26925 0.18739 0.49881 0.05057
0.39748 0.17096 0.43526 0.05141
0.11403 0.76065 0.35013 0.11005
0.39004 0.42183 0.55136 0.02978
0.33302 0.44942 0.35971 0.02274
0.10120 0.45766 0.38212 0.03478
0.26935 0.44301 0.32541 0.04586
0.22899 0.31747 0.49289 0.04140
0.24544 0.43033 0.52519 0.04750
0.31275 0.18743 0.53886 0.05766
0.27275 0.56985 0.37065 0.03918
0.27515 0.46554 0.33277 0.04430
0.44572 0.35038 0.29253 0.06498
0.29062 0.35004 0.33016 0.03486
0.36256 0.33263 0.41768 0.04851
0.51130 0.42835 0.34023 0.06076
0.44819 0.32037 0.19546 0.08240
0.32056 0.48869 0.44317 0.07884
0.34953 0.26604 0.34603 0.05072
0.25115 0.53053 0.25606 0.09098
0.48576 0.44734 0.34150 0.08366
0.37055 0.13533 0.48128 0.03090
0.36269 0.37662 0.39260 0.08107
0.17887 0.53483 0.27641 0.05073
0.32774 0.37343 0.45843 0.06417
0.13281 0.80974 0.45121 0.11499
0.20266 0.35429 0.29854 0.04268
0.13214 0.46142 0.76088 0.08858
0.18768 0.34660 0.48223 0.04383
0.20726 0.61643 0.35281 0.06796
0.33742 0.24547 0.41061 0.05655
0.22940 0.13865 0.47435 0.05230
0.34615 0.45490 0.43855 0.05082
0.25195 0.61917 0.23960 0.06801
0.27452 0.19364 0.51304 0.03776
0.27042 0.57294 0.34274 0.06302
0.27863 0.54980 0.40611 0.07373
0.17107 0.26459 0.51730 0.03032
0.12074 0.42280 0.52200 0.04767
0.37643 0.14035 0.43217 0.07762
0.16759 0.31333 0.52581 0.03177
0.22293 0.54232 0.33816 0.06557
0.16860 0.72150 0.38585 0.10370
0.59182 0.32624 0.50524 0.03777
0.39849 0.33372 0.31941 0.03335
0.20151 0.44519 0.47512 0.04626
0.20729 0.43657 0.48564 0.07829
0.23976 0.61004 0.47343 0.09439
0.18265 0.62265 0.28497 0.05731
0.26522 0.60764 0.36028 0.05262
0.38311 0.41495 0.41348 0.01663
0.17457 0.58342 0.36961 0.04735
0.37436 0.32371 0.39276 0.07423
0.22093 0.33638 0.37156 0.02712
0.39301 0.50021 0.24176 0.06087
0.27954 0.65021 0.66927 0.10589
0.17319 0.63311 0.55834 0.08232
0.50244 0.31220 0.44120 0.04993
0.13478 0.58042 0.63638 0.07990
0.23107 0.30227 0.25734 0.02476
0.67190 0.44093 0.22153 0.07521
0.27475 0.58326 0.37988 0.05978
0.22498 0.62025 0.42870 0.08093
0.20451 0.40598 0.47186 0.03167
0.21415 0.33220 0.38186 0.03571
0.26626 0.49612 0.36382 0.05899
0.32141 0.26958 0.46736 0.06475
0.16616 0.30073 0.45055 0.01959
0.26395 0.57940 0.32715 0.07800
0.47516 0.67970 0.36211 0.07008
0.22498 0.60724 0.33819 0.04730
0.27108 0.63503 0.30855 0.08958
0.10857 0.48240 0.24045 0.04045
0.28129 0.35156 0.43008 0.02614
0.25805 0.64436 0.42230 0.06792
0.45425 0.22672 0.51561 0.06783
0.32383 0.45898 0.33313 0.06882
0.25413 0.35273 0.42179 0.03212
0.20710 0.47337 0.19760 0.04602
0.34711 0.53889 0.38708 0.05391
0.60251 0.23035 0.53430 0.06045
0.19993 0.52130 0.28169 0.04277
0.30829 0.47955 0.33088 0.04917
0.21106 0.44107 0.61458 0.06597
0.28044 0.19473 0.33868 0.04132
0.32636 0.45155 0.44715 0.05387
0.23405 0.74674 0.44736 0.07345
0.28177 0.47805 0.41957 0.07817
0.41030 0.25710 0.38374 0.02768
0.37625 0.28511 0.48450 0.04775
0.27629 0.20861 0.47445 0.03736
0.40925 0.21677 0.44918 0.05575
0.17120 0.21435 0.52628 0.04094
0.44029 0.31408 0.38348 0.03075
0.12997 0.31497 0.57225 0.05876
0.16938 0.30133 0.53181 0.03118
0.19850 0.67715 0.24786 0.07132
0.30967 0.61670 0.39714 0.06681
0.38480 0.29448 0.53839 0.04041
0.47874 0.32289 0.44237 0.04907
0.24867 0.59764 0.54091 0.06347
0.18042 0.57886 0.46187 0.07998
0.28964 0.33658 0.43563 0.05423
0.13683 0.46261 0.63246 0.09811
0.18615 0.37982 0.50603 0.02980
0.17615 0.37089 0.56533 0.04335
0.42189 0.42790 0.29943 0.06685
0.23093 0.51620 0.53053 0.11953
0.53613 0.35023 0.51583 0.03734
0.20680 0.31897 0.47182 0.07028
0.33785 0.37452 0.48816 0.03836
0.38606 0.24075 0.43137 0.03324
0.31563 0.34312 0.42051 0.05457
0.18863 0.70339 0.44929 0.12321
0.36750 0.30240 0.39318 0.06269
0.32670 0.27986 0.52455 0.05102
0.25157 0.29430 0.48117 0.02632
0.18866 0.48883 0.35777 0.06974
0.18385 0.39177 0.50354 0.03669
0.18356 0.81321 0.44349 0.10072
0.35992 0.40758 0.42525 0.05300
0.16050 0.29608 0.21202 0.05246
0.19259 0.59975 0.56478 0.05711
0.21298 0.74307 0.66395 0.13120
0.30327 0.40087 0.40365 0.05752
0.59746 0.37653 0.45353 0.04074
0.36742 0.42070 0.21863 0.08097
0.27727 0.38936 0.50612 0.07240
0.29721 0.30419 0.49901 0.01920
0.23722 0.40357 0.41718 0.08921
0.24415 0.35624 0.57106 0.06048
0.16954 0.36465 0.50446 0.05143
0.32832 0.27315 0.21936 0.05500
0.54876 0.33693 0.51289 0.03390
0.29704 0.49809 0.58366 0.07633
0.29712 0.35040 0.22843 0.03134
0.24018 0.58297 0.42457 0.04806
0.25627 0.75417 0.61493 0.08863