0.27087 0.17069 0.51227 0.07190
0.27277 0.15126 0.50302 0.11004
0.47406 0.23971 0.45153 0.08490
0.32891 0.18685 0.44663 0.06795
0.10310 0.18848 0.48743 0.06397
0.55945 0.09064 0.51808 0.10279
0.59850 0.16674 0.55432 0.07142
0.20760 0.17423 0.52077 0.08237
0.19375 0.14081 0.60138 0.10298
0.48076 0.34844 0.46910 0.06508
0.31232 0.16893 0.54422 0.07791
0.13071 0.13482 0.56681 0.08454
0.28250 0.22232 0.48323 0.05652
0.42299 0.31366 0.57016 0.08922
0.31067 0.11943 0.40287 0.08425
0.32832 0.35118 0.43862 0.08747
0.33984 0.24338 0.68165 0.07715
0.55624 0.19169 0.51679 0.08256
0.11441 0.16004 0.47167 0.07196
0.26994 0.32521 0.47206 0.05151
0.36229 0.13706 0.49943 0.07020
0.52939 0.10344 0.51481 0.08973
0.28856 0.19227 0.47150 0.07180
0.25619 0.15811 0.52786 0.07796
0.54923 0.32450 0.51360 0.06434
0.21253 0.17010 0.46715 0.07221
0.55607 0.13561 0.67236 0.09098
0.38880 0.19497 0.52329 0.06863
0.09307 0.18842 0.39409 0.04963
0.30491 0.25988 0.62675 0.07671
0.57753 0.12644 0.45836 0.08379
0.12947 0.19925 0.52533 0.08620
0.11477 0.13776 0.55047 0.07590
0.15047 0.15418 0.41582 0.06868
0.08840 0.18925 0.45389 0.05527
0.13959 0.18498 0.47402 0.07150
0.32246 0.29679 0.45035 0.06807
0.16486 0.42568 0.33778 0.09001
0.59035 0.27539 0.52506 0.05496
0.43879 0.13303 0.45283 0.11776
0.27527 0.16522 0.52668 0.04601
0.53078 0.26164 0.52539 0.06603
0.09328 0.12950 0.62531 0.09092
0.12999 0.20235 0.44903 0.06534
0.47966 0.20934 0.54526 0.07085
0.50161 0.18588 0.37479 0.05050
0.19517 0.33201 0.60564 0.10470
0.50065 0.14189 0.56683 0.09899
0.12497 0.18129 0.46398 0.06719
0.12124 0.19253 0.39593 0.06327
0.47810 0.12940 0.46970 0.09620
0.29483 0.12050 0.53703 0.12064
0.21415 0.31821 0.45854 0.07410
0.62043 0.15281 0.58790 0.12235
0.12635 0.21227 0.48540 0.06742
0.34880 0.19525 0.59465 0.09360
0.32915 0.33060 0.49127 0.08125
0.25304 0.16653 0.50805 0.08997
0.24690 0.17857 0.51170 0.06929
0.54360 0.27512 0.45623 0.08877
0.30606 0.23731 0.57320 0.06727
0.28941 0.17888 0.49271 0.06464
0.57010 0.46364 0.40672 0.07121
0.31448 0.24444 0.36840 0.06380
0.37956 0.18142 0.52161 0.07364
0.43804 0.16587 0.52771 0.09145
0.25401 0.15823 0.46869 0.08856
0.28061 0.15357 0.49397 0.07059
0.56505 0.16167 0.54860 0.08444
0.59630 0.14811 0.50958 0.08623
0.43377 0.29503 0.55032 0.10792
0.42155 0.18188 0.54051 0.09098
0.29053 0.22250 0.63693 0.07482
0.24311 0.26637 0.30157 0.04632
0.11760 0.17343 0.44215 0.05945
0.47549 0.29974 0.56021 0.07700
0.50572 0.15341 0.47926 0.10498
0.35657 0.15966 0.50401 0.08315
0.41943 0.38726 0.47404 0.04522
0.51317 0.21684 0.46713 0.09123
0.44671 0.35310 0.34312 0.06055
0.08993 0.19747 0.53876 0.06596
0.36767 0.22080 0.55031 0.07927
0.37322 0.18714 0.58341 0.08141
0.47411 0.14624 0.50040 0.08117
0.41158 0.28333 0.49901 0.08252
0.10658 0.20863 0.50823 0.06268
0.24722 0.15421 0.44272 0.06481
0.09976 0.18481 0.52825 0.06931
0.26766 0.33064 0.46914 0.08544
0.43438 0.38016 0.49840 0.03651
0.09414 0.21875 0.45821 0.05811
0.32664 0.24759 0.25950 0.03684
0.17385 0.11641 0.55040 0.08681
0.48639 0.14564 0.63076 0.09328
0.34717 0.16856 0.53303 0.07708
0.39080 0.13046 0.60988 0.11258
0.19825 0.26995 0.42413 0.03846
0.60947 0.19711 0.58440 0.08037
0.18261 0.41642 0.26177 0.10140
0.34280 0.18345 0.52205 0.07285
0.10030 0.23422 0.52045 0.07310
0.12750 0.27296 0.53431 0.06821
0.50426 0.13114 0.50351 0.10679
0.39424 0.17853 0.49163 0.08816
0.37656 0.19176 0.55631 0.09423
0.34734 0.25400 0.52708 0.07112
0.07264 0.10359 0.66178 0.10714
0.46642 0.26194 0.46563 0.08287
0.22344 0.36646 0.49969 0.04978
0.58597 0.30751 0.63084 0.07916
0.52573 0.18551 0.57092 0.08115
0.23934 0.19878 0.47394 0.09185
0.34081 0.32801 0.62726 0.05886
0.20252 0.25913 0.54889 0.04794
0.49639 0.36419 0.51931 0.08637
0.23896 0.22640 0.57981 0.06389
0.44108 0.31683 0.28205 0.07346
0.34454 0.35450 0.48299 0.04368
0.08055 0.23283 0.51612 0.06434
0.09175 0.22317 0.44588 0.05053
0.40587 0.23724 0.53401 0.09255
0.40565 0.24928 0.57380 0.08567
0.56062 0.20967 0.51365 0.07533
0.31976 0.22211 0.50309 0.08904
0.27715 0.18138 0.34140 0.02819
0.20644 0.40711 0.59458 0.06481
0.51951 0.19879 0.54901 0.08728
0.16095 0.13376 0.60816 0.09768
0.06963 0.16826 0.51960 0.06789
0.29034 0.21857 0.57692 0.06631
0.09456 0.21132 0.58534 0.07881
0.39570 0.12193 0.60886 0.07739
0.24444 0.19753 0.53776 0.07507
0.11979 0.17405 0.48878 0.06002
0.62218 0.10347 0.51929 0.09793
0.56360 0.09715 0.46625 0.10755
0.58430 0.16378 0.48362 0.06755
0.56816 0.20295 0.52993 0.06400
0.36520 0.13430 0.72932 0.09745
0.22135 0.11935 0.47650 0.09457
0.06889 0.17560 0.54007 0.07517
0.10688 0.16504 0.45993 0.06166
0.08877 0.19913 0.49136 0.06427
0.22371 0.18408 0.54909 0.07746
0.57013 0.34934 0.49817 0.08328
0.47836 0.11631 0.51222 0.12391
0.41976 0.21994 0.53227 0.06293
0.48066 0.12262 0.46210 0.08639
0.62588 0.12418 0.52876 0.09413
0.09104 0.16070 0.51134 0.06971
0.43816 0.35170 0.50598 0.07788
0.68887 0.12455 0.52472 0.10868
0.67098 0.31736 0.42876 0.09118
0.23217 0.19152 0.53503 0.06911
0.34136 0.18910 0.48828 0.08196
0.33709 0.17598 0.56693 0.07567
0.50388 0.10774 0.70317 0.09691
0.59100 0.14025 0.45999 0.09162
0.08735 0.19545 0.40817 0.05121
0.56173 0.33877 0.59127 0.06568
0.39358 0.37911 0.49377 0.06848
0.40694 0.16017 0.69930 0.08639
0.10585 0.17937 0.58335 0.09268
0.51992 0.17192 0.53657 0.07987
0.52742 0.15300 0.60235 0.07710
0.28639 0.27413 0.52467 0.07077
0.27735 0.16869 0.41630 0.08437
0.68528 0.11159 0.58021 0.13467
0.30816 0.18392 0.49878 0.07705
0.20281 0.18830 0.51188 0.06884
0.23010 0.16669 0.38450 0.07204
0.09667 0.21876 0.41844 0.06049
0.51193 0.25236 0.48067 0.07722
0.29789 0.36815 0.36373 0.04049
0.39280 0.11653 0.49139 0.09506
0.60129 0.45281 0.42723 0.06936
0.16362 0.17168 0.54396 0.08456
0.53378 0.25059 0.49109 0.06896
0.35917 0.17965 0.52389 0.08700
0.68206 0.11249 0.59995 0.10392
0.09547 0.16547 0.48365 0.06790
0.59471 0.12803 0.49258 0.10442
0.61902 0.26072 0.50988 0.07432
0.51211 0.44805 0.59302 0.08145
0.08279 0.20175 0.65653 0.09127
0.14276 0.17747 0.44584 0.07502
0.53656 0.27393 0.58086 0.09061
0.38711 0.22647 0.51258 0.09218
0.17692 0.15280 0.54689 0.09662
0.09614 0.21279 0.40175 0.05226
0.47231 0.11963 0.44019 0.08600
0.37768 0.21438 0.54334 0.07740
0.37906 0.29569 0.40091 0.07769
0.57367 0.31716 0.46353 0.06910
0.37465 0.21397 0.53617 0.06057
0.56961 0.18619 0.57208 0.08767
0.41149 0.16236 0.49859 0.09981
0.11970 0.20189 0.51475 0.07980
0.43808 0.39003 0.57295 0.06654
0.47583 0.19253 0.53535 0.08266
0.09491 0.15979 0.49431 0.07160
0.27208 0.39690 0.44599 0.08456
0.11811 0.16976 0.40027 0.06126
0.12239 0.22027 0.46513 0.05945
0.43334 0.15591 0.56251 0.09057
0.53023 0.26661 0.41618 0.08157
0.67818 0.13682 0.64996 0.11823
0.21714 0.21174 0.42298 0.08867
0.33418 0.18107 0.67149 0.11381
0.63200 0.37018 0.44455 0.06651
0.44996 0.09215 0.51171 0.09496
0.17140 0.32993 0.50990 0.11458
0.42473 0.20219 0.40597 0.07906
0.41637 0.08419 0.48693 0.10756
0.40709 0.14006 0.58800 0.07442
0.35786 0.20561 0.54839 0.07810
0.10813 0.13911 0.53822 0.07938
0.26676 0.11085 0.51098 0.11022
0.16512 0.19662 0.46199 0.07796
0.12337 0.12044 0.58829 0.08079
0.45913 0.09282 0.49702 0.08911
0.35389 0.11758 0.46436 0.07506
0.56779 0.15706 0.55074 0.06625
0.53930 0.15604 0.59233 0.09761
0.43220 0.16769 0.63403 0.10260
0.36934 0.22663 0.49833 0.05868
0.42655 0.16050 0.53353 0.06427
0.10298 0.24232 0.50709 0.06790
0.33883 0.17083 0.45135 0.08700
0.37027 0.31008 0.58069 0.10967
0.37374 0.19281 0.66329 0.08183
0.31997 0.15861 0.48814 0.10654
0.21721 0.16792 0.51987 0.09538
0.31494 0.34525 0.55312 0.05126
0.34677 0.19227 0.49911 0.10212
0.42142 0.13866 0.45277 0.10609
0.44681 0.36346 0.53218 0.05479
0.53791 0.18882 0.46572 0.08017
0.44739 0.08954 0.49506 0.10188
0.54614 0.17760 0.57186 0.08191
0.24997 0.17933 0.51697 0.07226
0.27964 0.15789 0.52722 0.11138
0.09495 0.24558 0.43317 0.05849
0.24213 0.25888 0.54030 0.07023
0.34576 0.22247 0.48463 0.06506
0.45242 0.14082 0.40573 0.08398
0.10277 0.16582 0.62768 0.09451
0.38253 0.25909 0.50481 0.07808
0.54064 0.10059 0.51322 0.10015
0.50750 0.27514 0.46616 0.06654
0.34768 0.13601 0.55121 0.06899
0.14811 0.18731 0.51588 0.06064
0.35247 0.26458 0.53980 0.08182
0.50997 0.41536 0.64268 0.07569
0.47009 0.09092 0.47636 0.10801
0.43400 0.29169 0.61531 0.07288
0.34094 0.23601 0.62316 0.08239
0.54872 0.17320 0.53044 0.06895
0.52584 0.26663 0.52433 0.07064
0.52435 0.19698 0.62203 0.08053
0.29315 0.23644 0.62550 0.07320
0.09738 0.16112 0.46087 0.06339
0.10837 0.15955 0.55299 0.08078
0.58634 0.19149 0.56580 0.07822
0.52492 0.14761 0.48104 0.07942
0.47649 0.10468 0.51039 0.08679
0.35229 0.15624 0.67739 0.11857
0.23817 0.22860 0.45631 0.05850
0.37401 0.29282 0.50430 0.06896
0.37206 0.11446 0.47888 0.07803
0.38640 0.40326 0.51981 0.08687
0.57958 0.10780 0.50070 0.11223
0.38096 0.17190 0.52754 0.08217
0.45825 0.09521 0.67435 0.09839
0.31237 0.21248 0.33630 0.05021
0.51929 0.10536 0.51296 0.10195
0.31314 0.30706 0.54001 0.05677
0.21594 0.08100 0.56144 0.08195
0.26086 0.18107 0.53064 0.10802
0.38174 0.19420 0.50208 0.07441
0.26067 0.20495 0.47382 0.07970
0.09151 0.22810 0.49118 0.06726
0.36841 0.29873 0.60768 0.05576
0.34742 0.30573 0.39840 0.05957
0.33971 0.18902 0.47414 0.10252
0.10047 0.23413 0.51720 0.07788
0.19084 0.42197 0.54520 0.08285
0.56280 0.36194 0.40728 0.05990
0.25628 0.19163 0.55363 0.07981
0.63304 0.22164 0.57572 0.06667
0.26897 0.28433 0.53526 0.05818
