0.11926 0.09771 0.67126 0.07143 0.03883 0.76078 0.03638 0.01211 0.05268 0.04861 0.07143 0.03167 0.17600 0.50196 0.85882
0.53588 0.79937 0.51736 0.60382 0.87368 0.55294 0.03463 0.04527 0.04990 0.58750 0.62500 0.73626 0.95122 0.31373 0.71765
0.12210 0.74224 0.48559 0.09649 0.76250 0.50980 0.02345 0.02005 0.05989 0.08046 0.10504 0.65625 0.83750 0.32157 0.65490
0.50293 0.36288 0.64649 0.53333 0.34706 0.68627 0.00371 0.03533 0.01681 0.43333 0.56000 0.17033 0.54497 0.57647 0.73333
0.68519 0.32275 0.46070 0.64286 0.32407 0.46275 0.01140 0.00595 0.00611 0.62403 0.71505 0.27206 0.37190 0.41569 0.49412
0.28942 0.22495 0.48682 0.27536 0.17886 0.47451 0.00275 0.03650 0.03484 0.25758 0.32222 0.08844 0.25253 0.38824 0.62353
0.48607 0.62668 0.64012 0.52465 0.52740 0.61569 0.00674 0.08421 0.01328 0.44363 0.53801 0.38462 0.99306 0.56863 0.70196
0.10284 0.67563 0.80465 0.09317 0.62500 0.91765 0.00080 0.03090 0.05080 0.08046 0.12433 0.57353 0.77255 0.63922 0.98824
0.64218 0.11586 0.70764 0.86111 0.09043 0.74118 0.16694 0.00805 0.03297 0.05172 0.91667 0.05430 0.15686 0.61569 0.84706
0.61695 0.39080 0.48528 0.62195 0.45098 0.44706 0.00069 0.02519 0.03805 0.60078 0.62931 0.34066 0.47500 0.34902 0.49020
0.54018 0.54780 0.42274 0.59034 0.62295 0.38824 0.01263 0.05354 0.06729 0.56349 0.60271 0.35135 0.75926 0.19216 0.64706
0.66790 0.17822 0.64007 0.63131 0.19689 0.64314 0.01215 0.00623 0.02716 0.61475 0.69444 0.10769 0.23451 0.50196 0.75686
0.17517 0.30472 0.45732 0.07111 0.30496 0.49020 0.04635 0.02201 0.06033 0.06061 0.16667 0.20280 0.40455 0.24314 0.65490
0.47374 0.25633 0.69993 0.58578 0.23810 0.71765 0.03854 0.02459 0.06041 0.31250 0.59701 0.15510 0.33333 0.53333 0.93333
0.06968 0.88243 0.52820 0.06696 0.88636 0.47451 0.00110 0.00869 0.05824 0.05946 0.07111 0.85000 0.93233 0.37647 0.66667
0.34310 0.19660 0.62829 0.10377 0.18182 0.57647 0.13313 0.00876 0.05289 0.04167 0.68391 0.14615 0.22857 0.47843 0.87059
0.47135 0.35705 0.51753 0.57317 0.35878 0.45490 0.03222 0.02952 0.04832 0.26536 0.59957 0.24304 0.43333 0.35686 0.77255
0.57427 0.48134 0.72861 0.58678 0.37273 0.72549 0.00441 0.04575 0.01805 0.57738 0.60889 0.33654 0.67485 0.64706 0.84706
0.15463 0.16868 0.57256 0.07471 0.11515 0.62745 0.05012 0.03278 0.05193 0.05882 0.11111 0.08163 0.15584 0.47843 0.72941
0.37682 0.41408 0.45801 0.52941 0.39665 0.45098 0.04276 0.03854 0.04986 0.14167 0.56039 0.29012 0.51948 0.27059 0.67843
0.36823 0.47422 0.68367 0.57377 0.53271 0.68627 0.08513 0.02176 0.01753 0.05243 0.60584 0.39715 0.56627 0.60392 0.80000
0.63416 0.87828 0.48995 0.97727 0.92727 0.52941 0.20184 0.02346 0.08001 0.06852 0.98384 0.82828 0.98630 0.23529 0.76078
0.58320 0.49182 0.80577 0.59314 0.53448 0.95294 0.00105 0.02413 0.06198 0.57255 0.60290 0.39076 0.60000 0.60784 0.99608
0.51247 0.33152 0.60685 0.56190 0.31655 0.70588 0.02508 0.03200 0.04306 0.53213 0.57143 0.18483 0.48718 0.48235 0.77255
0.68046 0.11792 0.66709 0.69271 0.08876 0.68235 0.05098 0.00936 0.02687 0.65196 0.81818 0.05650 0.16583 0.62745 0.75686
0.55954 0.53519 0.45974 0.59583 0.57386 0.48627 0.01618 0.05723 0.05459 0.58333 0.60784 0.36585 0.67391 0.25098 0.63137
0.82330 0.27042 0.62858 0.89394 0.27320 0.65098 0.03245 0.00968 0.06084 0.75000 0.93939 0.20455 0.33514 0.48627 0.81569
0.41646 0.20399 0.63415 0.50617 0.19331 0.56863 0.01928 0.00568 0.05482 0.27273 0.53431 0.14634 0.24795 0.46275 0.90980
0.04818 0.58607 0.61735 0.04213 0.65190 0.60392 0.00668 0.03254 0.06055 0.02752 0.05556 0.42593 0.74348 0.37647 0.85882
0.57346 0.36820 0.83765 0.57062 0.34123 0.83137 0.00077 0.01921 0.00507 0.56854 0.57407 0.25106 0.50481 0.78431 0.90588
0.79381 0.59396 0.35223 0.91270 0.62319 0.34118 0.10279 0.03649 0.02814 0.89912 0.93791 0.43564 0.72222 0.23137 0.42745
0.53583 0.42946 0.52902 0.56667 0.42998 0.44314 0.02186 0.02655 0.06143 0.52830 0.62500 0.31579 0.53333 0.34902 0.78039
0.45100 0.18374 0.62380 0.56322 0.15823 0.65490 0.05529 0.01163 0.02268 0.16667 0.57333 0.10791 0.27175 0.49804 0.74902
0.43111 0.14292 0.63999 0.44444 0.11932 0.60784 0.01017 0.00911 0.05375 0.40000 0.50000 0.08661 0.16393 0.49412 0.83529
0.60506 0.44704 0.62551 0.59756 0.46269 0.63137 0.01548 0.02353 0.03718 0.59387 0.60452 0.37255 0.54545 0.54510 0.80000
0.60625 0.27476 0.62933 0.66234 0.32051 0.61176 0.05772 0.03993 0.01710 0.65152 0.71111 0.07229 0.45752 0.55294 0.71765
0.78291 0.35385 0.29693 0.83333 0.30189 0.23137 0.03570 0.03642 0.04645 0.71171 0.88889 0.21324 0.41176 0.11373 0.43529
0.59136 0.32643 0.49763 0.58631 0.23243 0.44314 0.03252 0.07964 0.04428 0.56627 0.62719 0.12698 0.37500 0.32157 0.73725
0.29101 0.40878 0.44281 0.19048 0.38462 0.41569 0.03867 0.04690 0.06417 0.11039 0.48077 0.22680 0.56589 0.24314 0.58824
0.29957 0.16429 0.47801 0.19231 0.15068 0.41961 0.07106 0.01040 0.05698 0.07407 0.50000 0.08108 0.23077 0.28235 0.60784
0.57322 0.76415 0.50538 0.58740 0.82308 0.47059 0.00999 0.03755 0.02199 0.58091 0.59365 0.69811 0.89916 0.41961 0.58431
0.23603 0.28390 0.66994 0.22222 0.19255 0.61176 0.01572 0.02495 0.02605 0.10795 0.34722 0.15484 0.43316 0.55294 0.82353
0.55101 0.30629 0.58005 0.59829 0.31667 0.54510 0.04169 0.02691 0.04264 0.56731 0.62366 0.18487 0.38889 0.42353 0.82745
0.48582 0.45432 0.50176 0.58333 0.49351 0.51373 0.02896 0.02441 0.03027 0.40741 0.58861 0.32836 0.55906 0.40392 0.55686
0.11569 0.41814 0.46564 0.11494 0.40164 0.42745 0.00065 0.03660 0.07653 0.10884 0.12185 0.28358 0.49375 0.25882 0.67059
0.58640 0.37090 0.63930 0.60417 0.38255 0.66667 0.00928 0.02075 0.03771 0.59649 0.60714 0.25664 0.48840 0.45098 0.82353
0.49442 0.41418 0.46792 0.56173 0.39474 0.56078 0.01494 0.04411 0.08820 0.44118 0.57865 0.26214 0.56028 0.16471 0.71373
0.13488 0.59570 0.66697 0.04227 0.62869 0.80784 0.07037 0.02293 0.08595 0.02336 0.08939 0.49057 0.71548 0.41961 0.92941
0.51984 0.24685 0.42516 0.62403 0.24828 0.42353 0.05710 0.02654 0.02824 0.41667 0.64242 0.08955 0.36066 0.28235 0.54902
0.35401 0.61147 0.63792 0.50901 0.59434 0.69020 0.05284 0.06460 0.05368 0.08772 0.53814 0.43118 0.84793 0.44314 0.85882
0.53902 0.63131 0.73210 0.55930 0.73500 0.74510 0.00564 0.09642 0.02647 0.54518 0.57479 0.31081 0.93220 0.64706 0.87451
0.42570 0.13032 0.61363 0.49167 0.11111 0.60784 0.06030 0.00912 0.05769 0.16667 0.58333 0.06019 0.17544 0.40000 0.83922
0.45778 0.45182 0.52046 0.55655 0.45833 0.50784 0.03280 0.04858 0.08683 0.41667 0.57895 0.27461 0.61092 0.27451 0.79608
0.59946 0.54463 0.51147 0.90789 0.56364 0.49020 0.19418 0.02646 0.05606 0.04911 0.96847 0.41379 0.66412 0.32549 0.70588
0.07178 0.49676 0.53923 0.07353 0.49206 0.56863 0.00031 0.01999 0.04074 0.05952 0.08095 0.42149 0.60000 0.42353 0.70196
0.46629 0.31299 0.49029 0.61966 0.29323 0.49020 0.07459 0.01833 0.00451 0.08772 0.63333 0.22835 0.47500 0.46275 0.52157
0.13105 0.56374 0.58423 0.05357 0.55793 0.54510 0.05297 0.02919 0.06849 0.03407 0.06604 0.46847 0.70813 0.43529 0.81569
0.22929 0.21814 0.48667 0.08974 0.21124 0.45098 0.06435 0.01560 0.07513 0.06383 0.38889 0.12389 0.29032 0.22745 0.74902
0.29991 0.24725 0.64214 0.18571 0.23472 0.65882 0.05554 0.01916 0.02649 0.08333 0.58333 0.13115 0.34247 0.59608 0.72549
0.12650 0.50824 0.35273 0.12153 0.50000 0.32157 0.00106 0.05475 0.07993 0.11022 0.13889 0.28571 0.68539 0.05882 0.56078
0.52233 0.31472 0.48917 0.64167 0.22222 0.47059 0.08331 0.07702 0.08015 0.20000 0.67708 0.09746 0.46269 0.25098 0.70980
0.51705 0.30773 0.49644 0.56838 0.27941 0.50196 0.01529 0.02006 0.00888 0.52778 0.58454 0.20109 0.46939 0.41961 0.57647
0.48312 0.19642 0.45280 0.69565 0.17925 0.40784 0.16070 0.02258 0.03071 0.01667 0.80556 0.05814 0.27143 0.33725 0.57255
0.66994 0.27182 0.57217 0.68468 0.24088 0.64314 0.02970 0.02473 0.07937 0.63580 0.74242 0.19424 0.35215 0.41961 0.78039
0.45232 0.60570 0.69092 0.51111 0.66005 0.72157 0.01730 0.07677 0.04286 0.39744 0.54874 0.40625 0.82734 0.56078 0.85490
0.09067 0.68294 0.80053 0.05214 0.76471 0.99216 0.02926 0.03166 0.07102 0.03723 0.07463 0.53333 0.79134 0.51765 1.00000
0.62384 0.12327 0.61146 0.62222 0.10063 0.59608 0.01248 0.00661 0.01504 0.60638 0.66667 0.05970 0.17526 0.52157 0.73333
0.68115 0.27911 0.59769 0.68280 0.27354 0.58039 0.02778 0.00492 0.04438 0.65459 0.71591 0.23418 0.32573 0.44314 0.76078
0.61228 0.17223 0.64560 0.61667 0.15033 0.60784 0.00563 0.00922 0.01595 0.58571 0.64216 0.11111 0.20994 0.56471 0.75686
0.54814 0.31933 0.58874 0.57407 0.33516 0.56078 0.02184 0.01987 0.01944 0.55667 0.60215 0.23448 0.39370 0.47451 0.72157
0.56116 0.32047 0.65686 0.59375 0.33913 0.55686 0.03046 0.01131 0.05509 0.58519 0.62083 0.26888 0.39344 0.47451 0.93333
0.56032 0.46346 0.61235 0.56604 0.41573 0.58039 0.00068 0.03382 0.04908 0.55637 0.57108 0.30102 0.62609 0.43529 0.81176
0.37600 0.17957 0.55526 0.45833 0.14423 0.58039 0.04517 0.01982 0.06322 0.17857 0.56667 0.06767 0.25253 0.33333 0.78824
0.58107 0.35958 0.70324 0.58333 0.31276 0.65882 0.00393 0.03778 0.03834 0.54225 0.62092 0.23626 0.46341 0.57255 0.94902
0.56904 0.42972 0.66828 0.57306 0.41346 0.72941 0.00041 0.03719 0.02935 0.56410 0.57831 0.28378 0.55782 0.51765 0.81569
0.55132 0.33444 0.56698 0.56284 0.37234 0.58431 0.00307 0.01808 0.04024 0.52963 0.58095 0.23477 0.41611 0.43137 0.67843
0.45271 0.43808 0.51753 0.58130 0.46291 0.51765 0.03703 0.02476 0.03378 0.21171 0.59053 0.30653 0.55970 0.37647 0.60000
0.48993 0.17297 0.53955 0.63333 0.11450 0.49804 0.13680 0.02662 0.04666 0.06667 0.81250 0.05128 0.25641 0.39216 0.77647
0.53841 0.18517 0.82309 0.55128 0.21466 0.84706 0.00681 0.00982 0.00431 0.51515 0.58696 0.08676 0.26866 0.76863 0.86667
0.50711 0.42694 0.57891 0.57527 0.39519 0.60784 0.02751 0.06246 0.07605 0.55263 0.58743 0.24171 0.56962 0.31765 0.81569
0.48982 0.24654 0.75648 0.58667 0.26437 0.74902 0.03567 0.01154 0.02355 0.54487 0.59770 0.17877 0.30882 0.65098 0.89804
0.20855 0.31319 0.44554 0.12500 0.29684 0.39216 0.03362 0.04586 0.08410 0.10856 0.21429 0.13208 0.50000 0.20000 0.69412
0.62650 0.11450 0.67112 0.69048 0.08995 0.64706 0.06280 0.00923 0.02126 0.62057 0.76923 0.06167 0.13462 0.53725 0.81569
0.42085 0.12983 0.63629 0.22222 0.09341 0.66667 0.11536 0.01032 0.02568 0.12500 0.82222 0.06977 0.16860 0.58039 0.74118
0.65774 0.36210 0.54992 0.83333 0.32114 0.55686 0.12814 0.06155 0.14869 0.33333 0.94444 0.20472 0.42437 0.09020 0.97647
0.49786 0.27719 0.46128 0.56621 0.16667 0.54510 0.05922 0.04064 0.03533 0.40196 0.59583 0.11111 0.47436 0.27451 0.60784
0.88626 0.18565 0.57137 0.88889 0.18497 0.50588 0.00044 0.00453 0.02973 0.87745 0.90278 0.16168 0.20513 0.44706 0.69020
0.53355 0.30355 0.44200 0.58740 0.30556 0.38824 0.03921 0.03297 0.07726 0.57407 0.61404 0.15168 0.41827 0.19216 0.71373
0.61662 0.38847 0.68448 0.62560 0.38095 0.75686 0.01297 0.01488 0.04063 0.61979 0.64461 0.31481 0.46667 0.52157 0.87059
0.07928 0.88989 0.56781 0.06469 0.92500 0.52549 0.01014 0.01468 0.10805 0.03488 0.08800 0.82530 0.98431 0.24314 0.96863
0.34066 0.33642 0.49538 0.47222 0.30625 0.46667 0.05924 0.04249 0.03415 0.07895 0.57801 0.19130 0.42857 0.34510 0.65098
0.58551 0.48986 0.47854 0.58861 0.50000 0.52549 0.00455 0.05918 0.07305 0.58059 0.59568 0.28095 0.70504 0.18824 0.69020
0.56133 0.28335 0.53195 0.62162 0.26357 0.52157 0.09064 0.01867 0.03283 0.58333 0.69231 0.18966 0.34234 0.41961 0.61961
0.51640 0.57964 0.37480 0.56090 0.59459 0.36863 0.04589 0.09155 0.03818 0.50000 0.60452 0.33577 0.86667 0.21569 0.50196
0.17028 0.27589 0.39740 0.10976 0.26190 0.32941 0.01741 0.02889 0.03348 0.09444 0.16667 0.13043 0.37838 0.27843 0.43529
0.63056 0.50445 0.25597 0.66667 0.46377 0.26667 0.03863 0.05814 0.03816 0.61966 0.66667 0.28302 0.75000 0.05098 0.38431
0.37577 0.45397 0.57788 0.56173 0.24365 0.55686 0.07522 0.11721 0.04338 0.06536 0.59319 0.16590 0.86154 0.41961 0.78431
0.49420 0.29169 0.70186 0.54348 0.23830 0.82745 0.01736 0.02810 0.06996 0.52020 0.55864 0.18349 0.35329 0.45490 0.93725
0.55126 0.30193 0.73300 0.59815 0.36607 0.83922 0.02482 0.02396 0.03675 0.58491 0.60544 0.15684 0.43836 0.50588 0.86667
0.53823 0.62339 0.59076 0.57983 0.64904 0.66275 0.01193 0.02297 0.07462 0.53646 0.58788 0.52703 0.74286 0.29412 0.83922
0.48730 0.36551 0.59102 0.51075 0.36697 0.61176 0.00601 0.01195 0.04162 0.47312 0.53556 0.28037 0.44444 0.38824 0.77647
0.48902 0.22652 0.57451 0.54000 0.23636 0.66667 0.01718 0.01581 0.08494 0.44444 0.57692 0.12500 0.31148 0.27059 0.85882
0.65163 0.16271 0.50164 0.64286 0.12381 0.52941 0.01553 0.01727 0.03385 0.61538 0.68750 0.07692 0.21739 0.40784 0.63529
0.37294 0.30685 0.64124 0.11518 0.23423 0.45098 0.10542 0.02663 0.09462 0.06870 0.69048 0.16505 0.46429 0.36471 0.99216
0.11560 0.66477 0.90946 0.11333 0.67600 0.99216 0.00156 0.02109 0.02962 0.08266 0.15542 0.57200 0.75686 0.90980 1.00000
0.42833 0.57627 0.65331 0.57790 0.59917 0.67451 0.05647 0.08980 0.07038 0.11224 0.58796 0.25893 0.86726 0.41961 0.90980
0.27360 0.17179 0.67930 0.05952 0.17391 0.69412 0.13622 0.01101 0.02229 0.04815 0.71212 0.07614 0.21477 0.56078 0.79216
0.52333 0.06659 0.77675 0.64167 0.03419 0.91765 0.08359 0.00914 0.04607 0.54301 0.69444 0.02020 0.08368 0.62745 0.93725
0.52462 0.32368 0.58750 0.56931 0.32432 0.64314 0.04465 0.03620 0.04139 0.55060 0.61574 0.16000 0.46358 0.47843 0.72941
0.53017 0.61236 0.65077 0.59195 0.63840 0.68235 0.04194 0.08422 0.04874 0.58273 0.60667 0.37755 0.91667 0.53725 0.83922
0.10863 0.84646 0.47684 0.10494 0.95726 0.46667 0.00314 0.04376 0.05273 0.09216 0.11667 0.72549 0.99517 0.32941 0.58039
0.12397 0.50988 0.63295 0.08333 0.52489 0.77255 0.03804 0.03803 0.10032 0.07143 0.08924 0.40187 0.64407 0.39216 0.87059
0.32490 0.20048 0.57671 0.38462 0.16667 0.55686 0.03624 0.02167 0.03251 0.12000 0.52778 0.10000 0.25962 0.45490 0.70196
0.40840 0.13306 0.59456 0.40196 0.15126 0.60392 0.01319 0.00475 0.03544 0.33333 0.53205 0.08130 0.17262 0.45098 0.67451
0.45238 0.57257 0.72613 0.52333 0.56098 0.80000 0.01540 0.04265 0.06194 0.40341 0.53974 0.41327 0.71644 0.57647 0.93725
0.22792 0.36732 0.59528 0.07576 0.35146 0.56078 0.11468 0.01784 0.03777 0.03704 0.11985 0.28217 0.44249 0.46275 0.75686
0.44330 0.26979 0.44186 0.61667 0.19355 0.40784 0.09490 0.05303 0.05498 0.07377 0.64444 0.09375 0.39496 0.26275 0.61176
0.52294 0.43220 0.60854 0.55769 0.45361 0.63529 0.01599 0.02991 0.03088 0.53005 0.58170 0.39459 0.47917 0.49804 0.74902
0.33330 0.28825 0.56899 0.07333 0.29412 0.60000 0.13815 0.02022 0.10103 0.03958 0.72464 0.18182 0.41827 0.25882 0.88627
0.20945 0.43758 0.38716 0.15909 0.37500 0.36863 0.01897 0.07829 0.07333 0.11240 0.28788 0.21610 0.60000 0.10980 0.59608
0.57441 0.35774 0.60909 0.58333 0.35385 0.64314 0.00803 0.03077 0.02911 0.56349 0.60588 0.23124 0.44118 0.48627 0.76471
0.54305 0.55629 0.54881 0.54789 0.54400 0.52549 0.00044 0.00723 0.01096 0.53922 0.55618 0.48810 0.62162 0.46667 0.65490
0.22008 0.52308 0.41728 0.18699 0.51613 0.34510 0.03258 0.05589 0.05937 0.10569 0.23765 0.36207 0.68394 0.21569 0.60784
0.29949 0.72826 0.45108 0.02336 0.74074 0.41961 0.18863 0.01389 0.05920 0.01535 0.95690 0.66667 0.80189 0.25882 0.61176
0.60169 0.24755 0.67932 0.60932 0.22314 0.60784 0.00366 0.01075 0.04236 0.60317 0.61310 0.17593 0.34335 0.47843 0.89020
0.44561 0.14212 0.52251 0.55455 0.09146 0.54902 0.09310 0.02234 0.04055 0.07407 0.63889 0.03593 0.18487 0.36863 0.67843
0.40747 0.51435 0.53679 0.47059 0.46539 0.58039 0.01824 0.06629 0.09200 0.25641 0.51990 0.31336 0.66667 0.27843 0.83922
0.56919 0.35526 0.70518 0.57910 0.35000 0.67451 0.00691 0.03116 0.04167 0.54444 0.60354 0.25424 0.43448 0.55294 0.90980
0.62814 0.50608 0.76727 0.61370 0.50598 0.87843 0.00261 0.01566 0.07662 0.60606 0.67228 0.38495 0.58567 0.70196 0.97255
0.14156 0.48515 0.47351 0.12963 0.45907 0.40392 0.00265 0.05035 0.07216 0.10078 0.16923 0.31579 0.64234 0.27059 0.62451
0.09730 0.49372 0.37630 0.04274 0.51807 0.36863 0.03392 0.02348 0.03167 0.03167 0.05556 0.40000 0.60000 0.24706 0.49020
0.58569 0.62671 0.52897 0.64067 0.70968 0.56863 0.03181 0.04869 0.04154 0.59455 0.64815 0.59259 0.75000 0.36863 0.64314
0.47899 0.54457 0.56439 0.60586 0.54000 0.55294 0.04158 0.04420 0.09900 0.23889 0.63043 0.40167 0.64062 0.25490 0.90588
0.48423 0.21928 0.51181 0.63830 0.19626 0.40392 0.11884 0.01616 0.06742 0.09663 0.75000 0.12791 0.29084 0.28627 0.69804
0.59157 0.19456 0.69661 0.59195 0.19580 0.74118 0.00196 0.00534 0.02638 0.58667 0.59896 0.15758 0.23333 0.53333 0.84314
0.60616 0.17182 0.65229 0.60458 0.18229 0.63137 0.00890 0.00497 0.01037 0.58081 0.63333 0.13613 0.22297 0.58431 0.73725
0.27622 0.43715 0.43663 0.11111 0.39474 0.46667 0.12678 0.08985 0.08207 0.03333 0.55952 0.20000 0.70000 0.16863 0.69412
0.61697 0.10000 0.70192 0.62195 0.08444 0.82745 0.04669 0.00477 0.05887 0.53333 0.73810 0.05376 0.12121 0.40000 0.89804
0.46001 0.25841 0.67231 0.59697 0.22749 0.70196 0.04657 0.02623 0.02758 0.19697 0.61972 0.13265 0.38462 0.65098 0.77647
0.54178 0.31462 0.51025 0.58889 0.28378 0.55294 0.03073 0.03471 0.03488 0.57917 0.59829 0.18590 0.39870 0.42745 0.62353
0.55497 0.27386 0.52054 0.67593 0.22059 0.47843 0.10246 0.02828 0.07569 0.15641 0.75000 0.16438 0.32941 0.29020 0.71765
0.51985 0.39924 0.71972 0.52976 0.41477 0.77647 0.00347 0.04929 0.04290 0.51916 0.54321 0.20172 0.56923 0.57647 0.89412
0.64071 0.24321 0.54925 0.64216 0.17318 0.55294 0.00173 0.01518 0.02031 0.60985 0.65333 0.13772 0.36937 0.41569 0.67451
0.38767 0.46698 0.67874 0.46131 0.47826 0.72941 0.04548 0.13347 0.08270 0.26562 0.56838 0.04271 0.82000 0.43529 0.99216
0.39926 0.40206 0.41129 0.53877 0.32990 0.32157 0.09579 0.07029 0.06205 0.06970 0.57292 0.19643 0.55000 0.22353 0.54902
0.37748 0.50606 0.67379 0.48750 0.53939 0.65882 0.05678 0.10786 0.05758 0.10088 0.57864 0.18824 0.83753 0.47843 0.93725
0.19553 0.75131 0.49320 0.05556 0.74074 0.41176 0.11773 0.03455 0.07893 0.02885 0.07738 0.55147 0.95349 0.25882 0.70980
0.49740 0.31359 0.52484 0.57071 0.30488 0.43529 0.04965 0.01497 0.05373 0.46914 0.64319 0.23377 0.39706 0.31765 0.73333
0.41856 0.29862 0.71976 0.56209 0.30769 0.76863 0.04639 0.04287 0.01344 0.14286 0.58073 0.09950 0.33945 0.61176 0.80000
0.57692 0.42727 0.43762 0.60976 0.41745 0.35686 0.03225 0.04170 0.06174 0.58519 0.62719 0.26087 0.57778 0.26667 0.58431
0.08249 0.80672 0.55556 0.07623 0.82353 0.55686 0.00170 0.01161 0.03813 0.06931 0.08743 0.77686 0.85714 0.42353 0.69020
0.35614 0.34262 0.31466 0.16667 0.35507 0.27843 0.08344 0.01986 0.03945 0.08140 0.62222 0.24675 0.42857 0.14118 0.45098
0.44428 0.46222 0.61683 0.55769 0.46364 0.72941 0.05387 0.03918 0.06917 0.18254 0.61879 0.36199 0.55102 0.42353 0.84314
0.46290 0.07216 0.77648 0.57407 0.05263 0.82745 0.07326 0.00429 0.04149 0.33333 0.62500 0.01014 0.12752 0.60000 0.96863
0.44753 0.30081 0.45936 0.54545 0.20115 0.43922 0.04381 0.06713 0.08765 0.21429 0.57456 0.12389 0.41667 0.17255 0.73333
0.54133 0.60105 0.35074 0.56090 0.65000 0.31765 0.00398 0.03673 0.04877 0.51667 0.58571 0.55000 0.74312 0.16863 0.50196
0.06803 0.67984 0.52844 0.06250 0.68862 0.58824 0.00584 0.02238 0.13138 0.04568 0.07483 0.59603 0.77731 0.07843 0.87451
0.57653 0.17766 0.60266 0.60317 0.15263 0.62745 0.02346 0.01193 0.03622 0.57829 0.62121 0.10135 0.25455 0.46667 0.74510
0.41299 0.11260 0.51408 0.44444 0.07317 0.54902 0.01606 0.00595 0.00989 0.28571 0.52941 0.04575 0.17000 0.41961 0.60000
0.35948 0.37981 0.58507 0.13333 0.37118 0.58431 0.12008 0.02920 0.04540 0.05556 0.68910 0.26776 0.48148 0.46667 0.70980
0.09868 0.60494 0.52680 0.10043 0.57463 0.50588 0.00065 0.02276 0.03747 0.08030 0.11538 0.50336 0.68750 0.38824 0.58824
0.47509 0.42190 0.51791 0.55556 0.44737 0.45882 0.03116 0.07980 0.04049 0.53333 0.56322 0.12931 0.66667 0.35294 0.68627
0.47550 0.53543 0.75460 0.55556 0.57604 0.81569 0.02915 0.02794 0.01536 0.53968 0.57489 0.41931 0.66820 0.69412 0.84706
0.57322 0.29272 0.50564 0.63111 0.27835 0.41569 0.05374 0.02233 0.04570 0.62069 0.64815 0.17073 0.39011 0.34510 0.67843
0.57583 0.39017 0.74619 0.57613 0.33333 0.80000 0.00016 0.03626 0.02011 0.57111 0.58095 0.26577 0.49123 0.63922 0.85490
0.47238 0.61130 0.58907 0.60041 0.69849 0.74118 0.06647 0.06615 0.08207 0.55820 0.61039 0.36667 0.81500 0.27451 0.81569
0.36045 0.37507 0.38515 0.54000 0.36424 0.28235 0.05241 0.02036 0.05339 0.10638 0.56667 0.28947 0.47059 0.20000 0.54902
0.26381 0.36706 0.56709 0.08667 0.37647 0.59608 0.06789 0.01065 0.01207 0.07895 0.61520 0.31214 0.44295 0.45882 0.65098
0.57057 0.42492 0.37375 0.59896 0.38000 0.30196 0.07604 0.04695 0.05575 0.58081 0.68750 0.24675 0.61170 0.21961 0.36471
0.48626 0.24777 0.54783 0.53604 0.18737 0.52157 0.01882 0.02162 0.01975 0.45679 0.59091 0.13072 0.37324 0.47451 0.56471
0.55695 0.43394 0.49442 0.58046 0.43684 0.50196 0.00729 0.05002 0.04917 0.54902 0.59155 0.27273 0.54902 0.34510 0.66667
0.05759 0.56787 0.61455 0.05182 0.60386 0.58039 0.00064 0.03514 0.06855 0.03933 0.07381 0.38095 0.72910 0.40000 0.88235
0.44566 0.49864 0.50585 0.57310 0.51678 0.48235 0.04194 0.03206 0.04993 0.14286 0.58442 0.37379 0.57759 0.41569 0.54902
0.51762 0.35378 0.62783 0.58676 0.38608 0.67843 0.02622 0.01986 0.02819 0.53865 0.59387 0.29570 0.42683 0.57647 0.73333
0.07815 0.83522 0.70097 0.06545 0.89888 0.77647 0.00213 0.03627 0.07799 0.05721 0.07870 0.75728 0.95686 0.42745 0.99216
0.49507 0.26352 0.57026 0.53333 0.23894 0.58824 0.01234 0.02684 0.04147 0.50000 0.55172 0.13580 0.32895 0.41176 0.67451
0.33749 0.28877 0.41175 0.13889 0.27778 0.36471 0.09885 0.02402 0.04367 0.05926 0.61728 0.16304 0.40132 0.24314 0.55294
0.39291 0.39291 0.41026 0.10658 0.34855 0.27451 0.17141 0.02784 0.08780 0.04167 0.88889 0.26389 0.49606 0.21961 0.58039
0.54003 0.46307 0.68017 0.54455 0.46479 0.69804 0.00295 0.02212 0.04923 0.51829 0.56878 0.33962 0.54967 0.52157 0.88627
0.45503 0.63537 0.58540 0.48611 0.68687 0.64314 0.00503 0.03257 0.03130 0.45265 0.49094 0.57286 0.76064 0.46275 0.73725
0.36502 0.40310 0.65378 0.43333 0.39437 0.69020 0.02406 0.02888 0.07386 0.19298 0.49573 0.28788 0.47742 0.47843 0.89804
0.51624 0.41242 0.31144 0.55172 0.36441 0.27059 0.01887 0.06342 0.03624 0.53333 0.57292 0.21429 0.61290 0.18431 0.41176
0.35853 0.49906 0.55603 0.43939 0.57447 0.69412 0.10095 0.04668 0.08883 0.06019 0.62500 0.29508 0.71491 0.25882 0.85490
0.69904 0.14707 0.72405 0.76667 0.05957 0.72549 0.04418 0.03321 0.04608 0.58081 0.85000 0.04661 0.15385 0.62353 0.90588
0.45789 0.59058 0.62119 0.55392 0.61947 0.63922 0.04402 0.04473 0.04844 0.19681 0.58333 0.45638 0.72487 0.45490 0.83529
0.13776 0.55895 0.51328 0.12153 0.57143 0.47843 0.00263 0.03103 0.11441 0.11420 0.14124 0.49600 0.62500 0.18824 0.83922
0.10007 0.59062 0.52614 0.08796 0.60769 0.45490 0.00288 0.07453 0.07947 0.07479 0.11224 0.37273 0.81507 0.31373 0.73725
0.53759 0.41388 0.60392 0.57801 0.39310 0.61569 0.01568 0.05433 0.06620 0.56122 0.58772 0.24314 0.51429 0.34118 0.82353
0.50699 0.46195 0.49828 0.55556 0.49600 0.49804 0.02017 0.04229 0.04351 0.50000 0.59146 0.32097 0.60484 0.36471 0.52549
0.49790 0.52734 0.68508 0.57349 0.63060 0.75686 0.02849 0.10076 0.05002 0.45238 0.57984 0.21505 0.79724 0.57255 0.84314
0.06929 0.77240 0.35277 0.06667 0.73793 0.37255 0.00387 0.02134 0.04836 0.04902 0.07639 0.68696 0.90625 0.13725 0.48627
0.73925 0.26965 0.51149 0.70513 0.21705 0.50588 0.02108 0.02076 0.01508 0.62963 0.86667 0.17857 0.34091 0.45882 0.54902
0.60026 0.52203 0.49958 0.60417 0.54032 0.50196 0.01485 0.08205 0.02389 0.59524 0.61364 0.25362 0.76786 0.39608 0.59216
0.36912 0.37693 0.57858 0.46171 0.35951 0.63922 0.05387 0.04765 0.07069 0.13333 0.51780 0.24026 0.49412 0.31765 0.83529
0.36165 0.28801 0.68146 0.23810 0.18634 0.67059 0.05331 0.03970 0.01222 0.13333 0.61275 0.15897 0.43750 0.60784 0.76863
0.34593 0.23895 0.49773 0.48958 0.18033 0.50980 0.04732 0.03709 0.02630 0.11538 0.54545 0.12121 0.28916 0.40784 0.62353
0.58097 0.47196 0.55392 0.59058 0.49302 0.51765 0.05541 0.08825 0.06342 0.56984 0.61594 0.18264 0.73000 0.32157 0.81176
0.05699 0.59214 0.62886 0.04195 0.58636 0.80000 0.00221 0.00675 0.09222 0.03528 0.04861 0.53704 0.65385 0.40392 0.87843
0.50017 0.54522 0.60968 0.56173 0.53216 0.62353 0.04838 0.10975 0.07026 0.53241 0.58524 0.24154 0.86614 0.41569 0.85882
0.55189 0.14449 0.56196 0.63333 0.12575 0.53333 0.05471 0.00947 0.02524 0.58333 0.65789 0.08661 0.17680 0.44706 0.71373
0.56753 0.16554 0.74365 0.57317 0.12778 0.82353 0.00188 0.01393 0.05019 0.55882 0.58333 0.08182 0.21951 0.65882 0.89412
0.55639 0.47748 0.45569 0.58475 0.51111 0.38824 0.01026 0.02193 0.02720 0.57692 0.59314 0.37791 0.59184 0.35294 0.65490
0.55466 0.21191 0.51787 0.62179 0.19643 0.52941 0.05099 0.00972 0.00335 0.61232 0.64706 0.12879 0.30986 0.47451 0.56078
0.47626 0.22417 0.59329 0.55000 0.21827 0.67059 0.02112 0.01744 0.07907 0.38889 0.56838 0.14050 0.27389 0.36471 0.80000
0.38905 0.09698 0.69383 0.41667 0.06466 0.78431 0.03646 0.00727 0.03736 0.21212 0.54487 0.03980 0.12150 0.52549 0.85098
0.43668 0.13569 0.53400 0.26667 0.09434 0.51765 0.11657 0.02159 0.05873 0.13333 0.81250 0.04825 0.16149 0.31765 0.76471
0.49127 0.63213 0.39269 0.58788 0.66667 0.36471 0.05001 0.05863 0.06658 0.52899 0.59859 0.51648 0.80000 0.14902 0.63137
0.65286 0.68434 0.56858 0.58796 0.75000 0.69020 0.01980 0.07249 0.10224 0.56631 0.70430 0.50935 0.92308 0.24706 0.87059
0.65041 0.40534 0.56800 0.60972 0.36609 0.55686 0.01578 0.08287 0.02790 0.59701 0.70588 0.11765 0.70303 0.47451 0.66275
0.52468 0.14764 0.73577 0.58333 0.10945 0.75294 0.01160 0.01225 0.01616 0.47222 0.59524 0.04846 0.25150 0.63922 0.85098
0.58063 0.15526 0.54657 0.61232 0.13661 0.54118 0.03071 0.01202 0.03846 0.60345 0.63333 0.06723 0.24339 0.37255 0.71373
0.64521 0.65622 0.73664 0.64269 0.65488 0.80000 0.00022 0.00952 0.04321 0.63485 0.65989 0.57653 0.70732 0.70980 0.85098
0.34850 0.36395 0.59088 0.19136 0.31827 0.54118 0.08749 0.05072 0.04500 0.09430 0.60043 0.22881 0.42658 0.41961 0.85098
0.55741 0.20116 0.56975 0.56522 0.15789 0.69020 0.00491 0.01815 0.10537 0.54861 0.57895 0.10698 0.26490 0.16471 0.85098
0.55668 0.56329 0.76714 0.60067 0.60550 0.83137 0.00742 0.03122 0.03521 0.52987 0.60559 0.50201 0.69591 0.61176 0.93333
0.54601 0.26541 0.70261 0.57292 0.27273 0.78039 0.00924 0.02753 0.06918 0.52299 0.59226 0.11508 0.38095 0.43529 0.98824
0.49200 0.22447 0.59899 0.56019 0.19231 0.56863 0.06507 0.02446 0.03176 0.53333 0.58772 0.08333 0.36082 0.45098 0.77255
0.50620 0.59831 0.54065 0.56790 0.58865 0.47451 0.02804 0.09567 0.05372 0.48870 0.60112 0.28158 0.91346 0.34510 0.80784
0.57614 0.39303 0.61395 0.58333 0.41379 0.54510 0.00340 0.01207 0.05858 0.57310 0.60417 0.33755 0.46591 0.41569 0.89020
0.08461 0.41533 0.47794 0.07870 0.41322 0.48627 0.00667 0.01011 0.01782 0.07333 0.08333 0.37079 0.45763 0.41176 0.54118
0.10302 0.33637 0.50842 0.08081 0.29565 0.44706 0.00242 0.03816 0.02532 0.06019 0.14286 0.15152 0.51205 0.38824 0.63137
0.50102 0.30300 0.75017 0.58676 0.33495 0.81176 0.06809 0.05552 0.01212 0.56863 0.59662 0.05263 0.37738 0.65490 0.83529
0.55170 0.70957 0.48782 0.57451 0.71812 0.54118 0.00488 0.03534 0.02611 0.54248 0.58416 0.56551 0.82022 0.35686 0.59608
0.64543 0.16870 0.62783 0.64327 0.16296 0.62353 0.01839 0.00751 0.03050 0.62195 0.69048 0.10744 0.21862 0.48235 0.72549
0.57624 0.53005 0.53592 0.60000 0.54651 0.52157 0.01808 0.03061 0.01387 0.58743 0.61228 0.46218 0.63576 0.45098 0.62745
0.21238 0.32106 0.57788 0.15873 0.25926 0.55686 0.02310 0.05382 0.10984 0.11111 0.23333 0.14286 0.46565 0.32549 0.93725
0.31501 0.27350 0.45310 0.07843 0.24841 0.40784 0.13074 0.02461 0.05896 0.04444 0.60345 0.15207 0.37805 0.23922 0.66667
0.63995 0.58981 0.53309 0.61392 0.59091 0.54118 0.00718 0.07847 0.08346 0.60606 0.64056 0.32850 0.87879 0.24314 0.83137
0.42323 0.56190 0.42432 0.07658 0.61307 0.38431 0.17462 0.07032 0.07962 0.02694 0.85354 0.40449 0.75806 0.27451 0.62745
0.65311 0.50191 0.35147 0.75287 0.44444 0.31765 0.09390 0.02350 0.05351 0.68687 0.82609 0.38947 0.60000 0.21176 0.35686
0.88510 0.17696 0.60570 0.88889 0.18367 0.54118 0.00046 0.00137 0.03262 0.87356 0.90278 0.15686 0.20388 0.45490 0.74510
0.57359 0.45692 0.90129 0.58133 0.48536 0.96863 0.00748 0.01424 0.03346 0.57214 0.62500 0.42292 0.54011 0.91765 0.99608
0.34643 0.14963 0.60988 0.48333 0.09836 0.69412 0.07193 0.01792 0.04837 0.07692 0.57143 0.06122 0.15976 0.46667 0.75686
0.30274 0.24175 0.39012 0.19444 0.23077 0.31373 0.03979 0.01999 0.07820 0.13445 0.53333 0.12500 0.33198 0.16471 0.55686
0.51746 0.37753 0.52121 0.56667 0.42778 0.50980 0.05554 0.03121 0.02860 0.54000 0.61688 0.25893 0.46386 0.34902 0.67843
0.51499 0.19827 0.52311 0.58333 0.18987 0.58039 0.02909 0.01588 0.03253 0.55303 0.60417 0.09302 0.28395 0.35686 0.67451
0.21802 0.47071 0.58869 0.08249 0.45291 0.58431 0.10018 0.02302 0.09328 0.06093 0.12121 0.35000 0.58416 0.28627 0.91765
0.55218 0.31189 0.55207 0.58696 0.30345 0.53725 0.01561 0.02356 0.02621 0.57801 0.59667 0.23404 0.39091 0.44314 0.71373
0.45475 0.26295 0.49791 0.60606 0.19298 0.41961 0.07184 0.04952 0.09682 0.16667 0.65909 0.08772 0.38983 0.22353 0.80000
0.50442 0.58599 0.53452 0.57042 0.61702 0.41176 0.02048 0.04505 0.09174 0.40909 0.60624 0.45098 0.73494 0.29804 0.86275
0.51113 0.51258 0.52968 0.55729 0.47682 0.54118 0.00575 0.06883 0.03509 0.46032 0.56854 0.26190 0.71585 0.40392 0.68235
0.58494 0.18907 0.59097 0.72222 0.11184 0.59608 0.11389 0.04402 0.07152 0.11111 0.82222 0.07104 0.22222 0.38039 0.84314
0.24442 0.32413 0.41207 0.18750 0.31051 0.23922 0.03085 0.02276 0.09036 0.09788 0.38889 0.19048 0.45455 0.17255 0.65490
0.60257 0.57507 0.61203 0.60526 0.57407 0.59608 0.00124 0.02190 0.01127 0.58427 0.61905 0.48663 0.66667 0.54118 0.69020
0.10907 0.74470 0.53224 0.10452 0.75000 0.46275 0.00089 0.03157 0.09565 0.08796 0.12403 0.61111 0.88627 0.26667 0.83529
0.56206 0.24690 0.44639 0.60078 0.23077 0.46275 0.05363 0.02120 0.05866 0.54487 0.66667 0.12222 0.35269 0.23137 0.65098
0.56545 0.60922 0.60192 0.57713 0.77536 0.55294 0.00251 0.07078 0.06753 0.55620 0.58537 0.32941 0.80556 0.41569 0.96863
0.51192 0.22431 0.62557 0.54630 0.21930 0.70196 0.02063 0.00817 0.05126 0.53571 0.56522 0.17442 0.26776 0.46667 0.82745
0.57086 0.24249 0.70774 0.58140 0.16346 0.79608 0.03438 0.04886 0.04897 0.54701 0.67857 0.06867 0.34247 0.53725 0.90196
0.58701 0.38018 0.63418 0.58772 0.38843 0.54510 0.00117 0.01459 0.04901 0.57738 0.60354 0.29956 0.47273 0.45490 0.87843
0.46708 0.07513 0.60042 0.66667 0.05952 0.65490 0.17236 0.00341 0.04521 0.05882 0.91667 0.02871 0.11111 0.40392 0.79216
0.39332 0.22791 0.56343 0.18155 0.23144 0.47451 0.10007 0.01494 0.07331 0.08519 0.64394 0.13846 0.29061 0.31765 0.83922
0.53313 0.67909 0.46477 0.56929 0.81053 0.41961 0.01247 0.06118 0.07426 0.55691 0.59583 0.37553 0.86022 0.32549 0.49412
0.08013 0.69942 0.82358 0.07664 0.72775 0.85490 0.00032 0.01397 0.02493 0.07018 0.08831 0.63063 0.78689 0.75686 0.94118
0.11634 0.49294 0.70679 0.05780 0.51867 0.78039 0.03861 0.02857 0.06323 0.04635 0.08333 0.37624 0.62441 0.53333 0.90588
0.56647 0.49247 0.78244 0.59877 0.53901 0.92549 0.00732 0.02529 0.07150 0.57491 0.60550 0.38750 0.60417 0.58824 0.99608
0.57508 0.65017 0.64586 0.57333 0.78153 0.65882 0.00055 0.09351 0.02056 0.56869 0.58046 0.30653 0.94340 0.59608 0.76471
0.35810 0.26235 0.49343 0.36458 0.23593 0.45882 0.04531 0.02978 0.04490 0.12403 0.57353 0.13793 0.36051 0.31373 0.67451
0.11137 0.45697 0.60477 0.07436 0.53571 0.71765 0.01999 0.05312 0.11788 0.05983 0.10417 0.27273 0.64384 0.21569 0.91765
0.66179 0.21066 0.47404 0.67857 0.18803 0.43922 0.08840 0.00770 0.01664 0.62121 0.90196 0.15385 0.24161 0.40392 0.51765
0.50818 0.26895 0.65950 0.57317 0.19907 0.78431 0.02970 0.02823 0.04988 0.56173 0.59009 0.15385 0.37879 0.49020 0.84706
0.58730 0.36983 0.64461 0.60458 0.38150 0.67059 0.00882 0.02033 0.03516 0.59701 0.60753 0.25688 0.48636 0.45490 0.82353
0.47255 0.21465 0.67534 0.60976 0.18280 0.83529 0.09254 0.02942 0.10821 0.13333 0.65351 0.07851 0.30415 0.39216 0.94902
0.51248 0.53661 0.50837 0.58844 0.56250 0.54902 0.03706 0.04326 0.05702 0.57364 0.59319 0.40116 0.70213 0.37647 0.71765
0.35152 0.23304 0.68990 0.20721 0.14689 0.70980 0.06878 0.04635 0.02959 0.10659 0.62500 0.04372 0.41500 0.60784 0.81569
0.37508 0.49422 0.65779 0.30556 0.48341 0.71373 0.03302 0.06634 0.06607 0.18910 0.57018 0.26852 0.71717 0.48235 0.85882
0.42068 0.21155 0.66365 0.55263 0.18103 0.77255 0.04669 0.01859 0.05399 0.18750 0.60674 0.09756 0.31034 0.45098 0.87059
0.74217 0.52550 0.31724 0.69298 0.46552 0.27843 0.04667 0.05627 0.01794 0.62000 0.94298 0.35526 0.66279 0.23529 0.36863
0.49322 0.17106 0.65011 0.52778 0.17273 0.69020 0.00623 0.01190 0.05589 0.46667 0.54264 0.08036 0.23077 0.42745 0.88627
0.56417 0.27181 0.52103 0.60819 0.28276 0.61961 0.03661 0.02576 0.09278 0.53333 0.63095 0.16513 0.35417 0.23137 0.75294
0.57980 0.36699 0.72205 0.57778 0.33333 0.66275 0.00277 0.03995 0.03476 0.53958 0.62121 0.22596 0.49296 0.58039 0.97255
0.48216 0.12000 0.46658 0.59649 0.11888 0.50196 0.06021 0.00989 0.01657 0.52778 0.61667 0.03472 0.17460 0.38431 0.54608
0.56584 0.15824 0.79765 0.58333 0.13853 0.87451 0.01644 0.00707 0.02404 0.57407 0.59091 0.08850 0.21429 0.67451 0.92549
0.45262 0.16166 0.53032 0.56818 0.14400 0.52941 0.09159 0.01390 0.04957 0.09009 0.66667 0.06494 0.22892 0.35686 0.64314
0.40207 0.60514 0.60695 0.50253 0.66667 0.69804 0.03561 0.04907 0.06010 0.20614 0.56863 0.44706 0.76543 0.39216 0.81961
0.55611 0.34216 0.34388 0.61728 0.33333 0.35686 0.06314 0.02741 0.06106 0.45833 0.65217 0.22222 0.43939 0.07843 0.53725
0.49841 0.27857 0.43064 0.54000 0.26389 0.38824 0.02194 0.02142 0.01580 0.51042 0.56349 0.17219 0.38824 0.34118 0.51765
0.53702 0.53051 0.70625 0.54348 0.59763 0.69020 0.00677 0.09871 0.00976 0.52778 0.57682 0.24044 0.80233 0.65882 0.77647
0.07977 0.75407 0.70793 0.07956 0.82533 0.87843 0.00098 0.02801 0.06672 0.06545 0.08943 0.68224 0.86580 0.43922 0.89804
0.05168 0.77553 0.62987 0.04060 0.81304 0.62745 0.00392 0.02438 0.03755 0.03247 0.04949 0.69444 0.89209 0.52941 0.73725
0.59016 0.46762 0.74138 0.59007 0.38333 0.72549 0.00044 0.10311 0.02263 0.58333 0.60417 0.15758 0.80702 0.63137 0.88235
0.38591 0.26629 0.59571 0.14758 0.22581 0.65882 0.12849 0.02079 0.09606 0.04301 0.68750 0.16454 0.35266 0.28627 0.88627
0.14783 0.49277 0.63223 0.05616 0.46512 0.73333 0.07843 0.01001 0.05906 0.04945 0.05936 0.44792 0.48889 0.40784 0.83137
0.56107 0.61031 0.61186 0.57143 0.64753 0.70196 0.00282 0.10497 0.05177 0.56233 0.58222 0.30556 0.96753 0.60000 0.74902
0.64200 0.23712 0.55633 0.64394 0.15957 0.62353 0.00171 0.01525 0.01986 0.60985 0.65333 0.13609 0.36522 0.41961 0.67451
0.61604 0.69611 0.38751 0.75641 0.73864 0.30196 0.15753 0.03861 0.06452 0.09902 0.96726 0.58824 0.82857 0.20392 0.53725
0.08507 0.93151 0.59013 0.08170 0.98272 0.59216 0.00044 0.00870 0.10971 0.07082 0.09259 0.88292 1.00000 0.24706 0.94118
0.55706 0.04366 0.84487 0.66667 0.04425 0.90588 0.03749 0.00045 0.02170 0.38889 0.69231 0.02809 0.05844 0.69804 0.98431
0.57288 0.76336 0.59387 0.57246 0.78400 0.59608 0.00021 0.02918 0.02006 0.55983 0.58689 0.61979 0.91964 0.48627 0.71765
0.58106 0.19164 0.71675 0.58571 0.19780 0.80392 0.00357 0.01540 0.04793 0.57292 0.59091 0.12134 0.23005 0.65490 0.87451
0.57723 0.36035 0.45419 0.58772 0.32323 0.42353 0.00772 0.02759 0.01424 0.56667 0.60317 0.28421 0.46392 0.37255 0.53333
0.17704 0.27611 0.40982 0.11111 0.26549 0.33333 0.02775 0.02451 0.06639 0.09091 0.16346 0.15556 0.37736 0.23529 0.51765