0.24260 0.53836 0.30164 0.24537 0.48718 0.24314 0.00382 0.08609 0.05811 0.21644 0.27044 0.30769 0.77778 0.12157 0.40784
0.50138 0.29676 0.47511 0.59701 0.29630 0.47843 0.05258 0.03619 0.08197 0.45833 0.61538 0.14418 0.39877 0.21961 0.68235
0.20688 0.40904 0.36435 0.15278 0.36842 0.34118 0.06171 0.04818 0.04754 0.04264 0.22778 0.24107 0.55172 0.18824 0.50196
0.32379 0.73008 0.65054 0.20470 0.68627 0.58431 0.04801 0.04364 0.04593 0.13475 0.59957 0.60150 0.92857 0.49412 0.85098
0.29834 0.41327 0.19355 0.21429 0.37838 0.14902 0.04168 0.05756 0.02474 0.16667 0.36667 0.22727 0.55814 0.09412 0.22353
0.28564 0.18750 0.49069 0.23737 0.17241 0.46275 0.02496 0.01827 0.04605 0.20202 0.32222 0.10185 0.24706 0.34902 0.58431
0.13144 0.79627 0.54064 0.11328 0.85246 0.54510 0.01018 0.05254 0.07799 0.09489 0.13934 0.69949 1.00000 0.30980 0.77255
0.17036 0.37315 0.50612 0.17610 0.33333 0.51765 0.00117 0.02779 0.03125 0.15580 0.19333 0.26455 0.43158 0.39216 0.62745
0.15168 0.71132 0.49088 0.10569 0.71069 0.48235 0.01004 0.02222 0.05064 0.09146 0.20588 0.63440 0.80000 0.33333 0.63529
0.56343 0.29160 0.54961 0.56481 0.25000 0.56078 0.00083 0.01811 0.04508 0.54301 0.58519 0.22378 0.29524 0.38824 0.74902
0.36081 0.60828 0.51752 0.25424 0.61765 0.49020 0.03072 0.04193 0.04716 0.21705 0.58521 0.48148 0.78205 0.37255 0.62353
0.22023 0.58349 0.62152 0.21131 0.55827 0.63922 0.00299 0.06511 0.08126 0.18732 0.23538 0.41949 0.76190 0.40392 0.87843
0.29671 0.39272 0.46727 0.27536 0.37864 0.37255 0.01673 0.06045 0.09911 0.22599 0.36508 0.21277 0.54237 0.21961 0.70980
0.26994 0.24180 0.47939 0.22764 0.21762 0.47843 0.01749 0.02253 0.04166 0.19811 0.27451 0.13777 0.30695 0.31373 0.63922
0.27936 0.65050 0.19322 0.25758 0.65556 0.16471 0.00659 0.07106 0.02105 0.22956 0.30556 0.45714 0.89744 0.05490 0.31373
0.29735 0.53833 0.42225 0.20085 0.50794 0.35686 0.03524 0.07771 0.08209 0.17778 0.53646 0.32394 0.72622 0.18431 0.70196
0.31311 0.28327 0.43390 0.26667 0.24731 0.40000 0.02883 0.04400 0.07762 0.22481 0.37879 0.14394 0.37736 0.20784 0.60000
0.15694 0.65647 0.56761 0.14400 0.65605 0.58039 0.00349 0.04017 0.04820 0.11842 0.18519 0.53043 0.78351 0.43922 0.71373
0.57533 0.04284 0.59234 0.69444 0.03077 0.60392 0.07791 0.00364 0.03255 0.44444 0.73333 0.02069 0.04348 0.49020 0.70980
0.34928 0.12960 0.53249 0.19444 0.12389 0.52549 0.08432 0.00536 0.02351 0.18182 0.57692 0.08547 0.16129 0.43529 0.62353
0.48907 0.20944 0.36381 0.63333 0.17232 0.29020 0.10779 0.02568 0.05484 0.13404 0.76923 0.09589 0.28205 0.20392 0.43922
0.25319 0.24740 0.40998 0.26000 0.23171 0.38824 0.00826 0.01327 0.02735 0.20455 0.32407 0.18033 0.28767 0.29020 0.51765
0.25934 0.53839 0.37992 0.19512 0.47826 0.32157 0.02625 0.08610 0.07106 0.17333 0.24253 0.30450 0.78571 0.16863 0.54902
0.13447 0.75566 0.49917 0.11847 0.79310 0.47843 0.00812 0.05540 0.06437 0.10034 0.14080 0.63542 0.98137 0.29412 0.69020
0.10294 0.42502 0.51845 0.08974 0.40909 0.55294 0.01072 0.02529 0.02573 0.06383 0.11979 0.31818 0.51250 0.40784 0.63137
0.34726 0.43875 0.36028 0.19298 0.43478 0.29804 0.09354 0.07176 0.05644 0.13667 0.52381 0.20181 0.63529 0.17647 0.46275
0.22469 0.65478 0.46808 0.21667 0.66265 0.42745 0.00453 0.05289 0.07979 0.19681 0.23611 0.50510 0.82812 0.21961 0.68627
0.25705 0.43240 0.47921 0.23077 0.40784 0.44314 0.01374 0.06903 0.06902 0.19444 0.27652 0.23448 0.59341 0.28235 0.66667
0.25263 0.33013 0.54788 0.19312 0.31343 0.52157 0.02586 0.04150 0.03829 0.18056 0.20430 0.19469 0.44361 0.41961 0.63922
0.16565 0.42899 0.53253 0.16468 0.37008 0.54118 0.03082 0.05110 0.05788 0.02632 0.19318 0.28041 0.53448 0.33725 0.72549
0.32117 0.50472 0.37875 0.26667 0.56800 0.37647 0.02345 0.05632 0.03582 0.23256 0.33333 0.31618 0.71154 0.21176 0.49804
0.30990 0.23139 0.64828 0.10606 0.20134 0.67059 0.11236 0.02031 0.07677 0.07333 0.63194 0.13889 0.29213 0.38039 0.92549
0.20471 0.14233 0.50624 0.19136 0.13281 0.50196 0.01011 0.00674 0.02237 0.17708 0.19608 0.09150 0.17822 0.41176 0.59216
0.39726 0.30750 0.40519 0.36111 0.21429 0.37255 0.09821 0.06876 0.07609 0.10819 0.60417 0.12602 0.39773 0.16471 0.60000
0.42366 0.40477 0.62782 0.17568 0.39161 0.64314 0.13370 0.04672 0.03884 0.08772 0.81863 0.23973 0.53333 0.48235 0.79608
0.19402 0.29257 0.49100 0.16379 0.28704 0.49412 0.02524 0.04227 0.02811 0.14323 0.18750 0.11458 0.40940 0.38039 0.59608
0.57061 0.42026 0.58034 0.60648 0.42857 0.62353 0.02343 0.05227 0.05896 0.59524 0.61232 0.22687 0.62577 0.39608 0.75686
0.40300 0.47308 0.31086 0.41667 0.40741 0.12549 0.05100 0.10851 0.12166 0.23780 0.59375 0.19718 0.72419 0.02745 0.58431
0.44950 0.33014 0.50804 0.56989 0.20960 0.49412 0.05205 0.09017 0.08212 0.19444 0.59314 0.08056 0.57321 0.26667 0.69412
0.28615 0.25300 0.16920 0.25000 0.20000 0.09412 0.04511 0.05776 0.02426 0.16667 0.45833 0.08000 0.37500 0.07059 0.21176
0.19611 0.17764 0.38381 0.07895 0.15152 0.32549 0.09051 0.01644 0.05455 0.05263 0.11728 0.08333 0.23596 0.18039 0.56471
0.18314 0.44506 0.43926 0.17045 0.43011 0.42745 0.00462 0.03093 0.02347 0.14840 0.19608 0.32800 0.53793 0.35294 0.50588
0.19594 0.68513 0.46418 0.09314 0.76923 0.38431 0.08704 0.09525 0.05955 0.03846 0.14693 0.44166 1.00000 0.26275 0.62745
0.21035 0.72171 0.70441 0.12431 0.75534 0.72157 0.03904 0.05342 0.05540 0.10874 0.14719 0.61024 0.89889 0.52941 0.93333
0.26932 0.35958 0.29076 0.23077 0.30769 0.27451 0.02061 0.06101 0.03505 0.19318 0.32222 0.17895 0.48750 0.15686 0.38824
0.50753 0.33742 0.47087 0.59662 0.13725 0.37647 0.07733 0.10584 0.05969 0.23810 0.61111 0.06075 0.74757 0.31373 0.69020
0.28903 0.38605 0.35421 0.29167 0.36232 0.27843 0.01331 0.05596 0.06083 0.22222 0.36905 0.19909 0.53202 0.19216 0.43137
0.23931 0.36791 0.34013 0.23148 0.33981 0.31765 0.00232 0.03844 0.03167 0.22109 0.25000 0.25000 0.45000 0.23137 0.41176
0.20518 0.61284 0.39658 0.21505 0.58621 0.36078 0.00478 0.05756 0.05607 0.16092 0.24638 0.42697 0.79688 0.21961 0.53725
0.23291 0.43774 0.46472 0.20492 0.42373 0.45490 0.00881 0.02845 0.04802 0.17778 0.23737 0.30263 0.55556 0.30588 0.57647
0.20063 0.41659 0.46694 0.18950 0.44056 0.45490 0.00633 0.03086 0.02345 0.16667 0.20930 0.32990 0.52809 0.37255 0.53333
0.19491 0.32971 0.45190 0.17376 0.32237 0.49804 0.01355 0.03564 0.02878 0.15625 0.19444 0.22857 0.40517 0.36471 0.56863
0.24161 0.62280 0.23747 0.22222 0.63953 0.18824 0.00523 0.08896 0.04734 0.20000 0.27778 0.37500 0.91111 0.06275 0.33333
0.49766 0.27727 0.23189 0.54444 0.21429 0.14510 0.02672 0.05063 0.04936 0.48148 0.56818 0.12500 0.35714 0.06667 0.33333
0.29033 0.61914 0.40603 0.29111 0.61224 0.37255 0.00142 0.03570 0.04057 0.26705 0.31707 0.50000 0.74359 0.25098 0.52941
0.40068 0.34946 0.53531 0.45175 0.32418 0.55294 0.01625 0.02879 0.05928 0.28571 0.50321 0.23697 0.43269 0.33725 0.76078
0.55903 0.13295 0.59181 0.61111 0.13223 0.57255 0.05233 0.00462 0.03392 0.37037 0.75000 0.08966 0.16495 0.45882 0.74902
0.21776 0.31401 0.33376 0.21212 0.30000 0.32941 0.00178 0.02068 0.01051 0.19333 0.23737 0.20779 0.39437 0.26667 0.39608
0.55088 0.30781 0.52639 0.55556 0.25352 0.53725 0.00123 0.03728 0.06376 0.53646 0.57292 0.19872 0.34118 0.31373 0.71765
0.42573 0.41223 0.41940 0.42636 0.37179 0.38431 0.00258 0.03285 0.04448 0.39216 0.46000 0.29371 0.48000 0.26275 0.53333
0.32276 0.38824 0.29032 0.23333 0.33333 0.19608 0.05819 0.05159 0.06052 0.14815 0.40741 0.22876 0.50000 0.09020 0.45098
0.14792 0.38704 0.17158 0.16667 0.25510 0.05098 0.01505 0.06445 0.04470 0.08333 0.16667 0.22222 0.52381 0.03529 0.24706
0.40388 0.35329 0.37370 0.34314 0.21622 0.32157 0.03847 0.11173 0.08691 0.27536 0.60417 0.10256 0.50000 0.10588 0.57647
0.18124 0.29180 0.47468 0.16102 0.28125 0.47451 0.01960 0.02634 0.01910 0.14693 0.18750 0.16379 0.39286 0.38431 0.56078
0.31674 0.40750 0.39381 0.26190 0.38158 0.37647 0.01278 0.03513 0.02544 0.23203 0.40741 0.27709 0.49275 0.26667 0.50980
0.59002 0.55337 0.36420 0.59829 0.54000 0.40392 0.00348 0.04498 0.03467 0.59226 0.60458 0.43478 0.66667 0.22745 0.46667
0.30885 0.42680 0.38323 0.31026 0.42143 0.40000 0.00303 0.02768 0.02879 0.29268 0.32407 0.31933 0.51799 0.25882 0.50196
0.28369 0.26704 0.47286 0.27778 0.23377 0.45490 0.01081 0.02293 0.06832 0.23504 0.32500 0.17241 0.32222 0.25098 0.68235
0.11702 0.53398 0.40967 0.11574 0.50385 0.40392 0.00251 0.02342 0.02703 0.10677 0.12560 0.43243 0.60215 0.30196 0.50588
0.17628 0.27192 0.49627 0.18382 0.26733 0.48627 0.00091 0.00685 0.01315 0.16146 0.19333 0.21154 0.32919 0.41176 0.56863
0.28134 0.24309 0.48525 0.22222 0.23944 0.50588 0.03085 0.01560 0.02199 0.20270 0.26812 0.16154 0.30435 0.41176 0.57647
0.25722 0.65685 0.37730 0.23224 0.76175 0.36471 0.01694 0.11165 0.04112 0.21689 0.25676 0.38118 0.96591 0.24706 0.49020
0.34994 0.54884 0.29493 0.33333 0.54545 0.23137 0.00761 0.07838 0.05349 0.30802 0.38462 0.32353 0.75904 0.10980 0.42353
0.14801 0.62376 0.40706 0.14286 0.60114 0.38824 0.00876 0.04371 0.05554 0.09322 0.18519 0.47727 0.76812 0.23922 0.53725
0.24675 0.64616 0.39683 0.22511 0.72549 0.38039 0.01675 0.09436 0.04082 0.21627 0.23881 0.48438 0.89831 0.28627 0.45882
0.27142 0.64409 0.51173 0.12016 0.70175 0.44314 0.12392 0.10200 0.06598 0.04708 0.17134 0.36709 0.97317 0.28235 0.71765
0.23521 0.41982 0.49493 0.18950 0.39416 0.50196 0.01656 0.04451 0.02271 0.17371 0.21212 0.27624 0.55263 0.40000 0.59608
0.11375 0.36345 0.54348 0.10833 0.27815 0.56471 0.00282 0.06194 0.08485 0.09524 0.12667 0.18182 0.48352 0.29804 0.79608
0.13670 0.54095 0.45665 0.14312 0.50725 0.38039 0.00271 0.05291 0.07936 0.11404 0.16000 0.36967 0.69880 0.21569 0.67059
0.13004 0.75031 0.33948 0.10256 0.78947 0.29412 0.02662 0.04772 0.03624 0.09091 0.11299 0.64773 0.91892 0.21961 0.40392
0.18379 0.38903 0.55065 0.16875 0.38265 0.55686 0.01435 0.05629 0.06253 0.14167 0.18954 0.21739 0.51485 0.34902 0.73725
0.15513 0.39227 0.66634 0.13333 0.38356 0.70196 0.02495 0.02912 0.06570 0.11240 0.14695 0.28112 0.48872 0.45490 0.90196
0.34198 0.47531 0.47890 0.34615 0.43939 0.46667 0.00249 0.02931 0.04894 0.30147 0.37805 0.36842 0.54667 0.30196 0.65098
0.11589 0.46511 0.52995 0.10819 0.45000 0.49412 0.00749 0.07306 0.08364 0.08333 0.13131 0.24775 0.64583 0.29412 0.77255
0.27365 0.34209 0.41462 0.21250 0.30357 0.38824 0.01948 0.03386 0.04713 0.18750 0.27132 0.20548 0.43750 0.25490 0.51765
0.15725 0.35549 0.55202 0.15741 0.32903 0.57255 0.00060 0.01106 0.01690 0.14646 0.17063 0.28966 0.39429 0.50588 0.61961
0.28395 0.42629 0.26535 0.19444 0.28916 0.18824 0.06699 0.11646 0.06783 0.10985 0.36667 0.16129 0.69231 0.03137 0.43529
0.14859 0.44915 0.37277 0.13636 0.44231 0.33725 0.00702 0.03229 0.02822 0.12121 0.15152 0.33333 0.55556 0.24706 0.47843
0.24598 0.66783 0.47996 0.23851 0.70968 0.39216 0.00563 0.07617 0.09793 0.20461 0.27567 0.47500 0.91429 0.21961 0.74902
0.44163 0.59350 0.48970 0.43519 0.55042 0.47451 0.00322 0.04795 0.06149 0.41026 0.47154 0.42466 0.75385 0.27843 0.67843
0.35290 0.36665 0.46861 0.29524 0.30848 0.40784 0.02927 0.07668 0.09693 0.21486 0.50758 0.14665 0.52941 0.21176 0.70588
0.33273 0.11721 0.49876 0.22222 0.09756 0.51373 0.04734 0.00991 0.03509 0.19697 0.44444 0.05929 0.14563 0.36863 0.62745
0.17164 0.44431 0.46888 0.17730 0.38511 0.50196 0.00112 0.03558 0.04038 0.16038 0.19006 0.32278 0.51515 0.30588 0.62353
0.20395 0.40021 0.48710 0.19444 0.35973 0.49020 0.00347 0.03294 0.04734 0.18571 0.21069 0.27723 0.47619 0.30980 0.64706
0.29845 0.44929 0.44838 0.29825 0.43023 0.41176 0.00799 0.05308 0.04923 0.26368 0.32857 0.31579 0.57576 0.29412 0.54118
0.39834 0.30357 0.34622 0.44444 0.26786 0.30196 0.02832 0.03725 0.06250 0.24405 0.53333 0.16964 0.40426 0.12941 0.47843
0.28906 0.64688 0.34818 0.25676 0.67857 0.25882 0.02156 0.09590 0.08827 0.21242 0.33333 0.38500 1.00000 0.09804 0.55294
0.24302 0.49318 0.25311 0.23958 0.45000 0.20784 0.00577 0.07085 0.04988 0.21250 0.27500 0.31667 0.63636 0.12157 0.29804
0.38681 0.47667 0.58059 0.27778 0.48425 0.53333 0.04400 0.07288 0.06173 0.20412 0.61304 0.27660 0.61379 0.38431 0.81569
0.19038 0.35556 0.42161 0.14379 0.32812 0.40000 0.03171 0.03546 0.06302 0.08140 0.21111 0.22128 0.46032 0.19216 0.61569
0.24642 0.63475 0.44431 0.20306 0.63576 0.40784 0.03643 0.05194 0.05706 0.13152 0.28056 0.46667 0.81159 0.26667 0.60000
0.21781 0.46356 0.41670 0.17413 0.45669 0.40784 0.01088 0.04474 0.01977 0.16410 0.20085 0.32450 0.58763 0.31765 0.50980
0.36637 0.42723 0.46094 0.33333 0.38000 0.44706 0.05922 0.05588 0.05420 0.14394 0.57738 0.25595 0.55556 0.32157 0.56863
0.30198 0.39961 0.44593 0.27652 0.38129 0.43529 0.01618 0.03378 0.03489 0.23551 0.31034 0.27814 0.50000 0.30588 0.56471
0.29776 0.43831 0.37943 0.28571 0.41791 0.33333 0.01193 0.02592 0.03869 0.26296 0.33333 0.31507 0.54888 0.21961 0.51765
0.36408 0.32341 0.45097 0.30556 0.29464 0.43529 0.06074 0.03118 0.03731 0.13884 0.57870 0.19416 0.42574 0.33333 0.53333
0.20427 0.47363 0.59257 0.09524 0.44248 0.60392 0.08613 0.09453 0.09375 0.05820 0.12963 0.21901 0.72165 0.28235 0.90196
0.39851 0.27927 0.43516 0.32222 0.24490 0.36471 0.04408 0.03145 0.06563 0.22764 0.60417 0.15044 0.37159 0.23922 0.59608
0.19733 0.57227 0.27469 0.19231 0.54286 0.23137 0.01628 0.07507 0.05053 0.14694 0.22619 0.38202 0.78130 0.07059 0.41961
0.53151 0.24750 0.34470 0.57292 0.23333 0.30196 0.02822 0.01834 0.04356 0.38542 0.65217 0.14943 0.32766 0.20000 0.41176
0.24425 0.44908 0.29782 0.17157 0.36735 0.22745 0.04750 0.09351 0.06086 0.12222 0.22222 0.20000 0.66667 0.11765 0.39216
0.48507 0.37265 0.38697 0.53675 0.33333 0.32157 0.01850 0.05324 0.08011 0.40196 0.59091 0.20339 0.47368 0.14510 0.60392
0.36883 0.45779 0.42293 0.36594 0.41584 0.40000 0.00895 0.04980 0.06661 0.29464 0.43939 0.29457 0.58571 0.19608 0.62353
0.41995 0.40347 0.46261 0.41667 0.37500 0.45882 0.02264 0.05753 0.06549 0.32906 0.53604 0.23320 0.56190 0.23922 0.61176
0.28964 0.54028 0.51785 0.28824 0.52252 0.50588 0.00334 0.03040 0.04060 0.26626 0.31173 0.42466 0.63393 0.37255 0.65490
0.18535 0.64145 0.30670 0.18960 0.76364 0.27451 0.01280 0.13201 0.06805 0.13667 0.22115 0.33333 1.00000 0.09412 0.44314
0.57243 0.19960 0.54109 0.60317 0.18039 0.45490 0.01735 0.02288 0.11045 0.57292 0.62121 0.11538 0.24138 0.24314 0.98431
0.23289 0.51019 0.56149 0.22308 0.52663 0.58039 0.00201 0.02758 0.02400 0.20528 0.24848 0.40291 0.61719 0.46275 0.67451
0.45776 0.42893 0.31978 0.26190 0.33028 0.33333 0.10533 0.07084 0.03760 0.16959 0.79688 0.25000 0.53846 0.15686 0.42353
0.22062 0.43383 0.29762 0.18687 0.41379 0.25882 0.02614 0.03568 0.03037 0.10317 0.23148 0.30263 0.53191 0.18039 0.36471
0.21118 0.69121 0.45871 0.11203 0.72024 0.40784 0.04426 0.06617 0.07877 0.09176 0.16667 0.47397 0.94483 0.21569 0.68627
0.18392 0.35567 0.55789 0.16667 0.35714 0.55686 0.01620 0.04831 0.02221 0.14815 0.18333 0.18605 0.49612 0.47451 0.63922
0.22530 0.31932 0.49399 0.20430 0.32743 0.48627 0.00716 0.01773 0.03864 0.18627 0.23413 0.22603 0.41727 0.34510 0.61176
0.18949 0.63328 0.34635 0.19420 0.73892 0.30196 0.01225 0.13857 0.09982 0.16071 0.22436 0.32417 1.00000 0.01961 0.58431
0.17479 0.41801 0.33346 0.11446 0.41176 0.29020 0.03773 0.05179 0.04116 0.08743 0.16667 0.23913 0.56818 0.17647 0.45490
0.28070 0.43245 0.45096 0.27333 0.42632 0.43137 0.00181 0.03086 0.02840 0.25731 0.29592 0.29286 0.52308 0.33333 0.55294
0.48026 0.32925 0.33628 0.42500 0.29310 0.32549 0.03888 0.03906 0.02557 0.32051 0.66146 0.18478 0.43590 0.22353 0.42353
0.30099 0.32477 0.38226 0.23333 0.31481 0.30980 0.02684 0.03374 0.05872 0.19608 0.40909 0.19355 0.42857 0.21176 0.48627
0.21623 0.55193 0.56582 0.10714 0.58431 0.58824 0.06742 0.09991 0.09075 0.07692 0.17500 0.27476 0.80829 0.31373 0.83137
0.19301 0.59986 0.39187 0.12500 0.55682 0.37255 0.05774 0.05899 0.05045 0.05498 0.22917 0.40000 0.81481 0.21569 0.53725
0.32219 0.33005 0.47183 0.23889 0.29921 0.35686 0.03154 0.05558 0.10044 0.20270 0.50000 0.15385 0.45455 0.21569 0.71765
0.60574 0.31732 0.59032 0.60577 0.28934 0.69020 0.00023 0.01411 0.05131 0.59697 0.61364 0.26804 0.31132 0.40000 0.77255
0.17733 0.39236 0.45486 0.17347 0.36134 0.44314 0.02785 0.02242 0.02858 0.14167 0.18750 0.29078 0.45714 0.31765 0.58039
0.14358 0.33293 0.53106 0.15891 0.29487 0.54902 0.00504 0.03065 0.04143 0.09829 0.18841 0.22222 0.39200 0.40000 0.66667
0.13438 0.77121 0.49878 0.13194 0.78082 0.49804 0.00192 0.02412 0.04912 0.10331 0.15778 0.67241 0.88375 0.33333 0.65882
0.19241 0.40672 0.51416 0.19281 0.42391 0.51373 0.00234 0.01890 0.03907 0.17803 0.20502 0.32895 0.47778 0.34118 0.69804
0.10165 0.77131 0.59055 0.08591 0.84055 0.61569 0.02075 0.04987 0.05272 0.05417 0.10569 0.62222 0.96491 0.41176 0.75294
0.18030 0.20635 0.51401 0.19136 0.20000 0.50980 0.00110 0.00459 0.01092 0.17188 0.19444 0.16154 0.24242 0.44314 0.58431
0.23719 0.37786 0.51453 0.18229 0.36054 0.50588 0.02034 0.04698 0.02286 0.16410 0.20833 0.21898 0.51392 0.41961 0.60392
0.24269 0.44038 0.47714 0.22163 0.43023 0.48627 0.04742 0.04058 0.04392 0.10045 0.26812 0.30212 0.57025 0.31765 0.63922
0.19849 0.19952 0.40014 0.19231 0.19672 0.39608 0.00556 0.01040 0.01025 0.17188 0.20290 0.11957 0.26606 0.33333 0.46275
0.29176 0.46062 0.40869 0.19048 0.45000 0.30980 0.05228 0.07087 0.09852 0.15079 0.48333 0.24706 0.62667 0.15686 0.57255
0.28606 0.57130 0.56393 0.08403 0.58974 0.57647 0.13819 0.09354 0.06867 0.03492 0.68750 0.31068 0.85185 0.35686 0.78431
0.47288 0.28009 0.57134 0.51111 0.19310 0.56471 0.01594 0.06277 0.10626 0.36667 0.58278 0.08065 0.44444 0.26667 0.93725
0.22779 0.67263 0.49598 0.22031 0.73077 0.49020 0.00592 0.07293 0.09259 0.19577 0.24031 0.45455 0.90230 0.23137 0.73333
0.19754 0.22965 0.41406 0.19048 0.20870 0.40784 0.00246 0.00792 0.00994 0.17593 0.20588 0.16854 0.27586 0.34118 0.48235
0.17168 0.51484 0.31948 0.11458 0.48315 0.21569 0.03459 0.10998 0.08435 0.08681 0.14706 0.22222 0.82143 0.09412 0.46275
0.35995 0.09545 0.50689 0.23333 0.08589 0.51373 0.07705 0.00350 0.01603 0.14706 0.61111 0.05369 0.12727 0.42353 0.59608
0.32025 0.20280 0.41182 0.27957 0.19355 0.34902 0.02629 0.01585 0.04257 0.20202 0.37879 0.09649 0.27941 0.24706 0.52941
0.17338 0.37422 0.39907 0.16667 0.35965 0.43137 0.00308 0.01905 0.01853 0.15079 0.18687 0.30088 0.42373 0.31373 0.49412
0.38685 0.38737 0.23959 0.38889 0.32000 0.21961 0.02188 0.08103 0.03417 0.30000 0.47222 0.18182 0.53333 0.06667 0.37255
0.29410 0.40512 0.33681 0.25758 0.33333 0.33333 0.01145 0.08770 0.03362 0.22424 0.35185 0.15200 0.60784 0.21961 0.45098
0.51516 0.52018 0.25891 0.53333 0.51111 0.18039 0.00653 0.05522 0.04612 0.48958 0.57292 0.33333 0.67857 0.10980 0.34118
0.15781 0.38516 0.41529 0.16667 0.34862 0.36471 0.00708 0.03649 0.06599 0.12057 0.19048 0.26000 0.46939 0.20392 0.55294
0.26925 0.18739 0.49881 0.27976 0.17431 0.41176 0.01619 0.01600 0.06740 0.23504 0.31250 0.10949 0.24167 0.29412 0.66275
0.39748 0.17096 0.43526 0.29012 0.14894 0.41176 0.07998 0.01014 0.02324 0.19298 0.63889 0.09836 0.22368 0.32157 0.52549
0.11403 0.76065 0.35013 0.10444 0.82102 0.30588 0.00611 0.05842 0.05151 0.08824 0.12500 0.60396 1.00000 0.16863 0.49020
0.39004 0.42183 0.55136 0.37500 0.42593 0.51765 0.00341 0.01840 0.05294 0.34553 0.43496 0.34444 0.50877 0.36471 0.70588
0.33302 0.44942 0.35971 0.32500 0.41667 0.35686 0.00470 0.03537 0.02072 0.28788 0.36752 0.31776 0.55000 0.27059 0.44314
0.10120 0.45766 0.38212 0.09167 0.45455 0.36863 0.00147 0.01662 0.01568 0.07527 0.12092 0.37500 0.53247 0.29020 0.46667
0.26935 0.44301 0.32541 0.21667 0.44444 0.29020 0.02769 0.04864 0.04553 0.16667 0.29825 0.27500 0.58333 0.16471 0.46275
0.22899 0.31747 0.49289 0.19298 0.33654 0.46667 0.03068 0.02414 0.03329 0.17568 0.19919 0.21260 0.42105 0.37647 0.60000
0.24544 0.43033 0.52519 0.18659 0.44792 0.59216 0.02249 0.02284 0.05669 0.15190 0.25000 0.34375 0.52542 0.34118 0.70980
0.31275 0.18743 0.53886 0.22222 0.14953 0.54118 0.06674 0.01771 0.02509 0.07823 0.51111 0.08065 0.27574 0.42353 0.65490
0.27275 0.56985 0.37065 0.25794 0.56731 0.37255 0.00329 0.04441 0.02399 0.24242 0.28571 0.43659 0.70588 0.25882 0.47843
0.27515 0.46554 0.33277 0.26812 0.41667 0.27059 0.00485 0.05277 0.05622 0.23810 0.31250 0.29787 0.59184 0.14902 0.45490
0.44572 0.35038 0.29253 0.44444 0.24324 0.22745 0.02723 0.09638 0.05937 0.33333 0.59091 0.09804 0.54762 0.09412 0.43137
0.29062 0.35004 0.33016 0.23333 0.34188 0.32157 0.02538 0.03652 0.04087 0.21505 0.33333 0.21429 0.46552 0.14118 0.45098
0.36256 0.33263 0.41768 0.34685 0.31683 0.35686 0.02273 0.05418 0.06490 0.30556 0.41892 0.11921 0.53061 0.21961 0.56078
0.51130 0.42835 0.34023 0.55676 0.36957 0.23922 0.02352 0.07526 0.06886 0.37879 0.59701 0.20000 0.64706 0.13725 0.53333
0.44819 0.32037 0.19546 0.56250 0.27885 0.08235 0.06895 0.07328 0.07303 0.16667 0.61111 0.08465 0.50000 0.02353 0.21176
0.32056 0.48869 0.44317 0.20833 0.46091 0.36078 0.04218 0.08633 0.09289 0.18182 0.59772 0.27160 0.70588 0.21961 0.55686
0.34953 0.26604 0.34603 0.29762 0.22340 0.28627 0.03894 0.05489 0.05386 0.21505 0.54545 0.08571 0.38534 0.17255 0.50588
0.25115 0.53053 0.25606 0.13687 0.56744 0.14118 0.04971 0.09187 0.08022 0.09524 0.45833 0.28571 0.75000 0.03137 0.36863
0.48576 0.44734 0.34150 0.52299 0.34545 0.25098 0.03265 0.11241 0.09477 0.39147 0.58333 0.16364 0.71875 0.08627 0.50588
0.37055 0.13533 0.48128 0.36458 0.12295 0.48235 0.01246 0.00414 0.01368 0.28125 0.44118 0.09418 0.16269 0.40784 0.55686
0.36269 0.37662 0.39260 0.28788 0.35000 0.20000 0.04339 0.06323 0.13614 0.21212 0.57500 0.16667 0.56693 0.07843 0.81961
0.17887 0.53483 0.27641 0.18095 0.52113 0.23529 0.00651 0.04640 0.03161 0.13333 0.21667 0.38776 0.66667 0.14118 0.38824
0.32774 0.37343 0.45843 0.24405 0.33333 0.36078 0.02745 0.06286 0.09339 0.20621 0.50000 0.18404 0.51515 0.21569 0.63529
0.13281 0.80974 0.45121 0.13333 0.85714 0.40784 0.00282 0.04033 0.07243 0.10684 0.15439 0.68504 1.00000 0.24314 0.63529
0.20266 0.35429 0.29854 0.17593 0.32258 0.25098 0.03588 0.04170 0.03869 0.07692 0.21429 0.20513 0.46269 0.16471 0.37255
0.13214 0.46142 0.76088 0.11983 0.48404 0.81176 0.00773 0.02340 0.03682 0.10417 0.13333 0.38918 0.55111 0.69412 0.89020
0.18768 0.34660 0.48223 0.19281 0.30769 0.46667 0.00079 0.03270 0.05453 0.18000 0.19504 0.22449 0.41748 0.28627 0.65098
0.20726 0.61643 0.35281 0.21032 0.58889 0.31765 0.00550 0.06079 0.05155 0.16038 0.24806 0.42105 0.81395 0.18039 0.48627
0.33742 0.24547 0.41061 0.23106 0.17742 0.31373 0.05519 0.03852 0.06223 0.19608 0.56818 0.10526 0.34043 0.20784 0.57647
0.22940 0.13865 0.47435 0.19048 0.12712 0.41176 0.03823 0.01072 0.04764 0.16092 0.20833 0.05505 0.20794 0.32941 0.52549
0.34615 0.45490 0.43855 0.24872 0.44361 0.41176 0.03355 0.04384 0.06818 0.20222 0.56250 0.31000 0.56143 0.24706 0.60000
0.25195 0.61917 0.23960 0.23958 0.61538 0.20392 0.01642 0.06086 0.03371 0.22396 0.25379 0.46774 0.79032 0.10980 0.30980
0.27452 0.19364 0.51304 0.23737 0.18315 0.52549 0.01722 0.01623 0.02469 0.21429 0.27778 0.09333 0.27273 0.43529 0.60392
0.27042 0.57294 0.34274 0.19271 0.58621 0.32157 0.02804 0.07420 0.03690 0.15774 0.30952 0.32353 0.81553 0.20392 0.43137
0.27863 0.54980 0.40611 0.25794 0.55844 0.31373 0.01246 0.08752 0.08440 0.21465 0.31008 0.31818 0.78947 0.20000 0.55294
0.17107 0.26459 0.51730 0.18827 0.25472 0.51765 0.00213 0.00804 0.01663 0.16146 0.19444 0.19492 0.33144 0.41961 0.62745
0.12074 0.42280 0.52200 0.12092 0.41379 0.50980 0.00306 0.02016 0.03242 0.09936 0.13842 0.35385 0.48684 0.39216 0.61961
0.37643 0.14035 0.43217 0.20000 0.11688 0.38431 0.14696 0.00906 0.02883 0.04321 0.88889 0.06977 0.19008 0.31765 0.50196
0.16759 0.31333 0.52581 0.16102 0.33146 0.54118 0.00222 0.01135 0.01683 0.13288 0.19271 0.21429 0.40123 0.41569 0.63529
0.22293 0.54232 0.33816 0.15854 0.52055 0.32157 0.02389 0.09315 0.02733 0.13441 0.20398 0.25455 0.80769 0.20784 0.45098
0.16860 0.72150 0.38585 0.14642 0.75266 0.29020 0.00653 0.05804 0.09135 0.12613 0.19444 0.57508 0.93750 0.11765 0.65490
0.59182 0.32624 0.50524 0.59091 0.32203 0.54902 0.00045 0.01069 0.06548 0.57823 0.60345 0.26087 0.36000 0.25098 0.77255
0.39849 0.33372 0.31941 0.40909 0.29851 0.25490 0.02027 0.03485 0.04138 0.29012 0.51515 0.19231 0.44828 0.16471 0.42353
0.20151 0.44519 0.47512 0.18950 0.42365 0.45882 0.00535 0.04624 0.04214 0.18000 0.19444 0.30252 0.55556 0.32157 0.60784
0.20729 0.43657 0.48564 0.16312 0.35714 0.50588 0.02785 0.08167 0.08119 0.13333 0.19811 0.23932 0.57143 0.23529 0.71373
0.23976 0.61004 0.47343 0.19309 0.64493 0.42745 0.01763 0.10864 0.08677 0.15476 0.29012 0.34667 0.94286 0.20784 0.71373
0.18265 0.62265 0.28497 0.18571 0.60526 0.28235 0.00156 0.04865 0.01570 0.17157 0.19298 0.47126 0.77273 0.19216 0.36863
0.26522 0.60764 0.36028 0.26190 0.58182 0.35294 0.00221 0.05752 0.03564 0.24150 0.28571 0.42857 0.78571 0.23137 0.46667
0.38311 0.41495 0.41348 0.38021 0.39474 0.38039 0.00411 0.01645 0.02869 0.33007 0.43519 0.33333 0.47826 0.27843 0.49804
0.17457 0.58342 0.36961 0.17974 0.56562 0.35294 0.00252 0.03016 0.02573 0.14762 0.19828 0.46237 0.68889 0.25098 0.47843
0.37436 0.32371 0.39276 0.30556 0.28571 0.23529 0.05596 0.05474 0.10945 0.20000 0.57749 0.11940 0.50595 0.09804 0.78431
0.22093 0.33638 0.37156 0.17083 0.34483 0.38039 0.03373 0.02249 0.01272 0.15041 0.19608 0.24000 0.41667 0.29804 0.45098
0.39301 0.50021 0.24176 0.40833 0.45833 0.16863 0.01493 0.07773 0.05623 0.29688 0.48485 0.28571 0.71642 0.05490 0.33725
0.27954 0.65021 0.66927 0.12791 0.73577 0.69020 0.06221 0.09037 0.06854 0.10995 0.58054 0.48627 0.87705 0.45098 0.93725
0.17319 0.63311 0.55834 0.19167 0.65574 0.57647 0.00402 0.06657 0.05453 0.15805 0.20225 0.43382 0.83871 0.39608 0.72549
0.50244 0.31220 0.44120 0.55556 0.27919 0.38039 0.02656 0.03592 0.06843 0.40476 0.61111 0.18023 0.40741 0.23922 0.58824
0.13478 0.58042 0.63638 0.13522 0.55300 0.69020 0.00201 0.03371 0.05288 0.10417 0.16667 0.46914 0.68096 0.48235 0.80784
0.23107 0.30227 0.25734 0.19697 0.26667 0.21176 0.01374 0.03160 0.02636 0.15196 0.28788 0.17500 0.38636 0.14118 0.33333
0.67190 0.44093 0.22153 0.69697 0.41613 0.14510 0.03189 0.04489 0.04742 0.69048 0.73016 0.29412 0.58333 0.07843 0.27059
0.27475 0.58326 0.37988 0.25641 0.57237 0.34902 0.00513 0.07379 0.05121 0.23469 0.30303 0.40714 0.79167 0.21961 0.48627
0.22498 0.62025 0.42870 0.15686 0.61538 0.40196 0.02809 0.07366 0.06289 0.13333 0.20930 0.41026 0.86364 0.24314 0.57647
0.20451 0.40598 0.47186 0.19504 0.39583 0.43137 0.00079 0.01764 0.03776 0.19281 0.21914 0.31613 0.47761 0.32941 0.59608
0.21415 0.33220 0.38186 0.18750 0.29496 0.40784 0.01122 0.03902 0.04204 0.17083 0.20000 0.20690 0.41304 0.18431 0.53725
0.26626 0.49612 0.36382 0.26000 0.52174 0.32157 0.01139 0.08694 0.05203 0.23810 0.28571 0.26087 0.72500 0.21569 0.43137
0.32141 0.26958 0.46736 0.22464 0.25758 0.36863 0.04605 0.04055 0.08661 0.13333 0.56177 0.09431 0.41589 0.23137 0.79608
0.16616 0.30073 0.45055 0.17063 0.28704 0.45098 0.00047 0.00738 0.01043 0.15580 0.17778 0.24806 0.33636 0.38431 0.51765
0.26395 0.57940 0.32715 0.25203 0.57447 0.29804 0.00927 0.10276 0.06626 0.23148 0.31034 0.34711 0.89744 0.10980 0.48235
0.47516 0.67970 0.36211 0.47619 0.74528 0.30588 0.00280 0.09287 0.06273 0.45411 0.50000 0.46061 1.00000 0.17647 0.48627
0.22498 0.60724 0.33819 0.23512 0.59722 0.30196 0.00197 0.03054 0.03229 0.21569 0.24848 0.49091 0.71622 0.20000 0.44314
0.27108 0.63503 0.30855 0.23977 0.75000 0.30196 0.02035 0.12068 0.04756 0.21014 0.31034 0.28571 0.96479 0.09804 0.47843
0.10857 0.48240 0.24045 0.09524 0.45455 0.23137 0.00470 0.03297 0.01179 0.08081 0.12179 0.35644 0.57576 0.16863 0.29804
0.28129 0.35156 0.43008 0.26923 0.32239 0.36471 0.00375 0.01688 0.04672 0.24242 0.31061 0.25882 0.40741 0.28235 0.50980
0.25805 0.64436 0.42230 0.25703 0.64348 0.40392 0.00429 0.05966 0.06463 0.22727 0.28744 0.47959 0.83750 0.21176 0.60000
0.45425 0.22672 0.51561 0.42222 0.18947 0.50588 0.04535 0.03269 0.07911 0.29825 0.62366 0.10811 0.28900 0.30588 0.71765
0.32383 0.45898 0.33313 0.24468 0.42308 0.29804 0.03438 0.10361 0.05707 0.17544 0.51515 0.16000 0.70588 0.16471 0.43137
0.25413 0.35273 0.42179 0.26667 0.31818 0.39608 0.00782 0.03159 0.04274 0.20588 0.32407 0.23967 0.41304 0.26667 0.54902
0.20710 0.47337 0.19760 0.21839 0.47917 0.18039 0.01170 0.06175 0.01560 0.18750 0.23810 0.33333 0.62791 0.10588 0.26275
0.34711 0.53889 0.38708 0.33333 0.50000 0.36078 0.01100 0.05594 0.07432 0.28464 0.40404 0.38532 0.69091 0.14510 0.54902
0.60251 0.23035 0.53430 0.62195 0.18519 0.53333 0.02354 0.03935 0.03996 0.60833 0.64394 0.08130 0.31646 0.39608 0.66667
0.19993 0.52130 0.28169 0.19608 0.52874 0.25490 0.00377 0.04487 0.02388 0.17045 0.21250 0.38889 0.65789 0.18431 0.34118
0.30829 0.47955 0.33088 0.25862 0.47500 0.27843 0.04346 0.04331 0.04342 0.23200 0.29412 0.31579 0.62069 0.18039 0.42353
0.21106 0.44107 0.61458 0.15556 0.40290 0.61569 0.02820 0.04158 0.04618 0.12500 0.17484 0.28755 0.59227 0.49020 0.74118
0.28044 0.19473 0.33868 0.20588 0.17647 0.29020 0.05774 0.01802 0.03772 0.15789 0.28788 0.08858 0.28000 0.22353 0.37647
0.32636 0.45155 0.44715 0.24468 0.43478 0.41176 0.03077 0.04685 0.07390 0.19919 0.50000 0.30000 0.56164 0.24314 0.61961
0.23405 0.74674 0.44736 0.23360 0.76322 0.46667 0.00385 0.03979 0.04404 0.21605 0.25516 0.61105 0.91946 0.27451 0.61569
0.28177 0.47805 0.41957 0.15873 0.47059 0.37255 0.05565 0.06707 0.09146 0.12712 0.58608 0.28358 0.62500 0.15294 0.63529
0.41030 0.25710 0.38374 0.38462 0.22437 0.31765 0.01670 0.02276 0.03019 0.29353 0.54348 0.14062 0.34091 0.24706 0.48627
0.37625 0.28511 0.48450 0.32857 0.28571 0.44314 0.04162 0.02415 0.05756 0.26894 0.44444 0.18182 0.38028 0.27843 0.64706
0.27629 0.20861 0.47445 0.27642 0.20000 0.42745 0.01144 0.01520 0.04727 0.25000 0.30303 0.13281 0.27660 0.31765 0.57255
0.40925 0.21677 0.44918 0.44444 0.18557 0.34118 0.04368 0.02663 0.06605 0.25203 0.57143 0.09910 0.30928 0.24314 0.63922
0.17120 0.21435 0.52628 0.15873 0.20667 0.52549 0.02436 0.00868 0.01470 0.11111 0.18827 0.14646 0.27500 0.45098 0.60392
0.44029 0.31408 0.38348 0.45556 0.28571 0.33725 0.00782 0.03372 0.04272 0.40972 0.48438 0.17442 0.43939 0.24314 0.46667
0.12997 0.31497 0.57225 0.14286 0.27778 0.57647 0.01147 0.03020 0.03593 0.06306 0.16959 0.20000 0.38686 0.44706 0.69412
0.16938 0.30133 0.53181 0.17593 0.29730 0.52941 0.00070 0.00831 0.01722 0.15641 0.19136 0.23485 0.36364 0.43529 0.61961
0.19850 0.67715 0.24786 0.19048 0.70370 0.22745 0.00594 0.04943 0.01999 0.18333 0.19444 0.55556 0.83567 0.15686 0.29804
0.30967 0.61670 0.39714 0.24731 0.60670 0.31373 0.02354 0.05227 0.07456 0.21212 0.32639 0.43982 0.77778 0.17647 0.58431
0.38480 0.29448 0.53839 0.35185 0.27095 0.54510 0.01978 0.02198 0.04905 0.25862 0.53448 0.19375 0.35172 0.37255 0.72549
0.47874 0.32289 0.44237 0.54444 0.28713 0.40392 0.03687 0.04185 0.05518 0.32456 0.59649 0.18421 0.42105 0.27451 0.55686
0.24867 0.59764 0.54091 0.21726 0.59574 0.51373 0.00734 0.04220 0.07074 0.19921 0.26736 0.44186 0.73689 0.33333 0.76078
0.18042 0.57886 0.46187 0.14311 0.54657 0.44314 0.01545 0.06283 0.07778 0.10417 0.21839 0.39252 0.75370 0.23922 0.66667
0.28964 0.33658 0.43563 0.26282 0.29040 0.43137 0.02297 0.05641 0.07221 0.19892 0.38462 0.14384 0.48148 0.18431 0.63137
0.13683 0.46261 0.63246 0.09122 0.44025 0.65098 0.04250 0.06373 0.06124 0.05952 0.11167 0.28627 0.64516 0.44314 0.83137
0.18615 0.37982 0.50603 0.19017 0.37692 0.49804 0.00026 0.01383 0.02341 0.17969 0.19444 0.30464 0.44156 0.40000 0.59216
0.17615 0.37089 0.56533 0.17568 0.34426 0.57647 0.00056 0.02000 0.03376 0.16296 0.19298 0.28571 0.42017 0.43922 0.69412
0.42189 0.42790 0.29943 0.42157 0.36667 0.19216 0.01494 0.08264 0.09246 0.36000 0.50758 0.20370 0.60806 0.07451 0.35686
0.23093 0.51620 0.53053 0.11752 0.43922 0.41569 0.09312 0.06327 0.14510 0.03788 0.16875 0.32157 0.69444 0.16078 0.99608
0.53613 0.35023 0.51583 0.56190 0.33333 0.44314 0.00695 0.02626 0.05800 0.48095 0.59829 0.22485 0.43854 0.33333 0.69020
0.20680 0.31897 0.47182 0.07323 0.28125 0.42745 0.10017 0.02980 0.04548 0.05333 0.08772 0.20625 0.38272 0.32157 0.60784
0.33785 0.37452 0.48816 0.29675 0.35526 0.42353 0.01186 0.02878 0.06215 0.27273 0.40152 0.26230 0.47850 0.30196 0.65490
0.38606 0.24075 0.43137 0.37356 0.21311 0.40784 0.01112 0.02179 0.04698 0.31373 0.45833 0.13825 0.31343 0.26667 0.57255
0.31563 0.34312 0.42051 0.29487 0.29545 0.40000 0.04393 0.05110 0.06277 0.22509 0.38571 0.16667 0.45570 0.20784 0.58431
0.18863 0.70339 0.44929 0.08929 0.80000 0.36471 0.08462 0.09360 0.05891 0.03409 0.14352 0.47238 1.00000 0.25098 0.60784
0.36750 0.30240 0.39318 0.29825 0.25000 0.36863 0.05694 0.05566 0.07110 0.21875 0.45833 0.12500 0.41176 0.15294 0.55294
0.32670 0.27986 0.52455 0.27350 0.26562 0.49608 0.02285 0.03351 0.06297 0.22222 0.38235 0.11486 0.38095 0.34118 0.65098
0.25157 0.29430 0.48117 0.23958 0.27707 0.48235 0.00378 0.01808 0.02727 0.21818 0.26667 0.20536 0.35780 0.36863 0.58824
0.18866 0.48883 0.35777 0.14957 0.51083 0.25882 0.01702 0.06943 0.07747 0.11232 0.20430 0.27653 0.66667 0.14118 0.53333
0.18385 0.39177 0.50354 0.18229 0.35714 0.50196 0.00226 0.02877 0.02640 0.17045 0.19318 0.27397 0.47059 0.39216 0.60784
0.18356 0.81321 0.44349 0.15564 0.87302 0.41569 0.01092 0.04629 0.04469 0.13333 0.18408 0.73451 0.98374 0.27843 0.58824
0.35992 0.40758 0.42525 0.31034 0.36765 0.38824 0.02885 0.04898 0.07888 0.26460 0.38889 0.25874 0.50000 0.17255 0.63922
0.16050 0.29608 0.21202 0.20000 0.25000 0.10588 0.02451 0.08869 0.03482 0.00000 0.23333 0.00000 0.51515 0.09020 0.29020
0.19259 0.59975 0.56478 0.21471 0.58647 0.55686 0.00494 0.02497 0.03957 0.15789 0.23043 0.50000 0.69412 0.46667 0.68627
0.21298 0.74307 0.66395 0.01344 0.77640 0.69804 0.15275 0.03189 0.04543 0.00622 0.04520 0.70351 0.84354 0.55686 0.81961
0.30327 0.40087 0.40365 0.29412 0.35000 0.29804 0.00693 0.08049 0.07861 0.25743 0.35185 0.14286 0.61538 0.18824 0.56863
0.59746 0.37653 0.45353 0.59804 0.33551 0.36078 0.00044 0.01900 0.07764 0.58889 0.60833 0.30583 0.41860 0.20000 0.76863
0.36742 0.42070 0.21863 0.33333 0.32143 0.17255 0.05746 0.12070 0.04281 0.23810 0.44444 0.10465 0.71429 0.05490 0.30980
0.27727 0.38936 0.50612 0.23148 0.34902 0.43137 0.02161 0.05042 0.11897 0.17105 0.31818 0.22745 0.50000 0.17255 0.90196
0.29721 0.30419 0.49901 0.27222 0.29762 0.50196 0.00508 0.00732 0.01895 0.25000 0.32051 0.24324 0.35659 0.39608 0.59608
0.23722 0.40357 0.41718 0.23016 0.35714 0.28235 0.01804 0.08831 0.14119 0.16667 0.27778 0.16270 0.59606 0.06667 0.81569
0.24415 0.35624 0.57106 0.18333 0.34483 0.55294 0.05480 0.02123 0.05022 0.13878 0.19512 0.27451 0.40588 0.41176 0.69020
0.16954 0.36465 0.50446 0.12179 0.35762 0.49412 0.02534 0.03912 0.03323 0.09009 0.15278 0.21528 0.51587 0.37255 0.58824
0.32832 0.27315 0.21936 0.30952 0.19469 0.13333 0.04842 0.06751 0.04312 0.16667 0.48148 0.07622 0.40000 0.05882 0.32157
0.54876 0.33693 0.51289 0.54902 0.28099 0.52157 0.00057 0.02979 0.04562 0.53205 0.56884 0.24390 0.35388 0.35294 0.65882
0.29704 0.49809 0.58366 0.22121 0.51327 0.55294 0.03368 0.05962 0.09239 0.17730 0.47596 0.35686 0.62651 0.34118 0.92549
0.29712 0.35040 0.22843 0.29412 0.33080 0.17647 0.01334 0.04248 0.03073 0.24872 0.36667 0.21053 0.46299 0.10588 0.28627
0.24018 0.58297 0.42457 0.23423 0.57143 0.43529 0.00289 0.03967 0.04275 0.22115 0.24667 0.44531 0.70588 0.26667 0.57647
0.25627 0.75417 0.61493 0.13596 0.77835 0.64706 0.04450 0.04502 0.04439 0.11793 0.58466 0.63186 0.93939 0.46275 0.78431