0.27087 0.17069 0.51227 0.11667 0.16038 0.47451 0.07495 0.02407 0.05504 0.07310 0.61966 0.04895 0.22430 0.32549 0.77255
0.27277 0.15126 0.50302 0.06818 0.11321 0.39608 0.14831 0.02442 0.09354 0.03333 0.52778 0.04040 0.22018 0.27451 0.80000
0.47406 0.23971 0.45153 0.54861 0.18812 0.37255 0.06851 0.06046 0.09231 0.48958 0.58333 0.02941 0.36000 0.20000 0.58039
0.32891 0.18685 0.44663 0.23333 0.13462 0.38824 0.07847 0.02898 0.06255 0.07143 0.57317 0.05660 0.28091 0.25490 0.57647
0.10310 0.18848 0.48743 0.06284 0.14563 0.38824 0.03444 0.01880 0.05722 0.03333 0.07407 0.10638 0.25962 0.33333 0.59216
0.55945 0.09064 0.51808 0.63194 0.06855 0.48235 0.10933 0.00947 0.05484 0.19444 0.91667 0.03604 0.10300 0.37647 0.56078
0.59850 0.16674 0.55432 0.63333 0.11811 0.52549 0.03251 0.01579 0.05311 0.58095 0.69231 0.08403 0.22936 0.41176 0.69020
0.20760 0.17423 0.52077 0.07071 0.14220 0.49020 0.08475 0.02224 0.06703 0.03205 0.16667 0.05797 0.27201 0.32549 0.70588
0.19375 0.14081 0.60138 0.06838 0.13559 0.52549 0.08480 0.01477 0.08234 0.03333 0.09091 0.01992 0.21368 0.36471 0.98039
0.48076 0.34844 0.46910 0.54264 0.29730 0.34902 0.03171 0.06292 0.08988 0.50000 0.55952 0.15476 0.56098 0.25490 0.63137
0.31232 0.16893 0.54422 0.19048 0.14058 0.53725 0.09622 0.01156 0.05423 0.04444 0.60417 0.08861 0.22872 0.37647 0.68627
0.13071 0.13482 0.56681 0.07292 0.10204 0.50980 0.03895 0.01458 0.07447 0.05172 0.11667 0.05495 0.19075 0.35294 0.79216
0.28250 0.22232 0.48323 0.23148 0.19022 0.48235 0.02628 0.02343 0.08252 0.18056 0.39583 0.09135 0.30769 0.18039 0.78431
0.42299 0.31366 0.57016 0.44444 0.26984 0.61176 0.07863 0.06264 0.09324 0.13889 0.60321 0.10215 0.42791 0.29804 0.84706
0.31067 0.11943 0.40287 0.07692 0.08333 0.33725 0.14536 0.01195 0.05365 0.04444 0.70000 0.05319 0.16800 0.27451 0.45882
0.32832 0.35118 0.43862 0.17857 0.27273 0.41176 0.08129 0.08366 0.09068 0.10417 0.55882 0.10791 0.52941 0.15294 0.64706
0.33984 0.24338 0.68165 0.29167 0.19118 0.80000 0.02649 0.03924 0.05964 0.22222 0.50704 0.07487 0.38208 0.54118 0.85098
0.55624 0.19169 0.51679 0.61852 0.18000 0.49412 0.05979 0.02645 0.08138 0.58333 0.66667 0.04455 0.27933 0.26275 0.74510
0.11441 0.16004 0.47167 0.04444 0.11765 0.43529 0.05066 0.02197 0.06762 0.03333 0.07353 0.08000 0.20282 0.30588 0.57255
0.26994 0.32521 0.47206 0.18519 0.24648 0.55294 0.02972 0.03912 0.06387 0.16296 0.40278 0.20497 0.39344 0.22745 0.68627
0.36229 0.13706 0.49943 0.23333 0.10000 0.48235 0.09363 0.01158 0.03843 0.07407 0.63889 0.06504 0.19481 0.35686 0.63529
0.52939 0.10344 0.51481 0.59091 0.07018 0.52157 0.09524 0.01126 0.04572 0.23333 0.73810 0.02759 0.13333 0.35686 0.60000
0.28856 0.19227 0.47150 0.07143 0.14211 0.43922 0.08983 0.02607 0.05925 0.03571 0.56522 0.11429 0.20370 0.25490 0.70980
0.25619 0.15811 0.52786 0.11111 0.09868 0.47451 0.07894 0.02356 0.05802 0.07407 0.46667 0.07273 0.19780 0.40392 0.73333
0.54923 0.32450 0.51360 0.59314 0.29839 0.43922 0.03497 0.05913 0.06975 0.57456 0.61224 0.10417 0.51376 0.34118 0.65098
0.21253 0.17010 0.46715 0.08025 0.13043 0.41569 0.06968 0.01565 0.07967 0.05303 0.24561 0.09662 0.24000 0.18039 0.76471
0.55607 0.13561 0.67236 0.60784 0.11111 0.68235 0.04855 0.01223 0.05268 0.53333 0.63333 0.03448 0.23810 0.51373 0.91765
0.38880 0.19497 0.52329 0.46914 0.16667 0.36471 0.02946 0.01439 0.10754 0.20833 0.51042 0.12381 0.23438 0.24706 0.93333
0.09307 0.18842 0.39409 0.07143 0.15789 0.32157 0.02605 0.01917 0.05634 0.04444 0.07692 0.11881 0.23636 0.25882 0.44706
0.30491 0.25988 0.62675 0.25556 0.14912 0.69020 0.02860 0.05759 0.06387 0.18254 0.44444 0.07735 0.40476 0.47059 0.82745
0.57753 0.12644 0.45836 0.63194 0.10417 0.36078 0.07059 0.00812 0.06338 0.52857 0.72222 0.06962 0.16667 0.28627 0.60000
0.12947 0.19925 0.52533 0.07143 0.13725 0.40000 0.05015 0.03280 0.08636 0.04444 0.09444 0.08235 0.29114 0.29020 0.81176
0.11477 0.13776 0.55047 0.07292 0.08046 0.43137 0.02475 0.01722 0.06549 0.07143 0.09568 0.05932 0.20207 0.36078 0.74118
0.15047 0.15418 0.41582 0.06250 0.13095 0.33333 0.07262 0.01615 0.07099 0.03333 0.07895 0.08537 0.19835 0.23922 0.53333
0.08840 0.18925 0.45389 0.07143 0.15049 0.36863 0.01823 0.01928 0.05703 0.05172 0.07692 0.09589 0.26364 0.30980 0.53725
0.13959 0.18498 0.47402 0.06306 0.15814 0.41569 0.06046 0.01989 0.06833 0.04167 0.07323 0.09211 0.23723 0.29020 0.67451
0.32246 0.29679 0.45035 0.27778 0.21875 0.34510 0.03516 0.05733 0.09819 0.16667 0.52525 0.10503 0.47619 0.20392 0.62745
0.16486 0.42568 0.33778 0.06212 0.47154 0.24706 0.08015 0.09009 0.06456 0.00758 0.12038 0.13723 0.68478 0.11373 0.49020
0.59035 0.27539 0.52506 0.59722 0.30851 0.37255 0.01351 0.01769 0.07841 0.58333 0.61404 0.17544 0.35484 0.34902 0.91765
0.43879 0.13303 0.45283 0.10417 0.11250 0.36078 0.18424 0.01465 0.08907 0.02564 0.90741 0.03968 0.19355 0.23137 0.60392
0.27527 0.16522 0.52668 0.25000 0.14894 0.50588 0.01556 0.00751 0.04632 0.19298 0.33333 0.11111 0.19767 0.33333 0.67843
0.53078 0.26164 0.52539 0.60985 0.23158 0.43922 0.06835 0.02481 0.05760 0.49621 0.63333 0.13333 0.40196 0.35294 0.70980
0.09328 0.12950 0.62531 0.07692 0.11111 0.50196 0.02480 0.01173 0.05949 0.03333 0.08772 0.05660 0.18462 0.43529 0.83529
0.12999 0.20235 0.44903 0.07692 0.15476 0.34510 0.04266 0.02743 0.06997 0.06173 0.11667 0.11494 0.27103 0.30980 0.52157
0.47966 0.20934 0.54526 0.61538 0.22642 0.47059 0.07171 0.02282 0.05460 0.44444 0.63580 0.05318 0.32283 0.40392 0.76863
0.50161 0.18588 0.37479 0.60417 0.13571 0.32941 0.04223 0.01866 0.04012 0.36667 0.61667 0.10063 0.24161 0.25882 0.47843
0.19517 0.33201 0.60564 0.12500 0.21337 0.70196 0.02495 0.11491 0.08687 0.10088 0.23810 0.02817 0.53846 0.40784 0.85882
0.50065 0.14189 0.56683 0.59195 0.08271 0.52157 0.07079 0.03248 0.08913 0.41667 0.66667 0.03429 0.17094 0.31765 0.90980
0.12497 0.18129 0.46398 0.07692 0.13768 0.40000 0.04149 0.02524 0.06883 0.04545 0.09936 0.08434 0.23457 0.30196 0.58824
0.12124 0.19253 0.39593 0.03333 0.16667 0.34118 0.07026 0.01942 0.05950 0.02778 0.05263 0.10989 0.24242 0.23529 0.47451
0.47810 0.12940 0.46970 0.68750 0.10204 0.32941 0.11622 0.01264 0.08059 0.09091 0.76667 0.05882 0.16393 0.25490 0.64706
0.29483 0.12050 0.53703 0.06250 0.10465 0.40000 0.16432 0.01529 0.09479 0.03333 0.91667 0.02846 0.15464 0.30980 0.92549
0.21415 0.31821 0.45854 0.09322 0.21805 0.37255 0.05181 0.07585 0.06455 0.07292 0.26923 0.09412 0.45333 0.31373 0.63529
0.62043 0.15281 0.58790 0.69298 0.11029 0.46667 0.12031 0.03125 0.07914 0.50000 0.90909 0.06000 0.14943 0.37255 0.93333
0.12635 0.21227 0.48540 0.07692 0.19718 0.41961 0.02853 0.02411 0.07932 0.06284 0.11667 0.12048 0.28000 0.27843 0.69804
0.34880 0.19525 0.59465 0.30556 0.12554 0.72549 0.07514 0.04033 0.08416 0.13194 0.52424 0.03241 0.28111 0.32157 0.83137
0.32915 0.33060 0.49127 0.12865 0.29940 0.42745 0.09249 0.04107 0.09284 0.07692 0.62500 0.17460 0.45070 0.21569 0.83529
0.25304 0.16653 0.50805 0.06838 0.10753 0.41569 0.12681 0.01937 0.06069 0.03333 0.20455 0.08511 0.22995 0.35686 0.66275
0.24690 0.17857 0.51170 0.07407 0.12838 0.49804 0.09167 0.01608 0.03821 0.03571 0.56250 0.08696 0.25951 0.39608 0.64314
0.54360 0.27512 0.45623 0.62069 0.17551 0.35294 0.05928 0.06039 0.10915 0.55882 0.64444 0.12000 0.34783 0.16471 0.83137
0.30606 0.23731 0.57320 0.13333 0.21469 0.59608 0.08033 0.01780 0.04070 0.05952 0.61585 0.13725 0.33987 0.41961 0.74510
0.28941 0.17888 0.49271 0.11667 0.15385 0.50196 0.06697 0.01495 0.06133 0.06667 0.54545 0.10000 0.21277 0.29020 0.69412
0.57010 0.46364 0.40672 0.57946 0.40992 0.28235 0.00713 0.08128 0.11146 0.54861 0.60377 0.23585 0.66667 0.16863 0.48235
0.31448 0.24444 0.36840 0.12500 0.15439 0.32941 0.09454 0.04940 0.03974 0.07407 0.59105 0.07143 0.38095 0.20784 0.52549
0.37956 0.18142 0.52161 0.48148 0.13300 0.47059 0.08492 0.01920 0.05840 0.07407 0.63095 0.09483 0.22222 0.31373 0.77647
0.43804 0.16587 0.52771 0.56190 0.12500 0.58431 0.10699 0.02105 0.07529 0.06349 0.66667 0.06742 0.23913 0.24314 0.70196
0.25401 0.15823 0.46869 0.04861 0.12245 0.39608 0.14726 0.01396 0.05391 0.03333 0.13333 0.09278 0.20312 0.33725 0.52549
0.28061 0.15357 0.49397 0.19444 0.10345 0.46667 0.06631 0.02911 0.05718 0.07407 0.58140 0.03185 0.18431 0.33725 0.58824
0.56505 0.16167 0.54860 0.61111 0.15254 0.52549 0.08072 0.01181 0.05655 0.57042 0.69697 0.06726 0.24638 0.35294 0.74118
0.59630 0.14811 0.50958 0.66667 0.12174 0.45882 0.08821 0.01520 0.04227 0.58512 0.78571 0.05882 0.20548 0.39608 0.59216
0.43377 0.29503 0.55032 0.17083 0.19231 0.58824 0.16131 0.03704 0.09274 0.05303 0.88272 0.15301 0.40909 0.26275 0.78039
0.42155 0.18188 0.54051 0.53333 0.13366 0.55686 0.13723 0.01844 0.05055 0.02381 0.65333 0.09412 0.22892 0.36863 0.65490
0.29053 0.22250 0.63693 0.19298 0.21569 0.57255 0.04417 0.01756 0.06394 0.12963 0.54167 0.12637 0.32979 0.42353 0.90196
0.24311 0.26637 0.30157 0.16667 0.18349 0.22745 0.03335 0.04891 0.05498 0.11667 0.30556 0.12500 0.33333 0.14118 0.43529
0.11760 0.17343 0.44215 0.07692 0.14474 0.38039 0.03556 0.01567 0.06691 0.05882 0.07692 0.12264 0.20370 0.27451 0.52941
0.47549 0.29974 0.56021 0.62444 0.26058 0.54902 0.09024 0.04402 0.06144 0.09936 0.64368 0.14286 0.40385 0.38824 0.80784
0.50572 0.15341 0.47926 0.68750 0.14679 0.36471 0.14359 0.01307 0.08126 0.07692 0.86667 0.07059 0.20000 0.24706 0.67843
0.35657 0.15966 0.50401 0.22464 0.13178 0.50588 0.10193 0.01138 0.07644 0.05263 0.60784 0.09420 0.19231 0.25098 0.66275
0.41943 0.38726 0.47404 0.52193 0.36986 0.37255 0.03032 0.04624 0.05526 0.19298 0.53571 0.22282 0.51220 0.30980 0.67451
0.51317 0.21684 0.46713 0.62000 0.12903 0.40392 0.07548 0.05208 0.09528 0.17204 0.66667 0.08108 0.23842 0.21176 0.80000
0.44671 0.35310 0.34312 0.61852 0.25888 0.30980 0.08676 0.06962 0.01875 0.10317 0.63194 0.13043 0.60465 0.26275 0.40784
0.08993 0.19747 0.53876 0.04861 0.16529 0.46667 0.02246 0.01653 0.04906 0.04321 0.07317 0.13274 0.25000 0.40784 0.65490
0.36767 0.22080 0.55031 0.35000 0.17910 0.56471 0.09730 0.02353 0.06249 0.06349 0.61502 0.08904 0.34934 0.34902 0.80392
0.37322 0.18714 0.58341 0.41667 0.13253 0.58039 0.12088 0.01779 0.02695 0.02778 0.64368 0.11189 0.24457 0.55294 0.70588
0.47411 0.14624 0.50040 0.57407 0.10538 0.39608 0.06722 0.02339 0.07504 0.20000 0.63333 0.04545 0.18605 0.30196 0.87451
0.41158 0.28333 0.49901 0.53431 0.22830 0.39608 0.05788 0.07090 0.09524 0.16667 0.55952 0.04878 0.42105 0.28627 0.79216
0.10658 0.20863 0.50823 0.07692 0.16964 0.41961 0.02193 0.02058 0.05837 0.06818 0.08333 0.12987 0.27059 0.34902 0.66275
0.24722 0.15421 0.44272 0.17593 0.12632 0.29412 0.04141 0.01826 0.09139 0.11538 0.27778 0.04502 0.22581 0.20784 0.64706
0.09976 0.18481 0.52825 0.07692 0.17791 0.47059 0.01533 0.01658 0.07309 0.07143 0.09091 0.09259 0.25192 0.30980 0.72549
0.26766 0.33064 0.46914 0.07407 0.30000 0.46275 0.09152 0.06134 0.08222 0.04321 0.44444 0.11765 0.47541 0.18824 0.75686
0.43438 0.38016 0.49840 0.50000 0.28993 0.50588 0.01963 0.04977 0.03314 0.32222 0.55496 0.17949 0.62745 0.38039 0.61176
0.09414 0.21875 0.45821 0.06349 0.17778 0.41176 0.03080 0.02569 0.04936 0.04444 0.07692 0.11504 0.30328 0.32941 0.51373
0.32664 0.24759 0.25950 0.27778 0.21739 0.20392 0.04782 0.03132 0.02775 0.10897 0.56190 0.11111 0.33333 0.11765 0.41961
0.17385 0.11641 0.55040 0.07143 0.09130 0.47451 0.07882 0.00905 0.06142 0.03333 0.11594 0.06250 0.15512 0.39216 0.71765
0.48639 0.14564 0.63076 0.57377 0.08451 0.70588 0.07317 0.02270 0.05988 0.26923 0.61538 0.02427 0.22613 0.42353 0.83922
0.34717 0.16856 0.53303 0.20000 0.12887 0.57255 0.11785 0.01525 0.03172 0.01667 0.63333 0.09036 0.21154 0.39608 0.64314
0.39080 0.13046 0.60988 0.55333 0.05085 0.50980 0.09648 0.03038 0.09568 0.00000 0.59804 0.00000 0.21622 0.35294 0.98039
0.19825 0.26995 0.42413 0.15789 0.24490 0.38431 0.01070 0.01478 0.06325 0.13580 0.22464 0.18623 0.32633 0.21176 0.60784
0.60947 0.19711 0.58440 0.69048 0.16774 0.55294 0.05109 0.02542 0.05771 0.63426 0.72059 0.12157 0.23704 0.42353 0.69020
0.18261 0.41642 0.26177 0.04485 0.45455 0.14902 0.11194 0.10432 0.05967 0.00000 0.09524 0.00000 0.69231 0.08235 0.33333
0.34280 0.18345 0.52205 0.13333 0.15556 0.47451 0.09608 0.01760 0.04748 0.07359 0.61111 0.08824 0.24000 0.35294 0.65882
0.10030 0.23422 0.52045 0.07692 0.17273 0.45098 0.02104 0.03670 0.06943 0.06439 0.08772 0.11818 0.33333 0.35294 0.65490
0.12750 0.27296 0.53431 0.08051 0.26804 0.45098 0.04020 0.02402 0.05541 0.06173 0.09444 0.12558 0.38596 0.32941 0.83137
0.50426 0.13114 0.50351 0.68750 0.09434 0.45882 0.16870 0.01584 0.04319 0.04902 0.90741 0.05952 0.15385 0.40000 0.57647
0.39424 0.17853 0.49163 0.48148 0.11905 0.48627 0.11849 0.02763 0.06703 0.03205 0.63580 0.09677 0.19149 0.26667 0.61961
0.37656 0.19176 0.55631 0.53333 0.09626 0.51373 0.10690 0.03211 0.07724 0.02778 0.63580 0.07930 0.30357 0.34118 0.83922
0.34734 0.25400 0.52708 0.27778 0.20788 0.43137 0.06996 0.03350 0.07137 0.08025 0.59091 0.13525 0.32377 0.32549 0.75294
0.07264 0.10359 0.66178 0.03333 0.09009 0.53333 0.02460 0.01176 0.06517 0.00000 0.07692 0.00000 0.12712 0.45882 0.99608
0.46642 0.26194 0.46563 0.54545 0.17143 0.36863 0.05879 0.06547 0.09658 0.41026 0.58772 0.05490 0.42857 0.23529 0.64706
0.22344 0.36646 0.49969 0.14646 0.36139 0.46275 0.02893 0.03196 0.05027 0.12162 0.20290 0.21762 0.46154 0.30588 0.73333
0.58597 0.30751 0.63084 0.62333 0.32292 0.76863 0.06885 0.04500 0.06228 0.61774 0.73810 0.09519 0.48341 0.42353 0.83922
0.52573 0.18551 0.57092 0.59524 0.12755 0.57647 0.05520 0.02633 0.07315 0.54167 0.63194 0.04511 0.32143 0.29804 0.83529
0.23934 0.19878 0.47394 0.08333 0.11538 0.36078 0.12186 0.03572 0.07383 0.03333 0.14167 0.10000 0.28302 0.32157 0.56078
0.34081 0.32801 0.62726 0.36111 0.32895 0.76078 0.03707 0.01481 0.06746 0.14461 0.55303 0.26087 0.38462 0.40392 0.80000
0.20252 0.25913 0.54889 0.15351 0.25263 0.56078 0.01179 0.01599 0.04699 0.13450 0.23611 0.15840 0.33632 0.37255 0.71765
0.49639 0.36419 0.51931 0.58772 0.29412 0.34510 0.06230 0.05818 0.12461 0.48000 0.62121 0.17391 0.54839 0.21961 0.98824
0.23896 0.22640 0.57981 0.19231 0.16296 0.65098 0.02320 0.03704 0.05103 0.17188 0.21111 0.08629 0.29652 0.41176 0.75294
0.44108 0.31683 0.28205 0.61458 0.23077 0.27059 0.11527 0.06808 0.02305 0.08333 0.68750 0.10959 0.50000 0.18824 0.32157
0.34454 0.35450 0.48299 0.36111 0.33871 0.51765 0.03271 0.02138 0.06503 0.14957 0.54598 0.26347 0.41489 0.21961 0.73725
0.08055 0.23283 0.51612 0.06250 0.19580 0.50196 0.01572 0.02778 0.05178 0.04472 0.07692 0.14535 0.28736 0.33725 0.63922
0.09175 0.22317 0.44588 0.07692 0.19565 0.39216 0.01222 0.02214 0.05313 0.06250 0.08333 0.14130 0.28774 0.30980 0.53333
0.40587 0.23724 0.53401 0.27778 0.21026 0.52157 0.12710 0.03050 0.07574 0.07823 0.69444 0.10638 0.32353 0.27059 0.77255
0.40565 0.24928 0.57380 0.45833 0.20635 0.45882 0.05336 0.03735 0.11363 0.23077 0.59091 0.09524 0.41586 0.31373 0.98039
0.56062 0.20967 0.51365 0.61167 0.21429 0.40000 0.06487 0.01932 0.06919 0.56349 0.64646 0.08594 0.30337 0.32549 0.75294
0.31976 0.22211 0.50309 0.11475 0.20000 0.45882 0.12231 0.01056 0.09357 0.08772 0.59430 0.15337 0.29299 0.20000 0.81176
0.27715 0.18138 0.34140 0.21111 0.13725 0.34510 0.03240 0.02127 0.01793 0.14706 0.43939 0.09524 0.21127 0.25490 0.42353
0.20644 0.40711 0.59458 0.12821 0.46535 0.61961 0.01838 0.06561 0.03508 0.11985 0.26923 0.12414 0.58462 0.49804 0.72157
0.51951 0.19879 0.54901 0.65741 0.15464 0.50980 0.11118 0.02281 0.05237 0.12179 0.74561 0.09901 0.24409 0.38824 0.73725
0.16095 0.13376 0.60816 0.08333 0.11364 0.48627 0.04474 0.01386 0.09252 0.03333 0.13580 0.05490 0.17073 0.33725 0.96863
0.06963 0.16826 0.51960 0.04472 0.14286 0.45098 0.02041 0.01496 0.05640 0.03333 0.06439 0.09259 0.22518 0.34510 0.65098
0.29034 0.21857 0.57692 0.16146 0.16571 0.62353 0.07476 0.02441 0.02784 0.04861 0.62366 0.13699 0.22917 0.54902 0.69020
0.09456 0.21132 0.58534 0.05952 0.23129 0.56471 0.03198 0.01102 0.06196 0.03646 0.07143 0.15864 0.26786 0.41569 0.75294
0.39570 0.12193 0.60886 0.50000 0.09259 0.59608 0.04394 0.01084 0.05822 0.19444 0.53333 0.04348 0.16667 0.41569 0.86275
0.24444 0.19753 0.53776 0.06173 0.12500 0.54902 0.09248 0.02295 0.04179 0.02778 0.60569 0.08571 0.30476 0.44706 0.62745
0.11979 0.17405 0.48878 0.07143 0.10744 0.40000 0.02499 0.02468 0.05099 0.06250 0.11224 0.07527 0.23016 0.34902 0.58431
0.62218 0.10347 0.51929 0.71212 0.08527 0.49804 0.08606 0.01208 0.04479 0.59804 0.78788 0.05172 0.11111 0.41569 0.58824
0.56360 0.09715 0.46625 0.66667 0.06286 0.43529 0.13233 0.01235 0.05686 0.13333 0.90741 0.03448 0.11111 0.31373 0.54510
0.58430 0.16378 0.48362 0.68391 0.17323 0.50980 0.05450 0.00788 0.04384 0.48333 0.70513 0.11724 0.20886 0.31373 0.59608
0.56816 0.20295 0.52993 0.61905 0.21839 0.51765 0.05720 0.01659 0.03762 0.58333 0.65333 0.10883 0.27941 0.43922 0.56471
0.36520 0.13430 0.72932 0.40741 0.11345 0.86275 0.03345 0.01312 0.06579 0.22222 0.50901 0.04147 0.18750 0.58039 0.91373
0.22135 0.11935 0.47650 0.04545 0.10417 0.34510 0.11658 0.00969 0.08974 0.03333 0.12500 0.04762 0.16393 0.25882 0.75686
0.06889 0.17560 0.54007 0.04000 0.15152 0.44314 0.02601 0.01287 0.06456 0.02564 0.05319 0.11494 0.22901 0.35294 0.73725
0.10688 0.16504 0.45993 0.07407 0.14103 0.37647 0.02421 0.01932 0.06980 0.05303 0.10417 0.10099 0.20282 0.27843 0.55294
0.08877 0.19913 0.49136 0.05556 0.16129 0.38824 0.02582 0.01974 0.06071 0.03333 0.07692 0.12791 0.25140 0.32941 0.64706
0.22371 0.18408 0.54909 0.06250 0.10738 0.50588 0.08455 0.02286 0.04476 0.02778 0.58333 0.08811 0.24658 0.45490 0.65490
0.57013 0.34934 0.49817 0.63095 0.34615 0.34902 0.04101 0.06767 0.11580 0.55952 0.66667 0.10196 0.50526 0.23529 1.00000
0.47836 0.11631 0.51222 0.41667 0.09434 0.40392 0.19101 0.01089 0.07352 0.03333 0.94444 0.05747 0.14179 0.32941 0.72941
0.41976 0.21994 0.53227 0.54000 0.16346 0.49804 0.04415 0.02865 0.06593 0.19697 0.58333 0.07107 0.37500 0.36078 0.60392
0.48066 0.12262 0.46210 0.57895 0.07643 0.43529 0.12752 0.01657 0.03382 0.08333 0.80556 0.04511 0.14563 0.32549 0.59608
0.62588 0.12418 0.52876 0.64706 0.09554 0.54510 0.09700 0.01041 0.03339 0.48333 0.93939 0.07292 0.14286 0.42353 0.63137
0.09104 0.16070 0.51134 0.06838 0.11712 0.42745 0.02317 0.02012 0.06435 0.03333 0.07692 0.07865 0.22378 0.34902 0.62353
0.43816 0.35170 0.50598 0.50000 0.32361 0.46275 0.11345 0.04709 0.06114 0.08522 0.66667 0.15556 0.56818 0.29412 0.67059
0.68887 0.12455 0.52472 0.76667 0.10891 0.44314 0.07894 0.01015 0.06846 0.69231 0.86667 0.07746 0.14286 0.34902 0.70196
0.67098 0.31736 0.42876 0.66667 0.23404 0.33333 0.01210 0.08823 0.10783 0.62500 0.73333 0.09220 0.45455 0.15686 0.54118
0.23217 0.19152 0.53503 0.07407 0.11570 0.49412 0.07843 0.02372 0.03473 0.03846 0.60897 0.09524 0.25000 0.43529 0.69020
0.34136 0.18910 0.48828 0.14286 0.17091 0.43922 0.11105 0.01943 0.07064 0.06818 0.59091 0.08642 0.24269 0.25882 0.69804
0.33709 0.17598 0.56693 0.21032 0.12500 0.52157 0.08278 0.01922 0.04780 0.06250 0.62057 0.08176 0.21854 0.40784 0.77647
0.50388 0.10774 0.70317 0.52778 0.06356 0.81961 0.03105 0.00956 0.06638 0.48148 0.55263 0.04390 0.14286 0.56471 0.89020
0.59100 0.14025 0.45999 0.66667 0.06633 0.36863 0.05406 0.03641 0.07688 0.59091 0.69444 0.03947 0.15068 0.24314 0.78039
0.08735 0.19545 0.40817 0.07407 0.16393 0.30980 0.00984 0.02053 0.06997 0.06439 0.09091 0.11067 0.25000 0.24314 0.49412
0.56173 0.33877 0.59127 0.62022 0.31343 0.51765 0.04239 0.05860 0.05794 0.60452 0.64646 0.15323 0.51963 0.44314 0.78039
0.39358 0.37911 0.49377 0.44444 0.35417 0.32941 0.02414 0.04113 0.13238 0.25000 0.52047 0.25000 0.43137 0.18431 0.96471
0.40694 0.16017 0.69930 0.50000 0.11111 0.78824 0.04660 0.01744 0.04945 0.16667 0.53483 0.05854 0.24324 0.58039 0.85882
0.10585 0.17937 0.58335 0.06173 0.11111 0.45490 0.03843 0.02968 0.07775 0.01111 0.10976 0.05098 0.28261 0.39608 0.96863
0.51992 0.17192 0.53657 0.59524 0.14179 0.47059 0.06630 0.02439 0.06413 0.55172 0.64286 0.05488 0.24460 0.35294 0.69020
0.52742 0.15300 0.60235 0.55031 0.13333 0.72157 0.02910 0.02026 0.06603 0.50000 0.60753 0.03846 0.21818 0.41176 0.80784
0.28639 0.27413 0.52467 0.25287 0.15068 0.51373 0.03447 0.06621 0.07173 0.11905 0.44340 0.11017 0.35484 0.33333 0.72549
0.27735 0.16869 0.41630 0.07333 0.12987 0.32941 0.13653 0.02194 0.06383 0.05172 0.30556 0.06098 0.24742 0.25490 0.50196
0.68528 0.11159 0.58021 0.86667 0.07843 0.56078 0.14274 0.01472 0.05997 0.61111 0.94444 0.05455 0.11875 0.40000 0.74510
0.30816 0.18392 0.49878 0.15344 0.11820 0.45490 0.08749 0.04879 0.04458 0.08667 0.53448 0.03636 0.19816 0.35686 0.66667
0.20281 0.18830 0.51188 0.08333 0.13784 0.42353 0.06003 0.01730 0.06236 0.04321 0.23403 0.12121 0.22388 0.30588 0.79608
0.23010 0.16669 0.38450 0.07143 0.13433 0.31373 0.11209 0.01938 0.05955 0.04545 0.13333 0.08021 0.21127 0.24314 0.43922
0.09667 0.21876 0.41844 0.06589 0.18056 0.30980 0.02929 0.02616 0.07325 0.03333 0.07895 0.11940 0.30645 0.24314 0.50588
0.51193 0.25236 0.48067 0.62025 0.21429 0.42745 0.06700 0.03487 0.08964 0.20000 0.65333 0.11842 0.33333 0.20784 0.78431
0.29789 0.36815 0.36373 0.13889 0.31481 0.39608 0.05180 0.03688 0.02970 0.10417 0.57692 0.23016 0.52830 0.23922 0.46275
0.39280 0.11653 0.49139 0.27778 0.07333 0.49020 0.13726 0.02325 0.04916 0.04404 0.77778 0.03731 0.13043 0.35294 0.61176
0.60129 0.45281 0.42723 0.64894 0.42529 0.35686 0.04995 0.06825 0.07222 0.62169 0.69271 0.27273 0.63333 0.24314 0.53725
0.16362 0.17168 0.54396 0.08333 0.13699 0.47059 0.06672 0.02005 0.07248 0.07143 0.10976 0.07609 0.24000 0.32941 0.73725
0.53378 0.25059 0.49109 0.61667 0.20611 0.46667 0.06337 0.03918 0.05771 0.56818 0.66667 0.12381 0.32609 0.33333 0.60784
0.35917 0.17965 0.52389 0.36667 0.11504 0.46275 0.09968 0.02916 0.07287 0.02778 0.64706 0.09479 0.17241 0.37255 0.83137
0.68206 0.11249 0.59995 0.69231 0.11765 0.48627 0.04649 0.00406 0.07162 0.65909 0.78571 0.07623 0.13889 0.38039 0.89020
0.09547 0.16547 0.48365 0.06818 0.14286 0.42745 0.02807 0.01913 0.07090 0.03333 0.07692 0.08333 0.21179 0.29804 0.64314
0.59471 0.12803 0.49258 0.64286 0.10638 0.47059 0.13182 0.01290 0.04817 0.16667 0.94444 0.04615 0.17949 0.36078 0.56078
0.61902 0.26072 0.50988 0.69333 0.23239 0.49020 0.05335 0.03733 0.06482 0.65217 0.72222 0.15686 0.32967 0.34118 0.60784
0.51211 0.44805 0.59302 0.59815 0.41259 0.59608 0.05492 0.09562 0.08325 0.57895 0.62727 0.24194 0.68667 0.35294 0.84314
0.08279 0.20175 0.65653 0.04861 0.17409 0.59216 0.02625 0.01486 0.04931 0.02778 0.07317 0.14815 0.26012 0.51373 0.86667
0.14276 0.17747 0.44584 0.07143 0.13194 0.34510 0.06487 0.02507 0.08009 0.03333 0.10417 0.08333 0.24359 0.27843 0.54118
0.53656 0.27393 0.58086 0.60088 0.21429 0.54902 0.08194 0.06071 0.07413 0.55556 0.68280 0.08750 0.38419 0.39608 0.81569
0.38711 0.22647 0.51258 0.12121 0.22642 0.43137 0.12733 0.01723 0.09084 0.07292 0.76667 0.13333 0.29839 0.26667 0.74902
0.17692 0.15280 0.54689 0.07143 0.10989 0.42353 0.08570 0.02610 0.08047 0.03333 0.12500 0.05208 0.19149 0.32941 0.90196
0.09614 0.21279 0.40175 0.07143 0.18000 0.36471 0.02523 0.02251 0.06145 0.04444 0.07870 0.11818 0.27692 0.21961 0.46667
0.47231 0.11963 0.44019 0.53333 0.07143 0.44706 0.12884 0.01904 0.03407 0.07292 0.80556 0.03478 0.15385 0.30588 0.52549
0.37768 0.21438 0.54334 0.13333 0.17241 0.56863 0.11931 0.02225 0.03655 0.04861 0.66667 0.13699 0.24176 0.48627 0.66275
0.37906 0.29569 0.40091 0.41667 0.20000 0.34118 0.06830 0.06884 0.08975 0.09896 0.61905 0.11111 0.41255 0.10980 0.67451
0.57367 0.31716 0.46353 0.62063 0.28947 0.42353 0.05270 0.05056 0.07091 0.58333 0.66667 0.10000 0.48837 0.22745 0.69412
0.37465 0.21397 0.53617 0.52778 0.20561 0.47451 0.07174 0.01204 0.04602 0.07407 0.60163 0.14286 0.27041 0.37255 0.66667
0.56961 0.18619 0.57208 0.65196 0.16667 0.54510 0.07652 0.02805 0.05980 0.58974 0.69444 0.05429 0.26506 0.39608 0.85882
0.41149 0.16236 0.49859 0.16667 0.11111 0.39608 0.14954 0.02219 0.06682 0.05172 0.80556 0.06316 0.22778 0.33725 0.66667
0.11970 0.20189 0.51475 0.05556 0.17783 0.44706 0.05540 0.02066 0.07645 0.03333 0.07292 0.10989 0.28000 0.32549 0.73333
0.43808 0.39003 0.57295 0.52424 0.33842 0.66667 0.02976 0.04606 0.10582 0.38542 0.55556 0.26339 0.45455 0.21569 0.91373
0.47583 0.19253 0.53535 0.63194 0.15741 0.52549 0.09531 0.02017 0.06538 0.17157 0.67593 0.09524 0.25373 0.33333 0.69804
0.09491 0.15979 0.49431 0.07143 0.12698 0.40392 0.02478 0.02023 0.07790 0.04444 0.07895 0.07368 0.20749 0.29020 0.64314
0.27208 0.39690 0.44599 0.16667 0.32075 0.43137 0.05509 0.10723 0.07529 0.11667 0.55952 0.07108 0.71070 0.19216 0.71373
0.11811 0.16976 0.40027 0.03333 0.14493 0.32549 0.06320 0.01336 0.06210 0.03333 0.05556 0.11765 0.21084 0.25882 0.44706
0.12239 0.22027 0.46513 0.07692 0.15464 0.39216 0.03546 0.02968 0.05086 0.07143 0.09314 0.11224 0.30476 0.36471 0.50980
0.43334 0.15591 0.56251 0.57407 0.10465 0.50196 0.06506 0.02294 0.09738 0.11667 0.59091 0.07203 0.18889 0.28627 0.89804
0.53023 0.26661 0.41618 0.60204 0.21739 0.42745 0.13887 0.03786 0.03301 0.04321 0.92857 0.10667 0.38298 0.28235 0.54902
0.67818 0.13682 0.64996 0.71212 0.09827 0.65098 0.09640 0.01019 0.06238 0.62500 0.92157 0.07143 0.18182 0.42745 0.96471
0.21714 0.21174 0.42298 0.10317 0.12727 0.25490 0.09389 0.04697 0.09614 0.07143 0.18750 0.05446 0.35714 0.20000 0.65098
0.33418 0.18107 0.67149 0.41667 0.13580 0.66275 0.07231 0.04481 0.09838 0.00000 0.57471 0.00000 0.27972 0.46667 0.99608
0.63200 0.37018 0.44455 0.60976 0.31667 0.36078 0.02155 0.06262 0.07897 0.58667 0.66667 0.15152 0.53333 0.26275 0.54902
0.44996 0.09215 0.51171 0.56522 0.06193 0.50588 0.13658 0.00993 0.03575 0.05556 0.73333 0.04132 0.10345 0.41961 0.59216
0.17140 0.32993 0.50990 0.07639 0.22222 0.49804 0.06149 0.09390 0.13096 0.03448 0.16667 0.06148 0.49209 0.13333 0.93333
0.42473 0.20219 0.40597 0.46032 0.11712 0.33725 0.09778 0.04454 0.06439 0.10417 0.69444 0.06024 0.26087 0.20000 0.60000
0.41637 0.08419 0.48693 0.50000 0.06796 0.41569 0.13419 0.00577 0.09022 0.03333 0.73333 0.02778 0.12048 0.28627 0.57255
0.40709 0.14006 0.58800 0.48333 0.12987 0.53333 0.03769 0.01029 0.07373 0.27043 0.54248 0.07451 0.18487 0.34902 0.84706
0.35786 0.20561 0.54839 0.19697 0.19643 0.50196 0.10317 0.01928 0.05284 0.05303 0.61333 0.09449 0.26667 0.36863 0.74902
0.10813 0.13911 0.53822 0.04444 0.09615 0.43529 0.04948 0.01556 0.05802 0.03333 0.07692 0.08621 0.18286 0.40000 0.60392
0.26676 0.11085 0.51098 0.06250 0.09756 0.35294 0.14275 0.01083 0.09572 0.03333 0.55667 0.03137 0.16049 0.29804 0.89804
0.16512 0.19662 0.46199 0.06589 0.12920 0.34510 0.07328 0.03061 0.07680 0.03333 0.07895 0.08642 0.28161 0.29804 0.61569
0.12337 0.12044 0.58829 0.07692 0.11446 0.50588 0.04048 0.00685 0.05002 0.05882 0.09314 0.06422 0.17105 0.42745 0.74902
0.45913 0.09282 0.49702 0.57333 0.05085 0.49804 0.12581 0.01100 0.03084 0.07692 0.73333 0.03937 0.11250 0.41569 0.54902
0.35389 0.11758 0.46436 0.19136 0.08756 0.45882 0.11328 0.00880 0.04033 0.05952 0.63333 0.05422 0.15385 0.30196 0.58824
0.56779 0.15706 0.55074 0.63333 0.14789 0.54118 0.04204 0.01350 0.03522 0.54861 0.65789 0.07471 0.21379 0.45098 0.63529
0.53930 0.15604 0.59233 0.65079 0.15556 0.62353 0.09790 0.01726 0.06430 0.38782 0.70588 0.03896 0.23881 0.38431 0.87059
0.43220 0.16769 0.63403 0.57051 0.14902 0.56471 0.07618 0.01640 0.10583 0.12500 0.64286 0.06429 0.23333 0.30980 0.99608
0.36934 0.22663 0.49833 0.50000 0.18455 0.39608 0.05456 0.02323 0.06130 0.10417 0.57456 0.12719 0.28571 0.30588 0.71373
0.42655 0.16050 0.53353 0.48333 0.13750 0.45490 0.02545 0.01159 0.08199 0.27500 0.53030 0.09091 0.19608 0.30588 0.76863
0.10298 0.24232 0.50709 0.06838 0.20575 0.42353 0.02852 0.02733 0.06358 0.04444 0.07895 0.14423 0.31852 0.36471 0.66667
0.33883 0.17083 0.45135 0.13095 0.12200 0.35294 0.10802 0.02089 0.09223 0.09091 0.70000 0.06961 0.25532 0.20392 0.65098
0.37027 0.31008 0.58069 0.14957 0.22511 0.60392 0.15343 0.03843 0.09676 0.04726 0.86957 0.15686 0.43383 0.29020 0.85882
0.37374 0.19281 0.66329 0.38889 0.16228 0.78431 0.03425 0.02698 0.07163 0.21212 0.51389 0.06952 0.25571 0.45882 0.88627
0.31997 0.15861 0.48814 0.07143 0.08197 0.37255 0.16487 0.02693 0.07352 0.03333 0.91667 0.04348 0.25000 0.31373 0.60882
0.21721 0.16792 0.51987 0.05000 0.13710 0.45098 0.12564 0.02403 0.06382 0.03205 0.07471 0.07080 0.21333 0.32157 0.69020
0.31494 0.34525 0.55312 0.20667 0.29703 0.59216 0.03864 0.04910 0.03242 0.14815 0.58000 0.13043 0.58235 0.44314 0.67451
0.34677 0.19227 0.49911 0.09936 0.16667 0.40392 0.14806 0.01659 0.09463 0.07292 0.94444 0.10000 0.25904 0.22745 0.78039
0.42142 0.13866 0.45277 0.11538 0.08955 0.34510 0.17591 0.01529 0.06720 0.07317 0.95833 0.05634 0.20149 0.27059 0.60000
0.44681 0.36346 0.53218 0.50617 0.37037 0.42353 0.02352 0.02426 0.10237 0.40909 0.56439 0.25263 0.43556 0.21961 0.87843
0.53791 0.18882 0.46572 0.60078 0.16129 0.38039 0.06967 0.02547 0.07744 0.55952 0.67857 0.05882 0.29670 0.27059 0.59608
0.44739 0.08954 0.49506 0.45833 0.06875 0.48627 0.16307 0.00780 0.03652 0.04545 0.91667 0.03200 0.12308 0.41176 0.54118
0.54614 0.17760 0.57186 0.63333 0.17143 0.52157 0.06180 0.02442 0.06221 0.58889 0.66129 0.07801 0.22464 0.41961 0.72941
0.24997 0.17933 0.51697 0.09804 0.15951 0.50588 0.09435 0.01458 0.04441 0.04861 0.33333 0.10811 0.22222 0.34902 0.66275
0.27964 0.15789 0.52722 0.08889 0.11628 0.36863 0.14560 0.02314 0.09457 0.03333 0.41667 0.02869 0.22936 0.30588 0.96863
0.09495 0.24558 0.43317 0.07317 0.22078 0.36078 0.02140 0.02888 0.06777 0.04902 0.07895 0.14286 0.31250 0.23529 0.57647
0.24213 0.25888 0.54030 0.04472 0.28302 0.56078 0.09367 0.02126 0.03965 0.02885 0.57292 0.12264 0.34161 0.40784 0.63922
0.34576 0.22247 0.48463 0.31250 0.16667 0.36863 0.02893 0.02844 0.10342 0.17857 0.53333 0.10000 0.31343 0.21569 0.81569
0.45242 0.14082 0.40573 0.50000 0.11864 0.25490 0.06795 0.01822 0.10929 0.23333 0.60417 0.05634 0.18462 0.19216 0.47059
0.10277 0.16582 0.62768 0.08333 0.14563 0.56863 0.01622 0.02456 0.07849 0.02874 0.11667 0.02564 0.25000 0.38039 0.99608
0.38253 0.25909 0.50481 0.58333 0.22833 0.51373 0.08007 0.04293 0.08103 0.10606 0.61594 0.11111 0.34123 0.25490 0.77647
0.54064 0.10059 0.51322 0.62000 0.07500 0.47451 0.10980 0.01238 0.05671 0.13333 0.83333 0.04255 0.10965 0.37647 0.55686
0.50750 0.27514 0.46616 0.58081 0.25000 0.36471 0.04801 0.03489 0.08599 0.46875 0.61538 0.14118 0.37778 0.27843 0.76863
0.34768 0.13601 0.55121 0.41667 0.09929 0.47059 0.03877 0.01975 0.06225 0.19565 0.50000 0.04348 0.18349 0.38824 0.69020
0.14811 0.18731 0.51588 0.06818 0.12299 0.51765 0.04926 0.02231 0.02876 0.04444 0.09722 0.08527 0.25434 0.45882 0.60784
0.35247 0.26458 0.53980 0.11683 0.20225 0.44314 0.10149 0.03586 0.06859 0.07407 0.63889 0.11494 0.41401 0.34902 0.73333
0.50997 0.41536 0.64268 0.62094 0.45495 0.79216 0.08157 0.03968 0.07975 0.22778 0.62698 0.26471 0.53052 0.45098 0.87059
0.47009 0.09092 0.47636 0.53333 0.07186 0.44314 0.17662 0.00783 0.04211 0.03333 0.93939 0.03390 0.11250 0.37255 0.53333
0.43400 0.29169 0.61531 0.50000 0.30000 0.55686 0.02723 0.03135 0.10743 0.34314 0.55039 0.13873 0.39370 0.28627 0.99608
0.34094 0.23601 0.62316 0.46667 0.23256 0.53333 0.05708 0.03120 0.07873 0.09859 0.56098 0.06917 0.39496 0.43529 0.99608
0.54872 0.17320 0.53044 0.60345 0.16667 0.49804 0.04804 0.02299 0.04615 0.56173 0.62500 0.05594 0.23729 0.43137 0.61176
0.52584 0.26663 0.52433 0.60897 0.19643 0.52157 0.06883 0.04733 0.05123 0.41667 0.65789 0.10593 0.36434 0.35686 0.67843
0.52435 0.19698 0.62203 0.55936 0.17120 0.72157 0.05415 0.02763 0.06068 0.53261 0.61538 0.05851 0.27907 0.43922 0.82353
0.29315 0.23644 0.62550 0.21429 0.17822 0.76471 0.02595 0.03269 0.07263 0.18254 0.48077 0.08824 0.36066 0.41176 0.82353
0.09738 0.16112 0.46087 0.07143 0.13542 0.36863 0.02536 0.01756 0.07193 0.04444 0.07692 0.08333 0.20833 0.30196 0.59216
0.10837 0.15955 0.55299 0.04444 0.13514 0.48235 0.05035 0.01431 0.05931 0.03333 0.06481 0.09091 0.20896 0.36471 0.75686
0.58634 0.19149 0.56580 0.64646 0.17518 0.54118 0.05386 0.03002 0.05197 0.60897 0.67857 0.08383 0.23200 0.42353 0.66275
0.52492 0.14761 0.48104 0.65909 0.15833 0.42353 0.09366 0.00897 0.05047 0.15789 0.70833 0.08163 0.19792 0.36471 0.54902
0.47649 0.10468 0.51039 0.59804 0.06250 0.55686 0.11732 0.01043 0.03131 0.07143 0.73810 0.03700 0.14414 0.41569 0.62353
0.35229 0.15624 0.67739 0.10417 0.14721 0.65098 0.11917 0.02602 0.07194 0.08333 0.83333 0.00784 0.22581 0.49020 1.00000
0.23817 0.22860 0.45631 0.15217 0.20690 0.44314 0.07864 0.02629 0.03739 0.02128 0.36111 0.08929 0.35955 0.31765 0.58039
0.37401 0.29282 0.50430 0.41667 0.28829 0.49804 0.08709 0.03853 0.05849 0.07292 0.61111 0.13445 0.42424 0.29804 0.69412
0.37206 0.11446 0.47888 0.38462 0.07212 0.47843 0.08459 0.02051 0.05880 0.07407 0.62500 0.02083 0.15476 0.29412 0.61176
0.38640 0.40326 0.51981 0.57870 0.33702 0.44314 0.09420 0.05958 0.09627 0.07756 0.62083 0.22800 0.56287 0.25882 0.84706
0.57958 0.10780 0.50070 0.75000 0.08333 0.50196 0.15435 0.00978 0.04484 0.04545 0.93939 0.05263 0.13095 0.35294 0.58824
0.38096 0.17190 0.52754 0.50000 0.11039 0.51373 0.11341 0.02242 0.04679 0.03333 0.62222 0.06818 0.23903 0.37255 0.63137
0.45825 0.09521 0.67435 0.55914 0.06299 0.69804 0.06144 0.01375 0.04868 0.20000 0.59804 0.02703 0.10241 0.56863 0.88235
0.31237 0.21248 0.33630 0.16667 0.15942 0.28235 0.08538 0.02705 0.02955 0.07870 0.57143 0.10321 0.26761 0.23137 0.38824
0.51929 0.10536 0.51296 0.54861 0.05263 0.51373 0.11000 0.01687 0.06647 0.25490 0.86667 0.02614 0.14161 0.29412 0.61176
0.31314 0.30706 0.54001 0.19697 0.28205 0.53725 0.03575 0.02286 0.07645 0.15145 0.54444 0.21538 0.36458 0.30196 0.78824
0.21594 0.08100 0.56144 0.11538 0.06627 0.52941 0.06143 0.00514 0.05648 0.07143 0.23333 0.02752 0.11802 0.36863 0.68235
0.26086 0.18107 0.53064 0.06173 0.13514 0.44706 0.14322 0.03616 0.07756 0.03333 0.20000 0.04598 0.22917 0.31765 0.79608
0.38174 0.19420 0.50208 0.44444 0.12571 0.54118 0.10138 0.02629 0.04740 0.05303 0.62000 0.08333 0.27061 0.34902 0.61569
0.26067 0.20495 0.47382 0.12076 0.13529 0.46667 0.07934 0.04607 0.07341 0.06481 0.50000 0.06211 0.26020 0.25098 0.67059
0.09151 0.22810 0.49118 0.07353 0.19595 0.37647 0.01868 0.02613 0.07444 0.05914 0.07692 0.14444 0.28485 0.30588 0.67843
0.36841 0.29873 0.60768 0.42157 0.22115 0.62745 0.03440 0.04229 0.03808 0.18750 0.53901 0.12371 0.51875 0.48627 0.72941
0.34742 0.30573 0.39840 0.43939 0.21387 0.39216 0.04741 0.07138 0.05560 0.12177 0.50000 0.09396 0.45263 0.19216 0.54510
0.33971 0.18902 0.47414 0.10417 0.16667 0.34118 0.15249 0.02107 0.09331 0.07143 0.91667 0.08475 0.26190 0.22353 0.71765
0.10047 0.23413 0.51720 0.06439 0.20000 0.45098 0.03169 0.03402 0.07736 0.04444 0.08025 0.12605 0.29762 0.31765 0.69020
0.19084 0.42197 0.54520 0.14167 0.37353 0.56863 0.02319 0.08278 0.07785 0.12760 0.19298 0.16078 0.64583 0.32549 0.74118
0.56280 0.36194 0.40728 0.58974 0.32143 0.36078 0.02583 0.06525 0.06642 0.57292 0.60784 0.17450 0.49078 0.19608 0.53333
0.25628 0.19163 0.55363 0.06481 0.14815 0.62353 0.11972 0.01649 0.02868 0.03205 0.23958 0.09412 0.26087 0.41569 0.66667
0.63304 0.22164 0.57572 0.68571 0.23077 0.54902 0.03971 0.01622 0.04477 0.66312 0.70202 0.16296 0.27193 0.43922 0.66275
0.26897 0.28433 0.53526 0.12222 0.26471 0.50196 0.05726 0.02954 0.04302 0.08889 0.58333 0.17073 0.34951 0.38431 0.71765
