170.2899627685547 162.9331512451172 159.29713439941406 194.0 190.0 187.0 3753.8985004515853 3753.8985004515853 3753.8985004515853 127.0 219.0 112.0 215.0 107.0 211.0
36.218292236328125 68.81288146972656 124.68516540527344 15.0 68.0 110.0 4054.1798277860507 4054.1798277860507 4054.1798277860507 5.0 47.0 29.0 99.0 75.0 181.0
123.73182678222656 86.48472595214844 35.95524597167969 130.0 86.0 27.0 3884.876669512208 3884.876669512208 3884.876669512208 82.0 167.0 46.0 123.0 12.0 52.0
106.80484008789062 149.4749755859375 160.22702026367188 93.0 149.0 167.0 1889.6999866697524 1889.6999866697524 1889.6999866697524 72.0 150.0 121.0 181.0 146.0 180.0
88.32229614257812 84.91957092285156 114.19581604003906 83.0 87.0 117.0 546.1580327314635 546.1580327314635 546.1580327314635 72.0 96.0 76.0 93.0 105.0 125.0
111.3179931640625 124.13623046875 103.76908874511719 106.0 121.0 98.0 2553.7730184315133 2553.7730184315133 2553.7730184315133 84.0 147.0 99.0 159.0 74.0 149.25
63.61216735839844 142.73582458496094 151.13597106933594 69.0 145.0 153.0 3628.8841165248036 3628.8841165248036 3628.8841165248036 1.0 97.0 126.0 162.0 126.0 177.0
205.18556213378906 155.82754516601562 68.2034912109375 234.0 152.0 69.0 6099.531545654536 6099.531545654536 6099.531545654536 163.0 252.0 112.0 207.0 43.0 91.0
180.37559509277344 164.30604553222656 166.741455078125 189.0 173.0 175.0 2404.250004072984 2404.250004072984 2404.250004072984 157.0 216.0 138.0 202.0 135.0 209.0
82.52151489257812 95.25149536132812 123.7459716796875 65.0 78.0 114.0 3167.9007371461216 3167.9007371461216 3167.9007371461216 49.0 74.0 67.0 83.0 89.0 125.0
54.017333984375 78.53692626953125 105.62246704101562 27.0 54.0 99.0 4318.643916057113 4318.643916057113 4318.643916057113 18.0 66.0 33.0 112.0 46.0 165.0
133.57077026367188 139.68429565429688 162.72564697265625 133.0 139.0 164.0 1294.9741170605023 1294.9741170605023 1294.9741170605023 121.0 153.0 118.0 167.0 127.0 193.0
115.0953369140625 94.25848388671875 80.07444763183594 125.0 103.0 90.0 2746.350278710093 2746.350278710093 2746.350278710093 60.0 167.0 56.0 129.0 46.0 110.0
143.36846923828125 157.7635955810547 170.36492919921875 132.0 153.0 177.0 3907.2210242509996 3907.2210242509996 3907.2210242509996 99.0 197.0 119.0 210.0 130.0 236.0
134.65968322753906 68.44410705566406 13.861083984375 121.0 58.0 14.0 4587.2871316537885 4587.2871316537885 4587.2871316537885 96.0 170.0 47.0 73.0 9.0 17.0
155.48464965820312 139.36082458496094 135.47125244140625 146.0 125.0 129.0 3214.1025707740077 3214.1025707740077 3214.1025707740077 113.0 222.0 102.0 191.0 109.0 165.0
97.12156677246094 114.29673767089844 122.72134399414062 79.0 99.0 110.0 2967.9134384791055 2967.9134384791055 2967.9134384791055 57.0 144.0 79.0 166.0 80.0 196.0
96.97988891601562 138.51193237304688 185.2532196044922 88.0 128.0 185.0 2660.3790433897075 2660.3790433897075 2660.3790433897075 58.0 142.0 114.0 167.0 165.0 216.0
144.82839965820312 136.8152618408203 129.71817016601562 160.0 150.0 144.0 3294.7970731705177 3294.7970731705177 3294.7970731705177 122.0 186.0 113.0 174.0 106.0 168.0
92.95869445800781 104.57183837890625 97.95541381835938 100.0 102.0 86.0 3135.0851322714393 3135.0851322714393 3135.0851322714393 52.0 127.0 60.0 154.0 43.0 168.0
131.20651245117188 120.93522644042969 135.75572204589844 143.0 111.0 123.0 2251.6164804034765 2251.6164804034765 2251.6164804034765 94.0 165.0 99.0 145.0 76.0 204.0
124.91354370117188 31.287689208984375 20.845001220703125 135.0 5.0 16.0 4862.4440475643305 4862.4440475643305 4862.4440475643305 60.0 194.0 2.0 41.0 9.0 31.0
110.91481018066406 153.93406677246094 205.39195251464844 110.0 159.0 243.0 4839.681847446883 4839.681847446883 4839.681847446883 62.0 153.0 104.0 201.0 155.0 254.0
103.46176147460938 136.2261199951172 153.00164794921875 97.0 142.0 180.0 2851.944993515163 2851.944993515163 2851.944993515163 76.0 131.0 106.0 175.0 121.0 197.0
156.49037170410156 152.7093048095703 168.3352508544922 162.0 156.0 172.0 1755.5047303115068 1755.5047303115068 1755.5047303115068 144.0 175.0 143.0 168.0 157.0 192.0
62.37907409667969 84.1422119140625 115.35105895996094 52.0 83.0 122.0 3156.6459554681146 3156.6459554681146 3156.6459554681146 31.0 86.0 57.0 113.0 62.0 158.0
151.171142578125 116.81678771972656 140.18087768554688 152.0 116.0 138.0 3251.2859420391164 3251.2859420391164 3251.2859420391164 108.0 197.0 89.0 147.0 113.0 182.0
139.04762268066406 158.6239776611328 148.7937469482422 118.0 141.0 143.0 3464.845257744169 3464.845257744169 3464.845257744169 90.0 209.0 112.0 232.0 114.0 206.0
157.42433166503906 81.72406005859375 54.62074279785156 154.0 76.0 54.0 3387.4906294170955 3387.4906294170955 3387.4906294170955 96.0 219.0 62.0 101.0 52.0 57.0
136.98001098632812 180.63113403320312 213.53433227539062 139.0 179.0 212.0 1815.888151413761 1815.888151413761 1815.888151413761 101.0 175.0 158.0 208.0 200.0 231.0
89.81256103515625 42.39140319824219 52.20741271972656 87.0 36.0 47.0 1652.7556072274845 1652.7556072274845 1652.7556072274845 59.0 109.0 17.0 62.0 35.0 74.0
85.97457885742188 108.21926879882812 130.4988250732422 64.0 95.0 112.0 3496.804431697328 3496.804431697328 3496.804431697328 44.0 130.0 73.0 146.0 88.0 194.0
133.56500244140625 146.06137084960938 154.96746826171875 130.0 149.0 167.0 1475.3843805515726 1475.3843805515726 1475.3843805515726 113.0 152.0 117.0 173.0 116.0 191.0
145.7156982421875 161.69886779785156 156.0076904296875 139.0 155.0 152.0 3540.544677559261 3540.544677559261 3540.544677559261 107.0 194.0 121.0 213.0 123.0 203.25
92.54275512695312 118.173095703125 158.36370849609375 85.0 115.0 160.0 2807.455493804378 2807.455493804378 2807.455493804378 63.0 124.0 95.0 155.0 138.0 204.0
126.12966918945312 124.47787475585938 158.01536560058594 108.0 107.0 155.0 2507.78460009021 2507.78460009021 2507.78460009021 79.0 179.0 84.0 172.0 141.0 179.0
66.19189453125 53.638336181640625 70.83120727539062 37.0 28.0 58.0 2862.738325307353 2862.738325307353 2862.738325307353 24.0 109.0 18.0 87.25 28.0 102.0
94.06271362304688 109.3111572265625 125.52650451660156 89.0 101.0 111.0 3312.2055063048742 3312.2055063048742 3312.2055063048742 51.0 143.0 64.0 164.0 81.0 188.0
99.13070678710938 98.06277465820312 82.03370666503906 84.0 90.0 59.0 3870.707537157228 3870.707537157228 3870.707537157228 52.0 137.0 55.0 124.0 32.0 121.0
118.49223327636719 110.58354187011719 101.03681945800781 105.0 101.0 101.0 2649.0705264017965 2649.0705264017965 2649.0705264017965 66.0 155.0 72.0 135.0 68.0 123.0
35.22077941894531 79.21966552734375 127.93994140625 21.0 67.0 120.0 2811.5370692759493 2811.5370692759493 2811.5370692759493 11.0 46.0 53.0 99.0 106.0 147.0
159.48109436035156 156.9836883544922 121.685546875 142.0 155.0 123.0 1532.6924352906644 1532.6924352906644 1532.6924352906644 121.0 210.0 141.0 178.0 114.0 130.0
116.0101318359375 123.52424621582031 140.27914428710938 102.0 109.0 133.0 3194.253004381821 3194.253004381821 3194.253004381821 76.0 164.0 86.0 186.0 98.0 210.0
79.11186218261719 102.55967712402344 119.38148498535156 67.0 98.0 130.0 1963.5260802215323 1963.5260802215323 1963.5260802215323 58.0 92.0 90.0 111.0 88.0 141.0
118.71571350097656 105.41270446777344 74.37173461914062 109.0 94.0 63.0 4378.704630531267 4378.704630531267 4378.704630531267 66.0 171.0 57.0 149.0 43.0 105.0
99.94709777832031 123.47862243652344 162.0724639892578 93.0 125.0 169.0 2103.8394059650345 2103.8394059650345 2103.8394059650345 81.0 117.0 96.0 149.0 113.0 209.0
70.55583190917969 98.36248779296875 117.63935852050781 53.0 96.0 142.0 4858.043758776039 4858.043758776039 4858.043758776039 25.0 107.0 42.0 146.0 36.0 182.0
170.00650024414062 98.0302734375 59.97349548339844 206.0 90.0 63.0 4956.584598268046 4956.584598268046 4956.584598268046 107.0 237.0 62.0 137.0 51.0 70.0
85.99476623535156 89.91217041015625 105.21379089355469 82.0 87.0 108.0 1674.3311204761267 1674.3311204761267 1674.3311204761267 58.0 105.0 59.0 111.0 69.0 140.0
86.63697814941406 135.78857421875 140.07565307617188 89.0 132.0 173.0 5107.124521729821 5107.124521729821 5107.124521729821 38.0 127.0 85.0 197.0 59.0 219.0
73.98869323730469 148.03981018066406 184.84384155273438 48.0 146.0 189.0 5023.044938893679 5023.044938893679 5023.044938893679 11.0 142.0 109.0 190.0 165.0 223.0
144.78298950195312 149.09652709960938 149.31671142578125 141.0 149.0 153.0 3615.0667055046397 3615.0667055046397 3615.0667055046397 89.0 200.0 99.0 203.0 95.0 209.0
85.53866577148438 109.05711364746094 123.90113830566406 63.0 98.0 125.0 5069.519692954814 5069.519692954814 5069.519692954814 31.0 127.0 59.0 158.0 55.0 185.0
130.01963806152344 72.72122192382812 70.48902893066406 125.0 63.0 60.0 3387.0835444023833 3387.0835444023833 3387.0835444023833 81.0 180.0 30.0 108.0 35.0 104.0
137.50291442871094 94.86517333984375 64.92001342773438 145.0 93.0 66.0 2299.146554499839 2299.146554499839 2299.146554499839 108.0 179.0 78.0 118.0 54.0 78.0
105.112060546875 100.11268615722656 106.86029052734375 98.0 102.0 124.0 662.2098339292894 662.2098339292894 662.2098339292894 94.0 118.0 91.0 105.0 63.0 133.0
148.0595703125 79.52230834960938 58.51641845703125 139.0 86.0 61.0 3304.1229600185106 3304.1229600185106 3304.1229600185106 111.0 208.0 72.0 95.0 54.0 66.0
121.93705749511719 110.74139404296875 101.61888122558594 115.0 98.0 85.0 4328.463250348861 4328.463250348861 4328.463250348861 56.0 191.0 58.0 168.0 49.0 156.0
149.2213592529297 145.2990264892578 137.78990173339844 150.0 148.0 151.0 2032.409697306627 2032.409697306627 2032.409697306627 118.0 182.0 125.0 169.0 106.0 171.0
89.91902160644531 75.60575866699219 41.97434997558594 82.0 72.0 26.0 3933.1108024604364 3933.1108024604364 3933.1108024604364 15.0 143.0 12.0 119.0 7.0 70.0
106.29936218261719 105.33906555175781 119.13491821289062 101.0 103.0 115.0 5430.429499784174 5430.429499784174 5430.429499784174 38.0 165.0 40.0 159.0 64.0 171.0
88.0396728515625 109.10665893554688 123.87908935546875 87.5 111.0 128.0 626.663797418173 626.663797418173 626.663797418173 79.0 95.0 102.0 114.0 106.0 147.0
112.30667114257812 99.64498901367188 104.13020324707031 104.0 86.0 89.0 2453.4427419074864 2453.4427419074864 2453.4427419074864 83.0 145.0 64.0 138.0 67.0 142.0
118.801025390625 113.43072509765625 145.14157104492188 116.0 120.0 164.0 4806.504927428129 4806.504927428129 4806.504927428129 75.0 164.0 79.0 147.0 107.0 199.0
85.94815063476562 158.23435974121094 154.3991241455078 63.0 172.0 154.0 5545.37589731057 5545.37589731057 5545.37589731057 22.0 127.0 105.0 211.0 115.0 197.0
204.13418579101562 113.09500122070312 53.67915344238281 253.0 116.0 57.0 6057.614458552227 6057.614458552227 6057.614458552227 132.0 255.0 77.0 139.0 50.0 62.0
137.6499786376953 142.69345092773438 155.7457275390625 137.0 140.0 152.0 1042.0259332530356 1042.0259332530356 1042.0259332530356 121.0 154.0 123.0 165.0 133.0 186.0
121.02244567871094 111.95866394042969 147.0447540283203 121.0 112.0 144.0 2422.5955152064303 2422.5955152064303 2422.5955152064303 81.0 162.0 79.0 148.0 113.0 171.0
138.31544494628906 147.6247100830078 164.43618774414062 135.0 142.0 154.0 1214.011616824402 1214.011616824402 1214.011616824402 115.0 168.0 130.0 172.0 144.0 193.0
106.37199401855469 127.70315551757812 148.1886749267578 113.0 124.0 141.0 1501.0288161808205 1501.0288161808205 1501.0288161808205 78.0 133.0 105.0 155.0 119.0 184.0
116.90730285644531 132.70059204101562 164.29774475097656 108.0 120.0 140.0 2903.570238707793 2903.570238707793 2903.570238707793 80.0 148.0 100.0 172.0 119.0 236.0
93.01406860351562 131.9872589111328 155.99497985839844 81.0 118.0 148.0 3925.2993555812996 3925.2993555812996 3925.2993555812996 41.0 144.0 83.0 184.0 111.0 207.0
128.5812530517578 134.27947998046875 133.90240478515625 143.0 143.0 140.0 4227.908054247266 4227.908054247266 4227.908054247266 67.0 179.0 73.0 192.0 75.0 198.0
122.41488647460938 154.3250274658203 179.31459045410156 114.0 144.0 168.0 3338.8267369762902 3338.8267369762902 3338.8267369762902 78.0 172.0 126.0 189.0 146.0 242.0
101.93673706054688 140.45538330078125 170.384765625 115.0 156.0 186.0 2733.4965678353074 2733.4965678353074 2733.4965678353074 62.0 141.0 100.0 175.0 132.0 208.0
99.25839233398438 127.64356994628906 144.22805786132812 94.0 126.0 149.0 2845.604385542761 2845.604385542761 2845.604385542761 71.0 111.0 97.0 144.0 110.0 173.0
87.59782409667969 107.23869323730469 118.87257385253906 73.0 98.0 131.0 2138.8014167335873 2138.8014167335873 2138.8014167335873 60.0 117.0 90.0 121.0 68.0 146.0
130.81651306152344 122.69502258300781 127.51889038085938 117.0 109.0 121.0 3387.5850513551595 3387.5850513551595 3387.5850513551595 89.0 191.0 81.0 186.0 91.0 184.0
172.15684509277344 197.49330139160156 209.65301513671875 170.0 194.0 216.0 783.3016269004179 783.3016269004179 783.3016269004179 142.0 199.0 185.0 211.0 196.0 221.0
104.70893859863281 125.85592651367188 142.27784729003906 95.0 123.0 154.0 5487.471080660406 5487.471080660406 5487.471080660406 54.0 159.0 62.0 183.0 75.0 208.0
155.11024475097656 169.6639862060547 184.7542266845703 152.0 161.0 191.0 1883.4769472359524 1883.4769472359524 1883.4769472359524 130.0 177.0 146.0 197.0 161.0 229.0
110.26751708984375 100.77015686035156 73.214111328125 98.0 99.0 79.0 3999.858365022655 3999.858365022655 3999.858365022655 34.0 177.0 44.0 148.0 43.0 97.0
158.2678680419922 155.15496826171875 168.60691833496094 146.0 147.0 165.0 1579.5953131416397 1579.5953131416397 1579.5953131416397 132.0 193.0 128.0 191.0 134.0 208.0
160.294677734375 151.74607849121094 147.897705078125 168.0 160.0 152.0 1632.8856181071606 1632.8856181071606 1632.8856181071606 145.0 187.0 146.0 173.0 132.0 183.0
138.62562561035156 103.35910034179688 114.92256164550781 140.0 99.0 108.0 7996.943757255457 7996.943757255457 7996.943757255457 20.0 246.0 16.0 157.0 17.0 174.0
83.0595703125 100.33299255371094 113.972412109375 77.0 104.0 138.0 2017.7155713629134 2017.7155713629134 2017.7155713629134 54.0 101.0 64.0 129.0 62.0 153.0
145.6873016357422 120.3648681640625 137.55517578125 129.0 106.0 123.0 1952.5598260224021 1952.5598260224021 1952.5598260224021 114.0 176.0 91.0 145.0 106.0 166.0
78.17118835449219 93.73863220214844 111.80390930175781 64.0 83.0 98.0 4049.0944829065506 4049.0944829065506 4049.0944829065506 36.0 121.0 40.0 153.0 48.0 181.0
107.73516845703125 122.3350830078125 173.82521057128906 109.0 136.0 191.0 2737.7395304538463 2737.7395304538463 2737.7395304538463 80.0 140.0 86.75 161.0 132.0 222.0
144.7451629638672 87.13212585449219 14.729812622070312 134.0 66.0 7.0 7414.857449434053 7414.857449434053 7414.857449434053 62.0 246.0 18.0 130.0 2.0 23.0
98.69178771972656 105.70880126953125 112.16447448730469 94.0 100.0 100.0 2326.516772069866 2326.516772069866 2326.516772069866 76.0 121.0 74.0 130.0 66.0 166.0
63.98553466796875 92.53207397460938 121.97590637207031 41.0 85.0 134.0 4460.417190965238 4460.417190965238 4460.417190965238 20.0 93.0 39.0 133.0 47.0 176.0
116.81982421875 105.57293701171875 118.91505432128906 107.0 107.0 127.0 1732.5444462023831 1732.5444462023831 1732.5444462023831 80.0 150.0 85.0 129.0 101.0 141.0
54.72456359863281 76.072265625 90.34385681152344 40.0 67.0 92.0 3008.5659737053015 3008.5659737053015 3008.5659737053015 9.0 80.0 38.0 104.0 48.0 126.0
100.29295349121094 87.03001403808594 67.39324951171875 84.0 76.0 65.0 1292.1524492128647 1292.1524492128647 1292.1524492128647 69.0 111.0 69.0 93.0 59.0 71.0
48.96400451660156 46.42588806152344 60.017547607421875 41.0 44.0 63.0 2154.7588170914805 2154.7588170914805 2154.7588170914805 3.0 78.0 3.0 75.0 13.0 93.0
107.85321044921875 118.20106506347656 132.48736572265625 113.0 120.0 131.0 4254.368439332866 4254.368439332866 4254.368439332866 15.0 200.0 65.0 174.0 104.0 163.0
141.029541015625 167.2127227783203 172.4254608154297 172.0 199.0 200.0 4757.99301210377 4757.99301210377 4757.99301210377 77.0 193.0 103.0 225.0 112.0 238.0
125.62054443359375 149.80320739746094 185.51768493652344 122.0 156.0 214.0 1969.399490753706 1969.399490753706 1969.399490753706 112.0 139.0 126.0 175.0 128.0 221.0
66.00579833984375 110.13754272460938 145.42861938476562 47.0 101.0 161.0 4679.307991255903 4679.307991255903 4679.307991255903 28.0 89.0 67.0 153.0 74.0 205.0
99.19937133789062 143.05252075195312 145.74960327148438 99.0 152.0 154.0 2852.7741866276288 2852.7741866276288 2852.7741866276288 64.0 126.0 93.0 182.0 96.0 197.0
119.33111572265625 136.7753143310547 143.4906005859375 129.0 150.0 169.0 5105.466656124814 5105.466656124814 5105.466656124814 53.0 173.0 68.0 196.0 64.0 219.0
112.24365234375 114.93182373046875 127.41082763671875 121.0 123.0 135.0 2167.830966298779 2167.830966298779 2167.830966298779 82.0 141.0 88.0 147.0 104.0 162.0
157.88290405273438 124.71199035644531 108.11070251464844 113.0 93.0 101.0 4008.4373673961186 4008.4373673961186 4008.4373673961186 80.0 253.0 79.0 182.0 91.0 128.0
231.8245849609375 186.57781982421875 78.10688781738281 253.0 195.0 72.0 6427.502706469735 6427.502706469735 6427.502706469735 232.0 255.0 144.0 242.0 56.0 99.0
96.84669494628906 124.58216857910156 153.05865478515625 79.0 127.0 148.0 6078.904757673438 6078.904757673438 6078.904757673438 15.0 171.0 58.0 183.0 105.0 215.0
172.85745239257812 153.46054077148438 147.19924926757812 176.0 162.0 160.0 1616.6752972345178 1616.6752972345178 1616.6752972345178 143.0 202.0 125.0 183.0 114.0 181.0
189.3594207763672 190.47755432128906 197.3017578125 217.0 220.0 234.0 3153.2725874843695 3153.2725874843695 3153.2725874843695 154.0 235.0 155.0 234.0 159.0 239.0
103.86294555664062 125.51115417480469 147.52532958984375 98.0 131.0 164.0 2825.7626785933717 2825.7626785933717 2825.7626785933717 74.0 126.0 93.0 157.0 120.0 186.0
75.51582336425781 108.782958984375 159.69009399414062 66.0 89.0 174.0 5028.226953957204 5028.226953957204 5028.226953957204 11.0 119.0 71.0 147.0 137.0 214.0
121.57937622070312 77.38742065429688 12.326156616210938 119.0 81.0 5.0 3632.949460493168 3632.949460493168 3632.949460493168 84.0 148.0 66.0 90.0 1.0 16.0
161.34559631347656 114.75563049316406 71.98371887207031 197.0 144.0 75.0 5214.740027715736 5214.740027715736 5214.740027715736 100.0 222.0 60.0 161.0 50.0 107.0
132.9652557373047 140.567626953125 133.43017578125 123.0 139.0 133.0 2417.219298578152 2417.219298578152 2417.219298578152 108.0 152.0 106.0 169.0 85.0 177.0
134.90972900390625 149.42578125 144.813720703125 133.0 150.0 150.0 2444.5292841953537 2444.5292841953537 2444.5292841953537 101.0 151.0 115.0 164.0 105.0 171.0
95.33673095703125 168.7285614013672 165.01785278320312 91.0 190.0 158.0 5274.08214304966 5274.08214304966 5274.08214304966 35.0 150.0 121.0 216.0 121.0 239.0
151.6215362548828 117.21702575683594 95.5772705078125 143.0 102.0 95.0 2392.5617128705812 2392.5617128705812 2392.5617128705812 118.0 193.0 89.0 146.0 84.0 102.0
104.3101806640625 94.86056518554688 94.26107788085938 99.0 91.0 89.0 3037.079181905836 3037.079181905836 3037.079181905836 52.0 155.0 55.0 137.0 65.0 130.0
92.86953735351562 128.5861053466797 152.2332763671875 94.0 136.0 161.0 2413.186637018885 2413.186637018885 2413.186637018885 71.0 110.0 110.0 150.0 124.0 189.0
143.0934600830078 113.59384155273438 105.69076538085938 153.0 106.0 99.0 5544.248999080283 5544.248999080283 5544.248999080283 59.0 226.0 50.0 168.0 56.0 136.0
94.69509887695312 90.78289794921875 68.95785522460938 93.0 84.0 62.0 4312.463559166838 4312.463559166838 4312.463559166838 22.0 144.0 28.0 136.0 14.0 105.0
103.5506591796875 127.73576354980469 154.71987915039062 117.0 138.0 164.0 2110.796865501105 2110.796865501105 2110.796865501105 74.0 137.0 103.0 157.0 124.0 194.0
63.977996826171875 119.69183349609375 139.47073364257812 60.0 114.0 134.0 1693.184704462273 1693.184704462273 1693.184704462273 45.0 87.0 94.0 148.0 119.0 166.0
94.90509033203125 99.46807861328125 56.80607604980469 79.0 79.0 41.0 3673.111181316872 3673.111181316872 3673.111181316872 46.0 138.0 48.75 149.0 22.0 79.0
115.01138305664062 40.21424865722656 32.72065734863281 107.0 39.0 32.0 3027.789209895663 3027.789209895663 3027.789209895663 66.0 156.0 12.0 62.0 19.0 45.0
126.26715087890625 142.59124755859375 173.14755249023438 122.0 133.0 155.0 2005.0433038993635 2005.0433038993635 2005.0433038993635 100.0 151.0 108.0 179.0 122.0 227.0
125.90779113769531 123.30604553222656 125.00039672851562 122.0 128.0 138.0 2896.264333365692 2896.264333365692 2896.264333365692 90.0 166.0 72.0 168.0 69.0 171.0
87.86347961425781 130.2364044189453 119.65119934082031 79.0 138.0 145.0 5895.490299518297 5895.490299518297 5895.490299518297 46.0 133.0 71.0 196.0 17.0 211.0
122.98361206054688 154.5105743408203 179.57284545898438 137.0 154.0 172.0 3079.866510228539 3079.866510228539 3079.866510228539 80.0 168.0 122.0 192.0 141.0 232.0
105.46096801757812 126.27293395996094 195.54385375976562 118.0 141.0 224.0 4826.254297913129 4826.254297913129 4826.254297913129 70.0 144.0 104.0 160.0 179.0 248.0
119.90480041503906 101.13662719726562 54.668487548828125 103.0 93.0 51.0 3700.605421612427 3700.605421612427 3700.605421612427 69.0 159.25 64.0 121.0 35.0 76.0
95.48336791992188 57.74934387207031 44.32667541503906 94.0 54.0 43.0 1496.2836962636147 1496.2836962636147 1496.2836962636147 63.0 125.0 41.0 71.0 34.0 53.0
60.3970947265625 76.13731384277344 132.7886505126953 44.0 59.0 145.0 4002.154303984096 4002.154303984096 4002.154303984096 27.0 56.0 50.0 88.0 93.0 164.0
87.64852905273438 100.83103942871094 126.67953491210938 59.0 85.0 132.0 5088.975677539257 5088.975677539257 5088.975677539257 43.0 128.0 61.0 148.0 46.0 221.0
124.5941162109375 105.75285339355469 106.98429870605469 98.0 85.0 92.0 3245.918854039473 3245.918854039473 3245.918854039473 66.0 172.0 64.0 132.0 68.0 144.0
144.73728942871094 159.5517578125 177.61892700195312 141.0 165.0 189.0 1937.041168200447 1937.041168200447 1937.041168200447 107.0 180.0 119.0 196.0 136.0 215.0
137.87937927246094 148.74745178222656 166.24871826171875 137.0 144.0 161.0 694.0376060998274 694.0376060998274 694.0376060998274 125.0 153.0 135.0 167.0 149.0 188.0
110.7041015625 82.8758544921875 57.856719970703125 117.0 73.0 47.0 4279.71321479883 4279.71321479883 4279.71321479883 43.0 176.0 25.0 140.0 22.0 84.0
165.84349060058594 166.8272247314453 176.7000274658203 175.0 183.0 209.0 3690.741551822646 3690.741551822646 3690.741551822646 93.0 224.0 99.0 215.0 102.0 226.0
136.45677185058594 147.88021850585938 162.4335479736328 134.0 156.0 170.0 2383.800444463785 2383.800444463785 2383.800444463785 98.0 184.0 115.0 185.0 155.0 186.0
95.73226928710938 110.876220703125 128.79200744628906 98.0 120.0 140.0 2449.9191676564255 2449.9191676564255 2449.9191676564255 61.0 125.0 84.0 140.0 108.0 159.0
123.47401428222656 107.676025390625 107.24325561523438 101.0 98.0 101.0 3977.5398861591766 3977.5398861591766 3977.5398861591766 65.0 183.0 61.0 140.0 70.0 143.0
118.18283081054688 170.1324462890625 181.27833557128906 104.0 172.0 197.0 4123.662264821818 4123.662264821818 4123.662264821818 66.0 174.0 136.0 217.0 143.0 227.0
110.28277587890625 116.89686584472656 140.04039001464844 119.0 120.0 141.0 1701.275643484046 1701.275643484046 1701.275643484046 67.0 148.0 81.0 150.0 106.0 172.0
111.6611328125 149.96261596679688 164.12718200683594 64.0 147.0 179.0 8250.870146761104 8250.870146761104 8250.870146761104 23.0 244.0 69.0 253.0 110.0 242.0
85.81822204589844 89.04220581054688 89.53315734863281 80.0 69.0 67.0 3821.9320269490904 3821.9320269490904 3821.9320269490904 30.0 132.0 42.0 119.0 49.0 108.0
116.4451904296875 144.2554473876953 153.82962036132812 64.0 142.0 159.0 5942.848615854953 5942.848615854953 5942.848615854953 22.0 238.0 81.0 215.0 119.0 192.0
125.76487731933594 62.45021057128906 26.696807861328125 105.0 54.0 19.0 4279.7518094992265 4279.7518094992265 4279.7518094992265 66.0 181.0 20.0 94.0 5.0 48.0
104.23001098632812 109.08293151855469 123.28340148925781 91.0 88.0 97.0 2810.7381654256537 2810.7381654256537 2810.7381654256537 57.0 144.0 75.0 139.0 75.0 181.0
138.68179321289062 162.56097412109375 177.1331024169922 137.0 168.0 195.0 1972.7994964606798 1972.7994964606798 1972.7994964606798 107.0 190.0 133.0 183.0 153.0 199.0
78.23440551757812 87.197509765625 106.23851013183594 50.0 64.0 91.0 4091.9191462513213 4091.9191462513213 4091.9191462513213 27.0 126.0 40.0 120.0 68.0 123.0
141.65347290039062 84.13998413085938 28.119827270507812 142.0 75.0 24.0 3783.922804420787 3783.922804420787 3783.922804420787 108.0 176.0 54.0 104.0 18.0 33.0
72.27752685546875 65.90913391113281 61.52784729003906 71.0 60.0 55.0 2035.648105953199 2035.648105953199 2035.648105953199 24.0 115.0 26.0 93.0 35.0 68.0
97.96961975097656 120.66046142578125 145.09288024902344 104.0 129.0 177.0 3756.4201763367487 3756.4201763367487 3756.4201763367487 76.0 121.0 95.0 153.0 83.0 213.0
186.9603729248047 191.02745056152344 197.2852783203125 196.0 203.0 210.0 3077.331275132692 3077.331275132692 3077.331275132692 132.0 247.0 139.0 247.0 152.0 247.0
102.09690856933594 110.63404846191406 108.99568176269531 89.0 103.0 101.0 5692.880068857816 5692.880068857816 5692.880068857816 38.0 161.0 43.0 177.0 27.0 187.0
41.63850402832031 69.69451904296875 88.75956726074219 20.0 53.0 81.0 3144.42450317699 3144.42450317699 3144.42450317699 13.0 49.0 31.0 95.0 43.0 128.0
134.75196838378906 79.24102783203125 44.827972412109375 150.0 82.0 45.0 5807.25912208542 5807.25912208542 5807.25912208542 20.0 223.0 7.0 122.0 4.0 72.0
128.68734741210938 139.1039276123047 152.84634399414062 128.0 143.0 160.0 2395.0498433669563 2395.0498433669563 2395.0498433669563 98.0 157.0 106.0 172.0 119.0 190.0
119.51564025878906 129.20433044433594 127.38641357421875 134.0 140.0 138.0 775.8820059692695 775.8820059692695 775.8820059692695 88.0 148.0 103.0 153.0 107.0 146.0
138.27020263671875 109.86444091796875 106.65391540527344 139.0 106.0 100.0 2743.0378062973164 2743.0378062973164 2743.0378062973164 105.0 170.0 91.0 121.0 82.0 127.0
134.33274841308594 93.34555053710938 47.56321716308594 129.0 93.0 46.0 2344.863334287786 2344.863334287786 2344.863334287786 99.0 150.0 78.0 109.0 39.0 61.0
87.66365051269531 114.7655029296875 128.74295043945312 71.0 106.0 117.0 3460.390285645068 3460.390285645068 3460.390285645068 31.0 124.0 69.0 153.0 90.0 165.0
96.31986999511719 153.50787353515625 182.19944763183594 87.0 158.0 208.0 2739.965046429696 2739.965046429696 2739.965046429696 65.0 118.0 131.0 176.0 148.0 216.0
99.05061340332031 100.51573181152344 121.31648254394531 91.0 86.0 99.0 2507.032689809774 2507.032689809774 2507.032689809774 71.0 114.0 71.0 122.0 78.0 173.0
122.34809875488281 158.92111206054688 190.27755737304688 137.0 172.0 204.0 2799.5551056849204 2799.5551056849204 2799.5551056849204 83.0 160.0 127.0 191.0 163.0 218.0
54.20967102050781 86.10154724121094 146.76234436035156 45.0 88.0 189.0 4955.488237770249 4955.488237770249 4955.488237770249 27.0 63.0 47.0 112.0 62.0 208.0
87.50686645507812 84.55628967285156 69.74871826171875 52.0 64.0 71.0 2586.992519123247 2586.992519123247 2586.992519123247 35.0 140.0 46.0 119.0 50.0 87.0
125.63862609863281 113.10165405273438 109.62898254394531 118.0 105.0 104.0 1032.6790226284 1032.6790226284 1032.6790226284 86.0 166.0 97.0 134.0 91.0 127.0
80.54875183105469 59.04951477050781 66.96205139160156 59.0 66.0 71.0 1971.2087191483781 1971.2087191483781 1971.2087191483781 33.0 93.0 40.0 74.0 55.0 80.0
108.27459716796875 126.84432983398438 136.66668701171875 106.0 118.0 133.0 1524.2815956571656 1524.2815956571656 1524.2815956571656 85.0 119.0 107.0 138.0 113.0 144.0
78.49923706054688 103.61331176757812 125.25119018554688 73.0 101.0 127.0 3110.413647442953 3110.413647442953 3110.413647442953 44.0 106.0 75.0 134.0 87.0 170.0
156.7034149169922 95.3568115234375 68.4915771484375 148.0 92.0 65.0 4026.766076196994 4026.766076196994 4026.766076196994 102.0 225.0 67.0 115.0 33.0 94.0
84.68515014648438 103.35148620605469 114.7713623046875 61.0 92.0 115.0 3422.5292342242824 3422.5292342242824 3422.5292342242824 49.0 122.0 81.0 114.0 61.0 133.0
105.60185241699219 133.24813842773438 157.45741271972656 107.0 141.0 171.0 1914.117297783391 1914.117297783391 1914.117297783391 94.0 120.0 129.0 150.0 145.0 187.0
178.72097778320312 97.17527770996094 25.095458984375 198.0 77.0 17.0 7471.462769404029 7471.462769404029 7471.462769404029 109.0 252.0 56.0 110.0 9.0 24.0
114.56642150878906 137.50149536132812 142.35739135742188 110.0 139.0 148.0 3082.6187140295647 3082.6187140295647 3082.6187140295647 72.0 151.0 91.0 169.0 102.0 172.0
99.85031127929688 85.80754089355469 76.74540710449219 90.0 82.0 81.0 2071.423113782787 2071.423113782787 2071.423113782787 53.0 141.0 53.0 108.0 57.0 93.0
104.18232727050781 73.66737365722656 58.999176025390625 70.0 49.0 50.0 3762.214808616373 3762.214808616373 3762.214808616373 56.0 148.0 38.0 94.0 37.0 69.0
98.79299926757812 152.40643310546875 173.261962890625 89.0 157.0 178.0 3634.4631522793534 3634.4631522793534 3634.4631522793534 60.0 145.0 122.0 188.0 133.0 226.0
51.282501220703125 149.05250549316406 137.44921875 49.0 163.0 158.0 3529.461961080398 3529.461961080398 3529.461961080398 37.0 66.0 118.0 187.0 97.0 179.0
130.94740295410156 160.6336669921875 133.16001892089844 109.0 170.0 143.0 4915.948385952247 4915.948385952247 4915.948385952247 68.0 199.0 117.0 218.0 102.0 179.0
55.681732177734375 70.63290405273438 77.66842651367188 42.0 61.0 68.0 2483.5323777934536 2483.5323777934536 2483.5323777934536 12.0 76.0 38.0 94.0 47.0 104.0
134.0142822265625 78.84597778320312 64.05007934570312 177.0 66.0 65.0 3666.0048745965782 3666.0048745965782 3666.0048745965782 48.0 218.0 53.0 116.0 59.0 71.0
170.8669891357422 172.06390380859375 181.6391143798828 175.0 170.0 184.0 3603.5979967013827 3603.5979967013827 3603.5979967013827 134.0 229.0 144.0 219.0 157.0 229.0
81.09236145019531 123.89744567871094 142.57240295410156 74.0 122.0 158.0 3691.174367895323 3691.174367895323 3691.174367895323 53.0 106.0 97.0 157.0 81.0 212.0
130.70140075683594 111.83389282226562 58.80708312988281 122.0 98.0 50.0 6103.542802177267 6103.542802177267 6103.542802177267 48.0 214.0 40.0 177.0 13.0 92.0
134.10057067871094 99.3026123046875 43.53118896484375 116.0 87.0 49.0 4449.116286780037 4449.116286780037 4449.116286780037 80.0 188.0 70.0 112.0 24.0 65.0
106.24195861816406 130.7141876220703 151.15023803710938 96.0 126.0 157.0 4997.713396350128 4997.713396350128 4997.713396350128 58.0 160.0 70.0 185.0 84.0 210.0
78.80667114257812 105.83189392089844 122.89912414550781 57.0 90.0 126.0 3547.550247035817 3547.550247035817 3547.550247035817 44.0 83.0 77.0 108.0 86.0 133.0
86.49960327148438 138.58811950683594 168.76138305664062 62.0 134.0 192.0 5142.7100877678795 5142.7100877678795 5142.7100877678795 36.0 125.0 108.0 163.0 141.0 213.0
89.93890380859375 51.998748779296875 22.946945190429688 95.0 62.0 29.0 2478.0381575063025 2478.0381575063025 2478.0381575063025 35.0 124.0 10.0 72.0 3.0 36.0
107.60220336914062 101.42282104492188 126.40895080566406 108.0 101.0 128.0 1346.9075933003332 1346.9075933003332 1346.9075933003332 74.0 131.0 82.0 111.0 115.0 137.0
69.44369506835938 91.0164794921875 126.14427185058594 52.0 80.0 128.0 2787.298094116746 2787.298094116746 2787.298094116746 25.0 110.0 56.0 127.0 101.0 150.0
113.25907897949219 137.56393432617188 132.98609924316406 108.0 144.0 155.0 4898.035542802575 4898.035542802575 4898.035542802575 64.0 140.0 73.0 208.0 50.0 202.0
140.93125915527344 149.2877960205078 158.0728302001953 150.0 153.0 159.0 1892.8390901771427 1892.8390901771427 1892.8390901771427 92.0 195.0 115.0 188.0 148.0 171.0
112.81791687011719 119.21621704101562 115.51338195800781 119.0 124.0 118.0 1821.9653083556852 1821.9653083556852 1821.9653083556852 97.0 134.0 97.0 151.0 86.0 158.0
72.09407043457031 101.9344482421875 138.69725036621094 58.0 88.0 131.5 4009.3801329231096 4009.3801329231096 4009.3801329231096 34.0 94.0 66.0 138.0 79.0 207.0
160.26197814941406 87.55368041992188 62.85456848144531 204.0 106.0 66.0 4470.221674511416 4470.221674511416 4470.221674511416 103.0 224.0 61.0 118.0 47.0 90.0
102.13334655761719 127.88951110839844 142.92906188964844 76.0 134.0 141.0 6044.83339351827 6044.83339351827 6044.83339351827 13.0 198.0 64.0 194.0 105.0 184.0
127.33528137207031 128.19906616210938 139.35861206054688 121.0 122.0 133.0 1476.7261184888323 1476.7261184888323 1476.7261184888323 105.0 156.0 104.0 161.0 109.0 182.0
163.15858459472656 178.63058471679688 189.55032348632812 182.0 197.0 210.0 3491.5132202567897 3491.5132202567897 3491.5132202567897 133.0 208.0 155.0 218.0 168.0 228.0
64.60089111328125 89.4774169921875 114.91914367675781 46.0 73.0 98.0 1853.5185963515348 1853.5185963515348 1853.5185963515348 37.0 102.0 65.0 130.0 90.0 167.0
109.64144897460938 111.89892578125 126.67098999023438 111.0 113.0 135.0 338.59877552547385 338.59877552547385 338.59877552547385 101.0 114.0 108.0 116.0 118.0 143.0
125.15487670898438 142.6029510498047 146.63099670410156 131.0 156.0 170.0 5019.999477768007 5019.999477768007 5019.999477768007 72.0 167.0 91.0 188.0 77.0 204.0
166.23648071289062 173.5122528076172 171.74693298339844 187.0 198.0 193.0 2612.7113830045696 2612.7113830045696 2612.7113830045696 123.0 210.0 129.0 215.0 130.75 213.0
134.61111450195312 128.84483337402344 125.47911071777344 131.0 122.0 124.0 3956.370784521103 3956.370784521103 3956.370784521103 80.0 192.0 66.0 194.0 71.0 184.0
47.70533752441406 69.33348083496094 94.66842651367188 35.0 65.0 86.0 3562.3281032988384 3562.3281032988384 3562.3281032988384 13.0 71.0 22.0 111.0 30.0 160.0
57.286102294921875 101.57539367675781 143.29833984375 25.0 118.0 175.0 6607.097579481056 6607.097579481056 6607.097579481056 9.0 98.0 23.0 165.0 62.0 222.0
90.75846862792969 110.73602294921875 143.85157775878906 80.0 104.0 142.0 2867.0601181834936 2867.0601181834936 2867.0601181834936 40.0 130.0 79.0 134.0 119.0 169.0
163.4170379638672 175.76708984375 185.9467010498047 172.0 181.0 192.0 1676.5495304927852 1676.5495304927852 1676.5495304927852 122.0 207.0 139.0 216.0 163.0 214.0
117.62260437011719 123.8916015625 138.70289611816406 121.0 129.5 137.0 2198.8133461371895 2198.8133461371895 2198.8133461371895 85.0 143.0 88.0 156.0 95.0 182.0
67.56718444824219 83.57574462890625 187.84312438964844 72.0 90.0 204.0 4327.915973668194 4327.915973668194 4327.915973668194 57.0 87.0 74.0 98.0 181.0 217.0
133.41262817382812 129.2864227294922 117.85621643066406 136.0 130.0 115.0 3145.870418670174 3145.870418670174 3145.870418670174 73.0 217.0 91.0 184.0 88.0 146.0
122.66688537597656 136.53736877441406 145.1457061767578 141.0 163.0 176.0 6503.730103657865 6503.730103657865 6503.730103657865 24.0 191.0 37.0 205.0 42.0 217.0
85.37347412109375 137.53990173339844 193.56739807128906 73.0 136.0 212.0 3940.251315265481 3940.251315265481 3940.251315265481 58.0 104.0 115.0 154.0 156.0 238.0
139.7496337890625 161.65411376953125 178.5654754638672 140.0 169.0 199.0 5259.695354754699 5259.695354754699 5259.695354754699 64.0 218.0 91.0 240.0 111.0 252.0
122.8887939453125 137.28530883789062 147.63897705078125 123.0 131.0 138.0 1945.6228472018202 1945.6228472018202 1945.6228472018202 92.0 146.0 103.0 175.0 112.0 191.0
75.22314453125 109.81845092773438 131.37158203125 52.0 81.0 114.0 5328.236467115477 5328.236467115477 5328.236467115477 8.0 150.0 40.0 202.0 83.0 203.0
98.59078979492188 125.43771362304688 156.12200927734375 80.0 110.0 139.0 3442.4884225510887 3442.4884225510887 3442.4884225510887 56.0 146.0 84.0 177.0 105.0 227.0
121.87289428710938 95.50291442871094 71.94233703613281 124.0 96.0 72.0 1271.3822202234426 1271.3822202234426 1271.3822202234426 105.0 138.0 83.0 109.0 61.0 81.0
129.44082641601562 101.75914001464844 78.51133728027344 114.0 99.0 79.0 1132.729295291834 1132.729295291834 1132.729295291834 98.0 161.0 92.0 109.0 74.0 83.0
139.05078125 162.1240692138672 188.8700714111328 139.0 168.0 206.0 2197.056640201145 2197.056640201145 2197.056640201145 105.0 188.0 130.0 182.0 166.0 211.0
43.2083740234375 91.54771423339844 122.64111328125 39.0 92.0 138.0 2396.7789568528274 2396.7789568528274 2396.7789568528274 17.0 62.0 78.0 109.0 88.0 151.0
133.0692138671875 137.1421356201172 159.7036590576172 124.0 133.0 159.0 1593.4521291056235 1593.4521291056235 1593.4521291056235 107.0 150.0 111.0 158.0 123.0 185.0
65.82186889648438 92.98323059082031 135.7890625 61.0 89.0 132.0 1604.2562305473773 1604.2562305473773 1604.2562305473773 45.0 80.0 79.0 104.0 115.0 159.0
144.6968536376953 136.05445861816406 104.67864990234375 142.0 127.0 97.0 6288.425622772736 6288.425622772736 6288.425622772736 71.0 239.0 81.0 203.0 66.0 141.0
111.58851623535156 95.83914184570312 89.63893127441406 102.0 85.0 78.0 3350.431961744611 3350.431961744611 3350.431961744611 61.0 159.0 49.0 135.0 45.0 119.0
72.5440673828125 91.57720947265625 135.48023986816406 45.0 81.0 138.0 5619.967672745154 5619.967672745154 5619.967672745154 9.0 139.0 17.0 161.0 62.0 212.0
104.47157287597656 50.897064208984375 50.97105407714844 98.0 51.0 48.0 3279.1831322485173 3279.1831322485173 3279.1831322485173 48.0 160.0 15.0 79.0 27.0 82.0
79.82388305664062 47.16082763671875 63.30908203125 61.0 49.0 70.0 1965.0230565641284 1965.0230565641284 1965.0230565641284 44.0 89.0 27.0 57.0 53.0 81.0
154.43096923828125 128.46884155273438 146.23390197753906 138.0 113.0 132.0 2180.610821660375 2180.610821660375 2180.610821660375 116.0 190.0 93.0 159.0 107.0 180.0
121.30485534667969 167.81451416015625 228.83148193359375 122.0 173.0 247.0 3232.1697365527507 3232.1697365527507 3232.1697365527507 108.0 135.0 158.0 183.0 234.0 254.0
145.04000854492188 147.16677856445312 147.96096801757812 175.0 170.0 163.0 3318.2732810128687 3318.2732810128687 3318.2732810128687 93.0 192.0 110.0 185.0 118.0 183.0
94.66409301757812 93.27168273925781 78.19737243652344 73.0 74.0 70.0 4245.346184876954 4245.346184876954 4245.346184876954 34.0 141.0 38.0 129.0 39.0 112.0
94.42842102050781 105.7603759765625 123.61184692382812 97.0 114.0 106.0 1944.3934367079444 1944.3934367079444 1944.3934367079444 54.0 127.0 77.0 124.0 87.0 171.0
111.13003540039062 120.93571472167969 130.8240509033203 110.0 128.0 147.0 2155.1538020545204 2155.1538020545204 2155.1538020545204 76.0 142.0 78.0 156.0 90.0 171.0
150.08828735351562 113.34053039550781 78.57234191894531 149.0 96.0 62.0 5342.085733900053 5342.085733900053 5342.085733900053 73.0 234.0 47.0 180.0 41.0 114.0
102.45185852050781 119.52822875976562 139.01602172851562 96.0 117.0 137.0 1977.4530911047993 1977.4530911047993 1977.4530911047993 71.0 142.0 90.0 159.0 111.0 182.0
114.59950256347656 115.01976013183594 117.96675109863281 85.0 90.0 103.0 6687.519841749817 6687.519841749817 6687.519841749817 36.0 201.0 39.0 194.0 56.0 177.0
57.59117126464844 92.20745849609375 129.9662322998047 51.0 88.0 102.0 4202.645640944337 4202.645640944337 4202.645640944337 32.0 77.0 63.0 120.0 67.0 220.0
63.07960510253906 109.91773986816406 131.67652893066406 68.0 110.0 137.0 2575.310697270532 2575.310697270532 2575.310697270532 32.0 92.0 89.0 133.0 96.0 174.0
145.10922241210938 135.51502990722656 143.9377899169922 149.0 136.0 147.0 4928.103443970179 4928.103443970179 4928.103443970179 89.0 208.0 75.0 206.0 93.0 209.0
101.83990478515625 90.32220458984375 65.03439331054688 54.0 59.0 58.0 3996.5752994764807 3996.5752994764807 3996.5752994764807 40.0 167.0 43.0 128.0 35.0 86.0
69.16159057617188 103.59649658203125 156.0515594482422 62.0 101.0 152.0 2263.600064326673 2263.600064326673 2263.600064326673 46.0 94.0 85.0 119.0 138.0 176.0
135.68771362304688 98.48786926269531 30.612411499023438 118.0 84.0 29.0 5542.054115115665 5542.054115115665 5542.054115115665 68.0 213.0 53.0 125.0 12.0 42.0
93.74446105957031 99.98175048828125 109.01345825195312 93.0 98.0 114.0 3464.102684031939 3464.102684031939 3464.102684031939 51.0 131.0 49.0 146.0 50.0 164.0
72.67521667480469 117.62921142578125 153.0633087158203 31.0 87.0 141.0 5930.315327186964 5930.315327186964 5930.315327186964 21.0 157.0 76.0 201.0 105.0 247.0
124.47821044921875 148.3504638671875 158.3607635498047 127.0 160.0 179.0 3081.27114042306 3081.27114042306 3081.27114042306 95.0 161.0 109.0 198.0 119.0 211.0
155.86203002929688 166.6775665283203 172.95387268066406 169.0 185.0 203.0 4023.1847961507738 4023.1847961507738 4023.1847961507738 97.0 216.0 123.0 215.0 133.0 230.0
105.09808349609375 131.0171356201172 161.6269989013672 81.0 111.0 139.0 3243.1037309963463 3243.1037309963463 3243.1037309963463 60.0 157.0 89.0 184.0 116.0 224.0
152.2483367919922 145.37109375 144.1851348876953 165.0 156.0 153.0 2878.273360992471 2878.273360992471 2878.273360992471 101.0 202.0 97.0 195.0 99.0 194.0
136.2113800048828 126.14338684082031 116.93275451660156 102.0 102.0 116.0 3949.525236740062 3949.525236740062 3949.525236740062 75.0 214.0 72.0 182.0 77.0 150.0
47.55934143066406 86.06623840332031 115.78207397460938 19.0 73.0 106.0 4752.7030828193665 4752.7030828193665 4752.7030828193665 13.0 43.0 46.0 90.0 81.0 125.0
210.01239013671875 134.7340087890625 65.68612670898438 218.0 131.0 57.0 4948.631262255109 4948.631262255109 4948.631262255109 193.0 240.0 107.0 162.0 43.0 84.0
179.96055603027344 123.58566284179688 85.13455200195312 199.0 124.0 81.0 4107.857605671277 4107.857605671277 4107.857605671277 136.0 231.0 85.0 158.0 62.0 103.0
105.00010681152344 145.7700653076172 197.48829650878906 100.0 148.0 236.0 4972.078763834484 4972.078763834484 4972.078763834484 70.0 140.0 106.0 186.0 150.0 254.0
62.47511291503906 119.4923095703125 164.67990112304688 32.0 109.0 168.0 4016.6055087459313 4016.6055087459313 4016.6055087459313 8.0 135.0 89.0 169.0 152.0 195.0
112.51676940917969 116.58889770507812 109.7222900390625 111.0 104.0 100.0 2982.8239665000133 2982.8239665000133 2982.8239665000133 60.0 157.0 73.0 161.0 61.0 168.0
154.0347900390625 114.36225891113281 82.81922912597656 183.0 109.0 63.0 7056.5359810291675 7056.5359810291675 7056.5359810291675 55.0 234.0 32.0 174.0 26.0 109.0
112.34806823730469 95.86325073242188 105.69354248046875 98.0 93.0 108.0 744.4130008462557 744.4130008462557 744.4130008462557 87.0 132.0 86.0 104.0 99.0 114.0
135.25001525878906 150.07786560058594 162.86703491210938 166.0 179.0 199.0 3589.0057104253724 3589.0057104253724 3589.0057104253724 80.0 183.0 97.0 203.0 117.0 216.0
100.78030395507812 124.32597351074219 163.32667541503906 94.0 125.0 170.0 2013.6476430171685 2013.6476430171685 2013.6476430171685 81.0 117.0 97.0 149.0 115.0 209.0
158.14833068847656 153.59588623046875 154.94668579101562 179.0 175.0 176.0 6600.6496677249415 6600.6496677249415 6600.6496677249415 90.0 233.0 88.0 226.0 96.0 230.0
64.44720458984375 91.43609619140625 123.9158935546875 53.5 90.0 133.0 3401.9287268701532 3401.9287268701532 3401.9287268701532 29.0 95.0 57.0 131.0 84.0 180.0
168.94178771972656 162.25161743164062 146.3730010986328 179.0 163.0 143.0 2661.5740237765845 2661.5740237765845 2661.5740237765845 147.0 202.0 142.0 196.0 107.0 206.0
112.69140625 146.6356201171875 144.669921875 95.0 145.0 165.0 5572.331426645319 5572.331426645319 5572.331426645319 42.0 183.0 92.0 199.0 86.0 206.0
137.94203186035156 148.66854858398438 159.8611602783203 131.0 156.0 185.0 2860.7887160641453 2860.7887160641453 2860.7887160641453 110.0 171.0 113.0 188.0 104.0 221.0
67.43756103515625 42.88214111328125 59.720245361328125 57.0 41.0 59.0 1182.001623225605 1182.001623225605 1182.001623225605 37.0 87.0 22.0 55.0 38.0 73.0
141.0541534423828 160.6893768310547 164.46136474609375 135.0 165.0 176.0 3867.8646624580847 3867.8646624580847 3867.8646624580847 87.0 209.0 107.0 224.0 107.0 226.0
105.66796875 112.080810546875 130.5297393798828 111.0 124.0 157.0 5573.367159014542 5573.367159014542 5573.367159014542 33.0 153.0 42.0 159.0 54.0 191.0
124.53782653808594 159.33578491210938 184.1141815185547 111.0 145.0 169.0 3369.8930701944555 3369.8930701944555 3369.8930701944555 76.0 193.0 127.0 204.0 148.0 248.0
107.68667602539062 111.47195434570312 117.88223266601562 110.0 117.0 128.0 1183.7362612724926 1183.7362612724926 1183.7362612724926 89.0 127.0 91.0 133.0 97.0 139.0
174.4859161376953 188.28955078125 202.26368713378906 194.0 209.0 223.0 1864.586692862109 1864.586692862109 1864.586692862109 138.0 209.0 154.0 223.0 171.0 236.0
127.04327392578125 123.82403564453125 126.45687866210938 128.0 129.0 129.0 3325.2205442586496 3325.2205442586496 3325.2205442586496 74.0 163.0 78.0 151.0 89.0 150.0
74.53691101074219 132.9694366455078 134.62135314941406 66.0 144.0 168.0 4497.086429633175 4497.086429633175 4497.086429633175 43.0 94.0 93.0 178.0 55.0 208.0
65.63442993164062 64.70365905761719 79.92198181152344 67.0 73.0 88.0 2726.1963218744436 2726.1963218744436 2726.1963218744436 9.0 90.0 12.0 98.0 20.0 126.0
85.20188903808594 100.90303039550781 105.68402099609375 76.0 88.0 98.0 1133.4652652723923 1133.4652652723923 1133.4652652723923 55.0 112.0 78.0 127.0 87.0 124.0
89.35643005371094 146.73855590820312 179.9300994873047 68.0 147.0 176.0 3734.7210740144897 3734.7210740144897 3734.7210740144897 33.0 151.0 110.0 190.0 168.0 198.0
180.5201416015625 103.822265625 34.96565246582031 224.0 111.0 35.0 5576.875158662365 5576.875158662365 5576.875158662365 112.0 229.0 67.0 129.0 28.0 40.0
160.0052490234375 66.66493225097656 34.123260498046875 160.0 63.0 30.0 4156.880345359418 4156.880345359418 4156.880345359418 135.0 188.0 46.0 84.0 17.0 45.0
92.13453674316406 138.1326446533203 188.9823760986328 111.0 143.0 185.0 3156.485323566296 3156.485323566296 3156.485323566296 43.0 136.0 123.0 153.0 161.0 225.0
146.74337768554688 122.17828369140625 113.98628234863281 148.0 130.0 111.0 5116.998649808243 5116.998649808243 5116.998649808243 72.0 226.0 57.0 173.0 58.0 167.0
161.2187042236328 107.93988037109375 86.3800048828125 187.0 127.0 96.0 3439.110776108146 3439.110776108146 3439.110776108146 104.0 212.0 66.0 149.0 57.0 115.0
55.000335693359375 111.02838134765625 155.8959503173828 36.0 119.0 179.0 4643.7740835956965 4643.7740835956965 4643.7740835956965 5.0 96.0 80.0 144.0 153.0 191.0
112.50117492675781 118.81443786621094 141.8428192138672 138.0 139.0 158.0 1673.2600368931635 1673.2600368931635 1673.2600368931635 69.0 148.0 82.0 150.0 107.0 172.0
94.00439453125 38.33445739746094 38.29066467285156 74.0 25.0 33.0 3081.0420611285504 3081.0420611285504 3081.0420611285504 39.0 137.0 12.0 46.0 18.0 57.0
150.4831085205078 83.322998046875 8.418426513671875 151.0 70.0 2.0 6929.223085184244 6929.223085184244 6929.223085184244 63.0 240.0 35.0 117.0 0.0 10.0
207.03196716308594 207.34686279296875 214.17694091796875 220.0 219.0 231.0 1256.4954836653908 1256.4954836653908 1256.4954836653908 175.0 236.0 177.0 235.0 175.0 251.0
41.2562255859375 103.54306030273438 151.43637084960938 32.0 103.0 152.0 3209.394498218679 3209.394498218679 3209.394498218679 9.0 70.0 82.0 127.0 124.0 183.0
151.29940795898438 166.8434295654297 182.69749450683594 165.0 183.0 205.0 2988.800166209539 2988.800166209539 2988.800166209539 134.0 180.0 153.0 200.0 167.0 223.0
77.26303100585938 95.7015380859375 115.60264587402344 71.0 90.0 108.0 1405.34872761718 1405.34872761718 1405.34872761718 53.0 94.0 76.0 109.0 95.0 136.0
103.0863037109375 91.70561218261719 73.93560791015625 85.0 78.0 66.0 3285.5700232485674 3285.5700232485674 3285.5700232485674 57.0 132.0 57.0 110.0 49.0 85.0