64.36729431152344 76.61152648925781 48.686187744140625 48.0 61.0 30.0 3745.092687984203 3745.092687984203 3745.092687984203 20.0 87.0 31.0 103.0 6.0 65.0
93.18840026855469 103.10198974609375 116.23690795898438 84.0 98.0 118.0 4650.472010572518 4650.472010572518 4650.472010572518 46.0 124.0 48.0 141.0 52.0 172.0
90.58871459960938 69.86557006835938 56.38519287109375 84.0 65.0 51.0 2430.8146926942795 2430.8146926942795 2430.8146926942795 45.0 126.0 36.0 95.0 26.0 76.0
132.96974182128906 131.89309692382812 69.53396606445312 120.0 123.0 57.0 5038.7380338726925 5038.7380338726925 5038.7380338726925 52.0 216.0 82.0 179.0 14.0 126.0
44.977813720703125 46.59696960449219 27.742584228515625 33.0 37.0 22.0 1289.1725939810017 1289.1725939810017 1289.1725939810017 20.0 52.0 22.0 55.0 15.0 33.0
117.36215209960938 124.58180236816406 107.30038452148438 110.0 118.0 96.0 3234.4972642682646 3234.4972642682646 3234.4972642682646 79.0 141.0 89.0 148.0 69.0 128.0
136.15744018554688 104.56889343261719 32.924163818359375 136.0 101.0 20.0 5378.2662110117335 5378.2662110117335 5378.2662110117335 78.0 195.0 56.0 151.0 0.0 49.0
125.54025268554688 126.50210571289062 86.60810852050781 128.0 129.0 87.0 2300.9463912043466 2300.9463912043466 2300.9463912043466 96.0 157.0 97.0 157.0 57.0 115.0
113.99015808105469 98.96563720703125 38.862457275390625 112.0 89.0 33.0 3320.7316558944426 3320.7316558944426 3320.7316558944426 77.0 149.0 57.0 131.0 18.0 53.0
104.55169677734375 125.30110168457031 140.13522338867188 107.0 129.0 143.0 2646.7359917486447 2646.7359917486447 2646.7359917486447 70.0 147.0 92.0 168.0 99.0 191.0
79.80680847167969 109.19027709960938 92.51663208007812 77.0 104.0 65.0 3201.4381877777632 3201.4381877777632 3201.4381877777632 43.0 108.0 80.0 134.0 37.0 141.0
138.68527221679688 157.8841094970703 80.75408935546875 142.0 162.0 72.0 6112.067304376901 6112.067304376901 6112.067304376901 80.0 204.0 102.0 223.0 25.0 121.0
100.55300903320312 118.45376586914062 87.91880798339844 74.0 94.0 60.0 6564.273356234628 6564.273356234628 6564.273356234628 33.0 156.0 55.0 179.0 30.0 130.0
112.79496765136719 120.3349609375 98.53036499023438 111.0 120.0 97.0 2651.798038255398 2651.798038255398 2651.798038255398 71.0 153.0 78.0 161.0 61.0 134.0
36.38346862792969 49.078948974609375 22.3289794921875 27.0 42.0 14.0 1166.1052266263869 1166.1052266263869 1166.1052266263869 5.0 65.0 14.0 80.0 2.0 35.0
82.11740112304688 94.77052307128906 83.57560729980469 83.0 89.0 57.0 4321.1146797015235 4321.1146797015235 4321.1146797015235 40.0 112.0 44.0 141.0 13.0 151.0
98.4671630859375 109.35984802246094 91.61235046386719 86.0 101.0 74.5 5137.765460582966 5137.765460582966 5137.765460582966 43.0 135.0 53.0 151.0 34.0 128.0
139.88522338867188 127.36724853515625 54.39518737792969 143.0 133.0 53.0 3778.1998174047458 3778.1998174047458 3778.1998174047458 103.0 180.0 101.0 161.0 27.0 78.0
148.05186462402344 147.27088928222656 149.5777587890625 151.0 150.0 153.0 2111.0574397494397 2111.0574397494397 2111.0574397494397 123.0 178.0 122.0 177.0 123.0 181.0
133.31089782714844 130.12452697753906 123.713623046875 132.0 129.0 121.0 1562.0079991668463 1562.0079991668463 1562.0079991668463 109.0 156.0 107.0 151.0 96.0 148.0
88.39749145507812 82.97262573242188 83.45695495605469 68.0 65.0 69.0 3488.7502326263475 3488.7502326263475 3488.7502326263475 46.0 108.0 42.0 103.0 49.0 96.0
91.07723999023438 103.19023132324219 81.99348449707031 83.0 97.0 76.0 1714.2282327164176 1714.2282327164176 1714.2282327164176 61.0 116.0 73.0 129.0 55.0 104.0
81.98103332519531 90.91920471191406 68.79025268554688 75.0 80.0 46.0 4112.745296756013 4112.745296756013 4112.745296756013 36.0 118.0 41.0 137.0 9.0 102.0
126.09042358398438 100.06356811523438 35.21806335449219 120.0 93.0 24.0 4397.544316917632 4397.544316917632 4397.544316917632 74.0 175.0 57.0 141.0 2.0 55.0
132.0049591064453 105.9710693359375 77.24301147460938 141.0 109.0 77.0 1823.491042551662 1823.491042551662 1823.491042551662 104.0 161.0 82.0 133.0 54.0 103.0
87.080078125 83.54995727539062 66.12472534179688 72.0 70.0 41.0 3923.597433326972 3923.597433326972 3923.597433326972 43.0 113.0 34.0 114.0 24.0 81.0
100.58296203613281 118.96142578125 47.09857177734375 86.0 109.0 29.0 5111.883566303773 5111.883566303773 5111.883566303773 39.0 150.0 56.0 174.0 11.0 72.0
107.08740234375 121.53590393066406 79.851806640625 96.0 113.0 69.0 4618.555320585742 4618.555320585742 4618.555320585742 54.0 155.0 71.0 169.0 28.0 118.0
131.3424072265625 137.6415252685547 104.41632080078125 123.0 129.0 97.0 3094.7577954708445 3094.7577954708445 3094.7577954708445 98.0 157.0 104.0 162.0 62.0 133.0
131.221435546875 116.293701171875 90.01565551757812 133.0 120.0 88.0 3618.3352116245974 3618.3352116245974 3618.3352116245974 81.0 182.0 78.0 150.0 41.0 130.0
68.4603271484375 93.17536926269531 49.112548828125 62.0 95.0 30.0 2146.3142315304276 2146.3142315304276 2146.3142315304276 31.0 97.0 54.0 125.0 25.0 51.0
161.80337524414062 145.13973999023438 133.71434020996094 163.0 147.0 137.0 4589.655984187266 4589.655984187266 4589.655984187266 91.0 236.0 82.0 209.0 81.0 185.0
126.50875854492188 128.26766967773438 113.01412963867188 125.0 127.0 110.0 1513.0729763407464 1513.0729763407464 1513.0729763407464 103.0 149.0 104.0 150.0 88.0 135.0
96.92694091796875 93.80329895019531 87.82601928710938 88.0 87.0 79.0 4630.64490521324 4630.64490521324 4630.64490521324 31.0 150.0 36.0 140.0 35.0 129.0
149.67279052734375 123.90074157714844 119.84858703613281 150.0 125.0 115.0 3276.696174614959 3276.696174614959 3276.696174614959 118.0 183.0 85.0 165.0 66.0 180.0
123.61247253417969 122.6475830078125 92.72804260253906 124.0 123.0 91.0 2116.4772486649454 2116.4772486649454 2116.4772486649454 95.0 150.0 95.0 148.0 59.0 122.0
90.88458251953125 110.0025634765625 146.01324462890625 76.0 108.0 159.0 3835.798054589166 3835.798054589166 3835.798054589166 61.0 104.0 83.0 127.0 100.0 192.0
63.54371643066406 70.16079711914062 68.21617126464844 16.0 25.0 23.0 6776.2464832215455 6776.2464832215455 6776.2464832215455 2.0 112.0 5.0 129.0 5.0 122.0
97.5220947265625 112.03852844238281 124.66621398925781 71.0 98.0 121.0 5745.17379733413 5745.17379733413 5745.17379733413 35.0 141.0 61.0 146.0 61.0 174.0
35.35121154785156 41.849945068359375 35.431304931640625 20.0 23.0 20.0 1333.5304397605103 1333.5304397605103 1333.5304397605103 18.0 41.0 18.0 52.0 17.0 38.0
97.82609558105469 90.5616455078125 85.580322265625 83.0 75.0 70.0 3457.6326330508778 3457.6326330508778 3457.6326330508778 46.0 144.0 40.0 135.0 35.0 130.0
108.36170959472656 106.78767395019531 59.34375 105.0 106.0 58.0 1597.1183317567532 1597.1183317567532 1597.1183317567532 83.0 126.0 88.0 125.0 43.0 75.0
117.91604614257812 83.19703674316406 55.50469970703125 98.0 62.0 24.0 5367.284052253158 5367.284052253158 5367.284052253158 67.0 159.0 18.0 136.0 1.0 89.0
155.21482849121094 138.82095336914062 76.66361999511719 159.0 144.0 53.0 5565.322262601306 5565.322262601306 5565.322262601306 102.0 208.0 102.0 174.0 15.0 106.0
66.1802978515625 72.99708557128906 54.81913757324219 60.0 69.0 47.0 2247.483603934033 2247.483603934033 2247.483603934033 27.0 93.0 39.0 98.0 20.0 78.0
94.00053405761719 101.60093688964844 116.31559753417969 63.0 68.0 96.0 4834.301548033306 4834.301548033306 4834.301548033306 22.0 173.0 48.0 167.0 80.0 171.0
74.50202941894531 89.20089721679688 63.775634765625 58.0 70.0 51.0 3713.4329696295317 3713.4329696295317 3713.4329696295317 28.0 94.0 48.0 108.0 27.0 78.0
76.37510681152344 86.70576477050781 60.21185302734375 70.0 81.0 53.0 2170.1261569062867 2170.1261569062867 2170.1261569062867 50.0 92.0 59.0 105.0 35.0 72.0
84.70814514160156 98.61492919921875 48.397552490234375 76.0 90.0 36.0 3400.467878480105 3400.467878480105 3400.467878480105 44.0 115.0 53.0 135.0 11.0 71.0
105.69790649414062 118.01058959960938 72.59147644042969 100.0 116.0 60.0 3321.234313693491 3321.234313693491 3321.234313693491 67.0 131.0 78.0 147.0 42.0 88.0
112.39527893066406 115.42021179199219 73.67384338378906 108.0 110.0 61.0 2028.574368870274 2028.574368870274 2028.574368870274 91.0 127.0 91.0 133.0 48.0 81.0
112.19076538085938 113.59260559082031 81.83572387695312 125.0 125.0 87.0 2033.5315051010239 2033.5315051010239 2033.5315051010239 90.0 143.0 92.0 143.0 56.0 107.0
51.983062744140625 60.33601379394531 32.31150817871094 38.0 48.0 10.0 3077.785418117936 3077.785418117936 3077.785418117936 7.0 74.0 16.0 85.0 2.0 40.0
48.5523681640625 55.742950439453125 58.544891357421875 27.0 34.0 37.0 2990.0986441357268 2990.0986441357268 2990.0986441357268 11.0 70.0 15.0 81.0 16.0 85.0
62.420013427734375 103.52595520019531 44.38334655761719 53.0 95.0 36.0 2710.264592013322 2710.264592013322 2710.264592013322 29.0 83.0 64.0 135.0 20.0 57.0
101.6566162109375 134.9094696044922 117.31967163085938 107.0 140.0 106.0 3917.252634117975 3917.252634117975 3917.252634117975 50.0 141.0 85.0 188.0 57.0 191.0
139.4542694091797 137.2707061767578 145.83392333984375 136.0 139.0 140.0 2013.7617469790082 2013.7617469790082 2013.7617469790082 106.0 179.0 112.0 164.0 109.0 188.0
77.93315124511719 85.00312805175781 60.694091796875 76.0 84.0 59.0 823.4406265417734 823.4406265417734 823.4406265417734 59.0 95.0 68.0 100.0 43.0 76.0
101.96246337890625 122.91072082519531 134.07012939453125 103.0 124.0 136.0 3976.8698567878205 3976.8698567878205 3976.8698567878205 54.0 143.0 74.0 166.0 80.0 183.0
70.36418151855469 106.71115112304688 88.56301879882812 62.0 98.0 81.0 2590.036477945099 2590.036477945099 2590.036477945099 35.0 97.0 66.0 136.0 56.0 112.0
68.69686889648438 65.78228759765625 56.43876647949219 46.0 47.0 31.0 3415.2720871101806 3415.2720871101806 3415.2720871101806 18.0 108.0 22.0 100.0 13.0 84.0
42.92108154296875 39.25123596191406 27.823226928710938 12.0 10.0 7.0 2510.4307330643965 2510.4307330643965 2510.4307330643965 9.0 62.0 9.0 54.0 7.0 32.0
84.22183227539062 91.51058959960938 85.53761291503906 69.0 78.0 68.0 5649.173706384143 5649.173706384143 5649.173706384143 16.0 134.0 25.0 141.0 16.0 136.0
119.92771911621094 117.52755737304688 86.66404724121094 120.0 118.0 86.0 1398.7299141581689 1398.7299141581689 1398.7299141581689 96.0 142.0 96.0 138.0 67.0 104.0
79.26248168945312 99.15199279785156 72.34713745117188 74.0 96.0 66.0 1840.306960488747 1840.306960488747 1840.306960488747 50.0 103.0 68.0 126.0 40.0 98.0
47.59002685546875 65.92848205566406 92.70976257324219 45.0 70.0 103.0 2165.7964868479307 2165.7964868479307 2165.7964868479307 23.0 61.0 37.0 83.0 58.0 119.0
64.20564270019531 97.67582702636719 58.02772521972656 64.0 102.0 57.0 1675.4334659476817 1675.4334659476817 1675.4334659476817 38.0 86.0 66.0 128.0 33.0 78.0
105.99571228027344 119.6092529296875 95.58389282226562 98.0 116.0 88.0 4237.959766818805 4237.959766818805 4237.959766818805 48.0 157.0 64.0 174.0 45.0 140.0
104.45802307128906 88.863525390625 52.3385009765625 103.0 89.0 51.0 1872.9570943899196 1872.9570943899196 1872.9570943899196 77.0 129.0 62.0 113.0 30.0 71.0
123.65634155273438 124.90446472167969 92.05508422851562 121.0 124.0 91.0 954.4942149041582 954.4942149041582 954.4942149041582 102.0 142.0 105.0 144.0 76.0 106.0
114.42855834960938 121.94760131835938 97.18142700195312 119.0 128.0 97.0 1488.0246186454058 1488.0246186454058 1488.0246186454058 96.0 138.0 103.0 146.0 77.0 118.0
74.1239013671875 95.74844360351562 43.22052001953125 69.0 93.0 17.0 3554.3883850498946 3554.3883850498946 3554.3883850498946 36.0 96.0 63.0 124.0 2.0 59.0
46.6976318359375 74.84535217285156 46.638031005859375 27.0 59.0 27.0 3136.009914175891 3136.009914175891 3136.009914175891 9.0 66.0 27.0 108.0 9.0 68.0
100.95542907714844 89.96846008300781 40.83592224121094 95.0 88.0 35.0 3220.9868540297934 3220.9868540297934 3220.9868540297934 57.0 134.0 53.0 120.0 13.0 59.0
82.00115966796875 100.87435913085938 47.90203857421875 75.0 97.0 26.0 3788.0207574316814 3788.0207574316814 3788.0207574316814 51.0 95.0 73.0 117.0 7.0 55.0
129.9569549560547 94.72802734375 67.38006591796875 113.0 79.0 37.0 6014.719905767564 6014.719905767564 6014.719905767564 72.0 182.0 19.0 161.0 4.0 116.0
118.36239624023438 124.49148559570312 78.86671447753906 119.0 125.0 79.0 1962.5549703625084 1962.5549703625084 1962.5549703625084 93.0 145.0 100.0 150.0 49.0 106.0
138.5067596435547 125.9195556640625 99.77027893066406 144.0 130.0 98.0 5248.193547702084 5248.193547702084 5248.193547702084 76.0 203.0 67.0 186.0 37.0 161.0
116.01318359375 106.47702026367188 63.113006591796875 96.0 89.0 40.0 4980.8826868430615 4980.8826868430615 4980.8826868430615 54.0 171.0 48.0 157.0 18.0 99.0
86.47311401367188 62.68060302734375 28.00201416015625 75.0 53.0 13.0 2593.485973116321 2593.485973116321 2593.485973116321 56.0 103.0 37.0 75.0 5.0 32.0
136.57151794433594 136.29476928710938 98.76512145996094 139.0 139.0 89.0 4527.789937860022 4527.789937860022 4527.789937860022 86.0 185.0 86.0 182.0 43.0 138.0
169.8546905517578 155.79409790039062 109.68646240234375 179.0 164.0 105.0 4783.8724148279425 4783.8724148279425 4783.8724148279425 116.0 230.0 101.0 216.0 61.0 153.0
77.76351928710938 122.11763000488281 76.79949951171875 72.0 119.0 72.0 2938.5241517788577 2938.5241517788577 2938.5241517788577 37.0 114.0 77.0 166.0 44.0 105.0
134.80877685546875 117.93647766113281 87.84312438964844 125.0 107.0 64.0 5920.599148405923 5920.599148405923 5920.599148405923 75.0 197.0 58.0 174.0 28.0 139.0
93.10975646972656 103.14888000488281 79.89662170410156 88.0 98.0 69.0 3008.522849609429 3008.522849609429 3008.522849609429 54.0 117.0 63.0 132.0 47.0 98.0
139.563720703125 136.85470581054688 92.40965270996094 145.0 143.0 99.0 1484.9765895735216 1484.9765895735216 1484.9765895735216 128.0 157.0 124.0 154.0 79.0 108.0
64.56004333496094 63.90296936035156 53.75483703613281 45.0 43.0 33.0 4073.93387308652 4073.93387308652 4073.93387308652 6.0 107.0 5.0 107.0 5.0 87.0
94.37074279785156 87.34527587890625 54.76441955566406 86.0 79.0 48.0 1854.5714771216735 1854.5714771216735 1854.5714771216735 63.0 121.0 56.0 114.0 31.0 73.0
98.36083984375 122.24647521972656 57.47587585449219 68.0 100.0 25.0 6825.406128680955 6825.406128680955 6825.406128680955 28.0 166.0 56.0 191.0 5.0 92.0
59.75151062011719 123.16032409667969 99.73982238769531 52.0 120.0 93.0 3828.4378775364144 3828.4378775364144 3828.4378775364144 16.0 97.0 70.0 172.0 53.0 135.0
103.76535034179688 116.54008483886719 94.19938659667969 85.0 100.0 70.0 6436.627367615285 6436.627367615285 6436.627367615285 37.0 159.0 52.0 174.0 27.0 142.0
122.67314147949219 125.30703735351562 116.68186950683594 127.0 130.0 118.0 2279.6145952803395 2279.6145952803395 2279.6145952803395 89.0 156.0 92.0 158.0 85.0 148.0
116.11245727539062 117.10029602050781 73.48536682128906 125.0 126.0 77.0 2771.612005629473 2771.612005629473 2771.612005629473 74.0 156.0 74.0 157.0 37.0 106.0
116.02365112304688 123.19415283203125 81.65202331542969 118.0 124.0 80.0 3248.4705445971085 3248.4705445971085 3248.4705445971085 69.0 159.0 78.0 164.0 41.0 116.0
84.28562927246094 114.3221435546875 73.77261352539062 70.0 105.0 56.0 3982.3741664439167 3982.3741664439167 3982.3741664439167 47.0 100.0 75.0 138.0 36.0 83.0
68.32098388671875 84.01797485351562 78.98184204101562 61.0 75.0 61.0 3515.6333812872567 3515.6333812872567 3515.6333812872567 23.0 99.0 31.0 119.0 26.0 109.0
64.33328247070312 84.75807189941406 57.40147399902344 49.0 63.0 14.0 5235.741856264466 5235.741856264466 5235.741856264466 11.0 116.0 23.0 137.0 0.0 71.0
55.74066162109375 64.45492553710938 43.49775695800781 44.0 53.0 30.0 3358.027025242621 3358.027025242621 3358.027025242621 22.0 65.0 31.0 76.0 12.0 49.0
109.92872619628906 128.7299041748047 111.70515441894531 109.0 133.0 97.0 3811.844831690165 3811.844831690165 3811.844831690165 76.0 135.0 92.0 160.0 44.0 185.0
103.91798400878906 96.10452270507812 74.08183288574219 96.0 92.0 66.0 3584.8578805301545 3584.8578805301545 3584.8578805301545 45.0 154.0 43.0 141.0 28.0 109.0
96.36143493652344 94.35513305664062 49.70249938964844 85.0 87.0 36.0 3679.4501524749735 3679.4501524749735 3679.4501524749735 50.0 136.0 51.0 127.0 17.0 63.0
101.59437561035156 105.23271179199219 61.328338623046875 101.0 103.0 63.0 1663.2914646242023 1663.2914646242023 1663.2914646242023 72.0 129.0 80.0 129.0 38.0 82.0
98.1129150390625 99.07322692871094 89.31004333496094 84.0 96.0 101.0 3135.197243663068 3135.197243663068 3135.197243663068 49.0 134.0 61.0 130.0 52.0 122.0
89.33853149414062 109.86456298828125 78.34500122070312 91.0 110.0 70.0 2299.4084649019774 2299.4084649019774 2299.4084649019774 55.0 118.0 78.0 138.0 40.0 103.0
68.82295227050781 95.1156005859375 54.38450622558594 57.0 82.0 50.0 1935.4545054001112 1935.4545054001112 1935.4545054001112 37.0 98.0 56.0 131.0 32.0 73.0
100.94636535644531 99.44210815429688 90.5782470703125 90.0 97.0 99.0 2043.0558004041668 2043.0558004041668 2043.0558004041668 61.0 129.0 70.0 123.0 62.0 117.0
149.9544219970703 122.95831298828125 98.82823181152344 152.0 124.0 83.0 7101.652853482298 7101.652853482298 7101.652853482298 72.0 228.0 37.0 203.0 23.0 163.0
92.17503356933594 102.18356323242188 92.88473510742188 80.0 88.0 75.0 3436.069292850146 3436.069292850146 3436.069292850146 51.0 129.0 58.0 140.0 49.0 122.0
63.82269287109375 67.65983581542969 31.621505737304688 51.0 57.0 18.0 2725.507410165233 2725.507410165233 2725.507410165233 15.0 95.0 16.0 105.0 5.0 52.0
71.61505126953125 79.75244140625 82.38557434082031 60.0 72.0 68.0 2659.664382737105 2659.664382737105 2659.664382737105 36.0 88.0 45.0 98.0 44.0 101.0
72.67054748535156 71.50703430175781 54.59014892578125 56.0 54.0 35.0 3882.555379904703 3882.555379904703 3882.555379904703 27.0 98.0 26.0 96.0 16.0 72.0
70.20008850097656 86.76426696777344 94.35963439941406 55.0 74.0 74.0 4583.767923521474 4583.767923521474 4583.767923521474 17.0 105.0 36.0 125.0 28.0 153.0
74.49070739746094 107.29119873046875 77.43096923828125 64.0 102.0 68.0 3847.90116912124 3847.90116912124 3847.90116912124 19.0 119.0 50.0 159.0 30.0 115.0
74.55622863769531 109.28306579589844 100.14112854003906 56.0 109.0 87.0 4080.1558123824652 4080.1558123824652 4080.1558123824652 29.0 109.0 55.0 152.0 35.0 144.0
87.19422912597656 131.4759063720703 67.10250854492188 82.0 129.0 61.0 2965.0475402768284 2965.0475402768284 2965.0475402768284 53.0 116.0 95.0 166.0 38.0 89.0
70.43624877929688 76.1824951171875 38.97798156738281 63.0 66.0 11.0 4575.491192045905 4575.491192045905 4575.491192045905 15.0 100.0 21.0 112.0 0.0 46.0
118.939208984375 125.97602844238281 137.53274536132812 97.0 103.0 116.0 7001.574314835147 7001.574314835147 7001.574314835147 47.0 205.0 53.0 220.0 61.0 250.0
120.60025024414062 143.003173828125 72.19773864746094 124.0 148.0 70.0 2388.8525152442094 2388.8525152442094 2388.8525152442094 91.0 151.0 118.0 171.0 50.0 90.0
74.206787109375 67.88798522949219 67.2586669921875 79.0 64.0 73.0 2259.3342222167535 2259.3342222167535 2259.3342222167535 36.0 98.0 35.0 82.0 19.0 101.0
64.86509704589844 67.25343322753906 54.53633117675781 61.0 61.0 41.0 1612.8269285602862 1612.8269285602862 1612.8269285602862 42.0 84.0 41.0 88.0 23.0 67.0
102.1510009765625 88.00666809082031 58.789581298828125 101.0 74.0 26.0 4663.702098667595 4663.702098667595 4663.702098667595 51.0 141.0 35.0 144.0 4.0 78.0
140.0323028564453 138.53602600097656 97.07548522949219 140.0 139.0 94.0 2103.723399780665 2103.723399780665 2103.723399780665 118.0 161.0 118.0 159.0 62.0 130.0
116.637451171875 125.39651489257812 85.33692932128906 113.0 124.0 81.0 2415.93470195492 2415.93470195492 2415.93470195492 77.0 147.0 88.0 156.0 58.0 108.0
78.63130187988281 87.47195434570312 37.35267639160156 63.0 76.0 6.0 5793.836932260128 5793.836932260128 5793.836932260128 1.0 134.0 4.0 147.0 0.0 53.0
83.95648193359375 72.67520141601562 52.786590576171875 72.0 61.0 38.0 2516.392320887496 2516.392320887496 2516.392320887496 44.0 116.0 38.0 96.0 23.0 65.0
85.49870300292969 114.96542358398438 67.47048950195312 84.0 110.0 67.0 1728.5074917771078 1728.5074917771078 1728.5074917771078 65.0 107.0 85.0 141.0 50.0 85.0
66.68528747558594 78.59550476074219 71.95848083496094 63.0 75.0 66.0 1749.3269093135734 1749.3269093135734 1749.3269093135734 38.0 88.0 50.0 101.0 42.0 94.0
86.36734008789062 93.69796752929688 78.26153564453125 72.0 78.0 51.0 3866.6217872065804 3866.6217872065804 3866.6217872065804 45.0 107.0 53.0 118.0 32.0 102.0
142.345947265625 114.06471252441406 82.7581787109375 149.0 109.0 55.0 6548.245271135096 6548.245271135096 6548.245271135096 78.0 210.0 55.0 170.0 16.0 120.0
95.60783386230469 71.50164794921875 48.4752197265625 88.0 64.0 39.0 3020.693548959964 3020.693548959964 3020.693548959964 50.0 133.0 26.0 108.0 10.0 76.0
105.53712463378906 115.25575256347656 102.09957885742188 82.0 90.0 60.0 6488.928982256188 6488.928982256188 6488.928982256188 46.0 165.0 55.0 166.0 31.0 172.0
106.77670288085938 122.79840087890625 150.53285217285156 129.0 146.0 176.0 2918.3475023257392 2918.3475023257392 2918.3475023257392 72.0 142.0 83.0 162.0 102.0 197.0
113.58421325683594 108.396728515625 75.25027465820312 111.0 109.0 71.0 2117.400386178633 2117.400386178633 2117.400386178633 79.0 145.0 70.0 143.0 45.0 102.0
133.25123596191406 127.88442993164062 97.28269958496094 138.0 133.0 98.0 2783.074780367211 2783.074780367211 2783.074780367211 98.0 169.0 98.0 159.0 62.0 130.0
125.78520202636719 99.22059631347656 30.893844604492188 127.0 102.0 29.0 3425.5326655945587 3425.5326655945587 3425.5326655945587 83.0 168.0 72.0 128.0 12.0 46.0
123.238037109375 130.19261169433594 79.26155090332031 122.0 129.0 81.0 2620.0101437928774 2620.0101437928774 2620.0101437928774 80.0 170.0 86.0 177.0 52.0 104.0
150.45989990234375 98.02584838867188 42.244384765625 157.0 99.0 22.0 5118.640925315413 5118.640925315413 5118.640925315413 105.0 192.0 47.0 142.0 4.0 66.0
127.94953918457031 129.730712890625 104.78106689453125 127.0 128.0 104.0 825.1387226419887 825.1387226419887 825.1387226419887 110.0 145.0 111.0 148.0 87.0 122.0
125.25765991210938 128.94384765625 86.44685363769531 121.0 126.0 89.0 1948.063777472591 1948.063777472591 1948.063777472591 99.0 150.0 105.0 152.0 59.0 112.0
109.70274353027344 104.86434936523438 72.14729309082031 112.0 101.0 71.0 2690.7255552112024 2690.7255552112024 2690.7255552112024 67.0 151.0 67.0 139.0 37.0 103.0
99.13713073730469 101.554443359375 81.84332275390625 98.0 101.0 82.0 704.2890763870286 704.2890763870286 704.2890763870286 81.0 116.0 85.0 118.0 66.0 96.0
83.40884399414062 92.04934692382812 80.70063781738281 73.0 74.0 42.0 5236.783585869164 5236.783585869164 5236.783585869164 37.0 112.0 36.0 137.0 16.0 117.0
142.54037475585938 98.19589233398438 80.98504638671875 146.0 95.0 60.0 5791.5723878128665 5791.5723878128665 5791.5723878128665 90.0 197.0 26.0 156.0 14.0 132.0
111.94334411621094 131.2758026123047 142.18763732910156 98.0 136.0 140.0 6289.7075611433365 6289.7075611433365 6289.7075611433365 50.0 162.0 64.0 180.0 63.0 236.0
106.07820129394531 125.79194641113281 51.66236877441406 99.0 125.0 27.0 6238.457300325829 6238.457300325829 6238.457300325829 38.0 153.0 59.0 187.0 6.0 72.0
102.06576538085938 104.51654052734375 81.11483764648438 101.0 103.0 80.0 700.1970230191946 700.1970230191946 700.1970230191946 82.0 121.0 87.0 122.0 67.0 93.0
80.05024719238281 71.74029541015625 56.2659912109375 54.0 44.0 24.0 5422.7490938690535 5422.7490938690535 5422.7490938690535 24.0 116.0 16.0 104.0 5.0 79.0
125.21269226074219 124.941162109375 120.18989562988281 127.0 127.0 121.0 1020.399386935764 1020.399386935764 1020.399386935764 103.0 149.0 104.0 147.0 101.0 140.0
95.84959411621094 103.05050659179688 90.37541198730469 80.0 88.0 68.0 2881.0430557976165 2881.0430557976165 2881.0430557976165 52.0 131.0 63.0 134.0 48.0 119.0
99.84225463867188 99.49169921875 65.80345153808594 107.0 108.0 70.0 1318.671782878305 1318.671782878305 1318.671782878305 77.0 125.0 78.0 124.0 48.0 83.0
47.680908203125 59.98902893066406 49.72636413574219 40.0 55.0 41.0 2044.530757079108 2044.530757079108 2044.530757079108 6.0 78.0 14.0 95.0 13.0 74.0
72.45263671875 85.61216735839844 60.50709533691406 69.0 85.0 57.0 2304.0997640142837 2304.0997640142837 2304.0997640142837 40.0 100.0 55.0 115.0 20.0 86.0
40.10858154296875 61.15904235839844 60.63154602050781 19.0 39.0 41.0 2927.085479252868 2927.085479252868 2927.085479252868 10.0 53.0 19.0 85.0 26.0 72.0
103.96762084960938 97.871337890625 71.54621887207031 90.0 87.0 56.0 3759.524241064339 3759.524241064339 3759.524241064339 50.0 139.0 49.0 134.0 28.0 101.0
114.42843627929688 127.08676147460938 104.32823181152344 92.0 105.0 86.0 4277.710270234461 4277.710270234461 4277.710270234461 65.0 148.0 75.0 169.0 62.0 121.0
102.42929077148438 105.04768371582031 95.51383972167969 98.0 99.0 92.0 1317.5395719234104 1317.5395719234104 1317.5395719234104 75.0 125.0 74.0 129.0 73.0 114.0
89.10501098632812 67.13995361328125 24.490676879882812 78.0 55.0 10.0 3042.698115011651 3042.698115011651 3042.698115011651 43.0 125.0 28.0 93.0 0.0 35.0
83.59034729003906 140.5157012939453 98.27485656738281 71.0 132.0 81.0 3504.3097847234208 3504.3097847234208 3504.3097847234208 50.0 103.0 93.0 180.0 60.0 116.0
60.10589599609375 91.65292358398438 56.84529113769531 58.0 91.0 53.0 1385.2685710526741 1385.2685710526741 1385.2685710526741 40.0 77.0 69.0 113.0 33.0 75.0
97.30107116699219 79.84272766113281 54.21165466308594 94.0 76.0 51.0 1150.9325505759723 1150.9325505759723 1150.9325505759723 74.0 119.0 59.0 98.0 38.0 67.0
74.71926879882812 80.76203918457031 49.561920166015625 65.0 74.0 40.0 2566.599884939664 2566.599884939664 2566.599884939664 34.0 109.0 41.0 114.0 19.0 72.0
120.97674560546875 124.32502746582031 87.71823120117188 114.0 119.0 78.0 2347.5031141059007 2347.5031141059007 2347.5031141059007 90.0 147.0 96.0 152.0 59.0 107.0
125.84088134765625 129.23614501953125 76.65596008300781 142.0 147.0 80.0 3442.4052946809425 3442.4052946809425 3442.4052946809425 76.0 174.0 86.0 175.0 54.0 98.0
131.2118682861328 124.3399658203125 115.50009155273438 130.0 126.0 115.0 1493.5518566504277 1493.5518566504277 1493.5518566504277 99.0 163.0 99.0 150.0 91.0 140.0
66.81507873535156 94.47496032714844 42.91105651855469 66.0 95.0 39.0 1644.1809061030701 1644.1809061030701 1644.1809061030701 40.0 91.0 66.0 122.0 21.0 61.0
68.93896484375 84.34593200683594 53.30230712890625 50.0 69.0 39.0 3384.6321743931367 3384.6321743931367 3384.6321743931367 24.0 94.0 38.0 116.0 16.0 77.0
62.9761962890625 70.8304443359375 69.15206909179688 45.0 55.0 51.0 3960.761135980383 3960.761135980383 3960.761135980383 9.0 98.0 17.0 107.0 21.0 101.0
68.20927429199219 78.6920166015625 63.00895690917969 68.0 81.0 52.0 2091.8633932793105 2091.8633932793105 2091.8633932793105 29.0 93.0 35.0 113.0 24.0 83.0
81.01338195800781 105.80671691894531 83.3785400390625 46.0 91.0 57.0 4765.148102007702 4765.148102007702 4765.148102007702 28.0 120.0 54.0 143.0 29.0 113.0
49.81047058105469 72.48931884765625 82.64033508300781 37.0 54.0 54.0 3489.9983843461505 3489.9983843461505 3489.9983843461505 18.0 64.0 30.0 117.0 29.0 135.0
40.5078125 45.21046447753906 48.78736877441406 13.0 17.0 19.0 4400.974575315808 4400.974575315808 4400.974575315808 3.0 39.0 3.0 47.25 6.0 52.0
94.95249938964844 102.54899597167969 86.03973388671875 86.0 91.0 48.0 5453.267490977937 5453.267490977937 5453.267490977937 49.0 127.0 55.0 137.0 15.0 131.0
76.2052001953125 84.3135986328125 80.16819763183594 63.0 72.0 61.0 3478.1808409938944 3478.1808409938944 3478.1808409938944 35.0 98.0 44.0 118.0 31.0 126.0
62.64631652832031 56.83143615722656 44.647705078125 35.0 26.0 12.0 4858.318034678595 4858.318034678595 4858.318034678595 6.0 92.0 7.0 79.0 6.0 55.0
69.15013122558594 80.41378784179688 80.84616088867188 42.0 60.0 55.0 5933.121453350798 5933.121453350798 5933.121453350798 5.0 105.0 17.0 119.0 17.0 121.0
110.29293823242188 121.87528991699219 111.76997375488281 111.0 123.0 112.0 927.2010662803013 927.2010662803013 927.2010662803013 92.0 130.0 103.0 142.0 92.0 132.0
65.63706970214844 84.43063354492188 92.81098937988281 40.0 47.0 38.0 6489.448824744982 6489.448824744982 6489.448824744982 15.0 96.0 20.0 165.0 14.0 200.0
63.964019775390625 67.3583984375 35.194854736328125 55.0 56.0 28.0 1767.5431390499905 1767.5431390499905 1767.5431390499905 33.0 90.0 33.0 96.0 13.0 50.0
100.14622497558594 112.06867980957031 96.66264343261719 82.0 92.0 58.0 6007.301582038791 6007.301582038791 6007.301582038791 45.0 141.0 55.0 152.0 27.0 158.0
114.40058898925781 92.30363464355469 26.900741577148438 103.0 81.0 14.0 4558.522511705731 4558.522511705731 4558.522511705731 61.0 162.0 47.0 129.0 0.0 41.0
72.60324096679688 68.54841613769531 54.824310302734375 61.0 57.0 42.0 2409.4865674314146 2409.4865674314146 2409.4865674314146 39.0 91.0 37.0 87.0 25.0 68.0
193.47984313964844 167.48362731933594 106.35755920410156 207.0 176.0 104.0 3464.386526924843 3464.386526924843 3464.386526924843 177.0 227.0 150.0 198.0 82.0 129.0
118.30368041992188 122.582275390625 87.38751220703125 114.0 119.0 80.0 3588.6543526648434 3588.6543526648434 3588.6543526648434 69.0 160.0 73.0 165.0 43.0 124.0
75.33238220214844 88.01806640625 43.75288391113281 68.0 79.0 31.0 3010.0073178307052 3010.0073178307052 3010.0073178307052 37.0 104.0 43.0 123.0 8.0 64.0
94.83590698242188 101.59532165527344 86.71783447265625 72.0 79.0 58.0 3906.8770019573203 3906.8770019573203 3906.8770019573203 50.0 130.0 51.0 143.0 42.0 116.0
118.9708251953125 119.8375244140625 107.93484497070312 104.0 104.0 89.0 3304.4383747775296 3304.4383747775296 3304.4383747775296 82.0 133.0 84.0 133.0 69.0 119.0
90.29533386230469 104.81611633300781 78.01713562011719 79.0 98.0 67.0 4013.767434704816 4013.767434704816 4013.767434704816 42.0 125.0 58.0 143.0 35.0 109.0
47.118316650390625 59.89601135253906 31.945098876953125 38.0 51.0 19.0 2221.4192015178655 2221.4192015178655 2221.4192015178655 20.0 58.0 27.0 79.0 7.0 35.0
121.27629089355469 130.2414093017578 108.52545166015625 123.0 134.0 106.0 1717.8547430531023 1717.8547430531023 1717.8547430531023 101.0 144.0 111.0 153.0 85.0 131.0
77.03070068359375 80.70263671875 49.54545593261719 78.0 79.0 25.0 2547.6874850243075 2547.6874850243075 2547.6874850243075 45.0 104.0 51.0 100.0 13.0 57.0
83.81884765625 103.21495056152344 59.41416931152344 55.0 79.0 30.0 5689.712179513338 5689.712179513338 5689.712179513338 25.0 121.0 51.0 140.0 11.0 84.0
127.67239379882812 129.77102661132812 96.6348876953125 128.0 131.0 95.0 1133.4230755662754 1133.4230755662754 1133.4230755662754 104.0 153.0 106.0 157.0 80.0 110.0
133.0309600830078 117.81619262695312 81.32695007324219 130.0 112.0 77.0 2483.365606498284 2483.365606498284 2483.365606498284 100.0 158.0 86.0 143.0 52.0 99.0
108.42440795898438 101.28080749511719 97.881591796875 97.0 86.0 85.0 1987.051185020531 1987.051185020531 1987.051185020531 81.0 126.0 69.0 123.0 68.0 117.0
131.99151611328125 127.60285949707031 89.9871826171875 136.0 133.0 90.0 1136.1942072063425 1136.1942072063425 1136.1942072063425 103.0 162.0 106.0 150.0 78.0 102.0
80.86470031738281 80.46842956542969 53.52052307128906 79.0 77.0 39.0 2027.335153173629 2027.335153173629 2027.335153173629 52.0 107.0 48.0 112.0 10.0 89.0
95.2021484375 86.18327331542969 33.679779052734375 70.0 63.0 14.0 5104.406338834902 5104.406338834902 5104.406338834902 23.0 166.0 27.0 146.0 2.0 47.0
90.91468811035156 108.619140625 128.8368377685547 94.0 115.0 140.0 3753.5778940315868 3753.5778940315868 3753.5778940315868 41.0 155.0 51.0 178.0 64.0 197.0
60.14973449707031 79.44644165039062 66.17601013183594 44.0 63.0 48.0 2432.091815085771 2432.091815085771 2432.091815085771 28.0 79.0 40.0 106.0 32.0 82.0
115.14866638183594 120.86201477050781 75.40544128417969 112.0 117.0 68.0 3086.1050905440156 3086.1050905440156 3086.1050905440156 76.0 149.0 81.0 155.0 38.0 102.0
120.21287536621094 117.97126770019531 86.63633728027344 126.0 122.0 82.0 5224.576298948972 5224.576298948972 5224.576298948972 56.0 179.0 56.0 175.0 26.0 133.0
110.36811828613281 116.70089721679688 67.82041931152344 102.0 105.0 38.0 6425.17828512347 6425.17828512347 6425.17828512347 32.0 180.0 51.0 174.0 3.0 114.0
68.47682189941406 71.97438049316406 31.733062744140625 67.0 71.0 27.0 1226.517121741755 1226.517121741755 1226.517121741755 45.0 90.0 49.0 94.0 11.0 46.0
66.0362548828125 91.83990478515625 41.79278564453125 61.0 90.0 37.0 2333.383059077793 2333.383059077793 2333.383059077793 33.0 89.0 59.0 119.0 13.0 61.0
67.85984802246094 105.36552429199219 75.64779663085938 63.0 97.0 72.0 1548.850985684329 1548.850985684329 1548.850985684329 39.0 89.0 71.0 127.0 58.0 89.0
88.18716430664062 90.83610534667969 44.474761962890625 84.0 89.0 39.0 1832.0562027758763 1832.0562027758763 1832.0562027758763 61.0 111.0 62.0 119.0 19.0 63.0
70.53179931640625 85.59333801269531 93.38372802734375 49.0 56.0 46.0 5398.78610373472 5398.78610373472 5398.78610373472 20.0 101.0 24.0 156.0 18.0 190.0
92.16928100585938 91.3662109375 64.41114807128906 95.0 95.0 65.0 929.6395880807346 929.6395880807346 929.6395880807346 72.0 114.0 73.0 112.0 49.0 78.0
46.69830322265625 60.848236083984375 45.796966552734375 22.0 43.0 27.0 3360.0308346152306 3360.0308346152306 3360.0308346152306 4.0 69.0 11.0 86.0 9.0 61.0
132.0801544189453 130.50645446777344 99.39517211914062 130.0 138.0 74.0 5429.092719601983 5429.092719601983 5429.092719601983 68.0 190.0 88.0 166.0 20.0 175.0
129.32110595703125 138.83143615722656 60.010467529296875 132.0 145.0 48.0 4503.500768988678 4503.500768988678 4503.500768988678 90.0 168.0 97.0 184.0 19.0 89.0
89.49142456054688 103.17439270019531 104.91134643554688 73.0 88.0 90.0 4494.881103148037 4494.881103148037 4494.881103148037 36.0 127.0 47.0 143.0 58.0 136.0
160.2507781982422 140.9424591064453 73.97819519042969 172.0 150.0 79.0 4114.459599738087 4114.459599738087 4114.459599738087 121.0 205.0 105.0 184.0 38.0 105.0
61.149810791015625 63.711578369140625 49.178466796875 50.0 53.0 38.0 1614.37839405694 1614.37839405694 1614.37839405694 33.0 78.0 35.0 83.0 23.0 65.0
44.88114929199219 38.68931579589844 53.15657043457031 27.0 24.0 35.0 2754.834391171709 2754.834391171709 2754.834391171709 12.0 51.0 9.0 43.0 19.0 61.25
74.29766845703125 96.45834350585938 52.96429443359375 65.0 89.0 36.0 3751.482074680322 3751.482074680322 3751.482074680322 32.0 100.0 56.0 123.0 12.0 67.0
102.39971923828125 97.9144287109375 49.47727966308594 92.0 90.0 41.0 3912.4763082275945 3912.4763082275945 3912.4763082275945 51.0 144.0 54.0 134.0 10.0 78.0
111.09825134277344 120.18107604980469 75.75544738769531 101.0 109.0 65.0 2664.976999491841 2664.976999491841 2664.976999491841 72.0 145.0 84.0 152.0 44.0 102.0
93.37673950195312 96.48200988769531 69.98445129394531 97.0 101.0 68.0 2630.3783819075265 2630.3783819075265 2630.3783819075265 44.0 133.0 46.0 136.0 28.0 108.0
72.90225219726562 92.68804931640625 55.34228515625 57.0 82.0 31.0 4050.108083373867 4050.108083373867 4050.108083373867 33.0 82.0 55.0 110.0 17.0 56.0
98.80715942382812 108.3072509765625 110.16575622558594 91.0 90.0 78.0 4908.88878184099 4908.88878184099 4908.88878184099 55.0 123.0 57.0 161.0 45.0 202.0
113.38816833496094 113.35548400878906 81.67445373535156 114.0 114.0 82.0 875.447174878144 875.447174878144 875.447174878144 97.0 130.0 96.0 131.0 66.0 97.0
65.07405090332031 83.31083679199219 46.73663330078125 55.0 76.0 29.0 3996.741441865348 3996.741441865348 3996.741441865348 12.0 97.0 28.0 123.0 0.0 66.0
46.14778137207031 91.28366088867188 82.57002258300781 18.0 77.0 65.0 4489.973137511147 4489.973137511147 4489.973137511147 0.0 62.0 43.0 123.0 36.0 110.0
67.47671508789062 85.59809875488281 37.63978576660156 57.0 77.0 29.0 1950.734944442908 1950.734944442908 1950.734944442908 38.0 89.0 50.0 113.0 15.0 53.0
58.60905456542969 78.00518798828125 35.16426086425781 49.0 77.0 6.0 3311.384207417154 3311.384207417154 3311.384207417154 6.0 94.0 25.0 122.0 2.0 49.0
60.87971496582031 51.16584777832031 34.93254089355469 59.0 49.0 32.0 800.5334194246419 800.5334194246419 800.5334194246419 43.0 75.0 33.0 66.0 19.0 46.0
90.85806274414062 109.58099365234375 74.39425659179688 74.0 93.0 64.0 2836.8807730968624 2836.8807730968624 2836.8807730968624 53.0 109.0 72.0 130.0 44.0 94.0
81.13417053222656 107.11904907226562 49.585968017578125 71.0 102.0 36.0 4240.699080061763 4240.699080061763 4240.699080061763 28.0 118.0 54.0 152.0 7.0 72.0
113.00254821777344 125.78840637207031 118.5390625 105.0 122.0 114.0 4854.6272928710605 4854.6272928710605 4854.6272928710605 64.0 157.0 72.0 178.0 69.0 163.0
77.63922119140625 81.45500183105469 55.98655700683594 67.0 72.0 51.0 3326.9522880563095 3326.9522880563095 3326.9522880563095 34.0 101.0 40.0 104.0 12.0 89.0
88.7271728515625 105.76885986328125 76.70848083496094 79.0 99.0 69.0 2719.3815238187867 2719.3815238187867 2719.3815238187867 51.0 118.0 66.0 138.0 42.0 103.0
43.37370300292969 49.67546081542969 27.84307861328125 38.0 45.0 20.0 986.5250397000668 986.5250397000668 986.5250397000668 21.0 58.0 26.0 66.0 13.0 36.0
59.810546875 98.43649291992188 55.381103515625 44.0 91.0 48.0 3684.1345856602616 3684.1345856602616 3684.1345856602616 12.0 91.0 37.0 139.0 18.0 77.0
111.875732421875 117.83128356933594 135.68910217285156 108.0 116.0 135.0 2999.614916945497 2999.614916945497 2999.614916945497 73.0 148.0 80.0 152.0 100.0 169.0
65.29487609863281 70.94122314453125 40.19219970703125 59.0 65.0 30.0 1701.2570446044363 1701.2570446044363 1701.2570446044363 43.0 77.0 45.0 87.0 16.0 48.0
65.61766052246094 81.78105163574219 45.75360107421875 56.0 66.0 38.0 2366.13954265902 2366.13954265902 2366.13954265902 31.0 84.0 43.0 107.0 21.0 59.0
148.990478515625 144.81700134277344 99.849609375 140.0 143.0 88.0 3526.922134003266 3526.922134003266 3526.922134003266 119.0 185.0 121.0 171.0 50.0 159.0
82.79856872558594 83.4140625 73.96713256835938 71.0 72.0 59.0 2543.033808734035 2543.033808734035 2543.033808734035 53.0 94.0 54.0 93.0 42.0 82.0
93.44334411621094 107.96726989746094 77.39463806152344 79.0 99.0 65.0 4341.021853014179 4341.021853014179 4341.021853014179 43.0 128.0 60.0 147.0 31.0 111.0
80.22962951660156 113.56753540039062 31.25030517578125 80.0 119.0 26.0 3052.6041858597505 3052.6041858597505 3052.6041858597505 43.0 115.0 70.0 157.0 7.0 48.0
87.28189086914062 88.57327270507812 77.30453491210938 86.0 86.0 53.0 4364.086823519629 4364.086823519629 4364.086823519629 35.0 122.25 33.0 134.0 15.0 113.0
75.95230102539062 95.18161010742188 79.73870849609375 63.0 79.0 66.0 1630.9187564911942 1630.9187564911942 1630.9187564911942 53.0 90.0 61.0 120.0 56.0 90.0
101.1788330078125 121.28453063964844 96.48637390136719 88.0 111.0 81.0 3674.2105076013954 3674.2105076013954 3674.2105076013954 49.0 138.0 70.0 163.0 54.0 122.0
106.27580261230469 120.82931518554688 99.60206604003906 93.0 109.0 86.0 3225.650609093304 3225.650609093304 3225.650609093304 69.0 125.0 81.0 146.0 62.0 115.0
96.35513305664062 110.79257202148438 99.73054504394531 63.0 84.0 76.0 3909.340765309183 3909.340765309183 3909.340765309183 53.0 131.0 57.0 157.0 61.0 129.0
132.46322631835938 129.18283081054688 106.28913879394531 132.0 129.0 105.0 1064.866427573453 1064.866427573453 1064.866427573453 113.0 152.0 109.0 150.0 87.0 124.0
75.175537109375 97.1798095703125 89.26612854003906 64.0 86.0 76.0 2997.769793931369 2997.769793931369 2997.769793931369 34.0 96.0 61.0 119.0 53.0 108.0
145.0623321533203 135.5556182861328 106.79446411132812 146.0 137.0 106.0 2604.3254110709663 2604.3254110709663 2604.3254110709663 112.0 176.0 108.0 163.0 71.0 139.0
133.05699157714844 132.83018493652344 94.38275146484375 131.0 134.0 93.0 1236.6491715733168 1236.6491715733168 1236.6491715733168 108.0 156.0 111.0 154.0 78.0 108.0
57.51325988769531 62.68562316894531 23.748001098632812 52.0 58.0 16.0 1514.2716235754133 1514.2716235754133 1514.2716235754133 36.0 69.0 40.0 76.0 8.0 25.0
78.75125122070312 97.86109924316406 50.43707275390625 56.0 80.0 41.0 4465.517647498572 4465.517647498572 4465.517647498572 18.0 125.0 36.0 149.0 16.0 71.0
110.33444213867188 130.7556915283203 117.04179382324219 111.0 133.0 115.0 3030.6436180198157 3030.6436180198157 3030.6436180198157 74.0 141.0 94.0 163.0 69.0 170.0
89.68585205078125 102.37947082519531 102.60894775390625 80.0 93.0 92.0 3598.4596924762905 3598.4596924762905 3598.4596924762905 46.0 117.0 60.0 131.0 63.0 128.0
114.87959289550781 137.80453491210938 56.1551513671875 110.0 131.0 56.0 4567.977908880527 4567.977908880527 4567.977908880527 62.0 170.0 85.0 194.0 33.0 78.0
113.00079345703125 101.10887145996094 56.45037841796875 108.0 97.0 51.0 4338.967342341913 4338.967342341913 4338.967342341913 53.0 168.0 52.0 146.0 18.0 87.0
95.94172668457031 109.26187133789062 83.420166015625 86.0 109.0 69.0 4610.22534883268 4610.22534883268 4610.22534883268 27.0 146.0 46.0 160.0 27.0 127.0
161.09768676757812 128.50491333007812 92.41578674316406 166.0 123.0 77.0 4841.932347350831 4841.932347350831 4841.932347350831 113.0 212.0 83.0 169.0 48.0 121.0
123.52281188964844 128.70285034179688 82.17088317871094 120.0 126.0 78.0 1835.5295623404284 1835.5295623404284 1835.5295623404284 96.0 146.0 102.0 151.0 60.0 101.0
140.3158721923828 142.8497772216797 95.64920043945312 143.0 146.0 96.0 2560.0559953276284 2560.0559953276284 2560.0559953276284 108.0 174.0 111.0 176.0 66.0 124.0
59.1707763671875 73.65878295898438 68.56942749023438 29.0 48.0 37.0 5782.226127273093 5782.226127273093 5782.226127273093 7.0 74.0 18.0 89.25 13.0 78.0
134.65174865722656 112.23382568359375 79.59440612792969 106.0 63.0 44.0 9019.05897307396 9019.05897307396 9019.05897307396 41.0 254.0 17.0 246.0 15.0 160.0
92.3973388671875 116.75407409667969 127.04833984375 75.0 97.0 111.0 3846.096218594013 3846.096218594013 3846.096218594013 49.0 133.0 67.0 166.0 85.0 163.0
119.77842712402344 99.07868957519531 87.53755187988281 108.0 88.0 82.0 2732.8149225823313 2732.8149225823313 2732.8149225823313 81.0 155.0 64.0 130.0 55.0 115.0
90.33473205566406 123.83779907226562 82.18478393554688 77.0 108.0 71.0 3332.066649972125 3332.066649972125 3332.066649972125 55.0 119.0 77.0 166.0 52.0 99.0
89.64997863769531 109.33067321777344 94.99092102050781 81.0 104.0 84.0 3057.128648614278 3057.128648614278 3057.128648614278 48.0 122.0 67.0 146.0 52.0 127.0
89.87094116210938 103.66766357421875 79.474365234375 80.0 98.0 71.0 3835.1879492450716 3835.1879492450716 3835.1879492450716 32.0 134.0 52.0 142.0 33.0 115.0
114.13238525390625 79.01686096191406 51.81968688964844 93.0 56.0 20.0 5258.398845668882 5258.398845668882 5258.398845668882 64.0 154.0 14.0 130.0 0.0 81.0
85.98204040527344 97.17552185058594 79.38172912597656 76.0 91.0 66.0 4372.7402357732 4372.7402357732 4372.7402357732 29.0 122.0 34.0 140.0 23.0 116.0
117.99020385742188 131.45840454101562 109.25372314453125 110.0 126.0 92.0 4489.612872795512 4489.612872795512 4489.612872795512 69.0 157.0 87.0 165.0 55.0 138.0
107.68869018554688 122.57371520996094 90.36639404296875 106.0 123.0 90.0 1828.5099636568532 1828.5099636568532 1828.5099636568532 80.0 132.0 94.0 150.0 64.0 114.0
87.42422485351562 83.96952819824219 62.58638000488281 64.0 58.0 28.0 5068.303392424248 5068.303392424248 5068.303392424248 33.0 135.0 33.0 116.0 12.0 85.0
123.80169677734375 127.54971313476562 83.19366455078125 124.0 127.0 82.0 2109.9900594923856 2109.9900594923856 2109.9900594923856 94.0 151.0 99.0 154.0 55.0 109.0
107.04864501953125 99.21717834472656 28.717681884765625 99.0 91.0 13.0 3607.4050821417477 3607.4050821417477 3607.4050821417477 61.0 147.0 62.0 130.0 1.0 38.0
83.60002136230469 106.518310546875 73.6278076171875 72.0 98.0 66.0 4208.633601757982 4208.633601757982 4208.633601757982 28.0 127.0 42.0 162.0 30.0 108.0
46.22172546386719 53.82496643066406 31.956649780273438 23.0 26.0 23.0 1571.8500506391283 1571.8500506391283 1571.8500506391283 23.0 60.0 23.0 73.0 21.0 34.0
122.02275085449219 132.4303741455078 59.9522705078125 111.0 138.0 55.0 3014.355522074633 3014.355522074633 3014.355522074633 82.0 157.0 117.0 157.0 36.0 84.0
169.21324157714844 54.01069641113281 48.36384582519531 178.0 46.0 40.0 5370.4589012649885 5370.4589012649885 5370.4589012649885 142.0 209.0 27.0 64.0 23.0 58.0
84.79002380371094 102.92387390136719 78.51927185058594 59.0 76.0 49.0 5494.235602376338 5494.235602376338 5494.235602376338 29.0 124.0 48.0 145.0 21.0 117.0
75.82652282714844 92.16561889648438 115.65025329589844 61.0 73.0 92.0 3958.243922203365 3958.243922203365 3958.243922203365 30.0 132.0 39.0 157.0 51.0 196.0
48.16859436035156 53.3184814453125 46.62237548828125 29.0 44.0 30.0 2748.490051109939 2748.490051109939 2748.490051109939 4.0 75.0 14.0 77.0 5.0 73.0
116.90608215332031 127.53846740722656 85.17913818359375 92.0 109.0 68.0 7053.208935864168 7053.208935864168 7053.208935864168 31.0 218.0 42.75 227.0 28.0 141.0
103.7540283203125 127.10177612304688 91.14439392089844 105.0 128.0 91.0 1240.2921905473856 1240.2921905473856 1240.2921905473856 79.0 128.0 101.0 152.0 73.0 109.0
97.30734252929688 104.77737426757812 78.80178833007812 54.0 70.0 32.0 8816.762708579397 8816.762708579397 8816.762708579397 12.0 195.0 16.0 205.0 8.0 149.0
133.04220581054688 130.4335479736328 108.308349609375 137.0 134.0 95.0 3103.827437131951 3103.827437131951 3103.827437131951 101.0 162.0 94.0 167.0 63.0 132.0
126.64483642578125 115.60096740722656 89.38493347167969 125.0 108.0 80.0 2602.022769237558 2602.022769237558 2602.022769237558 95.0 149.0 85.0 134.0 49.0 113.0
48.97145080566406 54.39317321777344 48.736114501953125 22.0 32.0 26.0 2676.481101013617 2676.481101013617 2676.481101013617 12.0 75.0 14.0 82.0 14.0 73.0
93.91860961914062 118.89213562011719 130.7511444091797 98.0 123.0 133.0 2799.9249894469976 2799.9249894469976 2799.9249894469976 59.0 124.0 84.0 150.0 90.0 168.0
115.66151428222656 137.5111846923828 107.22251892089844 111.0 138.0 75.0 5754.639266054431 5754.639266054431 5754.639266054431 73.0 151.0 84.0 187.0 36.0 201.25
44.842254638671875 58.177520751953125 38.30230712890625 31.0 45.0 29.0 1587.7530203623076 1587.7530203623076 1587.7530203623076 18.0 54.0 27.0 73.0 17.0 48.0
85.19169616699219 108.22389221191406 50.000518798828125 84.0 111.0 44.0 2680.560605803194 2680.560605803194 2680.560605803194 50.0 116.0 68.0 147.0 19.0 73.0
113.59530639648438 115.80599975585938 82.18705749511719 118.0 116.0 53.0 4390.188290551278 4390.188290551278 4390.188290551278 59.0 168.0 84.0 146.0 20.0 159.0