122.49967956542969 118.52426147460938 116.99110412597656 120.0 105.0 94.0 3081.7640298893675 3081.7640298893675 3081.7640298893675 82.0 168.0 81.0 175.0 77.0 176.0
128.08363342285156 120.45585632324219 116.91262817382812 100.0 93.0 90.0 6483.2531462708075 6483.2531462708075 6483.2531462708075 70.0 204.0 59.0 195.0 54.0 187.0
102.54946899414062 110.07991027832031 114.46830749511719 76.0 86.0 94.0 6468.084378745717 6468.084378745717 6468.084378745717 33.0 143.0 46.0 142.0 51.0 146.0
107.3922119140625 106.5169677734375 105.31982421875 91.0 89.0 90.0 4287.101428747177 4287.101428747177 4287.101428747177 58.0 143.0 57.0 138.0 54.0 136.0
123.98030090332031 111.2093505859375 103.94850158691406 98.0 87.0 83.0 3718.9484204814457 3718.9484204814457 3718.9484204814457 84.0 151.0 76.0 130.0 72.0 116.0
125.56524658203125 124.51594543457031 128.38272094726562 123.0 118.0 117.0 3277.3339414031284 3277.3339414031284 3277.3339414031284 91.0 142.0 88.0 138.0 90.0 140.0
120.70330810546875 126.58451843261719 139.51153564453125 121.0 122.0 133.0 3048.8169942446207 3048.8169942446207 3048.8169942446207 90.0 145.0 92.0 155.0 103.0 173.0
130.90603637695312 121.01310729980469 118.24040222167969 124.0 104.0 99.0 4757.279265998138 4757.279265998138 4757.279265998138 82.0 173.0 67.0 168.0 60.0 172.0
152.84890747070312 143.2267608642578 138.48577880859375 134.0 118.0 110.0 5822.855527330786 5822.855527330786 5822.855527330786 93.0 248.0 84.0 245.0 79.0 250.0
92.64085388183594 112.09907531738281 118.24530029296875 60.0 81.0 88.0 6417.716759070754 6417.716759070754 6417.716759070754 28.0 126.0 55.0 149.0 64.0 158.0
127.96168518066406 125.28660583496094 125.46611022949219 136.0 127.0 124.0 2936.0604238689925 2936.0604238689925 2936.0604238689925 91.0 161.0 93.0 155.0 79.0 148.0
144.1620635986328 135.62608337402344 129.33265686035156 130.0 118.0 110.0 4915.948053310909 4915.948053310909 4915.948053310909 90.0 202.0 85.0 182.0 79.0 172.0
109.06938171386719 120.35859680175781 109.68428039550781 103.0 119.0 104.0 5132.7627955308535 5132.7627955308535 5132.7627955308535 42.0 174.0 44.0 196.0 33.0 187.0
119.92475891113281 126.38284301757812 131.14698791503906 124.0 137.0 138.0 5778.9728984567855 5778.9728984567855 5778.9728984567855 51.0 176.0 62.0 180.0 48.0 215.0
102.01268005371094 96.40054321289062 93.43952941894531 86.0 82.0 80.0 3472.4891273725975 3472.4891273725975 3472.4891273725975 70.0 117.0 66.0 107.0 65.0 102.0
104.99777221679688 101.3428955078125 93.42799377441406 94.0 96.0 89.0 5939.174295513555 5939.174295513555 5939.174295513555 31.0 162.0 25.0 153.0 21.0 133.0
146.96482849121094 169.69338989257812 159.74188232421875 155.0 200.0 190.0 4369.792375283704 4369.792375283704 4369.792375283704 107.0 201.0 128.0 214.0 109.0 211.0
111.31687927246094 116.90077209472656 130.63278198242188 113.0 117.0 125.0 4719.913133320605 4719.913133320605 4719.913133320605 49.0 171.0 51.0 175.0 67.0 186.0
120.07928466796875 111.06637573242188 107.10061645507812 111.0 101.0 97.0 4633.321480800293 4633.321480800293 4633.321480800293 77.0 146.0 66.0 134.0 60.0 129.0
113.04837036132812 115.95394897460938 93.31697082519531 138.0 134.0 107.0 4086.187757455407 4086.187757455407 4086.187757455407 42.0 173.0 50.0 173.0 37.0 135.0
122.09764099121094 119.16264343261719 117.08981323242188 112.0 112.0 117.0 2554.0628820790184 2554.0628820790184 2554.0628820790184 86.0 161.0 86.0 152.0 78.0 149.0
124.21548461914062 125.41256713867188 127.10594177246094 130.0 128.0 129.0 2880.8280024366813 2880.8280024366813 2880.8280024366813 86.0 152.0 85.0 149.0 82.0 150.0
116.0540771484375 107.83529663085938 105.81147766113281 110.0 102.0 104.0 3545.8802696948405 3545.8802696948405 3545.8802696948405 55.0 181.0 57.0 161.0 58.0 156.0
132.49896240234375 125.34378051757812 118.36993408203125 121.0 116.0 109.0 3572.994306281104 3572.994306281104 3572.994306281104 102.0 184.0 95.0 168.0 85.0 147.0
102.26902770996094 114.08511352539062 130.56492614746094 75.0 89.0 112.0 5485.65066313578 5485.65066313578 5485.65066313578 45.0 143.0 63.0 147.0 86.0 166.0
117.04193115234375 107.94120788574219 101.76644897460938 100.0 97.0 92.0 4629.316503717849 4629.316503717849 4629.316503717849 43.0 195.0 40.0 177.0 38.0 168.0
154.89891052246094 158.4483642578125 169.29112243652344 144.0 152.0 172.0 3945.2113422601383 3945.2113422601383 3945.2113422601383 102.0 224.0 111.0 228.0 129.0 233.0
117.90724182128906 130.39625549316406 125.18243408203125 88.0 90.0 84.0 6541.409279766078 6541.409279766078 6541.409279766078 54.0 205.0 62.0 231.0 56.0 235.0
100.44334411621094 91.8402099609375 86.59463500976562 82.0 75.0 70.0 3870.5347944191503 3870.5347944191503 3870.5347944191503 66.0 114.0 57.0 103.0 52.0 97.0
137.9879150390625 151.90269470214844 140.5625762939453 153.0 168.0 158.0 4777.852193831984 4777.852193831984 4777.852193831984 72.0 194.0 102.0 204.0 75.0 199.0
107.50688171386719 108.03630065917969 113.73451232910156 86.0 84.0 88.0 3909.218626631191 3909.218626631191 3909.218626631191 67.0 141.0 65.0 142.0 71.0 147.0
133.86456298828125 121.90274047851562 112.67707824707031 102.0 88.0 80.0 5851.8656976849825 5851.8656976849825 5851.8656976849825 74.0 207.0 66.0 183.0 62.0 159.0
140.03131103515625 131.749267578125 123.43074035644531 110.0 102.0 96.0 4326.373213778327 4326.373213778327 4326.373213778327 92.0 189.0 88.0 169.0 84.0 153.0
105.92396545410156 98.04646301269531 94.45706176757812 85.0 77.0 73.0 4718.128413617611 4718.128413617611 4718.128413617611 60.0 136.0 53.0 123.0 49.0 117.0
115.67922973632812 105.00711059570312 97.68307495117188 94.0 86.0 80.0 3780.6768433566517 3780.6768433566517 3780.6768433566517 79.0 137.0 72.0 119.0 67.0 107.0
120.51612854003906 107.66444396972656 101.21406555175781 105.0 93.0 88.0 4114.041684427582 4114.041684427582 4114.041684427582 74.0 172.0 65.0 150.0 60.0 139.0
94.99029541015625 108.98678588867188 102.48182678222656 70.0 83.0 68.0 5935.443463371213 5935.443463371213 5935.443463371213 45.0 124.0 49.0 150.0 44.0 145.25
84.236572265625 60.82362365722656 38.400238037109375 62.0 34.0 26.0 2796.298359180464 2796.298359180464 2796.298359180464 29.0 116.0 26.0 83.0 25.0 42.0
98.72108459472656 112.44900512695312 133.35125732421875 69.0 79.0 95.0 4222.09122744324 4222.09122744324 4222.09122744324 60.0 143.0 72.0 176.0 89.0 233.0
115.17149353027344 107.96144104003906 109.00485229492188 91.0 82.0 83.0 6092.459390910859 6092.459390910859 6092.459390910859 58.0 154.0 48.0 147.0 48.0 148.0
124.77069091796875 132.0419921875 115.72186279296875 118.0 127.0 113.0 2792.085682827565 2792.085682827565 2792.085682827565 78.0 161.0 85.0 171.0 73.0 146.0
109.71595764160156 117.62637329101562 128.30258178710938 92.0 93.0 109.0 3995.065975212776 3995.065975212776 3995.065975212776 56.0 170.0 64.0 169.0 87.0 171.0
159.38735961914062 150.5369873046875 142.57476806640625 128.0 117.0 109.0 4265.750739116532 4265.750739116532 4265.750739116532 111.0 213.0 102.0 199.0 98.0 185.0
114.40950012207031 104.9215087890625 98.1424560546875 88.0 81.0 75.0 4854.188205050276 4854.188205050276 4854.188205050276 79.0 133.0 68.0 114.0 59.0 103.0
118.55941772460938 123.39645385742188 138.25746154785156 94.0 98.0 120.0 4352.608012541896 4352.608012541896 4352.608012541896 70.0 196.0 80.0 196.0 103.0 196.0
82.19296264648438 86.539794921875 91.94883728027344 73.0 77.0 81.0 2347.0790826411044 2347.0790826411044 2347.0790826411044 53.0 108.0 59.0 112.0 58.0 118.0
152.79006958007812 144.38014221191406 126.00236511230469 179.0 164.0 136.0 6422.525906296137 6422.525906296137 6422.525906296137 103.0 214.0 83.0 218.0 40.0 216.0
134.6339569091797 137.25311279296875 142.86012268066406 123.0 124.0 132.0 6006.101388691201 6006.101388691201 6006.101388691201 71.0 212.0 75.0 218.0 80.0 228.0
118.11488342285156 110.21133422851562 102.85316467285156 102.0 94.0 88.0 4581.374930795282 4581.374930795282 4581.374930795282 76.0 150.0 69.0 138.0 62.0 126.0
100.91871643066406 90.13719177246094 87.36131286621094 87.0 76.0 73.0 4057.989662889779 4057.989662889779 4057.989662889779 60.0 121.0 49.0 107.0 46.0 103.0
117.13336181640625 111.73899841308594 111.83091735839844 82.0 76.0 78.0 5304.010586100215 5304.010586100215 5304.010586100215 62.0 164.0 57.0 155.0 64.0 148.0
136.92369079589844 129.98153686523438 128.02964782714844 102.0 93.0 91.0 6533.949242568265 6533.949242568265 6533.949242568265 79.0 236.0 71.0 232.0 69.0 229.0
106.18022155761719 102.78291320800781 97.24134826660156 92.0 87.0 81.0 3968.211037060013 3968.211037060013 3968.211037060013 76.0 139.0 70.0 139.0 53.0 143.0
145.88031005859375 134.0886993408203 139.54629516601562 117.0 105.0 115.0 5838.594741227079 5838.594741227079 5838.594741227079 86.0 234.0 75.0 219.0 86.0 223.0
123.12751770019531 111.90786743164062 102.67045593261719 106.0 93.0 83.0 5002.977062995129 5002.977062995129 5002.977062995129 71.0 178.0 63.0 157.0 55.0 141.0
143.786376953125 138.2156982421875 133.44105529785156 172.0 164.0 154.0 5713.669145452454 5713.669145452454 5713.669145452454 77.0 202.0 58.0 208.0 56.0 204.0
116.403076171875 107.0386962890625 99.27459716796875 95.0 82.0 83.0 5597.692887842241 5597.692887842241 5597.692887842241 52.0 190.0 44.0 188.0 37.0 152.0
128.08993530273438 117.6243896484375 112.28190612792969 105.0 96.0 94.0 3862.2982382356035 3862.2982382356035 3862.2982382356035 90.0 168.0 83.0 148.0 82.0 133.0
127.29182434082031 116.81895446777344 113.41024780273438 127.0 113.0 110.0 2530.976479467315 2530.976479467315 2530.976479467315 100.0 163.0 82.0 151.0 74.0 144.0
101.19424438476562 101.62641906738281 109.89854431152344 85.0 78.0 78.0 6461.592205236252 6461.592205236252 6461.592205236252 33.0 193.0 30.0 195.0 31.0 212.0
133.0787353515625 126.68548583984375 126.59770202636719 139.0 132.0 122.0 2618.860447427025 2618.860447427025 2618.860447427025 105.0 166.0 91.0 159.0 75.0 180.0
119.09539794921875 114.65248107910156 111.83412170410156 127.0 116.0 113.0 3607.866091118815 3607.866091118815 3607.866091118815 68.0 177.0 68.0 161.0 66.0 148.0
72.638916015625 89.42958068847656 103.56488037109375 42.0 53.0 72.0 6976.440986041576 6976.440986041576 6976.440986041576 15.0 91.0 27.0 105.0 43.0 123.0
86.83038330078125 83.93841552734375 82.59930419921875 75.0 73.0 77.0 2601.564035852336 2601.564035852336 2601.564035852336 46.0 129.0 43.0 127.0 36.0 126.0
121.13232421875 120.75778198242188 123.99412536621094 118.0 112.0 109.0 3431.304098620778 3431.304098620778 3431.304098620778 76.0 170.0 75.0 178.0 65.0 197.0
126.09910583496094 125.38291931152344 128.6012420654297 133.0 142.0 139.0 5160.61177675175 5160.61177675175 5160.61177675175 53.0 178.0 51.0 168.0 60.0 167.0
119.48484802246094 107.87187194824219 104.85673522949219 101.0 91.0 91.0 3608.0662349704376 3608.0662349704376 3608.0662349704376 86.0 134.0 74.0 119.0 72.0 114.0
118.94279479980469 119.43363952636719 115.82164001464844 117.0 115.0 113.0 3438.971770896033 3438.971770896033 3438.971770896033 82.0 149.0 80.0 146.0 70.0 141.0
126.0704345703125 125.67958068847656 134.91783142089844 108.0 115.0 131.0 3809.2063796768584 3809.2063796768584 3809.2063796768584 80.0 170.0 74.0 172.0 78.0 186.0
123.02854919433594 117.05902099609375 122.49861145019531 107.0 103.0 111.0 2892.3437351584435 2892.3437351584435 2892.3437351584435 94.0 145.0 86.0 136.0 94.0 131.0
139.16567993164062 116.90986633300781 112.49493408203125 149.0 120.0 120.0 5873.0945069228765 5873.0945069228765 5873.0945069228765 65.0 199.0 45.0 162.0 38.0 173.0
129.81387329101562 121.78738403320312 125.75900268554688 132.0 124.0 133.0 3296.699592185414 3296.699592185414 3296.699592185414 83.0 167.0 83.0 151.0 82.0 151.0
150.115966796875 153.3778839111328 141.24078369140625 139.0 138.0 124.0 4445.014685782268 4445.014685782268 4445.014685782268 77.0 228.0 98.0 215.0 102.0 183.0
73.67044067382812 71.787109375 62.05125427246094 55.0 56.0 47.0 3198.463122761886 3198.463122761886 3198.463122761886 32.0 103.0 34.0 101.0 28.0 83.0
112.51632690429688 103.88456726074219 98.24081420898438 97.0 89.0 83.0 4370.012169654558 4370.012169654558 4370.012169654558 70.0 135.0 62.0 122.0 57.0 114.0
113.03952026367188 113.41917419433594 132.96395874023438 122.0 122.0 128.0 3419.5028244511273 3419.5028244511273 3419.5028244511273 74.0 141.0 77.0 149.0 86.0 204.0
120.66778564453125 112.0672607421875 111.51205444335938 92.0 82.0 81.0 5276.687738120451 5276.687738120451 5276.687738120451 61.0 173.0 52.0 156.0 59.0 145.0
120.81053161621094 117.02914428710938 117.76138305664062 127.0 117.0 112.0 4482.450118487054 4482.450118487054 4482.450118487054 61.0 168.0 58.0 155.0 58.0 149.0
94.57421875 113.48529052734375 109.31695556640625 63.0 88.0 94.0 3735.1642080677884 3735.1642080677884 3735.1642080677884 40.0 154.0 71.0 161.0 78.0 146.0
109.87812805175781 108.28485107421875 111.71221923828125 96.0 93.0 93.0 5966.009220118918 5966.009220118918 5966.009220118918 50.0 193.0 44.0 190.0 40.0 201.0
65.44346618652344 67.26475524902344 80.8443603515625 57.0 57.0 76.0 1530.349831141428 1530.349831141428 1530.349831141428 30.0 84.0 40.0 88.0 64.0 95.0
136.51092529296875 122.17205810546875 113.73995971679688 118.0 104.0 98.0 3333.5464899067033 3333.5464899067033 3333.5464899067033 103.0 165.0 91.0 144.0 85.0 129.0
121.25990295410156 119.73025512695312 127.0211181640625 130.0 131.0 126.0 3164.6122413921016 3164.6122413921016 3164.6122413921016 86.0 152.0 80.0 159.0 75.0 180.0
133.8815155029297 128.79185485839844 137.96841430664062 142.0 132.0 131.0 1727.7364850139456 1727.7364850139456 1727.7364850139456 120.0 150.0 125.0 145.0 124.0 179.0
118.62005615234375 121.11676025390625 124.73487854003906 97.0 96.0 99.0 4953.32406869528 4953.32406869528 4953.32406869528 68.0 200.0 72.0 207.0 70.0 222.0
109.45584106445312 120.51148986816406 123.07492065429688 79.0 92.0 98.0 6691.198784731304 6691.198784731304 6691.198784731304 45.0 185.25 64.0 189.0 72.0 165.0
128.67262268066406 116.69332885742188 106.86625671386719 106.0 96.5 89.0 3791.873043916188 3791.873043916188 3791.873043916188 88.0 169.0 81.0 147.0 74.0 130.0
111.31007385253906 109.19961547851562 101.56230163574219 74.0 72.0 65.0 5883.590444516701 5883.590444516701 5883.590444516701 52.0 164.0 53.0 155.0 44.0 146.0
134.58218383789062 123.40269470214844 113.03369140625 120.0 106.0 95.0 4632.727088759316 4632.727088759316 4632.727088759316 79.0 185.0 72.0 164.0 65.0 146.0
116.50946044921875 100.31858825683594 92.74468994140625 115.0 89.0 75.0 5374.047063623838 5374.047063623838 5374.047063623838 46.0 193.0 30.0 161.0 27.0 152.0
81.83900451660156 114.37043762207031 119.34260559082031 59.0 112.0 123.0 2449.2409438496825 2449.2409438496825 2449.2409438496825 49.0 103.0 91.0 125.0 90.0 153.0
116.79823303222656 103.61817932128906 96.31988525390625 105.0 94.0 87.0 3473.312836872103 3473.312836872103 3473.312836872103 84.0 131.0 70.0 114.0 62.0 105.0
57.52525329589844 58.33897399902344 55.79875183105469 46.0 50.0 47.0 1394.2636875067062 1394.2636875067062 1394.2636875067062 26.0 91.0 27.0 89.0 27.0 85.0
139.9423370361328 131.9564666748047 127.51704406738281 121.0 113.0 110.0 4076.528693136421 4076.528693136421 4076.528693136421 99.0 183.0 92.0 168.0 88.0 161.0
147.72560119628906 151.92787170410156 157.11936950683594 164.0 171.0 174.0 4414.5082656943705 4414.5082656943705 4414.5082656943705 79.0 212.0 93.0 210.0 104.0 211.0
128.02867126464844 120.97930908203125 123.59185791015625 137.0 128.0 136.0 2049.5729925508044 2049.5729925508044 2049.5729925508044 89.0 164.0 89.0 149.0 90.0 149.0
145.93865966796875 150.48739624023438 155.09991455078125 123.0 125.0 129.0 6827.552618744368 6827.552618744368 6827.552618744368 70.0 250.0 81.0 250.0 90.0 250.0
104.74859619140625 104.31230163574219 84.00202941894531 94.0 93.0 73.0 3836.077857950909 3836.077857950909 3836.077857950909 51.0 153.0 52.0 149.0 38.0 123.0
130.94224548339844 129.00717163085938 148.78463745117188 124.0 119.0 141.0 4254.342712126026 4254.342712126026 4254.342712126026 88.0 156.0 85.0 151.0 108.0 176.0
66.61581420898438 43.28175354003906 26.683380126953125 38.0 21.0 21.0 2320.1390322732173 2320.1390322732173 2320.1390322732173 21.0 85.0 21.0 45.0 19.0 23.0
123.906005859375 118.27189636230469 117.3018798828125 120.0 105.0 99.0 2626.1669569418823 2626.1669569418823 2626.1669569418823 88.0 166.0 83.0 148.0 80.0 136.0
132.53506469726562 119.7550048828125 108.675048828125 115.0 102.0 92.0 4848.636108840401 4848.636108840401 4848.636108840401 90.0 167.0 77.0 144.0 66.0 127.0
136.06253051757812 119.62567138671875 106.20323181152344 115.0 94.0 80.0 4030.9115440383707 4030.9115440383707 4030.9115440383707 84.0 211.0 63.0 200.0 50.0 186.0
127.31654357910156 117.47776794433594 117.82469177246094 116.0 106.0 109.0 3012.238901593179 3012.238901593179 3012.238901593179 101.0 146.0 90.0 132.0 87.0 133.0
117.61712646484375 113.07891845703125 116.49334716796875 124.0 111.0 110.0 4038.389087703079 4038.389087703079 4038.389087703079 63.0 156.0 60.0 144.0 61.0 144.0
132.15330505371094 127.80999755859375 132.9569549560547 131.0 121.0 120.0 5287.351791832906 5287.351791832906 5287.351791832906 74.0 197.0 65.0 198.0 67.0 214.0
120.78250122070312 118.10186767578125 117.29576110839844 107.0 94.0 94.0 4116.173171260057 4116.173171260057 4116.173171260057 68.0 169.0 75.0 168.0 79.0 155.0
168.66722106933594 160.81231689453125 155.5767364501953 136.0 124.0 117.0 4760.85451331238 4760.85451331238 4760.85451331238 117.0 254.0 108.0 254.0 104.0 254.0
104.86164855957031 111.03082275390625 115.33908081054688 77.0 83.0 89.0 6738.157276062891 6738.157276062891 6738.157276062891 35.0 156.0 47.0 157.0 58.0 160.0
114.6038818359375 115.5303955078125 98.21623229980469 108.0 110.0 79.0 3078.730305045196 3078.730305045196 3078.730305045196 77.0 146.0 74.0 159.0 42.0 153.0
116.38035583496094 123.01545715332031 155.16015625 110.0 126.0 194.0 3317.385770509227 3317.385770509227 3317.385770509227 98.0 125.0 98.0 144.0 105.0 211.0
129.34152221679688 133.88931274414062 142.41708374023438 131.0 134.0 141.0 5169.28424763338 5169.28424763338 5169.28424763338 51.0 200.0 59.0 204.0 74.0 209.0
120.76847839355469 112.36308288574219 105.00851440429688 92.0 83.0 80.0 5264.244588394544 5264.244588394544 5264.244588394544 82.0 143.0 72.0 130.0 61.0 115.0
133.61477661132812 146.5188751220703 133.43980407714844 126.0 163.0 147.0 3974.442776800754 3974.442776800754 3974.442776800754 100.0 179.0 96.0 180.0 68.0 196.0
136.08718872070312 133.7969207763672 105.06233215332031 136.0 138.0 107.0 2790.0115424434966 2790.0115424434966 2790.0115424434966 88.0 178.0 91.0 177.0 70.0 141.0
109.29817199707031 113.65164184570312 119.82072448730469 82.0 69.0 70.0 7844.614388962484 7844.614388962484 7844.614388962484 29.0 195.0 36.0 223.0 51.0 250.0
141.2649383544922 143.70753479003906 124.87594604492188 164.0 165.0 140.0 3566.0793256907614 3566.0793256907614 3566.0793256907614 90.0 189.0 92.0 191.0 87.0 169.0
58.94139099121094 56.3060302734375 63.06144714355469 50.0 49.0 63.0 1500.5640256850882 1500.5640256850882 1500.5640256850882 26.0 73.0 30.0 70.0 39.0 77.0
99.06805419921875 111.87924194335938 102.90483093261719 108.0 127.0 95.0 3562.428839727589 3562.428839727589 3562.428839727589 44.0 133.0 55.0 160.0 43.0 179.0
131.4583282470703 115.98171997070312 105.91693115234375 128.0 108.0 94.0 3590.129295294251 3590.129295294251 3590.129295294251 86.0 163.0 75.0 142.0 68.0 130.0
113.49137878417969 102.27580261230469 92.96340942382812 100.0 90.0 81.0 3567.11745420926 3567.11745420926 3567.11745420926 79.0 136.0 70.0 119.0 61.0 106.0
131.4662322998047 119.61976623535156 112.70416259765625 129.0 115.0 101.0 4854.1737201197275 4854.1737201197275 4854.1737201197275 64.0 194.0 53.0 170.0 52.0 150.0
126.37753295898438 136.58465576171875 132.64523315429688 113.0 109.0 99.0 6926.4523277282715 6926.4523277282715 6926.4523277282715 65.0 199.0 78.0 222.0 45.0 250.0
110.38687133789062 114.71090698242188 127.11293029785156 94.0 90.0 98.0 4151.340096918219 4151.340096918219 4151.340096918219 60.0 149.0 65.0 169.0 82.0 177.0
121.39543151855469 115.3568115234375 107.29708862304688 116.0 104.0 89.0 5258.398070459538 5258.398070459538 5258.398070459538 51.0 166.0 44.0 181.0 44.0 172.0
83.36312866210938 84.05729675292969 74.38801574707031 84.0 85.0 74.0 1127.49206402308 1127.49206402308 1127.49206402308 61.0 104.0 62.0 107.0 56.0 93.0
147.60116577148438 137.6465301513672 96.70719909667969 150.0 145.0 99.0 2812.7572677098215 2812.7572677098215 2812.7572677098215 120.0 182.0 107.0 170.0 55.0 144.0
129.36631774902344 120.92518615722656 127.66914367675781 126.0 115.0 122.0 3087.9684406028177 3087.9684406028177 3087.9684406028177 91.0 168.0 87.0 157.0 86.0 173.0
152.945068359375 147.9368133544922 142.06675720214844 124.0 114.0 103.0 6239.552566729381 6239.552566729381 6239.552566729381 86.0 239.0 79.0 240.0 74.0 239.0
132.46014404296875 119.6397705078125 113.90272521972656 114.0 102.0 97.0 3805.882023354965 3805.882023354965 3805.882023354965 88.0 166.0 78.0 145.0 72.0 136.0
135.43873596191406 130.13356018066406 130.45030212402344 148.0 139.0 134.0 1770.933063985134 1770.933063985134 1770.933063985134 128.0 158.0 124.0 153.0 118.0 175.0
149.2057647705078 130.66163635253906 121.28369140625 144.0 121.0 111.0 4039.86272834231 4039.86272834231 4039.86272834231 106.0 192.0 89.0 164.0 81.0 151.0
140.74693298339844 150.41246032714844 149.7442169189453 144.0 148.0 142.5 3540.5357260908672 3540.5357260908672 3540.5357260908672 97.0 187.0 105.0 210.0 104.0 218.0
129.97621154785156 118.47158813476562 118.78614807128906 139.0 127.0 125.0 2612.243264283985 2612.243264283985 2612.243264283985 112.0 151.0 85.0 141.0 78.0 138.0
122.88081359863281 116.66911315917969 105.8458251953125 101.0 95.0 90.0 3414.675377362304 3414.675377362304 3414.675377362304 89.0 142.0 83.0 142.0 78.0 117.0
127.26736450195312 123.45018005371094 130.15859985351562 121.0 116.0 126.0 3044.72289982125 3044.72289982125 3044.72289982125 102.0 146.0 97.0 140.0 102.0 146.0
116.20695495605469 113.30499267578125 115.40199279785156 110.0 104.0 107.0 3856.9232696940503 3856.9232696940503 3856.9232696940503 77.0 136.0 74.0 132.0 74.0 134.0
109.41973876953125 107.242919921875 121.80268859863281 111.0 107.0 130.0 2851.157015149766 2851.157015149766 2851.157015149766 70.0 129.0 69.0 124.0 76.0 152.0
115.06837463378906 118.79417419433594 132.92642211914062 100.0 108.0 132.0 2808.1034333431676 2808.1034333431676 2808.1034333431676 89.0 129.0 95.0 130.0 110.0 143.0
170.9495391845703 182.1774444580078 177.53057861328125 191.0 217.0 217.0 4433.308086839711 4433.308086839711 4433.308086839711 137.0 222.0 141.0 232.0 129.0 229.0
121.34292602539062 115.37588500976562 112.99169921875 88.0 82.0 80.0 6052.248544990601 6052.248544990601 6052.248544990601 66.0 193.0 58.0 187.0 56.0 181.0
137.67318725585938 122.01480102539062 116.56922912597656 113.0 97.0 93.0 4149.446423146847 4149.446423146847 4149.446423146847 90.0 188.0 79.0 159.0 76.0 147.25
116.83290100097656 109.62374877929688 104.08442687988281 95.0 87.0 80.0 4821.934267546982 4821.934267546982 4821.934267546982 71.0 141.0 66.0 128.0 59.0 121.0
125.01300048828125 111.71061706542969 104.73345947265625 99.0 88.0 82.0 4019.181507123607 4019.181507123607 4019.181507123607 84.0 164.0 73.0 141.0 69.0 129.0
135.0032501220703 123.41532897949219 121.59315490722656 129.0 118.0 115.0 2893.2802394893174 2893.2802394893174 2893.2802394893174 116.0 166.0 94.0 141.0 84.0 132.0
103.83766174316406 108.44117736816406 126.91233825683594 61.0 60.0 89.0 8590.438530373054 8590.438530373054 8590.438530373054 32.0 228.0 35.0 248.0 60.0 254.0
130.39901733398438 122.034423828125 121.58091735839844 103.0 93.0 94.0 4945.658744792739 4945.658744792739 4945.658744792739 84.0 186.0 76.0 176.0 78.0 171.0
109.32342529296875 120.21278381347656 128.03286743164062 119.0 123.0 123.0 3136.9624655668667 3136.9624655668667 3136.9624655668667 81.0 135.0 83.0 146.0 77.0 147.0
113.96104431152344 109.00411987304688 110.32479858398438 109.0 102.0 103.0 2266.8253188027434 2266.8253188027434 2266.8253188027434 77.0 149.0 75.0 143.0 76.0 145.0
128.9925537109375 124.169677734375 128.0244598388672 136.0 127.0 131.0 2215.148944146285 2215.148944146285 2215.148944146285 99.0 160.0 98.0 148.0 100.0 153.0
130.012939453125 121.05661010742188 114.59156799316406 109.0 100.0 94.0 4521.3543612327585 4521.3543612327585 4521.3543612327585 89.0 159.0 81.0 142.0 75.0 130.0
102.92138671875 92.53720092773438 106.90522766113281 77.0 73.0 84.0 3859.5273107768094 3859.5273107768094 3859.5273107768094 59.0 123.0 53.0 98.0 54.0 166.0
129.11483764648438 121.95716857910156 131.60716247558594 108.0 99.0 109.0 4644.462141589883 4644.462141589883 4644.462141589883 83.0 176.0 78.0 163.0 88.0 176.0
94.98046875 95.89189147949219 109.01008605957031 66.0 67.0 84.0 7621.590149546663 7621.590149546663 7621.590149546663 24.0 125.0 26.0 123.0 39.0 138.0
131.49652099609375 121.2037353515625 118.3037109375 126.0 114.0 111.0 2391.7451561287876 2391.7451561287876 2391.7451561287876 110.0 170.0 92.0 161.0 76.0 150.0
120.85734558105469 112.00819396972656 107.96754455566406 111.0 98.0 96.0 4447.609987228462 4447.609987228462 4447.609987228462 64.0 178.0 55.0 159.0 51.0 145.0
133.0054931640625 129.8647918701172 132.5390167236328 132.0 123.0 120.0 2858.665667876601 2858.665667876601 2858.665667876601 97.0 178.0 92.0 184.0 91.0 184.0
164.58604431152344 174.89027404785156 177.26268005371094 194.0 207.0 208.0 4361.207635782633 4361.207635782633 4361.207635782633 131.0 207.0 137.0 223.0 141.0 226.0
111.044921875 110.1103515625 115.1427001953125 90.0 89.0 92.0 4955.709667919411 4955.709667919411 4955.709667919411 54.0 194.0 55.0 193.0 60.0 198.0
104.0003662109375 95.90658569335938 88.51797485351562 78.0 72.0 66.0 4539.412300346624 4539.412300346624 4539.412300346624 61.0 126.0 55.0 112.0 50.0 100.0
113.03009033203125 122.42759704589844 150.65760803222656 89.0 96.0 132.0 5115.239245652739 5115.239245652739 5115.239245652739 55.0 163.0 74.0 169.0 113.0 199.0
95.744140625 115.98466491699219 111.82150268554688 68.0 82.0 71.0 6977.056647633489 6977.056647633489 6977.056647633489 30.0 159.0 47.0 204.0 40.0 212.0
160.21017456054688 171.70452880859375 169.20989990234375 172.0 194.0 199.0 3350.8464397679395 3350.8464397679395 3350.8464397679395 135.0 196.0 140.0 213.0 126.0 218.0
148.69549560546875 140.01878356933594 130.2910614013672 116.0 106.0 99.0 5713.504238774275 5713.504238774275 5713.504238774275 101.0 247.0 91.0 242.0 73.0 229.0
122.80226135253906 126.55804443359375 134.46360778808594 107.0 110.0 118.0 4542.1270276601945 4542.1270276601945 4542.1270276601945 70.0 157.0 78.0 162.0 89.0 172.0
137.3175811767578 146.18470764160156 150.21009826660156 159.0 180.0 183.0 4326.610191826993 4326.610191826993 4326.610191826993 94.0 186.0 94.0 201.0 97.0 205.0
123.92056274414062 127.26124572753906 114.1004638671875 119.0 128.0 114.0 4927.26428094483 4927.26428094483 4927.26428094483 69.0 180.0 73.0 182.0 54.0 171.0
106.01261901855469 96.5577392578125 91.74810791015625 84.0 77.0 74.0 4111.03231521983 4111.03231521983 4111.03231521983 65.0 128.0 58.0 110.0 58.0 100.0
147.38145446777344 135.67324829101562 139.2661895751953 143.0 131.0 135.0 4164.123856666084 4164.123856666084 4164.123856666084 101.0 190.0 92.0 175.0 96.0 180.25
122.49966430664062 120.58233642578125 109.92916870117188 116.0 113.0 111.0 2928.9501950140625 2928.9501950140625 2928.9501950140625 88.0 158.0 85.0 161.0 60.0 154.0
128.30506896972656 117.91404724121094 109.23725891113281 104.0 101.0 88.0 3665.332348762468 3665.332348762468 3665.332348762468 74.0 203.0 73.0 182.0 63.0 176.0
97.63018798828125 90.33270263671875 86.55506896972656 80.0 74.0 70.0 3932.518579884096 3932.518579884096 3932.518579884096 62.0 112.0 54.0 101.0 53.0 95.0
106.59745788574219 96.30583190917969 89.91645812988281 79.0 70.0 64.0 4992.963737796759 4992.963737796759 4992.963737796759 62.0 129.0 52.0 110.0 48.0 99.0
102.23568725585938 103.63568115234375 116.27273559570312 101.0 101.0 101.0 4914.820663590812 4914.820663590812 4914.820663590812 40.0 155.0 39.0 168.0 46.0 198.0
75.06005859375 78.37022399902344 76.88676452636719 60.0 78.0 91.0 1784.7141052160623 1784.7141052160623 1784.7141052160623 37.0 118.0 50.0 106.0 45.0 105.0
121.98652648925781 118.12263488769531 116.54364013671875 125.0 119.0 118.0 3316.6639130412495 3316.6639130412495 3316.6639130412495 89.0 155.0 78.0 147.0 76.0 147.0
80.12455749511719 78.97177124023438 105.56781005859375 51.0 53.0 90.0 5341.278744776397 5341.278744776397 5341.278744776397 28.0 112.0 31.0 100.0 60.0 133.25
138.60433959960938 128.9495391845703 119.47518920898438 120.0 107.0 94.0 4902.505292469403 4902.505292469403 4902.505292469403 84.0 188.0 77.0 176.0 72.0 159.0
107.06149291992188 108.41673278808594 120.19589233398438 97.0 97.0 116.0 4090.2068534664963 4090.2068534664963 4090.2068534664963 64.0 134.0 67.0 134.0 75.0 148.0
125.34980773925781 120.98004150390625 124.98251342773438 118.0 106.0 104.0 4470.28798187894 4470.28798187894 4470.28798187894 91.0 193.0 85.0 194.0 83.0 212.0
144.51344299316406 140.21432495117188 149.80833435058594 117.0 110.0 122.0 4629.258742577396 4629.258742577396 4629.258742577396 86.0 218.0 83.0 205.0 96.0 211.0
123.22158813476562 114.37818908691406 108.65962219238281 108.0 100.0 95.0 4730.221564754844 4730.221564754844 4730.221564754844 76.0 164.0 68.0 148.0 61.0 138.0
121.2435302734375 115.51869201660156 119.27290344238281 119.0 105.0 109.0 3294.2667662566528 3294.2667662566528 3294.2667662566528 87.0 141.0 82.0 136.0 87.0 139.0
111.60948181152344 107.41148376464844 129.6584014892578 101.0 95.0 125.0 4799.476148037628 4799.476148037628 4799.476148037628 63.0 135.0 60.0 129.0 86.0 155.0
103.14796447753906 119.63581848144531 150.30323791503906 88.0 108.0 151.0 6801.119162190681 6801.119162190681 6801.119162190681 28.0 151.0 52.0 174.0 89.0 214.0
167.3228302001953 147.1312255859375 136.8921356201172 150.0 128.0 119.0 3438.498948176702 3438.498948176702 3438.498948176702 131.0 220.25 111.0 191.0 107.0 169.0
113.41084289550781 106.62796020507812 100.99990844726562 88.0 80.0 74.0 5584.431204543733 5584.431204543733 5584.431204543733 71.0 137.0 62.0 128.0 51.0 119.0
129.38742065429688 129.6262969970703 140.24131774902344 114.0 117.0 133.0 5519.36407019436 5519.36407019436 5519.36407019436 75.0 192.0 74.0 189.0 89.0 199.0
123.50062561035156 115.42715454101562 112.99176025390625 110.0 93.0 82.0 5548.151568495951 5548.151568495951 5548.151568495951 67.0 179.0 56.0 162.0 54.0 138.0
139.36094665527344 129.7418670654297 125.24600219726562 107.5 96.0 91.0 5745.749281256977 5745.749281256977 5745.749281256977 84.0 230.0 75.0 227.0 71.0 216.0
102.3653564453125 92.98966979980469 87.13706970214844 93.0 83.0 76.0 4174.219075360957 4174.219075360957 4174.219075360957 56.0 119.0 47.0 108.0 40.0 101.0
109.51179504394531 104.58279418945312 103.62689208984375 112.0 107.0 108.0 2268.916231280168 2268.916231280168 2268.916231280168 76.0 133.0 68.0 127.0 65.0 126.0
127.62353515625 118.64950561523438 124.72213745117188 138.0 126.0 122.0 2393.140785177135 2393.140785177135 2393.140785177135 105.0 154.0 103.0 142.0 100.0 167.0
93.61856079101562 92.62725830078125 93.02104187011719 80.0 79.0 78.0 5429.431057177459 5429.431057177459 5429.431057177459 20.0 164.0 21.0 160.0 23.0 148.0
87.06599426269531 91.47047424316406 114.11140441894531 100.0 96.0 98.0 3554.3056453509616 3554.3056453509616 3554.3056453509616 35.0 124.0 37.0 141.0 54.0 174.0
123.09779357910156 121.87605285644531 121.34161376953125 116.0 110.0 106.0 2714.2462466358106 2714.2462466358106 2714.2462466358106 78.0 167.0 83.0 149.0 92.0 140.0
131.45281982421875 127.00785827636719 140.78738403320312 115.0 108.0 134.0 4417.615136471034 4417.615136471034 4417.615136471034 82.0 206.0 78.0 208.0 94.0 215.0
125.939697265625 114.9732666015625 112.29521179199219 100.0 93.0 96.0 4264.709840324372 4264.709840324372 4264.709840324372 84.0 169.0 77.0 147.0 77.0 137.0
131.1791229248047 116.50413513183594 109.19020080566406 114.0 95.0 86.0 4905.7103230698385 4905.7103230698385 4905.7103230698385 83.0 187.0 71.0 162.0 64.0 147.0
111.68473815917969 133.16671752929688 132.6547393798828 149.0 162.0 124.0 6084.542232063805 6084.542232063805 6084.542232063805 31.0 163.0 51.0 208.0 53.0 228.0
126.24702453613281 122.1064453125 126.68116760253906 121.0 114.0 124.0 4214.72752782692 4214.72752782692 4214.72752782692 79.0 172.0 76.0 160.0 64.0 170.0
125.9735107421875 117.35928344726562 110.90251159667969 103.0 95.0 89.0 5165.804572803872 5165.804572803872 5165.804572803872 74.0 164.0 67.0 147.0 61.0 136.0
93.58412170410156 96.84312438964844 95.87260437011719 93.0 103.0 98.0 4552.449619951941 4552.449619951941 4552.449619951941 32.0 146.0 41.0 132.0 22.0 172.0
102.01058959960938 92.026123046875 89.08123779296875 83.0 74.0 71.0 4115.262529573403 4115.262529573403 4115.262529573403 66.0 114.0 56.0 100.0 54.0 95.0
118.55342102050781 107.50852966308594 98.14222717285156 100.0 93.0 86.0 3599.7427179906244 3599.7427179906244 3599.7427179906244 93.0 130.0 79.0 112.0 65.0 100.0
133.11224365234375 135.01937866210938 137.7036895751953 126.0 124.0 124.0 6155.058728571956 6155.058728571956 6155.058728571956 66.0 208.0 65.0 218.0 64.0 229.0
97.17143249511719 88.65087890625 93.240234375 94.0 86.0 100.0 2272.7638933391363 2272.7638933391363 2272.7638933391363 60.0 140.0 52.0 126.0 53.0 128.0
160.169921875 149.20814514160156 156.64144897460938 165.0 150.0 156.0 4252.815199176444 4252.815199176444 4252.815199176444 107.0 226.0 87.0 226.0 90.0 246.0
107.59906005859375 100.33578491210938 89.06443786621094 65.0 61.0 55.0 6169.047266585108 6169.047266585108 6169.047266585108 51.0 166.0 47.0 143.0 44.0 103.0
154.74334716796875 163.69900512695312 168.3455352783203 132.0 148.0 168.0 7092.222056791783 7092.222056791783 7092.222056791783 93.0 254.0 111.0 254.0 114.0 254.0
87.66871643066406 95.17062377929688 110.91033935546875 63.0 69.0 90.0 5389.163514019893 5389.163514019893 5389.163514019893 34.0 125.0 46.0 116.0 65.0 133.0
128.00048828125 122.93852233886719 123.39961242675781 125.0 121.0 123.0 2339.689302702745 2339.689302702745 2339.689302702745 104.0 150.0 100.0 140.0 100.0 140.0
128.96900939941406 115.90116882324219 105.86431884765625 125.0 104.0 84.0 8360.085510676106 8360.085510676106 8360.085510676106 33.0 238.0 24.0 223.0 17.0 211.0
99.01002502441406 95.681640625 94.33676147460938 83.0 77.0 79.0 4096.1973775910565 4096.1973775910565 4096.1973775910565 46.0 150.0 45.0 142.0 42.0 143.0
120.81011962890625 118.91029357910156 121.20388793945312 103.0 99.0 103.0 5997.8642874111465 5997.8642874111465 5997.8642874111465 70.0 134.0 66.0 132.25 67.0 146.0
134.2795867919922 145.3994140625 145.38795471191406 120.0 132.0 132.0 4810.509348888777 4810.509348888777 4810.509348888777 75.0 187.0 82.0 213.0 83.0 211.0
127.62959289550781 119.58854675292969 122.0631103515625 127.0 111.0 106.0 2858.3327840169272 2858.3327840169272 2858.3327840169272 90.0 167.0 83.0 169.0 80.0 160.0
137.15223693847656 127.68458557128906 122.46942138671875 110.0 101.0 98.0 4167.058172751528 4167.058172751528 4167.058172751528 102.0 154.0 92.0 141.0 90.0 132.0
129.89654541015625 124.3924560546875 122.56063842773438 90.0 84.0 83.0 6538.683245089215 6538.683245089215 6538.683245089215 75.0 229.0 68.0 226.0 64.0 222.0
117.18031311035156 106.88082885742188 102.15916442871094 87.0 79.0 75.0 5215.713031711575 5215.713031711575 5215.713031711575 76.0 156.0 64.0 136.0 57.0 126.0
149.8981475830078 141.76210021972656 134.68374633789062 129.0 121.0 115.0 3436.2003733250817 3436.2003733250817 3436.2003733250817 109.0 191.0 102.0 179.0 97.0 164.0
124.67414855957031 120.40359497070312 119.99148559570312 125.0 121.0 123.0 2087.5257753286664 2087.5257753286664 2087.5257753286664 104.0 139.0 98.0 132.0 95.0 134.0
115.49613952636719 111.78619384765625 109.41368103027344 116.0 108.0 103.0 2629.6036953378675 2629.6036953378675 2629.6036953378675 72.0 150.0 72.0 142.0 70.0 142.0
123.99308776855469 128.27191162109375 138.5474090576172 116.0 120.0 138.0 2584.7923376285994 2584.7923376285994 2584.7923376285994 96.0 152.0 102.0 151.0 113.0 161.0
137.01815795898438 134.5231475830078 148.88909912109375 126.0 125.0 158.0 4447.778626464282 4447.778626464282 4447.778626464282 88.0 212.0 83.0 210.0 95.0 220.0
139.1748046875 148.061767578125 156.61199951171875 143.0 136.0 126.0 6193.0172275565565 6193.0172275565565 6193.0172275565565 70.0 195.0 70.0 228.0 77.0 252.0
114.35121154785156 115.61358642578125 112.55638122558594 98.0 93.0 86.0 3579.7094533339973 3579.7094533339973 3579.7094533339973 61.0 179.0 75.0 158.0 73.0 145.0
122.7921142578125 133.59866333007812 129.07339477539062 106.0 115.0 105.0 5273.981292515579 5273.981292515579 5273.981292515579 66.0 185.0 75.0 195.0 71.0 181.0
129.03443908691406 113.73011779785156 103.5272216796875 108.0 96.0 88.0 4211.24437901864 4211.24437901864 4211.24437901864 93.0 170.0 78.0 144.0 68.0 126.0
113.57673645019531 108.04110717773438 100.5692138671875 88.0 82.0 69.0 5912.947726545829 5912.947726545829 5912.947726545829 50.0 165.0 47.0 154.0 50.0 133.0
147.1037139892578 122.35409545898438 114.43202209472656 153.0 119.0 116.0 6305.278487453444 6305.278487453444 6305.278487453444 72.0 218.0 49.0 174.0 39.0 183.0
149.7097930908203 163.93472290039062 157.9070587158203 166.0 197.0 187.0 4949.396758486413 4949.396758486413 4949.396758486413 102.0 203.0 108.0 224.0 92.0 223.0
124.31864929199219 114.52558898925781 111.41555786132812 95.0 86.0 84.0 5281.617222613655 5281.617222613655 5281.617222613655 80.0 155.0 66.0 148.0 59.0 143.0
132.4650115966797 119.01065063476562 115.10140991210938 115.0 101.0 96.0 4361.676138489792 4361.676138489792 4361.676138489792 82.0 176.0 73.0 156.0 71.0 150.0
108.69805908203125 124.0076904296875 123.36772155761719 98.0 120.0 130.0 2463.3867886637386 2463.3867886637386 2463.3867886637386 69.0 139.0 105.0 143.0 86.0 168.0
126.46864318847656 115.68560791015625 106.79824829101562 103.0 90.0 79.0 5795.036365306599 5795.036365306599 5795.036365306599 58.0 199.0 49.0 176.0 51.0 149.0
115.24104309082031 107.24879455566406 102.02633666992188 88.0 79.0 75.0 4320.130338635296 4320.130338635296 4320.130338635296 69.0 153.0 64.0 139.0 64.0 126.0
97.9007568359375 122.62834167480469 125.89199829101562 95.0 106.0 98.0 5376.401295965511 5376.401295965511 5376.401295965511 34.0 137.0 54.0 185.0 52.0 216.0
106.35079956054688 108.9754638671875 117.2186279296875 79.0 83.0 96.0 5397.706976877215 5397.706976877215 5397.706976877215 53.0 139.0 58.0 140.0 68.0 149.0
124.67723083496094 119.43820190429688 119.28189086914062 124.0 118.0 118.0 2482.8559792252627 2482.8559792252627 2482.8559792252627 102.0 137.0 96.0 129.0 95.0 128.0
128.70535278320312 131.09375 145.36293029785156 110.0 112.0 133.0 4575.4317904505615 4575.4317904505615 4575.4317904505615 88.0 166.0 92.0 166.0 106.0 185.0
129.63436889648438 120.61067199707031 113.11228942871094 128.0 118.0 113.0 2850.3027581761903 2850.3027581761903 2850.3027581761903 87.0 168.0 80.0 152.0 72.0 144.0
134.4076690673828 127.37580871582031 121.95838928222656 94.0 85.0 78.0 6669.702114809072 6669.702114809072 6669.702114809072 78.0 247.0 69.0 243.0 63.0 240.0
110.303955078125 98.43452453613281 90.36837768554688 92.0 82.0 74.0 4547.698938460167 4547.698938460167 4547.698938460167 60.0 147.0 49.0 128.0 43.0 115.0
131.55023193359375 112.78868103027344 110.90560913085938 139.0 113.0 105.0 2713.5826628510063 2713.5826628510063 2713.5826628510063 96.0 162.0 81.0 125.0 76.0 127.0
102.65280151367188 116.68057250976562 113.79925537109375 73.0 91.0 82.0 5952.279702394789 5952.279702394789 5952.279702394789 49.0 125.0 54.0 192.0 52.0 177.0
96.86863708496094 100.46197509765625 100.88209533691406 57.0 61.0 64.0 7189.529433961958 7189.529433961958 7189.529433961958 43.0 114.0 45.0 117.0 46.0 112.0
159.6056671142578 149.79869079589844 139.6210479736328 145.0 126.0 110.0 5694.519630769863 5694.519630769863 5694.519630769863 96.0 253.0 88.0 252.0 77.0 245.25
108.56037902832031 108.88829040527344 116.99652099609375 114.0 116.0 113.0 4389.866436638767 4389.866436638767 4389.866436638767 58.0 147.0 52.0 159.0 52.0 184.0
123.93397521972656 122.85089111328125 126.98330688476562 121.0 115.0 115.0 3393.5825345453854 3393.5825345453854 3393.5825345453854 90.0 141.0 88.0 136.0 90.0 139.0
99.33047485351562 105.187744140625 113.40946960449219 70.0 76.0 91.0 5524.39746486455 5524.39746486455 5524.39746486455 48.0 185.0 55.0 148.0 67.0 143.0
129.8757781982422 138.9014434814453 136.07078552246094 110.0 120.0 116.0 4423.896313137038 4423.896313137038 4423.896313137038 80.0 168.0 93.0 176.0 95.0 170.0
129.18038940429688 117.2161865234375 110.73115539550781 131.0 119.0 115.0 1796.445437556107 1796.445437556107 1796.445437556107 117.0 155.0 102.0 144.0 88.0 133.0
130.9228973388672 118.2369384765625 108.72303771972656 112.0 95.0 94.0 3955.669943809094 3955.669943809094 3955.669943809094 84.0 186.0 78.0 142.0 76.0 117.0
108.49502563476562 115.30802917480469 154.03395080566406 113.0 128.0 192.0 4141.849526119626 4141.849526119626 4141.849526119626 91.0 136.0 86.0 148.0 84.0 221.0
120.45182800292969 114.63658142089844 115.02001953125 112.0 106.0 107.0 2913.121547281638 2913.121547281638 2913.121547281638 93.0 135.0 85.0 128.0 85.0 127.0
116.14317321777344 144.2298583984375 151.22421264648438 136.0 139.0 130.5 5570.776594818647 5570.776594818647 5570.776594818647 58.0 158.0 71.0 214.0 68.0 254.0
139.44374084472656 148.31314086914062 147.29364013671875 109.0 122.0 127.0 5800.679297082101 5800.679297082101 5800.679297082101 70.0 233.0 94.0 254.0 103.0 253.0
118.42135620117188 123.98774719238281 134.13238525390625 103.0 111.0 126.0 3334.0557169466942 3334.0557169466942 3334.0557169466942 90.0 145.0 97.0 146.0 108.0 153.0
112.35578918457031 115.72702026367188 126.64453125 109.0 111.0 125.0 3547.3084120872277 3547.3084120872277 3547.3084120872277 66.0 157.0 76.0 156.0 81.0 165.0
138.80064392089844 147.3432159423828 152.4043426513672 156.0 175.0 182.0 4013.7502640249563 4013.7502640249563 4013.7502640249563 97.0 181.0 97.0 199.0 99.0 209.0
138.73114013671875 155.35601806640625 143.32363891601562 147.0 188.0 176.0 4847.270671454466 4847.270671454466 4847.270671454466 86.0 199.0 98.0 207.0 72.0 200.0
117.31216430664062 109.05641174316406 103.70297241210938 93.0 86.0 81.0 4840.081253915171 4840.081253915171 4840.081253915171 77.0 151.0 70.0 134.0 64.0 124.0
140.83447265625 127.08992004394531 121.48072814941406 123.0 109.0 104.0 3837.972937760149 3837.972937760149 3837.972937760149 93.0 193.0 83.0 169.0 78.75 160.0
125.69905090332031 127.35107421875 143.8822021484375 114.0 115.0 137.0 3959.2276320927 3959.2276320927 3959.2276320927 88.0 153.0 91.0 151.0 108.0 168.0
113.94853210449219 110.13076782226562 118.41944885253906 94.0 89.0 107.0 3489.8513283579505 3489.8513283579505 3489.8513283579505 77.0 135.0 78.0 126.0 89.0 132.0
126.83811950683594 121.87153625488281 123.40444946289062 141.0 135.0 134.0 2139.3114907517 2139.3114907517 2139.3114907517 103.0 156.0 88.0 153.0 87.0 158.0
171.8431854248047 163.7849884033203 156.4144287109375 166.0 155.0 141.0 5324.194124100936 5324.194124100936 5324.194124100936 125.0 255.0 112.0 253.0 97.0 255.0
112.70681762695312 101.37481689453125 95.60945129394531 113.0 85.0 73.0 2522.0025414909082 2522.0025414909082 2522.0025414909082 76.0 147.0 72.0 136.0 60.0 135.0
118.24124145507812 110.21760559082031 106.99528503417969 108.0 100.0 94.0 3958.415927668309 3958.415927668309 3958.415927668309 64.0 176.0 63.0 149.0 58.0 147.0
117.18235778808594 117.00997924804688 116.40402221679688 118.0 119.0 117.0 3851.3221528647828 3851.3221528647828 3851.3221528647828 68.0 153.0 70.0 151.0 67.0 152.0
112.86466979980469 104.57342529296875 106.93374633789062 107.0 89.0 71.0 5597.6874213259825 5597.6874213259825 5597.6874213259825 60.0 169.0 44.0 173.0 40.0 190.0
126.02360534667969 117.95565795898438 120.47944641113281 128.0 119.0 121.0 2976.423465760114 2976.423465760114 2976.423465760114 87.0 149.0 81.0 138.0 83.0 141.0
123.52775573730469 118.78042602539062 123.15431213378906 129.0 121.0 119.0 2666.8949513922757 2666.8949513922757 2666.8949513922757 89.0 149.0 83.0 146.0 83.0 145.0
164.7733917236328 164.24017333984375 165.6630096435547 167.0 169.0 175.0 3457.849308738692 3457.849308738692 3457.849308738692 134.0 220.0 137.0 219.0 138.0 222.0
81.77293395996094 79.40719604492188 72.85017395019531 69.0 65.0 64.0 1853.579620049956 1853.579620049956 1853.579620049956 56.0 92.0 52.0 91.0 49.0 87.0
125.40383911132812 127.06388854980469 127.76602172851562 128.0 126.0 127.0 4547.459964655728 4547.459964655728 4547.459964655728 65.0 154.0 70.0 151.0 70.0 153.0
117.57756042480469 126.82292175292969 116.3341064453125 112.0 131.0 106.0 4305.150074317947 4305.150074317947 4305.150074317947 69.0 151.0 74.0 175.0 57.0 189.0
141.7998046875 138.79689025878906 133.63458251953125 133.0 129.0 121.0 3693.9942856300363 3693.9942856300363 3693.9942856300363 92.0 171.0 90.0 167.0 86.0 160.0
135.2033233642578 122.94673156738281 119.96601867675781 114.0 100.0 94.0 5773.6034071656295 5773.6034071656295 5773.6034071656295 81.0 203.0 68.0 199.0 65.0 194.0
116.08535766601562 114.9102783203125 118.47164916992188 129.0 128.0 127.0 2785.825290017658 2785.825290017658 2785.825290017658 77.0 149.0 80.0 145.0 79.0 144.0
119.11598205566406 109.82064819335938 102.41487121582031 116.0 111.0 104.0 4466.909242099772 4466.909242099772 4466.909242099772 62.0 170.0 56.0 154.0 47.0 143.0
125.12446594238281 111.94189453125 102.93756103515625 96.0 87.0 80.0 4900.999938951572 4900.999938951572 4900.999938951572 78.0 173.0 68.0 149.0 60.0 133.0
120.54440307617188 143.54917907714844 142.2893524169922 102.0 143.0 149.0 2868.999341963066 2868.999341963066 2868.999341963066 71.0 171.0 114.0 171.0 110.0 175.0
89.78543090820312 89.00796508789062 78.91015625 82.0 82.0 72.0 3245.509074932585 3245.509074932585 3245.509074932585 37.0 127.0 40.0 127.0 32.0 117.0
120.65919494628906 111.71572875976562 102.69285583496094 87.0 77.0 69.0 6034.329669398463 6034.329669398463 6034.329669398463 57.0 183.0 49.0 166.0 49.0 138.0
131.73570251464844 117.638916015625 109.53622436523438 115.0 99.0 91.0 5415.903181381291 5415.903181381291 5415.903181381291 81.0 176.0 65.0 155.0 57.0 141.0
136.5057830810547 127.95770263671875 90.57235717773438 142.0 140.0 80.0 5117.423795581457 5117.423795581457 5117.423795581457 80.0 188.0 73.0 171.0 42.0 128.0
80.66365051269531 90.55351257324219 103.35130310058594 63.0 76.0 92.0 4727.916054267408 4727.916054267408 4727.916054267408 26.0 110.0 36.0 121.0 49.0 135.0
139.39012145996094 124.94061279296875 116.96240234375 159.0 138.0 126.0 1789.799244440446 1789.799244440446 1789.799244440446 101.0 170.0 101.0 150.0 84.0 150.0
124.20127868652344 120.56135559082031 146.3760528564453 111.0 108.0 140.0 3462.830719795466 3462.830719795466 3462.830719795466 90.0 143.0 85.0 138.0 111.0 168.0
123.03147888183594 118.69671630859375 111.84495544433594 126.0 112.0 96.0 2523.687173319256 2523.687173319256 2523.687173319256 96.0 147.0 87.0 157.0 67.0 156.0