139.00000 24.53957 3411.00000
105.00000 57.39048 6026.00000
5.00000 340.40000 1702.00000
31.00000 69.03226 2140.00000
87.00000 29.51724 2568.00000
160.00000 22.58125 3613.00000
76.00000 49.82895 3787.00000
28.00000 128.39286 3595.00000
3.00000 716.66667 2150.00000
98.00000 33.96939 3329.00000
280.00000 14.00714 3922.00000
292.00000 14.22260 4153.00000
90.00000 30.57778 2752.00000
534.00000 12.96816 6925.00000
110.00000 13.76364 1514.00000
286.00000 16.63636 4758.00000
743.00000 13.29475 9878.00000
107.00000 21.91589 2345.00000
1517.00000 8.64403 13113.00000
485.00000 22.05979 10699.00000
107.00000 36.77570 3935.00000
321.00000 16.57321 5320.00000
38.00000 33.05263 1256.00000
331.00000 20.18731 6682.00000
165.00000 28.32121 4673.00000
96.00000 25.41667 2440.00000
366.00000 10.54645 3860.00000
396.00000 11.12374 4405.00000
63.00000 26.85714 1692.00000
52.00000 27.71154 1441.00000
90.00000 22.33333 2010.00000
172.00000 29.30814 5041.00000
240.00000 20.57083 4937.00000
112.00000 23.84821 2671.00000
560.00000 10.18750 5705.00000
439.00000 9.95444 4370.00000
429.00000 19.59207 8405.00000
268.00000 18.48881 4955.00000
445.00000 7.37303 3281.00000
93.00000 30.15054 2804.00000
141.00000 16.12766 2274.00000
74.00000 29.28378 2167.00000
360.00000 9.89444 3562.00000
446.00000 10.98655 4900.00000
159.00000 31.99371 5087.00000
78.00000 25.47436 1987.00000
251.00000 16.84064 4227.00000
47.00000 49.44681 2324.00000
884.00000 7.25792 6416.00000
1245.00000 5.87550 7315.00000
278.00000 15.69424 4363.00000
573.00000 9.04887 5185.00000
219.00000 13.00913 2849.00000
327.00000 15.77370 5158.00000
501.00000 21.68263 10863.00000
55.00000 57.65455 3171.00000
315.00000 15.63492 4925.00000
14.00000 86.00000 1204.00000
376.00000 15.76862 5929.00000
10.00000 163.30000 1633.00000
116.00000 12.04310 1397.00000
117.00000 30.79487 3603.00000
121.00000 22.17355 2683.00000
204.00000 8.41667 1717.00000
374.00000 13.70588 5126.00000
63.00000 23.15873 1459.00000
365.00000 9.25205 3377.00000
118.00000 16.40678 1936.00000
72.00000 27.26389 1963.00000
300.00000 11.18667 3356.00000
442.00000 10.21719 4516.00000
386.00000 14.16321 5467.00000
486.00000 21.31481 10359.00000
574.00000 6.75436 3877.00000
523.00000 12.05354 6304.00000
725.00000 18.24138 13225.00000
450.00000 10.69333 4812.00000
256.00000 16.62500 4256.00000
15.00000 103.53333 1553.00000
411.00000 12.73966 5236.00000
99.00000 19.83838 1964.00000
351.00000 17.34473 6088.00000
65.00000 32.30769 2100.00000
321.00000 9.84424 3160.00000
79.00000 19.83544 1567.00000
127.00000 37.92913 4817.00000
691.00000 11.15195 7706.00000
684.00000 12.18275 8333.00000
115.00000 44.20000 5083.00000
73.00000 84.28767 6153.00000
319.00000 12.95611 4133.00000
210.00000 24.51429 5148.00000
241.00000 14.13278 3406.00000
345.00000 15.31884 5285.00000
234.00000 12.88034 3014.00000
825.00000 18.60000 15345.00000
124.00000 29.63710 3675.00000
472.00000 14.90254 7034.00000
75.00000 38.25333 2869.00000
73.00000 31.52055 2301.00000
171.00000 13.05263 2232.00000
238.00000 23.99580 5711.00000
290.00000 9.76897 2833.00000
119.00000 18.71429 2227.00000
63.00000 46.36508 2921.00000
353.00000 17.25779 6092.00000
81.00000 30.30864 2455.00000
324.00000 15.85802 5138.00000
818.00000 7.31540 5984.00000
282.00000 10.90780 3076.00000
189.00000 17.17989 3247.00000
37.00000 145.45946 5382.00000
323.00000 11.85449 3829.00000
540.00000 41.74630 22543.00000
395.00000 12.09873 4779.00000
753.00000 13.49402 10161.00000
267.00000 19.80899 5289.00000
646.00000 10.26625 6632.00000
79.00000 34.87342 2755.00000
285.00000 26.31228 7499.00000
664.00000 12.12199 8049.00000
119.00000 34.20168 4070.00000
985.00000 17.05787 16802.00000
340.00000 20.14118 6848.00000
57.00000 26.54386 1513.00000
64.00000 22.89062 1465.00000
346.00000 14.51445 5022.00000
468.00000 8.37179 3918.00000
42.00000 49.64286 2085.00000
372.00000 15.04301 5596.00000
233.00000 22.62232 5271.00000
264.00000 21.38636 5646.00000
361.00000 13.08587 4724.00000
136.00000 33.41176 4544.00000
45.00000 39.88889 1795.00000
384.00000 11.48958 4412.00000
831.00000 10.45848 8691.00000
39.00000 61.00000 2379.00000
375.00000 11.64533 4367.00000
1087.00000 10.69917 11630.00000
283.00000 17.34276 4908.00000
339.00000 17.96755 6091.00000
707.00000 15.61386 11039.00000
271.00000 12.44649 3373.00000
1539.00000 9.32878 14357.00000
157.00000 19.22293 3018.00000
42.00000 46.00000 1932.00000
118.00000 33.33051 3933.00000
192.00000 23.05208 4426.00000
230.00000 17.25652 3969.00000
183.00000 14.17486 2594.00000
254.00000 11.16535 2836.00000
529.00000 12.43100 6576.00000
531.00000 13.60075 7222.00000
559.00000 10.19857 5701.00000
89.00000 32.42697 2886.00000
350.00000 13.14000 4599.00000
243.00000 12.05761 2930.00000
17.00000 79.82353 1357.00000
372.00000 13.16129 4896.00000
107.00000 42.28972 4525.00000
127.00000 25.51181 3240.00000
311.00000 9.11576 2835.00000
207.00000 14.39614 2980.00000
77.00000 30.58442 2355.00000
489.00000 8.30879 4063.00000
108.00000 21.37037 2308.00000
181.00000 15.36464 2781.00000
68.00000 30.01471 2041.00000
150.00000 22.60667 3391.00000
771.00000 12.62387 9733.00000
191.00000 16.20419 3095.00000
208.00000 18.16346 3778.00000
240.00000 31.23333 7496.00000
200.00000 9.49000 1898.00000
455.00000 10.01099 4555.00000
513.00000 22.61988 11604.00000
185.00000 46.75676 8650.00000
482.00000 9.18672 4428.00000
438.00000 12.11416 5306.00000
429.00000 8.67832 3723.00000
203.00000 19.40887 3940.00000
15.00000 110.53333 1658.00000
129.00000 16.54264 2134.00000
636.00000 15.49528 9855.00000
345.00000 16.59130 5724.00000
240.00000 17.06667 4096.00000
366.00000 12.81148 4689.00000
373.00000 24.91689 9294.00000
377.00000 27.74005 10458.00000
190.00000 40.01053 7602.00000
275.00000 8.60000 2365.00000
319.00000 19.86520 6337.00000
751.00000 16.22237 12183.00000
175.00000 11.91429 2085.00000
466.00000 15.32618 7142.00000
305.00000 20.38361 6217.00000
43.00000 30.67442 1319.00000
97.00000 28.89691 2803.00000
349.00000 17.33238 6049.00000
397.00000 12.92695 5132.00000
133.00000 32.21053 4284.00000
105.00000 25.17143 2643.00000
424.00000 13.41509 5688.00000
535.00000 20.21308 10814.00000
429.00000 8.39860 3603.00000
476.00000 16.53151 7869.00000
121.00000 39.71074 4805.00000
511.00000 21.24070 10854.00000
57.00000 40.57895 2313.00000
290.00000 42.44138 12308.00000
104.00000 35.80769 3724.00000
52.00000 39.36538 2047.00000
168.00000 21.62500 3633.00000
137.00000 25.15328 3446.00000
339.00000 18.95575 6426.00000
312.00000 9.35897 2920.00000
207.00000 24.67150 5107.00000
590.00000 9.01356 5318.00000
962.00000 9.58628 9222.00000
254.00000 7.47638 1899.00000
161.00000 25.26087 4067.00000
10.00000 190.00000 1900.00000
155.00000 12.36129 1916.00000
114.00000 20.14912 2297.00000
302.00000 21.49007 6490.00000
155.00000 20.35484 3155.00000
204.00000 33.37255 6808.00000
16.00000 161.93750 2591.00000
22.00000 88.09091 1938.00000
832.00000 10.75841 8951.00000
263.00000 13.66540 3594.00000
415.00000 10.48193 4350.00000
488.00000 9.43238 4603.00000
64.00000 51.28125 3282.00000
241.00000 14.70539 3544.00000
359.00000 11.84958 4254.00000
425.00000 14.85647 6314.00000
181.00000 19.30387 3494.00000
712.00000 9.34410 6653.00000
800.00000 9.60500 7684.00000
628.00000 19.42675 12200.00000
134.00000 16.99254 2277.00000
52.00000 79.61538 4140.00000
571.00000 14.66900 8376.00000
176.00000 15.85227 2790.00000
132.00000 21.77273 2874.00000
623.00000 10.60353 6606.00000
336.00000 9.65476 3244.00000
411.00000 11.46715 4713.00000
877.00000 6.86545 6021.00000
220.00000 13.36364 2940.00000
339.00000 13.22714 4484.00000
178.00000 16.17416 2879.00000
1071.00000 9.28852 9948.00000
123.00000 19.30081 2374.00000
482.00000 13.86929 6685.00000
635.00000 13.89921 8826.00000
76.00000 29.67105 2255.00000
363.00000 11.33333 4114.00000
197.00000 30.38579 5986.00000
75.00000 26.05333 1954.00000
103.00000 36.22330 3731.00000
219.00000 35.09589 7686.00000
209.00000 17.60287 3679.00000
490.00000 20.60612 10097.00000
90.00000 22.81111 2053.00000
845.00000 6.76095 5713.00000
155.00000 15.65161 2426.00000
128.00000 63.82812 8170.00000
453.00000 6.64018 3008.00000
623.00000 19.94864 12428.00000
186.00000 16.81183 3127.00000
270.00000 27.25926 7360.00000
1153.00000 10.52385 12134.00000
172.00000 17.91279 3081.00000
75.00000 30.64000 2298.00000
90.00000 23.38889 2105.00000
116.00000 13.43103 1558.00000
574.00000 13.77700 7908.00000
117.00000 23.82051 2787.00000
717.00000 11.35565 8142.00000
43.00000 31.88372 1371.00000
431.00000 17.69142 7625.00000
710.00000 15.36479 10909.00000
141.00000 39.78014 5609.00000
566.00000 9.50883 5382.00000
28.00000 46.10714 1291.00000
108.00000 21.70370 2344.00000
85.00000 54.31765 4617.00000
96.00000 50.43750 4842.00000
321.00000 19.62305 6299.00000