1872.00000 12.68803 23752.00000
930.00000 15.90645 14793.00000
2116.00000 10.18951 21561.00000
1400.00000 12.31714 17244.00000
516.00000 16.30814 8415.00000
2146.00000 8.18500 17565.00000
1541.00000 18.17586 28009.00000
2263.00000 11.67123 26412.00000
1292.00000 14.59985 18863.00000
1233.00000 15.67964 19333.00000
1712.00000 6.97021 11933.00000
913.00000 37.42169 34166.00000
964.00000 18.28320 17625.00000
2099.00000 9.37113 19670.00000
1764.00000 9.14116 16125.00000
1078.00000 26.53061 28600.00000
1799.00000 9.01334 16215.00000
2222.00000 12.66382 28139.00000
1562.00000 9.68182 15123.00000
2519.00000 5.23382 13184.00000
1142.00000 11.68301 13342.00000
2273.00000 6.72943 15296.00000
1098.00000 29.24408 32110.00000
1483.00000 20.00202 29663.00000
1446.00000 5.94537 8597.00000
1404.00000 16.02279 22496.00000
918.00000 29.94771 27492.00000
1215.00000 23.74321 28848.00000
1412.00000 15.14023 21378.00000
1621.00000 15.90068 25775.00000
2269.00000 5.72234 12984.00000
1259.00000 13.82049 17400.00000
2128.00000 7.41024 15769.00000
1313.00000 24.91622 32715.00000
1527.00000 16.09365 24575.00000
2250.00000 9.94800 22383.00000
1098.00000 13.42532 14741.00000
839.00000 26.54708 22273.00000
682.00000 39.03519 26622.00000
942.00000 11.09342 10450.00000
1219.00000 16.90648 20609.00000
730.00000 8.09315 5908.00000
960.00000 32.03854 30757.00000
1194.00000 26.84506 32053.00000
1737.00000 7.49799 13024.00000
729.00000 21.45679 15642.00000
934.00000 14.27944 13337.00000
1608.00000 8.09328 13014.00000
1456.00000 19.67788 28651.00000
961.00000 21.18106 20355.00000
391.00000 6.93606 2712.00000
1129.00000 8.67759 9797.00000
1727.00000 6.19398 10697.00000
1023.00000 25.65396 26244.00000
1546.00000 9.35964 14470.00000
1569.00000 7.88400 12370.00000
1157.00000 11.25756 13025.00000
765.00000 6.19869 4742.00000
1473.00000 16.13442 23766.00000
2461.00000 8.60382 21174.00000
1034.00000 19.17215 19824.00000
783.00000 11.24521 8805.00000
2010.00000 14.09502 28331.00000
1775.00000 6.92958 12300.00000
1528.00000 5.62762 8599.00000
1201.00000 9.76520 11728.00000
2291.00000 7.08075 16222.00000
882.00000 32.53288 28694.00000
1830.00000 6.40710 11725.00000
689.00000 6.21771 4284.00000
1616.00000 12.61696 20389.00000
1423.00000 5.29726 7538.00000
1577.00000 9.69816 15294.00000
1546.00000 14.40815 22275.00000
1958.00000 4.49694 8805.00000
675.00000 48.40593 32674.00000
2006.00000 7.52642 15098.00000
1041.00000 26.52930 27617.00000
1233.00000 14.45499 17823.00000
1101.00000 12.63306 13909.00000
1810.00000 11.17845 20233.00000
1210.00000 22.92562 27740.00000
1804.00000 10.08869 18200.00000
1555.00000 11.93569 18560.00000
1141.00000 19.82472 22620.00000
868.00000 12.20046 10590.00000
1344.00000 15.52232 20862.00000
1170.00000 13.45726 15745.00000
908.00000 28.89868 26240.00000
1150.00000 21.28957 24483.00000
813.00000 37.38991 30398.00000
2253.00000 9.50067 21405.00000
1305.00000 16.22835 21178.00000
1981.00000 11.34326 22471.00000
1590.00000 7.60189 12087.00000
1795.00000 9.55153 17145.00000
1681.00000 6.81440 11455.00000
619.00000 6.42165 3975.00000
1435.00000 14.35958 20606.00000
1614.00000 11.31908 18269.00000
2004.00000 10.15419 20349.00000
2104.00000 9.13213 19214.00000
1060.00000 21.96981 23288.00000
1690.00000 16.15562 27303.00000
1333.00000 7.91973 10557.00000
1226.00000 16.80669 20605.00000
1047.00000 26.94365 28210.00000
1289.00000 15.10473 19470.00000
1717.00000 12.68666 21783.00000
1944.00000 6.52160 12678.00000
1861.00000 11.59968 21587.00000
1250.00000 8.84800 11060.00000
1331.00000 19.32457 25721.00000
1578.00000 9.30925 14690.00000
2118.00000 12.12937 25690.00000
1363.00000 5.85547 7981.00000
796.00000 22.43719 17860.00000
1939.00000 9.44972 18323.00000
676.00000 29.26183 19781.00000
1590.00000 7.34025 11671.00000
1583.00000 15.73594 24910.00000
2183.00000 7.46496 16296.00000
1173.00000 9.46803 11106.00000
899.00000 30.08009 27042.00000
1281.00000 14.83450 19003.00000
1349.00000 5.31134 7165.00000
2128.00000 4.66165 9920.00000
846.00000 7.62411 6450.00000
1466.00000 15.99523 23449.00000
2261.00000 7.57983 17138.00000
1189.00000 9.83263 11691.00000
277.00000 75.50181 20914.00000
1522.00000 15.26544 23234.00000
2323.00000 10.00947 23252.00000
2395.00000 7.31608 17522.00000
1299.00000 9.57583 12439.00000
1578.00000 13.70596 21628.00000
848.00000 5.47524 4643.00000
1913.00000 7.10559 13593.00000
1633.00000 10.97795 17927.00000
1321.00000 6.01438 7945.00000
1301.00000 10.57341 13756.00000
1617.00000 13.16759 21292.00000
940.00000 30.83830 28988.00000
996.00000 21.86446 21777.00000
110.00000 12.87273 1416.00000
930.00000 32.35591 30091.00000
1987.00000 3.87519 7700.00000
1194.00000 12.55695 14993.00000
1623.00000 8.53420 13851.00000
1765.00000 6.98357 12326.00000
1956.00000 6.59867 12907.00000
1023.00000 13.17889 13482.00000
1725.00000 9.38261 16185.00000
1124.00000 4.92705 5538.00000
2294.00000 6.88361 15791.00000
1799.00000 12.81490 23054.00000
1760.00000 9.46250 16654.00000
1799.00000 9.68760 17428.00000
980.00000 5.98571 5866.00000
1122.00000 10.49643 11777.00000
1665.00000 9.38979 15634.00000
1108.00000 10.67599 11829.00000
1744.00000 7.54300 13155.00000
2354.00000 8.86279 20863.00000
2407.00000 7.58455 18256.00000
1770.00000 9.17797 16245.00000
1744.00000 9.44782 16477.00000
1159.00000 9.31061 10791.00000
1357.00000 8.25940 11208.00000
255.00000 45.58039 11623.00000
1977.00000 5.85331 11572.00000
2038.00000 6.56330 13376.00000
831.00000 26.97714 22418.00000
1086.00000 25.28269 27457.00000
1831.00000 8.86455 16231.00000
635.00000 19.43780 12343.00000
1299.00000 12.36721 16065.00000
1263.00000 11.52969 14562.00000
1575.00000 18.14413 28577.00000
1441.00000 8.25607 11897.00000
893.00000 9.74020 8698.00000
992.00000 33.95161 33680.00000
1388.00000 18.46902 25635.00000
1335.00000 13.50487 18029.00000
628.00000 13.38057 8403.00000
1341.00000 14.85384 19919.00000
1713.00000 3.47811 5958.00000
1656.00000 9.94324 16466.00000
1056.00000 7.08428 7481.00000
654.00000 38.70183 25311.00000
915.00000 5.39563 4937.00000
1512.00000 7.15542 10819.00000
1273.00000 8.44148 10746.00000
733.00000 4.99454 3661.00000
2309.00000 9.71719 22437.00000
1437.00000 11.82603 16994.00000
686.00000 12.37755 8491.00000
1225.00000 15.92816 19512.00000
1488.00000 19.31788 28745.00000
912.00000 42.78509 39020.00000
1129.00000 17.79539 20091.00000
2048.00000 6.54443 13403.00000
2631.00000 8.44394 22216.00000
1215.00000 7.20576 8755.00000
1356.00000 11.75221 15936.00000
680.00000 19.88971 13525.00000
1242.00000 8.81643 10950.00000
815.00000 14.17914 11556.00000
1332.00000 19.96922 26599.00000
1756.00000 16.19989 28447.00000
1685.00000 11.46825 19324.00000
1408.00000 14.99574 21114.00000
1464.00000 13.25137 19400.00000
319.00000 23.70846 7563.00000
1790.00000 9.86425 17657.00000
1874.00000 14.67823 27507.00000
2045.00000 7.29682 14922.00000
1440.00000 14.10486 20311.00000
926.00000 8.18143 7576.00000
1755.00000 5.26382 9238.00000
1392.00000 7.06609 9836.00000
1707.00000 13.25308 22623.00000
1597.00000 16.28992 26015.00000
1960.00000 7.82500 15337.00000
1526.00000 6.73853 10283.00000
1434.00000 7.92329 11362.00000
1540.00000 7.55974 11642.00000
1776.00000 11.31588 20097.00000
1471.00000 15.00272 22069.00000
1009.00000 15.05649 15192.00000
2577.00000 6.67326 17197.00000
898.00000 7.58909 6815.00000
947.00000 19.16684 18151.00000
1105.00000 36.98190 40865.00000
573.00000 9.76265 5594.00000
958.00000 13.58873 13018.00000
1153.00000 7.61752 8783.00000
649.00000 9.50847 6171.00000
1208.00000 17.01656 20556.00000
1603.00000 19.11666 30644.00000
1617.00000 13.30550 21515.00000
937.00000 15.23586 14276.00000
1868.00000 13.39989 25031.00000
1956.00000 6.33282 12387.00000
1033.00000 16.69022 17241.00000
1634.00000 7.81701 12773.00000
822.00000 14.16910 11647.00000
1499.00000 16.53903 24792.00000
844.00000 5.05924 4270.00000
388.00000 5.20103 2018.00000
637.00000 49.59184 31590.00000
1627.00000 8.84511 14391.00000
1683.00000 10.50624 17682.00000
2467.00000 7.58006 18700.00000
1136.00000 32.80898 37271.00000
1356.00000 18.79351 25484.00000
1314.00000 18.56393 24393.00000
1797.00000 9.52198 17111.00000
1793.00000 14.05466 25200.00000
1437.00000 8.24983 11855.00000
473.00000 45.08668 21326.00000
1242.00000 16.83092 20904.00000
961.00000 30.73465 29536.00000
1083.00000 16.90674 18310.00000
1564.00000 10.16432 15897.00000
2108.00000 9.44924 19919.00000
974.00000 30.18789 29403.00000
1237.00000 17.03153 21068.00000
1238.00000 11.66236 14438.00000
1363.00000 13.02201 17749.00000
633.00000 15.48183 9800.00000
1779.00000 15.38449 27369.00000
1301.00000 11.63874 15142.00000
1012.00000 28.09783 28435.00000
868.00000 15.34332 13318.00000
1840.00000 7.62283 14026.00000
790.00000 14.13038 11163.00000
818.00000 14.32396 11717.00000
863.00000 16.37543 14132.00000
885.00000 7.63955 6761.00000
1317.00000 14.51481 19116.00000
2274.00000 11.46174 26064.00000
550.00000 46.64364 25654.00000
1440.00000 17.12708 24663.00000
929.00000 12.78364 11876.00000
642.00000 17.13240 10999.00000
1305.00000 18.36015 23960.00000
1869.00000 10.29267 19237.00000
952.00000 14.10714 13430.00000
1787.00000 11.12087 19873.00000
1971.00000 10.67580 21042.00000