410.00000 29.65610 12159.00000
777.00000 9.82111 7631.00000
680.00000 9.73088 6617.00000
613.00000 26.98858 16544.00000
580.00000 15.68966 9100.00000
378.00000 15.23810 5760.00000
321.00000 36.82243 11820.00000
256.00000 34.26172 8771.00000
356.00000 14.16292 5042.00000
450.00000 17.65778 7946.00000
636.00000 15.42610 9811.00000
767.00000 14.46806 11097.00000
608.00000 22.41612 13629.00000
858.00000 21.50233 18449.00000
645.00000 8.86512 5718.00000
376.00000 39.02394 14673.00000
345.00000 38.90435 13422.00000
595.00000 24.11765 14350.00000
675.00000 11.45630 7733.00000
403.00000 24.04963 9692.00000
596.00000 18.42953 10984.00000
496.00000 18.33065 9092.00000
361.00000 21.77562 7861.00000
473.00000 26.98309 12763.00000
661.00000 14.16641 9364.00000
267.00000 47.91011 12792.00000
424.00000 23.70283 10050.00000
537.00000 17.16015 9215.00000
528.00000 10.98864 5802.00000
426.00000 40.06103 17066.00000
441.00000 16.85488 7433.00000
482.00000 18.42946 8883.00000
591.00000 17.81218 10527.00000
723.00000 12.46473 9012.00000
639.00000 12.07512 7716.00000
572.00000 22.82517 13056.00000
725.00000 11.30069 8193.00000
388.00000 41.69845 16179.00000
369.00000 17.96748 6630.00000
549.00000 18.90893 10381.00000
510.00000 18.87647 9627.00000
262.00000 45.96947 12044.00000
442.00000 18.24208 8063.00000
637.00000 14.29356 9105.00000
399.00000 14.23058 5678.00000
404.00000 36.82178 14876.00000
449.00000 36.21826 16262.00000
686.00000 26.72303 18332.00000
701.00000 14.24964 9989.00000
691.00000 11.66425 8060.00000
591.00000 13.27580 7846.00000
656.00000 15.36128 10077.00000
534.00000 23.33146 12459.00000
344.00000 18.60465 6400.00000
717.00000 15.19805 10897.00000
324.00000 39.82407 12903.00000
468.00000 27.89957 13057.00000
571.00000 19.16462 10943.00000
502.00000 26.79283 13450.00000
378.00000 31.19841 11793.00000
568.00000 15.35387 8721.00000
492.00000 13.23780 6513.00000
369.00000 14.56911 5376.00000
491.00000 21.22811 10423.00000
440.00000 21.62273 9514.00000
461.00000 15.17137 6994.00000
583.00000 17.43568 10165.00000
618.00000 22.67314 14012.00000
505.00000 20.28119 10242.00000
453.00000 21.20309 9605.00000
436.00000 24.20183 10552.00000
389.00000 22.23393 8649.00000
601.00000 24.29285 14600.00000
573.00000 21.35079 12234.00000
547.00000 15.55759 8510.00000
316.00000 43.62342 13785.00000
632.00000 14.02373 8863.00000
479.00000 27.73695 13286.00000
535.00000 14.85234 7946.00000
361.00000 37.49030 13534.00000
436.00000 17.30275 7544.00000
577.00000 19.63085 11327.00000
453.00000 26.79249 12137.00000
153.00000 52.37255 8013.00000
376.00000 23.41223 8803.00000
408.00000 17.80882 7266.00000
650.00000 18.07385 11748.00000
515.00000 15.14563 7800.00000
420.00000 23.73333 9968.00000
489.00000 46.44376 22711.00000
556.00000 21.72302 12078.00000
717.00000 11.64993 8353.00000
346.00000 20.92197 7239.00000
610.00000 18.83607 11490.00000
514.00000 26.95331 13854.00000
273.00000 29.32601 8006.00000
539.00000 12.48609 6730.00000
535.00000 32.73084 17511.00000
537.00000 24.93110 13388.00000
317.00000 38.38801 12169.00000
432.00000 25.35648 10954.00000
781.00000 12.76953 9973.00000
531.00000 17.50471 9295.00000
630.00000 13.68254 8620.00000
412.00000 18.11408 7463.00000
229.00000 26.53275 6076.00000
472.00000 32.30720 15249.00000
300.00000 22.67000 6801.00000
683.00000 19.68960 13448.00000
571.00000 22.15937 12653.00000
126.00000 82.30952 10371.00000
456.00000 46.21711 21075.00000
596.00000 14.79698 8819.00000
436.00000 20.97018 9143.00000
680.00000 20.98529 14270.00000
454.00000 25.74890 11690.00000
287.00000 45.92683 13181.00000
467.00000 17.77944 8303.00000
273.00000 41.37729 11296.00000
712.00000 14.86657 10585.00000
707.00000 12.32815 8716.00000
665.00000 18.18797 12095.00000
222.00000 47.02703 10440.00000
384.00000 23.72396 9110.00000
445.00000 20.24045 9007.00000
404.00000 22.34653 9028.00000
576.00000 29.22222 16832.00000
509.00000 27.95678 14230.00000
379.00000 23.16095 8778.00000
626.00000 15.97923 10003.00000
427.00000 17.59719 7514.00000
381.00000 16.71916 6370.00000
307.00000 30.72964 9434.00000
324.00000 38.04321 12326.00000
489.00000 15.76278 7708.00000
611.00000 22.41080 13693.00000
488.00000 17.68852 8632.00000
328.00000 14.84756 4870.00000
425.00000 17.63765 7496.00000
355.00000 35.73803 12687.00000
509.00000 16.84086 8572.00000
515.00000 19.31456 9947.00000
685.00000 10.12701 6937.00000
591.00000 18.09306 10693.00000
373.00000 35.34584 13184.00000
424.00000 12.23349 5187.00000
614.00000 18.51629 11369.00000
634.00000 14.79022 9377.00000
712.00000 14.66292 10440.00000
357.00000 25.89356 9244.00000
785.00000 10.71720 8413.00000
488.00000 18.30943 8935.00000
828.00000 15.21135 12595.00000
431.00000 15.44084 6655.00000
395.00000 25.29620 9992.00000
393.00000 23.51145 9240.00000
382.00000 25.17539 9617.00000
279.00000 38.34050 10697.00000
439.00000 30.10934 13218.00000
534.00000 16.01311 8551.00000
506.00000 24.32609 12309.00000
403.00000 22.09429 8904.00000
420.00000 29.35714 12330.00000
773.00000 12.71669 9830.00000
723.00000 16.20470 11716.00000
345.00000 33.65797 11612.00000
695.00000 28.21871 19612.00000
674.00000 10.89169 7341.00000
792.00000 15.05051 11920.00000
578.00000 16.12457 9320.00000
540.00000 20.11852 10864.00000
757.00000 8.25627 6250.00000
518.00000 15.06178 7802.00000
397.00000 29.61713 11758.00000
422.00000 36.17773 15267.00000
680.00000 18.22353 12392.00000
560.00000 18.63929 10438.00000
468.00000 14.77564 6915.00000
752.00000 16.26596 12232.00000
165.00000 38.40606 6337.00000
430.00000 17.89302 7694.00000
675.00000 14.02074 9464.00000
551.00000 16.97096 9351.00000
662.00000 16.91692 11199.00000
374.00000 46.00000 17204.00000
658.00000 19.25380 12669.00000
677.00000 10.96160 7421.00000
462.00000 32.84199 15173.00000
426.00000 13.79577 5877.00000
492.00000 13.41463 6600.00000
553.00000 10.77034 5956.00000
638.00000 21.98746 14028.00000
295.00000 28.41356 8382.00000
647.00000 26.44822 17112.00000
613.00000 17.76020 10887.00000
532.00000 21.82895 11613.00000
459.00000 24.98039 11466.00000
678.00000 18.00000 12204.00000
780.00000 16.61667 12961.00000
358.00000 22.14525 7928.00000
605.00000 17.91240 10837.00000
467.00000 20.21842 9442.00000
256.00000 48.62891 12449.00000
522.00000 13.83333 7221.00000
751.00000 15.95473 11982.00000
254.00000 21.37402 5429.00000
368.00000 33.18478 12212.00000
421.00000 17.47268 7356.00000
560.00000 15.53571 8700.00000
385.00000 29.72468 11444.00000
495.00000 21.96162 10871.00000
621.00000 22.06441 13702.00000
408.00000 56.20588 22932.00000
677.00000 26.37814 17858.00000
482.00000 22.00830 10608.00000
712.00000 17.65590 12571.00000
456.00000 37.53509 17116.00000
435.00000 16.69885 7264.00000
495.00000 16.67879 8256.00000
876.00000 13.17922 11545.00000
605.00000 16.26446 9840.00000
611.00000 14.56628 8900.00000
537.00000 24.35754 13080.00000
551.00000 15.49002 8535.00000
381.00000 30.13911 11483.00000
278.00000 22.60072 6283.00000
421.00000 16.91924 7123.00000
510.00000 20.64902 10531.00000
911.00000 12.33480 11237.00000
591.00000 13.88156 8204.00000
495.00000 24.95960 12355.00000
414.00000 35.56280 14723.00000
533.00000 17.63415 9399.00000
498.00000 22.68273 11296.00000
568.00000 17.91373 10175.00000
542.00000 18.35978 9951.00000
366.00000 18.33333 6710.00000
376.00000 19.30053 7257.00000
862.00000 10.62761 9161.00000
646.00000 16.27554 10514.00000
601.00000 23.61231 14191.00000
896.00000 13.37165 11981.00000
690.00000 11.27681 7781.00000
602.00000 15.32558 9226.00000
565.00000 16.44779 9293.00000
361.00000 19.89751 7183.00000
582.00000 11.35223 6607.00000
299.00000 23.93311 7156.00000
681.00000 28.22173 19219.00000
353.00000 16.92068 5973.00000
274.00000 20.15693 5523.00000
592.00000 16.54054 9792.00000
327.00000 30.24159 9889.00000
330.00000 25.26970 8339.00000
267.00000 34.65543 9253.00000
523.00000 23.13958 12102.00000
407.00000 18.84521 7670.00000
491.00000 12.09572 5939.00000
567.00000 26.26279 14891.00000
615.00000 28.60976 17595.00000
308.00000 54.64286 16830.00000
446.00000 30.69058 13688.00000
422.00000 17.39100 7339.00000
439.00000 22.20501 9748.00000
631.00000 21.52298 13581.00000
431.00000 30.26682 13045.00000
418.00000 18.87560 7890.00000
702.00000 10.53989 7399.00000
281.00000 33.62633 9449.00000
699.00000 23.62947 16517.00000
559.00000 27.97853 15640.00000
765.00000 18.76340 14354.00000
748.00000 20.88503 15622.00000
369.00000 36.48238 13462.00000
462.00000 21.70779 10029.00000
464.00000 13.06034 6060.00000
531.00000 18.91714 10045.00000
275.00000 48.02909 13208.00000
704.00000 15.99574 11261.00000
751.00000 10.25033 7698.00000
545.00000 19.54495 10652.00000
461.00000 48.27332 22254.00000
573.00000 17.57068 10068.00000
454.00000 23.90749 10854.00000
703.00000 20.04125 14089.00000
727.00000 10.93535 7950.00000
690.00000 14.32464 9884.00000
526.00000 34.81179 18311.00000
611.00000 17.17840 10496.00000
540.00000 15.67593 8465.00000
895.00000 12.86369 11513.00000
685.00000 15.69343 10750.00000
