139.00000 0.5722288211167127 0.10418
105.00000 0.46116676944363183 0.05985
5.00000 0.555746060491031 0.09919
31.00000 0.3897401090202346 0.03202
87.00000 0.7039444755682734 0.03013
160.00000 0.31641623811208164 0.03711
76.00000 0.4693118369403063 0.03960
28.00000 0.5118171908697816 0.12053
3.00000 0.4140348343414243 0.13949
98.00000 0.5459723649874291 0.02991
280.00000 0.4409005391773656 0.04777
292.00000 0.5245202859531127 0.06561
90.00000 0.5484102060010125 0.05619
534.00000 0.237862326389145 0.07398
110.00000 0.5626370468200084 0.13337
286.00000 0.34385614579411533 0.09705
743.00000 0.296490405773186 0.04124
107.00000 0.49497163496723817 0.03313
1517.00000 0.09161413010436269 0.08250
485.00000 0.23859977106421676 0.04482
107.00000 0.40814389719877286 0.05865
321.00000 0.48540547918350063 0.12746
38.00000 0.5750843389439791 0.04644
331.00000 0.42632547894384143 0.04643
165.00000 0.4517753914798131 0.09776
96.00000 0.5887362391241383 0.04447
366.00000 0.22075848223839603 0.08675
396.00000 0.3410663049609892 0.05743
63.00000 0.6813587128457141 0.10151
52.00000 0.6555804189431147 0.04527
90.00000 0.5090113723942529 0.08841
172.00000 0.3546008098421199 0.03898
240.00000 0.3530410088325568 0.06264
112.00000 0.5154649972664916 0.06587
560.00000 0.3462425738860385 0.03176
439.00000 0.49088410972760643 0.06449
429.00000 0.5421084591475671 0.08658
268.00000 0.5057190932776736 0.06418
445.00000 0.26166364077157833 0.05414
93.00000 0.4856969244755296 0.06265
141.00000 0.6119490221609615 0.03518
74.00000 0.5345358886278277 0.05997
360.00000 0.4427670144199052 0.05216
446.00000 0.4138789897440955 0.02827
159.00000 0.4092699001253388 0.06195
78.00000 0.6163305831559217 0.03605
251.00000 0.33603835082456046 0.05020
47.00000 0.671922207541138 0.11537
884.00000 0.37473678197203086 0.05010
1245.00000 0.32477742010003524 0.07344
278.00000 0.36939856735605864 0.04906
573.00000 0.4744548138844981 0.08194
219.00000 0.3207759980443617 0.05703
327.00000 0.48169090517790497 0.09355
501.00000 0.3542229134152856 0.06489
55.00000 0.7766101834939219 0.03864
315.00000 0.509447085411883 0.09388
14.00000 0.5077822252452361 0.06708
376.00000 0.31268499344611145 0.06438
10.00000 0.5308244690447474 0.06981
116.00000 0.4602093991690075 0.08845
117.00000 0.6589888973703333 0.02361
121.00000 0.5389029214505866 0.08787
204.00000 0.5044959619255941 0.07330
374.00000 0.2596435651114042 0.05539
63.00000 0.664048953623834 0.14048
365.00000 0.44678300491635453 0.06571
118.00000 0.4076994852758123 0.05570
72.00000 0.42704358134826215 0.05680
300.00000 0.5177169315913412 0.03444
442.00000 0.32310478413944277 0.05231
386.00000 0.2876559588094897 0.03167
486.00000 0.28425760187788385 0.06628
574.00000 0.2544400292253829 0.04691
523.00000 0.28371320347811785 0.03189
725.00000 0.22000899965376866 0.03173
450.00000 0.3723832018873082 0.03305
256.00000 0.4235949790887281 0.09640
15.00000 0.5108258268540804 0.07506
411.00000 0.346979862004504 0.05919
99.00000 0.24767235482262298 0.06696
351.00000 0.38770923863303897 0.06393
65.00000 0.5501912344463384 0.09487
321.00000 0.1445904268384834 0.09352
79.00000 0.2754802882566036 0.12772
127.00000 0.5921570494968911 0.05439
691.00000 0.4436493253739423 0.09365
684.00000 0.2874869193609098 0.05875
115.00000 0.39204074317766363 0.03885
73.00000 0.5061762673261725 0.15535
319.00000 0.247741406402609 0.05076
210.00000 0.35562409632027686 0.04789
241.00000 0.5127977215615785 0.06293
345.00000 0.32371841117145633 0.06588
234.00000 0.4382386933589876 0.03520
825.00000 0.4193254310032689 0.06920
124.00000 0.518572736310809 0.08553
472.00000 0.21378679200509138 0.06651
75.00000 0.5878931192942645 0.05973
73.00000 0.41484747070454747 0.03774
171.00000 0.38701906547629145 0.02835
238.00000 0.3712116361971955 0.06123
290.00000 0.3741555453422211 0.06404
119.00000 0.49193643175292795 0.09646
63.00000 0.5048201828523996 0.12761
353.00000 0.26625465159988415 0.08093
81.00000 0.31580890274909107 0.10456
324.00000 0.5663017224338134 0.13262
818.00000 0.33688068723644504 0.05341
282.00000 0.39972766903986384 0.06083
189.00000 0.5031823686454343 0.12394
37.00000 0.5601407873145631 0.10581
323.00000 0.323577005160871 0.05463
540.00000 0.30697806035381076 0.05373
395.00000 0.24128855645161457 0.05255
753.00000 0.3560427702632643 0.07969
267.00000 0.3772184535991342 0.07427
646.00000 0.3334298650237209 0.03078
79.00000 0.4109665235929387 0.10162
285.00000 0.34217823254762303 0.06644
664.00000 0.4132169275273271 0.03501
119.00000 0.500052016067393 0.00624
985.00000 0.10844516672512503 0.06505
340.00000 0.45935562122668216 0.11876
57.00000 0.521569499116488 0.05424
64.00000 0.5538351349114663 0.07897
346.00000 0.4034523859929544 0.06203
468.00000 0.4732002687878369 0.04733
42.00000 0.5409476524022324 0.04301
372.00000 0.4318937359070162 0.06710
233.00000 0.4043662941714147 0.05733
264.00000 0.4862278039008497 0.04229
361.00000 0.3431556168108513 0.06292
136.00000 0.5206815936147888 0.08487
45.00000 0.5775874517150676 0.05797
384.00000 0.4986730124069388 0.05493
831.00000 0.42995099096903866 0.10530
39.00000 0.5960892485672816 0.10753
375.00000 0.4210804708952289 0.06202
1087.00000 0.23136906902689894 0.04354
283.00000 0.3696210178456268 0.08449
339.00000 0.3718976136620106 0.04935
707.00000 0.44983840538036296 0.04130
271.00000 0.4506913524224326 0.10231
1539.00000 0.2368278166189943 0.07607
157.00000 0.3697006136843507 0.08879
42.00000 0.5377649077125658 0.12864
118.00000 0.4326935912466732 0.04824
192.00000 0.5705334340841244 0.06562
230.00000 0.4187164309000186 0.04989
183.00000 0.3968862832762646 0.10730
254.00000 0.440976963122714 0.04788
529.00000 0.45296303785776043 0.06008
531.00000 0.4062711800964384 0.12269
559.00000 0.35609952999951977 0.07140
89.00000 0.6061138969073423 0.04122
350.00000 0.37427305536649297 0.12089
243.00000 0.24109129367775725 0.06169
17.00000 0.337398029939417 0.03970
372.00000 0.31085523473078086 0.07527
107.00000 0.4901165385596489 0.06981
127.00000 0.3283464011293498 0.05202
311.00000 0.6031418290028832 0.03854
207.00000 0.3617953379473953 0.05488
77.00000 0.4849453692364991 0.03998
489.00000 0.40780277930712266 0.07528
108.00000 0.36164203235003756 0.04216
181.00000 0.1963441809655143 0.04605
68.00000 0.5408408878230935 0.06653
150.00000 0.6553665550223383 0.03681
771.00000 0.2333710983541818 0.03801
191.00000 0.38060072684123164 0.09842
208.00000 0.45492919032822343 0.04203
240.00000 0.4550404319145596 0.03743
200.00000 0.5120669198571968 0.14759
455.00000 0.392164219522014 0.04392
513.00000 0.307976693238219 0.05807
185.00000 0.39822165479197474 0.09575
482.00000 0.3981587767618466 0.03285
438.00000 0.26312411058860796 0.02875
429.00000 0.23094157801081813 0.05867
203.00000 0.5320092541239166 0.04650
15.00000 0.7541546493287119 0.08571
129.00000 0.4084302421109999 0.11207
636.00000 0.3787581613339065 0.05075
345.00000 0.35212935822464264 0.08497
240.00000 0.5737452161602772 0.09967
366.00000 0.38586627190389916 0.05161
373.00000 0.5241431415544668 0.03571
377.00000 0.28899090083678425 0.06651
190.00000 0.5932654654933333 0.10795
275.00000 0.4827999698385751 0.05574
319.00000 0.38842997195219836 0.04213
751.00000 0.2621083377038748 0.06680
175.00000 0.42050198539907563 0.06425
466.00000 0.3373622287230362 0.04818
305.00000 0.3862435467198431 0.07118
43.00000 0.5640389573486713 0.10203
97.00000 0.2036767687219551 0.07815
349.00000 0.36558495960666754 0.06762
397.00000 0.3968809677687518 0.08054
133.00000 0.5109684178848953 0.02167
105.00000 0.791094705796136 0.04496
424.00000 0.4265498399333494 0.06293
535.00000 0.3199670338424513 0.08641
429.00000 0.18240623161680752 0.09438
476.00000 0.24925306701439076 0.06806
121.00000 0.5121880035358622 0.06723
511.00000 0.2788492544918044 0.05255
57.00000 0.5924850031945028 0.07252
290.00000 0.4808401494770277 0.06431
104.00000 0.4694272242594221 0.01931
52.00000 0.41520637178039277 0.07334
168.00000 0.43756706658201516 0.07202
137.00000 0.41241248462550684 0.03416
339.00000 0.3650064774778593 0.06803
312.00000 0.22837077360801183 0.06524
207.00000 0.37203915115746633 0.06059
590.00000 0.34471078408698735 0.03399
962.00000 0.37168258613609756 0.04131
254.00000 0.4275796749790946 0.04957
161.00000 0.5892855144957662 0.07872
10.00000 0.6302973056383478 0.03080
155.00000 0.3613634412348179 0.06751
114.00000 0.5422896670062244 0.02128
302.00000 0.4837870083320059 0.08574
155.00000 0.5218138167366738 0.07733
204.00000 0.4926822864654566 0.05828
16.00000 0.7891746367123684 0.11242
22.00000 0.7352052462514777 0.07214
832.00000 0.444374803772302 0.09630
263.00000 0.5524179819597579 0.05378
415.00000 0.44751767815344784 0.08163
488.00000 0.2378726929804655 0.04970
64.00000 0.6041579414000571 0.04292
241.00000 0.4970072038287338 0.04871
359.00000 0.2953553249823423 0.09607
425.00000 0.4115273648127439 0.03462
181.00000 0.4461533089081273 0.08315
712.00000 0.3669420759561637 0.05356
800.00000 0.3162041351599802 0.03663
628.00000 0.18694126516448328 0.11184
134.00000 0.4985495856608289 0.05268
52.00000 0.437572748812177 0.01172
571.00000 0.302150030554181 0.11251
176.00000 0.4154438512113161 0.06144
132.00000 0.451454004953369 0.04730
623.00000 0.28967628545327145 0.05520
336.00000 0.2295631301825468 0.08218
411.00000 0.4228863771118757 0.03376
877.00000 0.36875329643200433 0.12336
220.00000 0.4397489555160913 0.08154
339.00000 0.3750992189451378 0.05729
178.00000 0.5304124321555379 0.11881
1071.00000 0.19296421995092844 0.10305
123.00000 0.5298413276552414 0.04984
482.00000 0.4458377961492072 0.03939
635.00000 0.256032323869791 0.04899
76.00000 0.49583466435684836 0.10641
363.00000 0.23390670221503782 0.07182
197.00000 0.5340288519054218 0.06179
75.00000 0.6289668704005266 0.03545
103.00000 0.5093568755058931 0.11226
219.00000 0.5768889944971374 0.04593
209.00000 0.48556184863669055 0.08571
490.00000 0.2710605819404625 0.06857
90.00000 0.4111708744715835 0.07388
845.00000 0.48657760515935305 0.07039
155.00000 0.5337728512973255 0.06444
128.00000 0.4095008741080153 0.06832
453.00000 0.24423241599526935 0.04711
623.00000 0.3958941490560052 0.05684
186.00000 0.2799521251887432 0.08571
270.00000 0.42234463381096726 0.07687
1153.00000 0.29718190729836713 0.05751
172.00000 0.4512280302902432 0.06063
75.00000 0.39869899311850354 0.02817
90.00000 0.4865570978234541 0.04503
116.00000 0.5826821477939889 0.12650
574.00000 0.22810708084088469 0.11967
117.00000 0.605507474835003 0.05460
717.00000 0.26906476791759426 0.10032
43.00000 0.7303835413700724 0.09062
431.00000 0.4351006891229287 0.05375
710.00000 0.43218679900999646 0.04263
141.00000 0.5363662802963607 0.10398
566.00000 0.3581247476104577 0.16052
28.00000 0.40631006295730027 0.12970
108.00000 0.5133337198133233 0.02375
85.00000 0.5847935029628966 0.07183
96.00000 0.47237386053303954 0.02440
321.00000 0.24573559575621506 0.04865
