1872.00000 0.08295536677508748 0.06567
930.00000 0.355999588545835 0.06518
2116.00000 0.06055651715152109 0.05999
1400.00000 0.3162329403546362 0.07677
516.00000 0.16844005739810433 0.04938
2146.00000 0.06339050231479712 0.04571
1541.00000 0.05566441874962516 0.12188
2263.00000 0.03860568436334106 0.03913
1292.00000 0.11137796983818062 0.08062
1233.00000 0.19603166358998178 0.03696
1712.00000 0.21737094088974654 0.05038
913.00000 0.10102275971955164 0.08251
964.00000 0.1301227332375521 0.06364
2099.00000 0.051889859313170986 0.03846
1764.00000 0.1684774826901788 0.07226
1078.00000 0.09477071606844449 0.07470
1799.00000 0.1038832959436364 0.05439
2222.00000 0.047989145202500694 0.07796
1562.00000 0.07982495467651579 0.10312
2519.00000 0.0506231506310549 0.06486
1142.00000 0.0863334666404279 0.07585
2273.00000 0.0970944145629671 0.02197
1098.00000 0.06040026589522196 0.07420
1483.00000 0.06429540876163554 0.10760
1446.00000 0.12128585890404686 0.05226
1404.00000 0.06941578235546202 0.07555
918.00000 0.09027125325829063 0.07674
1215.00000 0.07128872627414745 0.05974
1412.00000 0.13600067802452998 0.05084
1621.00000 0.04806458532219605 0.07045
2269.00000 0.11440760062852559 0.04441
1259.00000 0.08591962273398349 0.10253
2128.00000 0.05918852074889012 0.03832
1313.00000 0.05007965334564351 0.08298
1527.00000 0.07602373853437583 0.08329
2250.00000 0.04636920921944055 0.04713
1098.00000 0.39786166227643416 0.05026
839.00000 0.1589148712098069 0.09814
682.00000 0.19322029315556616 0.08026
942.00000 0.3144480637181802 0.04480
1219.00000 0.09280863606587593 0.06251
730.00000 0.15060200711112057 0.03459
960.00000 0.08505099855923719 0.12062
1194.00000 0.07492397375986397 0.10550
1737.00000 0.11138957436860437 0.04037
729.00000 0.35786777076908594 0.08630
934.00000 0.1167992325727881 0.04500
1608.00000 0.06800558616518196 0.02720
1456.00000 0.04633736301647655 0.06720
961.00000 0.0712471464674619 0.03914
391.00000 0.1296408752522056 0.03356
1129.00000 0.1317116214656745 0.03700
1727.00000 0.17639781993538836 0.07982
1023.00000 0.09704149616295024 0.05571
1546.00000 0.09337485391298109 0.04444
1569.00000 0.19332767875245402 0.04091
1157.00000 0.12440652930053311 0.07398
765.00000 0.11022217856059124 0.01356
1473.00000 0.08711013488093547 0.04603
2461.00000 0.06666110980340213 0.02666
1034.00000 0.1037489773090689 0.05842
783.00000 0.4473053416588427 0.05297
2010.00000 0.0579848054145356 0.07947
1775.00000 0.071644863359495 0.03632
1528.00000 0.1083465949461271 0.02605
1201.00000 0.19433770624054 0.03750
2291.00000 0.0758780438265626 0.02221
882.00000 0.06274786188444118 0.04273
1830.00000 0.08469579640913599 0.04820
689.00000 0.12917911748178815 0.02495
1616.00000 0.06526225337276262 0.03411
1423.00000 0.12315246752831607 0.08460
1577.00000 0.07988730800455242 0.05839
1546.00000 0.06985903096994736 0.07383
1958.00000 0.10462920970325296 0.07778
675.00000 0.11127269564921384 0.12109
2006.00000 0.06557320734239741 0.03984
1041.00000 0.0937829563398182 0.08092
1233.00000 0.0815407926703673 0.07531
1101.00000 0.1530092809069772 0.10324
1810.00000 0.0608730008017832 0.06693
1210.00000 0.054642770355746585 0.08356
1804.00000 0.08153708123809252 0.03097
1555.00000 0.09572370876444457 0.08780
1141.00000 0.07012735712705921 0.03680
868.00000 0.20106198678974263 0.03549
1344.00000 0.1833330589800823 0.08892
1170.00000 0.11626534276488545 0.03878
908.00000 0.08751192988993467 0.08969
1150.00000 0.08758039046924268 0.04157
813.00000 0.1272137465326045 0.07029
2253.00000 0.04519830742801875 0.05518
1305.00000 0.08782679749975997 0.04384
1981.00000 0.046508839129809215 0.04194
1590.00000 0.17440552762197162 0.04179
1795.00000 0.12784957807613032 0.04419
1681.00000 0.16289308164063654 0.09310
619.00000 0.19672001765013064 0.05554
1435.00000 0.13376207355808287 0.06580
1614.00000 0.07837130267893144 0.05285
2004.00000 0.05461684505736114 0.07362
2104.00000 0.06365742014156603 0.03648
1060.00000 0.07651141701723238 0.05796
1690.00000 0.06439029636228492 0.03188
1333.00000 0.10210772704485667 0.02883
1226.00000 0.10059070864298535 0.04591
1047.00000 0.06037961805918859 0.11786
1289.00000 0.09167804654743317 0.05148
1717.00000 0.10851178143439048 0.07342
1944.00000 0.0847760220809059 0.04393
1861.00000 0.05845472842214307 0.07481
1250.00000 0.1523486487944765 0.05311
1331.00000 0.07677964525511013 0.04313
1578.00000 0.13475739736834508 0.04918
2118.00000 0.043712324035437546 0.03760
1363.00000 0.2447631565184471 0.10815
796.00000 0.1927186694008265 0.07874
1939.00000 0.05756826286340555 0.03870
676.00000 0.11462800302796616 0.07479
1590.00000 0.09987714613853943 0.03850
1583.00000 0.09691357807246555 0.10149
2183.00000 0.06144192480656418 0.05227
1173.00000 0.1244574895145059 0.03357
899.00000 0.23817457625169286 0.11731
1281.00000 0.08957999492202624 0.05373
1349.00000 0.09952917781914775 0.02617
2128.00000 0.0575537329942421 0.03935
846.00000 0.18413872272218376 0.04093
1466.00000 0.12778106360876498 0.11215
2261.00000 0.08132727606966837 0.08332
1189.00000 0.18595877644547332 0.06725
277.00000 0.1995449650838122 0.03943
1522.00000 0.07331293536953952 0.04041
2323.00000 0.046111165731878435 0.05073
2395.00000 0.07153812088118043 0.09312
1299.00000 0.08715894681513846 0.03799
1578.00000 0.061360046879187946 0.12113
848.00000 0.11755756958322847 0.02850
1913.00000 0.06473459570611585 0.04288
1633.00000 0.07580367957717114 0.05457
1321.00000 0.10959656142292253 0.01773
1301.00000 0.15430430648527177 0.07888
1617.00000 0.06678868569470509 0.11776
940.00000 0.1428430822730276 0.07629
996.00000 0.09767019531303221 0.09059
110.00000 0.16854762334778253 0.01588
930.00000 0.10047188234356688 0.09606
1987.00000 0.060545342882359215 0.06117
1194.00000 0.10085055956418185 0.03555
1623.00000 0.10184062465811168 0.02376
1765.00000 0.14064890068388367 0.05053
1956.00000 0.08426429553890262 0.04635
1023.00000 0.1347989156541549 0.05084
1725.00000 0.09003020663916093 0.04973
1124.00000 0.16904105058405744 0.05057
2294.00000 0.058012329805156616 0.05141
1799.00000 0.08063461699609688 0.11005
1760.00000 0.10514789040339781 0.02978
1799.00000 0.08842982877423647 0.02274
980.00000 0.10916057107312803 0.03478
1122.00000 0.1115627899420334 0.04586
1665.00000 0.10050796284365011 0.04140
1108.00000 0.09102048989436437 0.04750
1744.00000 0.07453434416109889 0.05766
2354.00000 0.06641154821985047 0.03918
2407.00000 0.07060079714535723 0.04430
1770.00000 0.09315784153696754 0.06498
1744.00000 0.1364318458273905 0.03486
1159.00000 0.21059818010343634 0.04851
1357.00000 0.11228750700405288 0.06076
255.00000 0.3793872649628171 0.08240
1977.00000 0.18203729114141198 0.07884
2038.00000 0.11010630200015463 0.05072
831.00000 0.23832934339172016 0.09098
1086.00000 0.1392936316421673 0.08366
1831.00000 0.07788000322293206 0.03090
635.00000 0.180576870903954 0.08107
1299.00000 0.08363353982281921 0.05073
1263.00000 0.15728137790624197 0.06417
1575.00000 0.06018421088458573 0.11499
1441.00000 0.07582160153171294 0.04268
893.00000 0.10355903373638917 0.08858
992.00000 0.04130519223585407 0.04383
1388.00000 0.05254832770860093 0.06796
1335.00000 0.09682637561195132 0.05655
628.00000 0.1425949671885672 0.05230
1341.00000 0.0902218651561441 0.05082
1713.00000 0.10392512465529051 0.06801
1656.00000 0.05382875540382271 0.03776
1056.00000 0.16518585049098314 0.06302
654.00000 0.1009085495587896 0.07373
915.00000 0.12175513583780798 0.03032
1512.00000 0.07576686509626848 0.04767
1273.00000 0.05985792451942421 0.07762
733.00000 0.14616729106012916 0.03177
2309.00000 0.041127263998177004 0.06557
1437.00000 0.08919264679300248 0.10370
686.00000 0.27360891861958997 0.03777
1225.00000 0.10947236681226973 0.03335
1488.00000 0.0457440615407233 0.04626
912.00000 0.034118394962013146 0.07829
1129.00000 0.10207225063438519 0.09439
2048.00000 0.10655311231593897 0.05731
2631.00000 0.10315012135260622 0.05262
1215.00000 0.14958158078937117 0.01663
1356.00000 0.12024935555643831 0.04735
680.00000 0.1982153689569135 0.07423
1242.00000 0.11574365359415474 0.02712
815.00000 0.21678282993552656 0.06087
1332.00000 0.09426395154578988 0.10589
1756.00000 0.03215600071115837 0.08232
1685.00000 0.092225955912761 0.04993
1408.00000 0.07180387147070783 0.07990
1464.00000 0.0704763420001973 0.02476
319.00000 0.41646477370499646 0.07521
1790.00000 0.1170654518890165 0.05978
1874.00000 0.06357188832073862 0.08093
2045.00000 0.0771877488948692 0.03167
1440.00000 0.0887118059708172 0.03571
926.00000 0.158622502167518 0.05899
1755.00000 0.21800878330279755 0.06475
1392.00000 0.09409708263983817 0.01959
1707.00000 0.1412120493994915 0.07800
1597.00000 0.0749879298075265 0.07008
1960.00000 0.0721850424573819 0.04730
1526.00000 0.14429655139580208 0.08958
1434.00000 0.12226597170310988 0.04045
1540.00000 0.10780784792389463 0.02614
1776.00000 0.09342842217733364 0.06792
1471.00000 0.09498225266775244 0.06783
1009.00000 0.11508872208105925 0.06882
2577.00000 0.05190408217567462 0.03212
898.00000 0.18895466007498662 0.04602
947.00000 0.12868982890516892 0.05391
1105.00000 0.02560675531514146 0.06045
573.00000 0.1284542886127041 0.04277
958.00000 0.1422327685289289 0.04917
1153.00000 0.1828551172887442 0.06597
649.00000 0.1499714768289322 0.04132
1208.00000 0.1114282226012021 0.05387
1603.00000 0.10632950841164307 0.07345
1617.00000 0.1352670750982291 0.07817
937.00000 0.15277130729422597 0.02768
1868.00000 0.07929021681609506 0.04775
1956.00000 0.10372052607011539 0.03736
1033.00000 0.23156989196482172 0.05575
1634.00000 0.07776381789367295 0.04094
822.00000 0.11873343401820494 0.03075
1499.00000 0.060600987728686426 0.05876
844.00000 0.10184898372119343 0.03118
388.00000 0.13462510545166903 0.07132
637.00000 0.14266382043968368 0.06681
1627.00000 0.13954134962582962 0.04041
1683.00000 0.10450509822890404 0.04907
2467.00000 0.057119568486549525 0.06347
1136.00000 0.048059997113708675 0.07998
1356.00000 0.08387244617732706 0.05423
1314.00000 0.0625103371985868 0.09811
1797.00000 0.08323686644218477 0.02980
1793.00000 0.05198413858548589 0.04335
1437.00000 0.15703359111108373 0.06685
473.00000 0.2513679257043 0.11953
1242.00000 0.0906884059092232 0.03734
961.00000 0.05674019303388819 0.07028
1083.00000 0.1259229228449986 0.03836
1564.00000 0.07206869727344908 0.03324
2108.00000 0.06359124891032682 0.05457
974.00000 0.10075353773026022 0.12321
1237.00000 0.1389565591282499 0.06269
1238.00000 0.15033573262464284 0.05102
1363.00000 0.06343479232606034 0.02632
633.00000 0.17351170515000314 0.06974
1779.00000 0.04874847818826416 0.03669
1301.00000 0.09496896659174417 0.10072
1012.00000 0.08249387787100099 0.05300
868.00000 0.42399693446051356 0.05246
1840.00000 0.10137711455735045 0.05711
790.00000 0.13751332305036912 0.13120
818.00000 0.1517299365505313 0.05752
863.00000 0.17735226986575686 0.04074
885.00000 0.185169305497977 0.08097
1317.00000 0.13268323165001175 0.07240
2274.00000 0.045536852450395834 0.01920
550.00000 0.15097503500248333 0.08921
1440.00000 0.12655410129133599 0.06048
929.00000 0.12929640800425987 0.05143
642.00000 0.24417896461102304 0.05500
1305.00000 0.10908367749794137 0.03390
1869.00000 0.18270955341746015 0.07633
952.00000 0.1780533949331225 0.03134
1787.00000 0.11666574695055221 0.04806
1971.00000 0.15437710080517833 0.08863
