410.00000 0.3952979293716189 0.07190
777.00000 0.3266531593815091 0.11004
680.00000 0.2957262141119592 0.08490
613.00000 0.2382222105757654 0.06795
580.00000 0.3820212369909674 0.06397
378.00000 0.46857052687454415 0.10279
321.00000 0.31568582456568467 0.07142
256.00000 0.34221807255534553 0.08237
356.00000 0.4387855009088433 0.10298
450.00000 0.32226228953860425 0.06508
636.00000 0.30413474857172884 0.07791
767.00000 0.30076517216896126 0.08454
608.00000 0.2492739418348547 0.05652
858.00000 0.21047268687718557 0.08922
645.00000 0.33989504574536505 0.08425
376.00000 0.17127432210970062 0.08747
345.00000 0.3267836259878472 0.07715
595.00000 0.25795256042917086 0.08256
675.00000 0.2629555145820342 0.07196
403.00000 0.22422749880574963 0.05151
596.00000 0.2854979762507351 0.07020
496.00000 0.3216636351974939 0.08973
361.00000 0.2838455597368292 0.07180
473.00000 0.2520004226501293 0.07796
661.00000 0.31030732109832787 0.06434
267.00000 0.24268323906889314 0.07221
424.00000 0.36342660889131356 0.09098
537.00000 0.3369355838491164 0.06863
528.00000 0.34504116568435866 0.04963
426.00000 0.26898364684205717 0.07671
441.00000 0.3449989300429068 0.08379
482.00000 0.3888099917103692 0.08620
591.00000 0.40580528589807324 0.07590
723.00000 0.2977664507662148 0.06868
639.00000 0.37173158356031266 0.05527
572.00000 0.27448540884311423 0.07150
725.00000 0.2598986528092958 0.06807
388.00000 0.40056731874608237 0.09001
369.00000 0.4398147434210573 0.05496
549.00000 0.2689892727100082 0.11776
510.00000 0.28902633776559267 0.04601
262.00000 0.34322344672058275 0.06603
442.00000 0.47666365744785627 0.09092
637.00000 0.37936448276146534 0.06534
399.00000 0.43253566731830007 0.07085
404.00000 0.296031831651735 0.05050
449.00000 0.24090403633220053 0.10470
686.00000 0.23651664555693078 0.09899
701.00000 0.22610561632462783 0.06719
691.00000 0.2763375167901578 0.06327
591.00000 0.39677622529860795 0.09620
656.00000 0.4072667895289547 0.12064
534.00000 0.16964024043855644 0.07410
344.00000 0.39692938582683546 0.12235
717.00000 0.27345227731741223 0.06742
324.00000 0.31372813357353957 0.09360
468.00000 0.2472254844971736 0.08125
571.00000 0.37294117616086997 0.08997
502.00000 0.2911055324860093 0.06929
378.00000 0.3508532495902621 0.08877
568.00000 0.31537260987530513 0.06727
492.00000 0.39040595290619345 0.06464
369.00000 0.36164683166436346 0.07121
491.00000 0.19444140506756413 0.06380
440.00000 0.3870964055766083 0.07364
461.00000 0.37775456673396124 0.09145
583.00000 0.265081486038254 0.08856
618.00000 0.29538544906630115 0.07059
505.00000 0.2785299756991495 0.08444
453.00000 0.32024442503730655 0.08623
436.00000 0.28826450923050406 0.10792
389.00000 0.2967695916597417 0.09098
601.00000 0.3080719425433155 0.07482
573.00000 0.30491115153130155 0.04632
547.00000 0.31021256957271515 0.05945
316.00000 0.2963444179341687 0.07700
632.00000 0.38933269343308247 0.10498
479.00000 0.31666384715977 0.08315
535.00000 0.24321422496439782 0.04522
361.00000 0.3670308099344257 0.09123
436.00000 0.4249299127323922 0.06055
577.00000 0.3398549004433772 0.06596
453.00000 0.3047730217219344 0.07927
153.00000 0.49173778240204136 0.08141
376.00000 0.37117745182996403 0.08117
408.00000 0.3668350610461319 0.08252
650.00000 0.3331644910626645 0.06268
515.00000 0.23979091088798543 0.06481
420.00000 0.3122281845870716 0.06931
489.00000 0.19764081738368314 0.08544
556.00000 0.19360693252881495 0.03651
717.00000 0.285216944848509 0.05811
346.00000 0.2809713771797296 0.03684
610.00000 0.2865925528916838 0.08681
514.00000 0.25464677716768974 0.09328
273.00000 0.3296257303505734 0.07708
539.00000 0.45162541839192527 0.11258
535.00000 0.19251123557081576 0.03846
537.00000 0.275297375401324 0.08037
317.00000 0.48061124348179024 0.10140
432.00000 0.3106224011519443 0.07285
781.00000 0.2420307667610439 0.07310
531.00000 0.22627562876866433 0.06821
630.00000 0.272116270699062 0.10679
412.00000 0.39564544155438397 0.08816
229.00000 0.40393394562089313 0.09423
472.00000 0.2196652364905453 0.07112
300.00000 0.5855367952141706 0.10714
683.00000 0.2862308137760695 0.08287
571.00000 0.32302025104563026 0.04978
126.00000 0.47791701277796556 0.07916
456.00000 0.206448268924679 0.08115
596.00000 0.44002869576118947 0.09185
436.00000 0.39510602055726474 0.05886
680.00000 0.22936002300203828 0.04794
454.00000 0.3314848312115029 0.08637
287.00000 0.22767099108621702 0.06389
467.00000 0.3308993138351914 0.07346
273.00000 0.3656290697326383 0.04368
712.00000 0.2874465997520509 0.06434
707.00000 0.2915649314709701 0.05053
665.00000 0.25304103404090145 0.09255
222.00000 0.3091171585159081 0.08567
384.00000 0.3830336484647523 0.07533
445.00000 0.3340993928331918 0.08904
404.00000 0.1997503475720316 0.02819
576.00000 0.2450796015614617 0.06481
509.00000 0.2583656968120872 0.08728
379.00000 0.3653360240859262 0.09768
626.00000 0.33706065610747155 0.06789
427.00000 0.40185057723875417 0.06631
381.00000 0.3102690715005276 0.07881
307.00000 0.3519177055540226 0.07739
324.00000 0.3364622289634159 0.07507
489.00000 0.3911705948933682 0.06002
611.00000 0.2705991946533828 0.09793
488.00000 0.35669195705552864 0.10755
328.00000 0.3527391281244268 0.06755
425.00000 0.3892004012713503 0.06400
355.00000 0.41671543544984974 0.09745
509.00000 0.3481136699803934 0.09457
515.00000 0.3945434667470288 0.07517
685.00000 0.3691207077086357 0.06166
591.00000 0.32225812062533865 0.06427
373.00000 0.3845805100282237 0.07746
424.00000 0.39263538508372736 0.08328
614.00000 0.3575368108760994 0.12391
634.00000 0.2977256867232544 0.06293
712.00000 0.19397486858877513 0.08639
357.00000 0.18049219022103402 0.09413
785.00000 0.29164277078416406 0.06971
488.00000 0.2091590926145085 0.07788
828.00000 0.28713346229983416 0.10868
431.00000 0.3433985702125734 0.09118
395.00000 0.3984380805871381 0.06911
393.00000 0.3077812828540333 0.08196
382.00000 0.4084609722927388 0.07567
279.00000 0.3982799149824567 0.09691
439.00000 0.38735145842212726 0.09162
534.00000 0.30969433111169903 0.05121
506.00000 0.28765234947304 0.06568
403.00000 0.319024315388856 0.06848
420.00000 0.3327070596172354 0.08639
773.00000 0.4410254098078693 0.09268
723.00000 0.23998026782729687 0.07987
345.00000 0.34005617513776193 0.07710
695.00000 0.18007998489837918 0.07077
674.00000 0.3036726085229213 0.08437
792.00000 0.2379910238845533 0.13467
578.00000 0.2526926559133221 0.07705
540.00000 0.25173631258616813 0.06884
757.00000 0.29136551612626554 0.07204
518.00000 0.3453452822070598 0.06049
397.00000 0.25781021552151034 0.07722
422.00000 0.2897368454931114 0.04049
680.00000 0.2409115123244833 0.09506
560.00000 0.26564214030789035 0.06936
468.00000 0.30402312805980464 0.08456
752.00000 0.26997075770956647 0.06896
165.00000 0.4704169447438433 0.08700
430.00000 0.36964788529639253 0.10392
675.00000 0.2372793180039699 0.06790
551.00000 0.2821534075797543 0.10442
662.00000 0.27896452284705253 0.07432
374.00000 0.28976390792226514 0.08145
658.00000 0.30937154709485626 0.09127
677.00000 0.36273055351772904 0.07502
462.00000 0.2379643450326108 0.09061
426.00000 0.397574383698081 0.09218
492.00000 0.4405321785723227 0.09662
553.00000 0.238239095757706 0.05226
638.00000 0.2072271396821528 0.08600
295.00000 0.3064409896317154 0.07740
647.00000 0.1988375034890687 0.07769
613.00000 0.3985675886564498 0.06910
532.00000 0.3142344890804918 0.06057
459.00000 0.323914655381353 0.08767
678.00000 0.3433219728714552 0.09981
780.00000 0.2645422124440021 0.07980
358.00000 0.3967487197773082 0.06654
605.00000 0.26118410799976843 0.08266
467.00000 0.3516007602590834 0.07160
256.00000 0.24685648736976967 0.08456
522.00000 0.32969728422671585 0.06126
751.00000 0.35720359478064506 0.05945
254.00000 0.42185050347060105 0.09057
368.00000 0.27287709287724116 0.08157
421.00000 0.32946991965565936 0.11823
560.00000 0.4362918433808004 0.08867
385.00000 0.38489679028311774 0.11381
495.00000 0.30044749820142025 0.06651
621.00000 0.30279935106514744 0.09496
408.00000 0.2279758406607299 0.11458
677.00000 0.14510358126477518 0.07906
482.00000 0.34297699903337153 0.10756
712.00000 0.27365039036792616 0.07442
456.00000 0.2684671552088758 0.07810
435.00000 0.5259627136131717 0.07938
495.00000 0.3695075523958775 0.11022
876.00000 0.3393310714004987 0.07796
605.00000 0.3213718137653276 0.08079
611.00000 0.3217642649124678 0.08911
537.00000 0.17842151520163513 0.07506
551.00000 0.3236721181847236 0.06625
381.00000 0.28782577627511896 0.09761
278.00000 0.46409774067376985 0.10260
421.00000 0.3196044699021574 0.05868
510.00000 0.27465891353775906 0.06427
911.00000 0.32182941315389846 0.06790
591.00000 0.3538944812324881 0.08700
495.00000 0.29754306059001584 0.10967
414.00000 0.37051174710446 0.08183
533.00000 0.31680531456680955 0.10654
498.00000 0.31225084933389935 0.09538
568.00000 0.3571390175418733 0.05126
542.00000 0.322877943796737 0.10212
366.00000 0.3676325100225892 0.10609
376.00000 0.37708071575141067 0.05479
862.00000 0.26290581419034326 0.08017
646.00000 0.302893597071128 0.10188
601.00000 0.2883272320225927 0.08191
896.00000 0.26056241695986854 0.07226
690.00000 0.4585963153573886 0.11138
602.00000 0.27136688023919736 0.05849
565.00000 0.30569064817813835 0.07023
361.00000 0.32582943589183694 0.06506
582.00000 0.3439380313491354 0.08398
299.00000 0.40834403664784646 0.09451
681.00000 0.22184720042434367 0.07808
353.00000 0.4203299236538525 0.10015
274.00000 0.4517928006448249 0.06654
592.00000 0.3296780157843072 0.06899
327.00000 0.3623344033282077 0.06064
330.00000 0.2517253799138818 0.08182
267.00000 0.4539373829898133 0.07569
523.00000 0.3586198165754768 0.10801
407.00000 0.4179871702773834 0.07288
491.00000 0.41377850865122134 0.08239
567.00000 0.27441245561955857 0.06895
615.00000 0.21046126184631722 0.07064
308.00000 0.29604818246511955 0.08053
446.00000 0.2981907756498855 0.07320
422.00000 0.3698517904584879 0.06339
439.00000 0.35359781323512995 0.08078
631.00000 0.28795287994282337 0.07822
431.00000 0.3018136566271508 0.07942
418.00000 0.3495440203034886 0.08679
702.00000 0.3309963124470594 0.11857
281.00000 0.31231786126294175 0.05850
699.00000 0.1862946644981902 0.06896
559.00000 0.24421786739198625 0.07803
765.00000 0.2515043698543805 0.08687
748.00000 0.1943130986033049 0.11223
369.00000 0.2812894763459609 0.08217
462.00000 0.3368595973838121 0.09839
464.00000 0.29047863972017046 0.05021
531.00000 0.3812766414990644 0.10195
275.00000 0.3342724553771546 0.05677
704.00000 0.22065356772575506 0.08195
751.00000 0.3002650672600002 0.10802
545.00000 0.24442920575640414 0.07441
461.00000 0.18038787686342259 0.07970
573.00000 0.35764664336422575 0.06726
454.00000 0.3610225062529542 0.05576
703.00000 0.1692123244857699 0.05957
727.00000 0.3743729207215532 0.10252
690.00000 0.2371634796331091 0.07788
526.00000 0.19103635210707876 0.08285
611.00000 0.24014457420383672 0.05990
540.00000 0.25707946506159807 0.07981
895.00000 0.30009527441070666 0.06667
685.00000 0.2947606591666801 0.05818
