399.687928921614 9.273682598039025 0.3952979293716189 0.049475104455212714 0.9286466639690142 0.002447785960854209
630.3160539216567 12.895833333332776 0.3266531593815091 0.14998084775530898 0.9514699660667493 0.022494254693401175
349.2255667892461 9.810217524509408 0.2957262141119592 0.1711433089166987 0.972793912664631 0.02929003218695657
686.4575061275689 14.144148284312868 0.2382222105757654 0.06372564669629821 0.9195317767935752 0.0040609580468614235
645.7426011030634 12.315977328430973 0.3820212369909674 0.07598182672044071 0.9121914695490508 0.005773237991775078
203.98288909314266 6.490946691176187 0.46857052687454415 0.05257101865019886 0.9670958716638696 0.002763712001919556
439.12576593142006 10.027022058822991 0.31568582456568467 0.026697583695134464 0.9222520058849139 0.0007127609751587096
290.2189950980694 8.744148284313814 0.34221807255534553 0.12319733012868553 0.9691253268314929 0.015177582150836326
277.9018229166824 7.075811887254938 0.4387855009088433 0.13153798418409343 0.9756886613246973 0.017302241283214816
403.64059436279115 9.386151960784426 0.32226228953860425 0.090652465016588 0.9683103174833106 0.00821786941358371
352.2470435049328 9.62593443627392 0.30413474857172884 0.02638159859046059 0.9303696344446148 0.0006959887441881922
612.3764705883355 13.314031862744425 0.30076517216896126 0.11701487108804734 0.9363787817521856 0.013692480055752338
521.0702512255715 12.425490196077352 0.2492739418348547 0.022562255617026943 0.9487718146145918 0.0005090553785280638
862.5076439952229 16.817907475488806 0.21047268687718557 0.0349168968136072 0.9163935705844575 0.0012191896830920927
404.12195159318935 9.827680759804014 0.33989504574536505 0.06157940572625969 0.9413389136935708 0.0037920232095993048
1601.1575367650626 20.315686274511645 0.17127432210970062 0.017057644190943428 0.8662434345417186 0.00029096322534482606
531.5739430147423 11.38086703431232 0.3267836259878472 0.032670883275444 0.9324878445691895 0.0010673866139976863
766.5384957108984 13.750291053920131 0.25795256042917086 0.017372755370326707 0.915131961200894 0.0003018126291572154
502.55572916671576 11.863664215685546 0.2629555145820342 0.10073015225278391 0.9455182548668193 0.010146563572869027
320.96479779414994 9.101470588234985 0.22422749880574963 0.018481474866661806 0.961996928814885 0.000341564913247052
384.80612745102167 10.537162990195231 0.2854979762507351 0.026117871220017394 0.9211283603066612 0.0006821431970654129
369.38224571081594 9.412699142156493 0.3216636351974939 0.030768316482838884 0.9326663075750768 0.000946689299188135
348.23123468140165 9.436933210783964 0.2838455597368292 0.03161012044192032 0.9488801233259138 0.0009991997143527088
736.0891544118755 13.621997549019172 0.2520004226501293 0.03032621097235568 0.8936857723290526 0.000919679071939826
320.84817708336755 9.17774203431373 0.31030732109832787 0.09402629121041496 0.9707296853958465 0.008840943438785758
487.3211550245768 11.578661151960015 0.24268323906889314 0.02985395737027182 0.9461904759330512 0.0008912587706660071
349.55461090689056 9.027527573529364 0.36342660889131356 0.06564125704308328 0.9562220695688459 0.00430877462619613
453.711228553988 10.699923406862261 0.3369355838491164 0.039694700603523446 0.9652166148179291 0.0015756692560033644
404.94114583337023 9.651531862744926 0.34504116568435866 0.07316590376149044 0.9472329313796648 0.005353249473235681
732.5585784314517 13.441299019607056 0.26898364684205717 0.02035986205843303 0.9143581704911399 0.0004145239830384208
419.70790441181924 10.034037990196024 0.3449989300429068 0.04573344862089947 0.9468800812799845 0.002091548322760451
664.0217064952178 11.684175857843679 0.3888099917103692 0.11073870960524806 0.9431483249103867 0.01226306180503546
778.8694699756379 13.354733455882766 0.40580528589807324 0.08984623450860847 0.9087274156342828 0.008072345855375869
549.9979473040155 12.596384803921346 0.2977664507662148 0.09087585202624238 0.9414427079786356 0.0082584204814955
549.2534160539798 11.140150122548434 0.37173158356031266 0.0774242522589404 0.9260548499071771 0.005994514837856037
809.9556832109403 15.049371936274989 0.27448540884311423 0.03488903242391629 0.8994753539130693 0.0012172445834770823
427.1696997549588 10.55934436274499 0.2598986528092958 0.03734018585177033 0.962612439585651 0.0013942894794447495
475.4456341912867 11.543979779412329 0.40056731874608237 0.22649442571403838 0.9022841372332919 0.05129972487953205
217.62101715687987 6.493658088235119 0.4398147434210573 0.06138875207220404 0.9705575589693037 0.003768578880982536
1165.5684129903511 16.18005514705873 0.2689892727100082 0.06704837416281315 0.9052728650601346 0.00449548447787659
402.793336397113 10.770603553921333 0.28902633776559267 0.02509019560826764 0.9282523761805601 0.0006295179156611328
437.1751838235871 10.072212009803708 0.34322344672058275 0.031821372673202786 0.9458663926152021 0.0010125997588068569
496.6757965686796 9.609681372549074 0.47666365744785627 0.179805714584066 0.9408243897991319 0.032330094997086604
783.7426623775634 12.936197916666522 0.37936448276146534 0.09680104013269275 0.9177233408146072 0.009370441370771193
183.94937193628445 6.137147671568568 0.43253566731830007 0.16796301397369132 0.9793555430440504 0.02821157406312642
561.7316329657613 11.84664522058766 0.296031831651735 0.035940554127675675 0.8718669337109792 0.001291723431004385
893.1950367647723 15.73541666666455 0.24090403633220053 0.028554096203738753 0.9262025238547336 0.0008153364100123679
1035.3911917893793 18.25133272058814 0.23651664555693078 0.1083059596336074 0.9145454240657599 0.011730180892156595
655.2011642157939 14.30839460784264 0.22610561632462783 0.08156162413141038 0.9286109284496594 0.006652298530953464
482.78158700985585 11.548560049018871 0.2763375167901578 0.07547673901280545 0.9402432906501923 0.005696738132007148
584.24969362757 11.689001225490916 0.39677622529860795 0.07929071024462342 0.9466693114531519 0.006287016731096829
1020.8071384805523 14.511979166666857 0.4072667895289547 0.140029493162676 0.922476936420264 0.019608258955395922
627.6176776961789 13.38462009803818 0.16964024043855644 0.021141703869775836 0.9138208519972508 0.0004469716425172945
474.05533088241367 9.05435049019624 0.39692938582683546 0.1016602270673729 0.9601829766712016 0.01033480176738982
656.2236979167906 13.977098651960507 0.27345227731741223 0.06986563248062135 0.9330732320218982 0.004881206601917252
536.4359221814223 10.899371936273385 0.31372813357353957 0.029985740760500243 0.9523700159418217 0.0008991446489559257
673.0300857844466 14.063511029412231 0.2472254844971736 0.02602857045267065 0.9396102390061805 0.0006774864798096394
816.4267616423195 13.569469975490565 0.37294117616086997 0.06658806836948138 0.8945476707139717 0.004433970849178725
491.4120863971124 11.787882965685336 0.2911055324860093 0.033635919610509935 0.8945646708450729 0.001131375088044687
825.6597886030622 13.413097426469971 0.3508532495902621 0.040980974675145866 0.9316752357722556 0.001679440285324947
291.20223651963227 8.703553921568604 0.31537260987530513 0.026897867537613158 0.9353923783134367 0.0007234952780709838
212.1831648284454 7.299188112745202 0.39040595290619345 0.03810939246157617 0.968458955161979 0.001452325793790439
243.84636948531258 7.122257965686464 0.36164683166436346 0.031886502208026725 0.9825251303661314 0.001016749023062493
463.79005821084803 11.652159926470128 0.19444140506756413 0.018656383991599995 0.9056433021171699 0.0003480606636420285
258.15459558824807 7.614338235293865 0.3870964055766083 0.04227379733697613 0.9575597659286778 0.00178707394128773
245.24649203432767 7.754947916666335 0.37775456673396124 0.0985002104717718 0.9767619820180233 0.009702291462983344
823.6309129903343 14.754932598038652 0.265081486038254 0.06830924411020008 0.8861053348070789 0.004666152830906904
657.728140318694 13.444776348038674 0.29538544906630115 0.043231872583323144 0.8953541246553921 0.001868994807060687
401.55238970593444 10.496139705881845 0.2785299756991495 0.03051716083973444 0.9464989556095758 0.0009312971057182213
316.5643841912049 8.68739276960773 0.32024442503730655 0.06401332470562976 0.9457244865594281 0.00409770573986839
427.8092064951497 10.616743259803213 0.28826450923050406 0.053653236242589344 0.9631249514882925 0.0028786697593031025
488.499724264746 10.58143382352862 0.2967695916597417 0.028188969710100445 0.9221379642174257 0.0007946180133169604
548.308731617746 12.980055147059693 0.3080719425433155 0.07616054538164865 0.9377716593834757 0.005800428672830164
557.5241421569651 12.260876225489746 0.30491115153130155 0.028112832575695582 0.9136697297615562 0.0007903313554290908
600.3611825981421 12.329289215685755 0.31021256957271515 0.06980146371399068 0.930626319120389 0.004872244336615558
1080.0555606618846 15.820235906861477 0.2963444179341687 0.03705963358669948 0.813867772325609 0.0013734164415804243
667.4184129903332 12.578860294118172 0.38933269343308247 0.06788660138636596 0.9386583142086837 0.004608590647791345
425.88707107847455 10.52423406862648 0.31666384715977 0.03913241502494102 0.9506712045253227 0.0015313459056842296
251.56648284316978 8.774724264706352 0.24321422496439782 0.025463991806926257 0.9659924009714546 0.0006484148787432076
724.4724417893176 12.68696384803856 0.3670308099344257 0.03534632459673806 0.9365882514272462 0.0012493626624979698
278.78186274512814 7.502757352941513 0.4249299127323922 0.05017558605167723 0.9053192886335797 0.0025175894356292672
933.7678462011451 15.287484681372549 0.3398549004433772 0.06513614050494232 0.8556118575671751 0.004242716799879587
499.9931985294612 11.401623774508993 0.3047730217219344 0.0302013801134503 0.9037990766197088 0.0009121233607571114
259.6485753676486 6.319898897058479 0.49173778240204136 0.07922203134827875 0.9140048027703788 0.0062761302509476615
272.7812806372737 8.152083333333344 0.37117745182996403 0.09772140031705293 0.9718987313342731 0.009549472079925712
279.1763174019883 7.850980392157059 0.3668350610461319 0.1752969852210992 0.9789784965830318 0.030729033027606274
770.5996783089502 14.04483762254857 0.3331644910626645 0.07472571631859233 0.8956516593470932 0.005583932679326737
450.0986672794785 11.200995710783682 0.23979091088798543 0.033287474381871955 0.9606356474726645 0.0011080559507237815
724.5405943628738 13.021047794117829 0.3122281845870716 0.07312932651141968 0.9203598095603723 0.005347898396013829
1372.228354779753 23.1619025735332 0.19764081738368314 0.06407173373431878 0.8692439191538972 0.004105187063721443
478.77454044126193 11.898988970587867 0.19360693252881495 0.024690429527956848 0.8740934933486294 0.0006096173102750035
546.7790441177165 12.14065563725403 0.285216944848509 0.06542302252650252 0.9191870339233933 0.0042801718765032555
150.8271139705981 6.826286764705555 0.2809713771797296 0.03284720779929128 0.943393507831032 0.001078939060209822
763.7695465687522 14.425275735293813 0.2865925528916838 0.08605266274107988 0.9054900256664976 0.0074050607648300385
547.5442861520008 12.225995710782867 0.25464677716768974 0.02770381291935237 0.9379721534174246 0.0007675012502704752
342.1330116421833 8.449800857843087 0.3296257303505734 0.038560834538553905 0.9086589272781207 0.001486937960309732
248.410707720592 7.271124387254812 0.45162541839192527 0.32975016237055726 0.9819865860742596 0.10873516958340888
456.55059742653526 13.075628063724473 0.19251123557081576 0.02443661281942865 0.9419086203631012 0.0005971480460866647
460.42314644612037 12.148268995096968 0.275297375401324 0.11214257117203572 0.9478440453476841 0.012575956269075097
436.4765012255802 9.7544730392163 0.48061124348179024 0.28286977414303854 0.8890347978472193 0.08001530912373363
374.78952205886117 9.206464460784646 0.3106224011519443 0.026454770661163942 0.918924590842295 0.0006998548907347804
681.975735294204 14.271200980391013 0.2420307667610439 0.11157128729349715 0.9276888463458492 0.012448152148328078
437.26885723044234 11.198299632352331 0.22627562876866433 0.02378590227757176 0.9439441968316389 0.0005657691471581933
661.8768382353445 12.324938725489613 0.272116270699062 0.08753262042366601 0.8899510087861146 0.007661959638233591
246.28040747550088 7.154304534313447 0.39564544155438397 0.048685969659374904 0.9673857245723249 0.002370323641673574
205.59082414216232 6.238097426470155 0.40393394562089313 0.04330878603473584 0.979980461240527 0.0018756509478025302
1004.9304227943041 15.969669117646426 0.2196652364905453 0.02197130715146347 0.8679658175857111 0.00048273833794394976
428.95530024513954 7.685232843137514 0.5855367952141706 0.26736686521349473 0.9544919250406078 0.07148504061409106
754.6081801471852 14.064705882352541 0.2862308137760695 0.07523457510288642 0.9441496489839023 0.005660241290911857
767.1251072304866 13.38763786764613 0.32302025104563026 0.032937499908807455 0.8461020729960856 0.001084878900242691
881.6002450981059 10.52665441176432 0.47791701277796556 0.04847448530639756 0.8207820971770095 0.002349775725720153
1045.676700367812 17.459635416666618 0.206448268924679 0.017987379312261815 0.8990907625382223 0.00032354581452318426
706.6192095589195 12.260998774509536 0.44002869576118947 0.13841889047822398 0.932108391440493 0.019159789241222563
346.3972273284624 8.316436887255344 0.39510602055726474 0.04721437314755124 0.9517688372878206 0.0022291970317162074
380.54762561278466 11.26885723039129 0.22936002300203828 0.01690905528412809 0.9300760492100244 0.0002859161506017
832.0221354168184 13.193213848038953 0.3314848312115029 0.03520499552186165 0.9465212789069095 0.0012393917096942984
626.7553308823968 13.05533088235139 0.22767099108621702 0.020564445763462304 0.9142420076233038 0.0004228964295583827
359.6186121323998 9.542264093136978 0.3308993138351914 0.042359535241395324 0.8720025482493644 0.0017943302258670124
564.9722579657806 11.095940563725478 0.3656290697326383 0.03819183595628807 0.9090760604699034 0.0014586163337120181
573.4344975490769 12.513020833332742 0.2874465997520509 0.06754135193838152 0.916437294968982 0.004561834221664314
581.0461856618249 12.574954044117003 0.2915649314709701 0.06100206934910709 0.9159007515959257 0.003721252464873271
458.62487745104403 11.352573529410867 0.25304103404090145 0.03880956805603983 0.9521808956929055 0.0015061825726963868
964.6880667893491 13.804212622548457 0.3091171585159081 0.05037513110591258 0.9210343039400799 0.0025376538339378814
379.96587009808735 9.178278186274463 0.3830336484647523 0.047611960013880475 0.95190332205536 0.002266898736363353
567.5214154412529 10.808180147058911 0.3340993928331918 0.04187580145197655 0.9458980007952416 0.0017535827472453613
326.7771139706183 10.277542892156271 0.1997503475720316 0.020097388280236345 0.8575086900535989 0.0004039050156865812
725.6746170343929 14.494132965685385 0.2450796015614617 0.024077668832296197 0.8261656322643283 0.0005797341363977277
503.90150122554974 11.738756127449864 0.2583656968120872 0.019267849744875477 0.9051310336261905 0.00037125003379109806
825.0242187501384 12.618183210784842 0.3653360240859262 0.0955382623936838 0.933260979481804 0.009127559581204378
618.1762714461835 12.501363357843033 0.33706065610747155 0.08485654780252648 0.9171869086527379 0.0072006337049624605
385.1879442401999 8.092509191176152 0.40185057723875417 0.04707486496321745 0.8598437977217442 0.002216042911305158
378.2628063725866 9.087806372548984 0.3102690715005276 0.061326514581128345 0.9513572863892202 0.0037609413906693474
267.55986519609536 8.25545343137274 0.3519177055540226 0.025937526055769187 0.9607294598755999 0.0006727552578937056
416.2971813725841 10.124509803920683 0.3364622289634159 0.049009489324096184 0.912195247951591 0.0024019300438086976
536.7616727941888 10.80156249999996 0.3911705948933682 0.07457576544423253 0.9216552740752332 0.005561544791593186
685.1174479167544 14.33074448529326 0.2705991946533828 0.06934916235694873 0.8887721896432439 0.004809306319610435
169.28314950981488 6.299571078431398 0.35669195705552864 0.10137226862371637 0.9780378652119712 0.01027633684591891
196.66547181373483 6.583609068627251 0.3527391281244268 0.058344021803369187 0.963604105544759 0.003404024880192019
249.41223958334874 7.478783700980357 0.3892004012713503 0.08281354914649013 0.9547453757370279 0.006858083922238136
577.599525122574 11.395664828429723 0.41671543544984974 0.05382426194201273 0.9329042841220553 0.0028970511736023997
1027.9423406864491 14.228799019608314 0.3481136699803934 0.07479713475620771 0.9158865346836998 0.005594611367738296
643.0407781863853 11.63299632352938 0.3945434667470288 0.07991274051186607 0.9208062183698369 0.006386046096116841
453.73612132357545 10.910661764705484 0.3691207077086357 0.12232251442495638 0.9523668570893155 0.014962797535243662
794.2972886030989 14.237331495098257 0.32225812062533865 0.07117278876720226 0.8990493634153381 0.005065565860900793
453.84862132357654 10.571997549018823 0.3845805100282237 0.05381545561575277 0.9142196494919153 0.0028961032631310566
341.15065870100636 7.56640625000011 0.39263538508372736 0.09833532338408267 0.9809286157778581 0.009669835825052115
761.3832567403243 12.727221200980242 0.3575368108760994 0.07699230544775712 0.9239478069441039 0.00592781509816073
357.76197916670014 10.120772058822663 0.2977256867232544 0.0359975489987507 0.9270611387772316 0.0012958235339174573
354.83440563729033 10.985447303920612 0.19397486858877513 0.01709166547538485 0.9187108060145497 0.00029212502872246236
547.2613970588664 12.445251225489427 0.18049219022103402 0.02608948671350239 0.8708439936298136 0.0006806613169740177
549.0547028186885 12.29793198529341 0.29164277078416406 0.12480847179793783 0.9382706984864647 0.015577154632536644
500.31743259812396 11.434681372548646 0.2091590926145085 0.025418833266412318 0.9275715058436924 0.0006461170846256694
867.9118259805527 16.3283394607849 0.28713346229983416 0.10265850961785856 0.9075908507534413 0.010538769596959959
482.9849571078855 9.885906862745093 0.3433985702125734 0.17739071025499023 0.9687653687465796 0.03146746408476989
306.9953737745337 8.34761029411755 0.3984380805871381 0.04506856958746921 0.9274622434903121 0.0020311759646605546
385.8719822304331 9.723820465685806 0.3077812828540333 0.028346440250776442 0.9558499612001796 0.0008035206748908387
260.99180453433047 7.307306985294122 0.4084609722927388 0.04463199289730461 0.9475303945717775 0.001992014789985049
414.944010416678 9.07051164215612 0.3982799149824567 0.04258819362321787 0.9522264511220002 0.0018137542360886951
449.40049019612457 9.919178921568221 0.38735145842212726 0.04317491081186926 0.95363751063399 0.0018640729236128655
679.4646752452193 12.714460784313484 0.30969433111169903 0.07113920367107317 0.9246688868239403 0.005060786298954431
710.4613051471717 13.37236519607791 0.28765234947304 0.10789682123092864 0.9305113593052293 0.011641724031738973
384.25237438732387 9.636044730392126 0.319024315388856 0.03001548921615743 0.9703083264984257 0.0009009295928852631
509.7910998774574 10.822319240194684 0.3327070596172354 0.032397640400002654 0.9190318451792593 0.001049607103487884
793.0627144609027 13.819975490195704 0.4410254098078693 0.20134895758538296 0.9288458364573812 0.04054140272072034
451.4792892157338 12.387101715685072 0.23998026782729687 0.09883321475389988 0.9510570005911996 0.009768004338590491
452.19805453433844 9.967264093136107 0.34005617513776193 0.033984612356764456 0.9472191500419207 0.0011549538770395473
1134.7969056374052 19.60873161764804 0.18007998489837918 0.03728094460308465 0.8801915067686731 0.0013898688304982663
574.3396599265546 11.535646446078234 0.3036726085229213 0.05842249579359306 0.9299084603131913 0.0034131880147523982
773.0570006128713 15.564016544118195 0.2379910238845533 0.07722412121897732 0.9070931921675863 0.005963564898043301
305.4153952206175 9.99180453431355 0.2526926559133221 0.03424125305563309 0.9419957718526247 0.001172463410819902
675.0793351716587 14.088189338234178 0.25173631258616813 0.046760713124020685 0.9009949776412004 0.00218656429186696
430.02149203437114 10.655897671568233 0.29136551612626554 0.06078341035214498 0.9452791906056683 0.0036946229740372457
598.8383884804764 11.432935049019342 0.3453452822070598 0.09217487297675346 0.9393757616749061 0.008496207208280634
574.185278799104 12.195909926469753 0.25781021552151034 0.019072860031907578 0.9362033949412559 0.0003637739897967376
407.36302083338336 11.353462009803648 0.2897368454931114 0.03108565289490035 0.8770983794375206 0.0009663178159022265
338.75139399512807 10.385094975489425 0.2409115123244833 0.04257531208302109 0.9475354810598698 0.0018126571989666412
502.86902573538396 11.436948529411685 0.26564214030789035 0.07724956911320326 0.9520514860864366 0.005967495928175567
444.8627604167299 10.046920955882431 0.30402312805980464 0.08532524512414463 0.954717106287545 0.007280397455495366
678.7965992647963 14.210569852940242 0.26997075770956647 0.07468169377070563 0.9156644096390604 0.005577355384461451
171.91919424019972 5.285830269607583 0.4704169447438433 0.05964690649785414 0.979206409630075 0.0035577534547637547
552.1738511030298 10.285094975490248 0.36964788529639253 0.048792381068371735 0.9414290318599473 0.0023806964503212008
533.9556832108404 12.678875612744 0.2372793180039699 0.09410755252933685 0.9429745551519545 0.008856231443061895
366.5486979167015 10.231786151960101 0.2821534075797543 0.08224881139981437 0.944610996734627 0.006764866976682235
495.3890931373071 12.000735294116732 0.27896452284705253 0.10516689372720528 0.9498770207979944 0.01106007553622929
851.5085631128835 15.66662071078392 0.28976390792226514 0.14087526814771062 0.9347846417244269 0.01984584117568937
960.8939644609405 16.123100490196826 0.30937154709485626 0.057864365845254125 0.8545874190899057 0.003348284834673412
551.530821078485 10.636611519607422 0.36273055351772904 0.12612008042445638 0.9504431632160576 0.015906274686271343
598.5178308824417 13.616053921567238 0.2379643450326108 0.06264659873113014 0.944898192340359 0.0039245963325792365
393.06943933827597 8.432092524510013 0.397574383698081 0.040335233276394926 0.9637216968873327 0.0016269310434611967
408.80499387259556 9.213112745097975 0.4405321785723227 0.07500813757937068 0.9650312589496095 0.005626220703125799
393.12879901965124 10.606035539215055 0.238239095757706 0.06004583758670316 0.9521142495471182 0.0036055026114887342
649.6454044118534 14.285018382351831 0.2072271396821528 0.02086172947189387 0.8508225976287244 0.00043521175655848526
536.7426930147368 10.388955269606917 0.3064409896317154 0.03367792667646806 0.878134097020144 0.001134202745225559
636.6932138481563 14.797870710783462 0.1988375034890687 0.030298004917677583 0.9402128932195518 0.0009179691019916151
179.63256740197374 6.7760416666669485 0.3985675886564498 0.050086868543722476 0.9685595953384597 0.002508694400516136
322.46960784316974 9.416666666666439 0.3142344890804918 0.033469020546388145 0.9359692501497707 0.001120175336334552
677.8453125000684 12.014522058822864 0.323914655381353 0.05727094590955524 0.9238121058149151 0.0032799612453752024
858.3381127452736 15.01991421568667 0.3433219728714552 0.07143302158991192 0.8986767143213922 0.005102676573464824
879.4298866423247 16.374555759804576 0.2645422124440021 0.054660619286152554 0.9086088401386918 0.002987783300745712
307.01763174023483 8.026118259804445 0.3967487197773082 0.06483149719738104 0.9732672742989247 0.004203123028854026
364.76668198533207 10.13043811274446 0.26118410799976843 0.021296889502591825 0.9533810065407233 0.0004535575024856059
659.232046568731 11.971966911764646 0.3516007602590834 0.0997233517021095 0.9360133269261471 0.009944746874702625
479.25684742654903 10.741498161764419 0.24685648736976967 0.026216475978976014 0.9389247364099459 0.0006873036127562263
568.1427389706622 11.54270833333286 0.32969728422671585 0.07247336465355875 0.9307645585186333 0.005252388584207699
1150.793030024696 16.886963848039144 0.35720359478064506 0.10253591569669647 0.8334668840070332 0.010513614007760045
158.38134191177093 5.62181372548993 0.42185050347060105 0.037645688250160764 0.9868117433021382 0.0014171978438282922
320.56868872551905 10.077113970587394 0.27287709287724116 0.032328142259745764 0.924294592786223 0.00104510878196636
356.16632965688984 9.048866421568329 0.32946991965565936 0.041626499266864056 0.9572114787036011 0.0017327654412142336
650.6852634805239 11.494546568627841 0.4362918433808004 0.12150872218548643 0.947026941115925 0.014764369567149722
1037.2269454657828 15.48717830882264 0.38489679028311774 0.3091983218932826 0.9253308126291538 0.09560360226162203
426.0496936274986 10.146966911764357 0.30044749820142025 0.047570063258600345 0.9608986020538239 0.0022629109184272387
644.825505514769 13.37961090686199 0.30279935106514744 0.05202918312135818 0.8604435725892012 0.0027070358962758227
3123.843229167712 31.737101715695562 0.2279758406607299 0.058370693711460246 0.8088090143052008 0.0034071378843571047
949.3599111522522 19.36282169118002 0.14510358126477518 0.015070419440711387 0.8806599712378664 0.00022711754211897174
501.1158394608262 10.852420343136826 0.34297699903337153 0.14437448229162608 0.9585879941544893 0.020843991136975056
519.7976562500729 13.039384191175829 0.27365039036792616 0.0733462497039637 0.9450038041020361 0.005379672345636194
499.34131433830095 12.09590992646949 0.2684671552088758 0.02696666524193197 0.8983239696342477 0.0007272010342704217
357.6055912990576 8.27786458333361 0.5259627136131717 0.1607866543381148 0.9568650057484406 0.025852348213244405
939.6834252452306 13.423560049020221 0.3695075523958775 0.09630105130759953 0.9285940094929156 0.009273892482948918
1121.2263327207845 16.597625612745304 0.3393310714004987 0.08047010090322475 0.8912283217645207 0.006475437139375172
604.8698988971214 12.589813112744006 0.3213718137653276 0.09150185926762999 0.911118436279407 0.008372590249433164
411.1550245098442 11.159803921567548 0.3217642649124678 0.05268050590340843 0.8994596530517098 0.0027752357022390504
340.20746017160656 11.29606311274413 0.17842151520163513 0.01507875925534332 0.9338710207677453 0.0002273689806806018
264.52604166668453 8.456985294117613 0.3236721181847236 0.054945912653008924 0.9465562651709839 0.003019053317272086
442.1416053921979 10.410998774509217 0.28782577627511896 0.08031817863077947 0.9502805220806392 0.006451009818565801
412.7558670343547 7.848697916666966 0.46409774067376985 0.05743673247343199 0.9653236490908303 0.003298978237224597
282.98336397061814 8.228339460784294 0.3196044699021574 0.026717917219993222 0.9565710485904613 0.0007138471005744104
606.1384037991096 12.157368259803233 0.27465891353775906 0.032360247887921294 0.9427945569254924 0.0010471856433677145
768.788664215829 14.684834558823903 0.32182941315389846 0.07420526632790213 0.9058470594646494 0.005506421550794886
637.083379289335 12.068642769608084 0.3538944812324881 0.06781170800699049 0.9470728530348188 0.004598427742825337
486.83465073536524 11.466636029410786 0.29754306059001584 0.05374310394873329 0.9611500837696958 0.0028883212220443518
613.5334865196513 12.311029411763014 0.37051174710446 0.040306901059163465 0.9356393812677292 0.0016246462729931927
1019.3401194854384 14.691498161764704 0.31680531456680955 0.06915954245269555 0.9040813761812182 0.004783042312266198
852.9112438726693 14.261458333332726 0.31225084933389935 0.08905003660510132 0.9010324082204234 0.007929909019369885
504.7211397059317 10.936580882352386 0.3571390175418733 0.05351531531596642 0.864516223832891 0.00286388897336731
717.8303002452432 13.317984068627778 0.322877943796737 0.04329741964190114 0.938853105063835 0.0018746665476468865
529.7778339461607 10.263036151960977 0.3676325100225892 0.07754055665138863 0.9392593530918192 0.0060125379258072105
383.51678921573176 8.245588235294084 0.37708071575141067 0.04049318864068202 0.9605477943007706 0.0016396983262898595
496.01703431380105 12.259160539215067 0.26290581419034326 0.11077683738147674 0.9547456213487637 0.012271507700242143
386.9892003676783 10.201577818626745 0.302893597071128 0.07993872907151209 0.9221368109100433 0.006390200405568612
653.020113357906 14.021063112743677 0.2883272320225927 0.14575007607857113 0.9298216904678979 0.02124308467690927
418.3372549020084 11.498161764704589 0.26056241695986854 0.03208861601100257 0.9224352333476866 0.0010296792775015705
640.0424938726376 11.809099264705617 0.4585963153573886 0.17269945641551612 0.9517157145213998 0.02982510224621475
732.589430147161 13.17438725490131 0.27136688023919736 0.0569906234742515 0.9181926624687609 0.0032479311639839067
335.25018382355853 9.201623774509441 0.30569064817813835 0.03173968594629935 0.9299040034462887 0.0010074076639697124
307.9707414216074 8.330637254902458 0.32582943589183694 0.042762854659297495 0.9728739391776482 0.0018286617386122017
511.44171262260136 10.055346200980342 0.3439380313491354 0.09968263629482772 0.9649217317753528 0.009936627978686904
499.5857536765222 9.87034313725511 0.40834403664784646 0.20554792324465324 0.9548666201598626 0.04224994875018986
1588.2014705885922 22.281648284316343 0.22184720042434367 0.017127914155454428 0.8004134176150024 0.0002933654433166162
193.43765318627993 6.125275735293959 0.4203299236538525 0.0396340364031581 0.9698790221865231 0.0015708568416068615
189.21424632354413 6.023008578431337 0.4517928006448249 0.054026663186343526 0.9826018341590314 0.002918880335050607
447.1960171569171 10.572947303921303 0.3296780157843072 0.12370779370436051 0.9483227052425124 0.015303618223200617
192.99944852941078 6.49883578431358 0.3623344033282077 0.03803202286375686 0.939708294533384 0.0014464347631093246
635.8060049020411 11.620986519607188 0.2517253799138818 0.021804929490697945 0.9144013387103942 0.00047545495009430894
575.9237132353413 9.598682598038861 0.4539373829898133 0.04812706482047788 0.8937051604884386 0.002316214368234479
355.95883884807847 9.287729779411697 0.3586198165754768 0.0935903413189336 0.9397152854515485 0.00875915198819449
217.286657475505 6.713097426470427 0.4179871702773834 0.038577169012811593 0.9776408047826445 0.0014881979690430308
187.06738664217335 6.579396446078464 0.41377850865122134 0.1388054645144272 0.9833786288480595 0.019266956979065913
803.7220741422792 14.952068014705077 0.27441245561955857 0.0656164649599137 0.8793829081858441 0.004305520473835582
735.7286305148032 15.308471200978705 0.21046126184631722 0.014028112023069424 0.8891978442530072 0.00019678792693178493
629.8138786765173 12.662285539214075 0.29604818246511955 0.02987676114724384 0.9185105098022444 0.000892620856649459
661.339047181428 12.796185661762982 0.2981907756498855 0.027034777932862315 0.9269206442060524 0.0007308792178791791
451.7546875000634 10.051256127450928 0.3698517904584879 0.11270336682896337 0.9528647619644373 0.01270204889458388
653.209589460874 11.840962009803542 0.35359781323512995 0.0756798661982057 0.9126073337919944 0.0057274421477783175
457.70076593142016 12.343658088234166 0.28795287994282337 0.11538352360414722 0.9430508145835961 0.013313357519308799
595.9763020834209 11.773238357842812 0.3018136566271508 0.06548656618837023 0.9164361441816532 0.004288490351143795
292.5272977941359 8.423590686274414 0.3495440203034886 0.046893082254605464 0.9295419691980781 0.002198961163337194
338.77853860296676 10.917876838234191 0.3309963124470594 0.2454254044146501 0.966836064199415 0.06023362913209456
363.80168504905146 8.487285539215492 0.31231786126294175 0.028027498053066945 0.9176192535071088 0.0007855406471146714
568.9793351716703 14.316007965685603 0.1862946644981902 0.024527418800419972 0.9232639530711286 0.0006015942730111951
691.2182444853853 14.613066789214104 0.24421786739198625 0.020597738856116012 0.9087293700256664 0.00042426684598475135
1130.6748008580405 18.214690563727792 0.2515043698543805 0.020830514402535052 0.8817416067020084 0.0004339103302742202
1112.460309436457 19.69275428921893 0.1943130986033049 0.0357851186657304 0.811720294159141 0.0012805747179204063
553.6148897059431 11.787040441175519 0.2812894763459609 0.024225180353787873 0.884458619074719 0.00058685936317355
295.9426776960966 8.403676470588447 0.3368595973838121 0.05422059617609607 0.9562114691882347 0.0029398730496912836
187.52849264707567 6.754473039215503 0.29047863972017046 0.02955281065824899 0.9496712757308388 0.0008733686178023151
453.8195618872979 10.88769914215599 0.3812766414990644 0.11605252436228829 0.949722702375923 0.013468188410859516
765.255744485403 12.3041207107836 0.3342724553771546 0.027514312519276996 0.9055337832926381 0.0007570373934084428
957.2390012256363 17.401011029412068 0.22065356772575506 0.08667759560816879 0.8693899031404182 0.007513005580413242
682.964828431441 12.65193014705831 0.3002650672600002 0.07250779056389159 0.9416263261326615 0.005257379692457166
375.5251838235661 10.495312499998947 0.24442920575640414 0.02532586569121614 0.9252674030612246 0.0006413994730095187
1464.0055912993703 22.815150122552527 0.18038787686342259 0.015045290376058283 0.8309686104628269 0.00022636076249991197
732.2494025736669 13.451485906862521 0.35764664336422575 0.08556220151235323 0.9238848555728022 0.0073208903276405415
250.06832107845068 8.375582107843176 0.3610225062529542 0.032897434559740715 0.9466728963136485 0.0010822412006124226
723.6521905638424 14.479549632352143 0.1692123244857699 0.01489556347477782 0.8768634018539997 0.0002218778112311351
719.5902420344656 13.345082720588893 0.3743729207215532 0.10299962597170707 0.9416897310678084 0.010608922950311555
697.2484987746045 14.380300245096775 0.2371634796331091 0.09921837749911057 0.9349979884917545 0.009844286433556011
1700.181357230628 22.314016544118644 0.19103635210707876 0.02959428588544476 0.8174246464329464 0.0008758217570694351
358.4042126225944 10.63788296568571 0.24014457420383672 0.05656698712941943 0.9617607881407991 0.0031998240328999037
489.5159926470905 11.270220588234722 0.25707946506159807 0.0397746856449126 0.8361742929129274 0.0015820256181516166
598.7205422794981 13.236289828430216 0.30009527441070666 0.08246228521618412 0.9147591463358148 0.006800028483075298
490.0811427696645 11.04443933823448 0.2947606591666801 0.02943984143890543 0.8764720967803453 0.0008667042639478934