0.10418
0.05985
0.09919
0.03202
0.03013
0.03711
0.03960
0.12053
0.13949
0.02991
0.04777
0.06561
0.05619
0.07398
0.13337
0.09705
0.04124
0.03313
0.08250
0.04482
0.05865
0.12746
0.04644
0.04643
0.09776
0.04447
0.08675
0.05743
0.10151
0.04527
0.08841
0.03898
0.06264
0.06587
0.03176
0.06449
0.08658
0.06418
0.05414
0.06265
0.03518
0.05997
0.05216
0.02827
0.06195
0.03605
0.05020
0.11537
0.05010
0.07344
0.04906
0.08194
0.05703
0.09355
0.06489
0.03864
0.09388
0.06708
0.06438
0.06981
0.08845
0.02361
0.08787
0.07330
0.05539
0.14048
0.06571
0.05570
0.05680
0.03444
0.05231
0.03167
0.06628
0.04691
0.03189
0.03173
0.03305
0.09640
0.07506
0.05919
0.06696
0.06393
0.09487
0.09352
0.12772
0.05439
0.09365
0.05875
0.03885
0.15535
0.05076
0.04789
0.06293
0.06588
0.03520
0.06920
0.08553
0.06651
0.05973
0.03774
0.02835
0.06123
0.06404
0.09646
0.12761
0.08093
0.10456
0.13262
0.05341
0.06083
0.12394
0.10581
0.05463
0.05373
0.05255
0.07969
0.07427
0.03078
0.10162
0.06644
0.03501
0.00624
0.06505
0.11876
0.05424
0.07897
0.06203
0.04733
0.04301
0.06710
0.05733
0.04229
0.06292
0.08487
0.05797
0.05493
0.10530
0.10753
0.06202
0.04354
0.08449
0.04935
0.04130
0.10231
0.07607
0.08879
0.12864
0.04824
0.06562
0.04989
0.10730
0.04788
0.06008
0.12269
0.07140
0.04122
0.12089
0.06169
0.03970
0.07527
0.06981
0.05202
0.03854
0.05488
0.03998
0.07528
0.04216
0.04605
0.06653
0.03681
0.03801
0.09842
0.04203
0.03743
0.14759
0.04392
0.05807
0.09575
0.03285
0.02875
0.05867
0.04650
0.08571
0.11207
0.05075
0.08497
0.09967
0.05161
0.03571
0.06651
0.10795
0.05574
0.04213
0.06680
0.06425
0.04818
0.07118
0.10203
0.07815
0.06762
0.08054
0.02167
0.04496
0.06293
0.08641
0.09438
0.06806
0.06723
0.05255
0.07252
0.06431
0.01931
0.07334
0.07202
0.03416
0.06803
0.06524
0.06059
0.03399
0.04131
0.04957
0.07872
0.03080
0.06751
0.02128
0.08574
0.07733
0.05828
0.11242
0.07214
0.09630
0.05378
0.08163
0.04970
0.04292
0.04871
0.09607
0.03462
0.08315
0.05356
0.03663
0.11184
0.05268
0.01172
0.11251
0.06144
0.04730
0.05520
0.08218
0.03376
0.12336
0.08154
0.05729
0.11881
0.10305
0.04984
0.03939
0.04899
0.10641
0.07182
0.06179
0.03545
0.11226
0.04593
0.08571
0.06857
0.07388
0.07039
0.06444
0.06832
0.04711
0.05684
0.08571
0.07687
0.05751
0.06063
0.02817
0.04503
0.12650
0.11967
0.05460
0.10032
0.09062
0.05375
0.04263
0.10398
0.16052
0.12970
0.02375
0.07183
0.02440
0.04865