0.07143 0.03883 0.07143 0.17600 0.85882 21.54037990196131 0.5722288211167127 139.00000 24.53957 167.92167
0.60382 0.87368 0.62500 0.95122 0.71765 178.43039215687878 0.46116676944363183 105.00000 57.39048 449.02689
0.09649 0.76250 0.10504 0.83750 0.65490 6.8762408088236056 0.555746060491031 5.00000 340.40000 416.30835
0.53333 0.34706 0.56000 0.54497 0.73333 26.223835784314495 0.3897401090202346 31.00000 69.03226 279.08312
0.64286 0.32407 0.71505 0.37190 0.49412 8.670358455882468 0.7039444755682734 87.00000 29.51724 118.71814
0.27536 0.17886 0.32222 0.25253 0.62353 60.81447610294134 0.31641623811208164 160.00000 22.58125 141.77154
0.52465 0.52740 0.53801 0.99306 0.70196 101.49782475490461 0.4693118369403063 76.00000 49.82895 384.85607
0.09317 0.62500 0.12433 0.77255 0.98824 30.470618872549455 0.5118171908697816 28.00000 128.39286 448.48621
0.86111 0.09043 0.91667 0.15686 0.84706 17.612852328431767 0.4140348343414243 3.00000 716.66667 1009.27741
0.62195 0.45098 0.62931 0.47500 0.49020 36.950045955883645 0.5459723649874291 98.00000 33.96939 254.67276
0.59034 0.62295 0.60271 0.75926 0.64706 95.20571384804644 0.4409005391773656 280.00000 14.00714 84.52823
0.63131 0.19689 0.69444 0.23451 0.75686 67.60369178921617 0.5245202859531127 292.00000 14.22260 101.77982
0.07111 0.30496 0.16667 0.40455 0.65490 21.33760723039231 0.5484102060010125 90.00000 30.57778 140.90130
0.58578 0.23810 0.59701 0.33333 0.93333 181.55577512254834 0.237862326389145 534.00000 12.96816 144.58427
0.06696 0.88636 0.07111 0.93233 0.66667 28.076715686276497 0.5626370468200084 110.00000 13.76364 53.72961
0.10377 0.18182 0.68391 0.22857 0.87059 29.162392769608324 0.34385614579411533 286.00000 16.63636 117.37252
0.57317 0.35878 0.59957 0.43333 0.77255 303.50284926473336 0.296490405773186 743.00000 13.29475 103.17931
0.58678 0.37273 0.60889 0.67485 0.84706 38.15418198529465 0.49497163496723817 107.00000 21.91589 156.71422
0.07471 0.11515 0.11111 0.15584 0.72941 1913.0064031864474 0.09161413010436269 1517.00000 8.64403 127.11311
0.52941 0.39665 0.56039 0.51948 0.67843 443.78844975495986 0.23859977106421676 485.00000 22.05979 181.10168
0.57377 0.53271 0.60584 0.56627 0.80000 86.08521752451371 0.40814389719877286 107.00000 36.77570 307.84230
0.97727 0.92727 0.98384 0.98630 0.76078 67.25557598039596 0.48540547918350063 321.00000 16.57321 84.85727
0.59314 0.53448 0.60290 0.60000 0.99608 16.051807598039172 0.5750843389439791 38.00000 33.05263 124.80847
0.56190 0.31655 0.57143 0.48718 0.77255 106.21992953431368 0.42632547894384143 331.00000 20.18731 86.64307
0.69271 0.08876 0.81818 0.16583 0.75686 87.53394607843045 0.4517753914798131 165.00000 28.32121 141.61052
0.59583 0.57386 0.60784 0.67391 0.63137 50.88895526961009 0.5887362391241383 96.00000 25.41667 65.18302
0.89394 0.27320 0.93939 0.33514 0.81569 53.3833026960798 0.22075848223839603 366.00000 10.54645 52.71240
0.50617 0.19331 0.53431 0.24795 0.90980 163.36516544117953 0.3410663049609892 396.00000 11.12374 73.40019
0.04213 0.65190 0.05556 0.74348 0.85882 5.074295343137311 0.6813587128457141 63.00000 26.85714 160.88760
0.57062 0.34123 0.57407 0.50481 0.90588 6.610110294117727 0.6555804189431147 52.00000 27.71154 143.37811
0.91270 0.62319 0.93791 0.72222 0.42745 60.24983149510123 0.5090113723942529 90.00000 22.33333 118.01186
0.56667 0.42998 0.62500 0.53333 0.78039 176.03069852942286 0.3546008098421199 172.00000 29.30814 198.88454
0.56322 0.15823 0.57333 0.27175 0.74902 51.89996936274582 0.3530410088325568 240.00000 20.57083 135.93551
0.44444 0.11932 0.50000 0.16393 0.83529 46.190058210784116 0.5154649972664916 112.00000 23.84821 115.42802
0.59756 0.46269 0.60452 0.54545 0.80000 92.09076286764932 0.3462425738860385 560.00000 10.18750 122.77928
0.66234 0.32051 0.71111 0.45752 0.71765 86.58259803922154 0.49088410972760643 439.00000 9.95444 115.68281
0.83333 0.30189 0.88889 0.41176 0.43529 97.20784313726757 0.5421084591475671 429.00000 19.59207 187.48533
0.58631 0.23243 0.62719 0.37500 0.73725 114.69874387255648 0.5057190932776736 268.00000 18.48881 158.89097
0.19048 0.38462 0.48077 0.56589 0.58824 99.25347732843827 0.26166364077157833 445.00000 7.37303 42.54632
0.19231 0.15068 0.50000 0.23077 0.60784 15.25854779411749 0.4856969244755296 93.00000 30.15054 176.76915
0.58740 0.82308 0.59365 0.89916 0.58431 22.30168504902066 0.6119490221609615 141.00000 16.12766 67.92151
0.22222 0.19255 0.34722 0.43316 0.82353 12.130484068627625 0.5345358886278277 74.00000 29.28378 197.67674
0.59829 0.31667 0.62366 0.38889 0.82745 83.07368259804134 0.4427670144199052 360.00000 9.89444 65.39529
0.58333 0.49351 0.58861 0.55906 0.55686 118.69744178921857 0.4138789897440955 446.00000 10.98655 91.58527
0.11494 0.40164 0.12185 0.49375 0.67059 43.23172487745229 0.4092699001253388 159.00000 31.99371 141.17029
0.60417 0.38255 0.60714 0.48840 0.82353 19.94987745098071 0.6163305831559217 78.00000 25.47436 160.19153
0.56173 0.39474 0.57865 0.56028 0.71373 71.46182598039697 0.33603835082456046 251.00000 16.84064 95.42043
0.04227 0.62869 0.08939 0.71548 0.92941 17.275428921568906 0.671922207541138 47.00000 49.44681 158.76100
0.62403 0.24828 0.64242 0.36066 0.54902 157.08564644608975 0.37473678197203086 884.00000 7.25792 58.21921
0.50901 0.59434 0.53814 0.84793 0.85882 265.99312193628475 0.32477742010003524 1245.00000 5.87550 58.55392
0.55930 0.73500 0.57479 0.93220 0.87451 142.50683210784356 0.36939856735605864 278.00000 15.69424 197.15068
0.49167 0.11111 0.58333 0.17544 0.83922 41.17457107843105 0.4744548138844981 573.00000 9.04887 72.33086
0.55655 0.45833 0.57895 0.61092 0.79608 70.32585784314182 0.3207759980443617 219.00000 13.00913 61.36127
0.90789 0.56364 0.96847 0.66412 0.70588 19.072794117647778 0.48169090517790497 327.00000 15.77370 63.96131
0.07353 0.49206 0.08095 0.60000 0.70196 32.01732536764791 0.3542229134152856 501.00000 21.68263 148.39832
0.61966 0.29323 0.63333 0.47500 0.52157 31.497564338236693 0.7766101834939219 55.00000 57.65455 344.84917
0.05357 0.55793 0.06604 0.70813 0.81569 45.13307291666685 0.509447085411883 315.00000 15.63492 140.41581
0.08974 0.21124 0.38889 0.29032 0.74902 11.763970588235434 0.5077822252452361 14.00000 86.00000 150.96925
0.18571 0.23472 0.58333 0.34247 0.72549 81.20844056372744 0.31268499344611145 376.00000 15.76862 162.39030
0.12153 0.50000 0.13889 0.68539 0.56078 11.973498774509899 0.5308244690447474 10.00000 163.30000 338.80852
0.64167 0.22222 0.67708 0.46269 0.70980 17.64865196078467 0.4602093991690075 116.00000 12.04310 52.44116
0.56838 0.27941 0.58454 0.46939 0.57647 14.574065563725908 0.6589888973703333 117.00000 30.79487 210.85773
0.69565 0.17925 0.80556 0.27143 0.57255 13.252496936274483 0.5389029214505866 121.00000 22.17355 105.11895
0.68468 0.24088 0.74242 0.35215 0.78039 35.499586397057406 0.5044959619255941 204.00000 8.41667 47.30147
0.51111 0.66005 0.54874 0.82734 0.85490 101.1721354166685 0.2596435651114042 374.00000 13.70588 172.70032
0.05214 0.76471 0.07463 0.79134 1.00000 10.565471813725313 0.664048953623834 63.00000 23.15873 154.78784
0.62222 0.10063 0.66667 0.17526 0.73333 32.964629289216816 0.44678300491635453 365.00000 9.25205 85.00967
0.68280 0.27354 0.71591 0.32573 0.76078 37.6567248774518 0.4076994852758123 118.00000 16.40678 108.67205
0.61667 0.15033 0.64216 0.20994 0.75686 18.926577818627614 0.42704358134826215 72.00000 27.26389 147.26978
0.57407 0.33516 0.60215 0.39370 0.72157 40.924816176471076 0.5177169315913412 300.00000 11.18667 88.79188
0.59375 0.33913 0.62083 0.39344 0.93333 48.883532475489766 0.32310478413944277 442.00000 10.21719 103.87936
0.56604 0.41573 0.57108 0.62609 0.81176 117.63187806373588 0.2876559588094897 386.00000 14.16321 82.87510
0.45833 0.14423 0.56667 0.25253 0.78824 149.95977328432215 0.28425760187788385 486.00000 21.31481 259.46486
0.58333 0.31276 0.62092 0.46341 0.94902 51.20405943627467 0.2544400292253829 574.00000 6.75436 64.62360
0.57306 0.41346 0.57831 0.55782 0.81569 108.02838541666856 0.28371320347811785 523.00000 12.05354 93.13389
0.56284 0.37234 0.58095 0.41611 0.67843 637.6750153187368 0.22000899965376866 725.00000 18.24138 154.37332
0.58130 0.46291 0.59053 0.55970 0.60000 181.74113051471355 0.3723832018873082 450.00000 10.69333 71.13189
0.63333 0.11450 0.81250 0.25641 0.77647 30.326118259804954 0.4235949790887281 256.00000 16.62500 117.18055
0.55128 0.21466 0.58696 0.26866 0.86667 6.998177083333426 0.5108258268540804 15.00000 103.53333 312.09120
0.57527 0.39519 0.58743 0.56962 0.81569 220.4954810049187 0.346979862004504 411.00000 12.73966 68.36344
0.58667 0.26437 0.59770 0.30882 0.89804 43.291344975490574 0.24767235482262298 99.00000 19.83838 126.52103
0.12500 0.29684 0.21429 0.50000 0.69412 46.32207414215733 0.38770923863303897 351.00000 17.34473 77.55486
0.69048 0.08995 0.76923 0.13462 0.81569 8.529718137254967 0.5501912344463384 65.00000 32.30769 195.07434
0.22222 0.09341 0.82222 0.16860 0.74118 267.22545955882373 0.1445904268384834 321.00000 9.84424 111.36374
0.83333 0.32114 0.94444 0.42437 0.97647 67.15401348039391 0.2754802882566036 79.00000 19.83544 116.05874
0.56621 0.16667 0.59583 0.47436 0.60784 14.162009803921858 0.5921570494968911 127.00000 37.92913 171.44257
0.88889 0.18497 0.90278 0.20513 0.69020 85.81432291667329 0.4436493253739423 691.00000 11.15195 83.33821
0.58740 0.30556 0.61404 0.41827 0.71373 200.99255514707266 0.2874869193609098 684.00000 12.18275 79.05493
0.62560 0.38095 0.64461 0.46667 0.87059 66.91493566176536 0.39204074317766363 115.00000 44.20000 317.47515
0.06469 0.92500 0.08800 0.98431 0.96863 17.3784007352949 0.5061762673261725 73.00000 84.28767 349.76816
0.47222 0.30625 0.57801 0.42857 0.65098 94.11106004902342 0.247741406402609 319.00000 12.95611 90.01500
0.58861 0.50000 0.59568 0.70504 0.69020 46.453722426471025 0.35562409632027686 210.00000 24.51429 143.03250
0.62162 0.26357 0.69231 0.34234 0.61961 20.314460784313997 0.5127977215615785 241.00000 14.13278 84.92657
0.56090 0.59459 0.60452 0.86667 0.50196 123.38806678922869 0.32371841117145633 345.00000 15.31884 126.07172
0.10976 0.26190 0.16667 0.37838 0.43529 25.630269607845037 0.4382386933589876 234.00000 12.88034 71.53538
0.66667 0.46377 0.66667 0.75000 0.38431 136.9484221813822 0.4193254310032689 825.00000 18.60000 153.97665
0.56173 0.24365 0.59319 0.86154 0.78431 28.417800245099187 0.518572736310809 124.00000 29.63710 149.44679
0.54348 0.23830 0.55864 0.35329 0.93725 213.96383272059546 0.21378679200509138 472.00000 14.90254 126.16091
0.59815 0.36607 0.60544 0.43836 0.86667 9.717601102941188 0.5878931192942645 75.00000 38.25333 230.79140
0.57983 0.64904 0.58788 0.74286 0.83922 24.208685661765738 0.41484747070454747 73.00000 31.52055 150.47151
0.51075 0.36697 0.53556 0.44444 0.77647 45.276991421568326 0.38701906547629145 171.00000 13.05263 126.74749
0.54000 0.23636 0.57692 0.31148 0.85882 81.6406096813751 0.3712116361971955 238.00000 23.99580 133.30960
0.64286 0.12381 0.68750 0.21739 0.63529 52.89270833333267 0.3741555453422211 290.00000 9.76897 70.54755
0.11518 0.23423 0.69048 0.46429 0.99216 14.322870710784613 0.49193643175292795 119.00000 18.71429 102.87638
0.11333 0.67600 0.15542 0.75686 1.00000 94.4504595588219 0.5048201828523996 63.00000 46.36508 253.20381
0.57790 0.59917 0.58796 0.86726 0.90980 132.97859987746045 0.26625465159988415 353.00000 17.25779 134.87339
0.05952 0.17391 0.71212 0.21477 0.79216 22.20617340686278 0.31580890274909107 81.00000 30.30864 235.26227
0.64167 0.03419 0.69444 0.08368 0.93725 82.61265318627424 0.5663017224338134 324.00000 15.85802 136.84074
0.56931 0.32432 0.61574 0.46358 0.72941 133.50975796569583 0.33688068723644504 818.00000 7.31540 49.41267
0.59195 0.63840 0.60667 0.91667 0.83922 72.40240502451077 0.39972766903986384 282.00000 10.90780 73.68718
0.10494 0.95726 0.11667 0.99517 0.58039 9.316804534313615 0.5031823686454343 189.00000 17.17989 74.51004
0.08333 0.52489 0.08924 0.64407 0.87059 71.69911151960828 0.5601407873145631 37.00000 145.45946 559.18433
0.38462 0.16667 0.52778 0.25962 0.70196 46.87758884803968 0.323577005160871 323.00000 11.85449 82.77808
0.40196 0.15126 0.53205 0.17262 0.67451 1160.7606158090164 0.30697806035381076 540.00000 41.74630 790.76408
0.52333 0.56098 0.53974 0.71644 0.93725 155.228936887255 0.24128855645161457 395.00000 12.09873 171.95632
0.07576 0.35146 0.11985 0.44249 0.75686 248.44189644610992 0.3560427702632643 753.00000 13.49402 149.52735
0.61667 0.19355 0.64444 0.39496 0.61176 33.47723651960888 0.3772184535991342 267.00000 19.80899 74.93251
0.55769 0.45361 0.58170 0.47917 0.74902 136.80752144608738 0.3334298650237209 646.00000 10.26625 64.16489
0.07333 0.29412 0.72464 0.41827 0.88627 41.891253063727184 0.4109665235929387 79.00000 34.87342 135.82727
0.15909 0.37500 0.28788 0.60000 0.59608 129.78003982844456 0.34217823254762303 285.00000 26.31228 192.12115
0.58333 0.35385 0.60588 0.44118 0.76471 210.6300551470639 0.4132169275273271 664.00000 12.12199 89.41683
0.54789 0.54400 0.55618 0.62162 0.65490 16.41334252451 0.500052016067393 119.00000 34.20168 236.10888
0.18699 0.51613 0.23765 0.68394 0.60784 665.5468596815098 0.10844516672512503 985.00000 17.05787 168.89364
0.02336 0.74074 0.95690 0.80189 0.61176 10.548345588235291 0.45935562122668216 340.00000 20.14118 67.97355
0.60932 0.22314 0.61310 0.34335 0.89020 8.3058363970589 0.521569499116488 57.00000 26.54386 168.92301
0.55455 0.09146 0.63889 0.18487 0.67843 10.466528799019802 0.5538351349114663 64.00000 22.89062 108.70417
0.47059 0.46539 0.51990 0.66667 0.83922 76.16856617647157 0.4034523859929544 346.00000 14.51445 119.85719
0.57910 0.35000 0.60354 0.43448 0.90980 33.8365655637254 0.4732002687878369 468.00000 8.37179 59.89744
0.61370 0.50598 0.67228 0.58567 0.97255 11.392264093137278 0.5409476524022324 42.00000 49.64286 180.02722
0.12963 0.45907 0.16923 0.64234 0.62451 108.41049325981038 0.4318937359070162 372.00000 15.04301 161.71087
0.04274 0.51807 0.05556 0.60000 0.49020 18.453339460785227 0.4043662941714147 233.00000 22.62232 158.60401
0.64067 0.70968 0.64815 0.75000 0.64314 66.06847426471153 0.4862278039008497 264.00000 21.38636 120.54417
0.60586 0.54000 0.63043 0.64062 0.90588 201.90171568628259 0.3431556168108513 361.00000 13.08587 96.53286
0.63830 0.19626 0.75000 0.29084 0.69804 56.3651501225522 0.5206815936147888 136.00000 33.41176 248.39720
0.59195 0.19580 0.59896 0.23333 0.84314 6.564828431372643 0.5775874517150676 45.00000 39.88889 171.41713
0.60458 0.18229 0.63333 0.22297 0.73725 48.029151348039704 0.4986730124069388 384.00000 11.48958 84.49923
0.11111 0.39474 0.55952 0.70000 0.69412 157.13339460785326 0.42995099096903866 831.00000 10.45848 166.89917
0.62195 0.08444 0.73810 0.12121 0.89804 9.255575980392342 0.5960892485672816 39.00000 61.00000 255.56383
0.59697 0.22749 0.61972 0.38462 0.77647 146.1044730392148 0.4210804708952289 375.00000 11.64533 85.21220
0.58889 0.28378 0.59829 0.39870 0.62353 363.23736213237396 0.23136906902689894 1087.00000 10.69917 103.28907
0.67593 0.22059 0.75000 0.32941 0.71765 46.02208946078507 0.3696210178456268 283.00000 17.34276 74.14745
0.52976 0.41477 0.54321 0.56923 0.89412 104.71360294117933 0.3718976136620106 339.00000 17.96755 194.31434
0.64216 0.17318 0.65333 0.36937 0.67451 585.4482077206482 0.44983840538036296 707.00000 15.61386 85.05497
0.46131 0.47826 0.56838 0.82000 0.99216 129.95574448530087 0.4506913524224326 271.00000 12.44649 92.45110
0.53877 0.32990 0.57292 0.55000 0.54902 715.8992800246424 0.2368278166189943 1539.00000 9.32878 68.66476
0.48750 0.53939 0.57864 0.83753 0.93725 71.97538296568844 0.3697006136843507 157.00000 19.22293 113.36838
0.05556 0.74074 0.07738 0.95349 0.70980 21.460692401961364 0.5377649077125658 42.00000 46.00000 178.89103
0.57071 0.30488 0.64319 0.39706 0.73333 85.57210477941638 0.4326935912466732 118.00000 33.33051 313.84726
0.56209 0.30769 0.58073 0.33945 0.80000 119.09496017157313 0.5705334340841244 192.00000 23.05208 101.20311
0.60976 0.41745 0.62719 0.57778 0.58431 31.340196078433618 0.4187164309000186 230.00000 17.25652 60.85335
0.07623 0.82353 0.08743 0.85714 0.69020 26.979748774511034 0.3968862832762646 183.00000 14.17486 46.21856
0.16667 0.35507 0.62222 0.42857 0.45098 36.61511948529406 0.440976963122714 254.00000 11.16535 54.71030
0.55769 0.46364 0.61879 0.55102 0.84314 255.74730392157332 0.45296303785776043 529.00000 12.43100 66.78753
0.57407 0.05263 0.62500 0.12752 0.96863 114.93921568627727 0.4062711800964384 531.00000 13.60075 84.55290
0.54545 0.20115 0.57456 0.41667 0.73333 151.48766850490827 0.35609952999951977 559.00000 10.19857 106.36250
0.56090 0.65000 0.58571 0.74312 0.50196 24.609344362747056 0.6061138969073423 89.00000 32.42697 114.91393
0.06250 0.68862 0.07483 0.77731 0.87451 88.07748161765225 0.37427305536649297 350.00000 13.14000 57.13838
0.60317 0.15263 0.62121 0.25455 0.74510 51.14541973039268 0.24109129367775725 243.00000 12.05761 95.74235
0.44444 0.07317 0.52941 0.17000 0.60000 16.983655024509964 0.337398029939417 17.00000 79.82353 293.67554
0.13333 0.37118 0.68910 0.48148 0.70980 98.53030024510143 0.31085523473078086 372.00000 13.16129 73.54905
0.10043 0.57463 0.11538 0.68750 0.58824 7.110799632353 0.4901165385596489 107.00000 42.28972 312.05200
0.55556 0.44737 0.56322 0.66667 0.68627 29.60719975490302 0.3283464011293498 127.00000 25.51181 110.57764
0.55556 0.57604 0.57489 0.66820 0.84706 40.85916053921608 0.6031418290028832 311.00000 9.11576 67.12962
0.63111 0.27835 0.64815 0.39011 0.67843 91.19468443628088 0.3617953379473953 207.00000 14.39614 91.26226
0.57613 0.33333 0.58095 0.49123 0.85490 20.790686274510282 0.4849453692364991 77.00000 30.58442 200.58061
0.60041 0.69849 0.61039 0.81500 0.81569 121.42175245099013 0.40780277930712266 489.00000 8.30879 41.55324
0.54000 0.36424 0.56667 0.47059 0.54902 27.330484068628998 0.36164203235003756 108.00000 21.37037 113.87091
0.08667 0.37647 0.61520 0.44295 0.65098 98.73656556372806 0.1963441809655143 181.00000 15.36464 98.45575
0.59896 0.38000 0.68750 0.61170 0.36471 4.765441176470641 0.5408408878230935 68.00000 30.01471 134.95996
0.53604 0.18737 0.59091 0.37324 0.56471 20.366452205883164 0.6553665550223383 150.00000 22.60667 147.78795
0.58046 0.43684 0.59155 0.54902 0.66667 282.348223039242 0.2333710983541818 771.00000 12.62387 68.90648
0.05182 0.60386 0.07381 0.72910 0.88235 20.573667279412412 0.38060072684123164 191.00000 16.20419 100.96360
0.57310 0.51678 0.58442 0.57759 0.54902 51.04309129902264 0.45492919032822343 208.00000 18.16346 69.24977
0.58676 0.38608 0.59387 0.42683 0.73333 233.92208946078634 0.4550404319145596 240.00000 31.23333 331.89393
0.06545 0.89888 0.07870 0.95686 0.99216 29.091222426471983 0.5120669198571968 200.00000 9.49000 53.64876
0.53333 0.23894 0.55172 0.32895 0.67451 65.49597120098231 0.392164219522014 455.00000 10.01099 74.27195
0.13889 0.27778 0.61728 0.40132 0.55294 83.24391850490807 0.307976693238219 513.00000 22.61988 140.77778
0.10658 0.34855 0.88889 0.49606 0.58039 42.68990502451256 0.39822165479197474 185.00000 46.75676 241.28846
0.54455 0.46479 0.56878 0.54967 0.88627 34.4305759803917 0.3981587767618466 482.00000 9.18672 59.27440
0.48611 0.68687 0.49094 0.76064 0.73725 37.964200367647486 0.26312411058860796 438.00000 12.11416 60.79932
0.43333 0.39437 0.49573 0.47742 0.89804 111.58481924019475 0.23094157801081813 429.00000 8.67832 101.74532
0.55172 0.36441 0.57292 0.61290 0.41176 66.8911151960817 0.5320092541239166 203.00000 19.40887 99.98840
0.43939 0.57447 0.62500 0.71491 0.85490 3.483854166666684 0.7541546493287119 15.00000 110.53333 266.93616
0.76667 0.05957 0.85000 0.15385 0.90588 77.77616421568537 0.4084302421109999 129.00000 16.54264 72.42789
0.55392 0.61947 0.58333 0.72487 0.83529 375.1429687500388 0.3787581613339065 636.00000 15.49528 113.15792
0.12153 0.57143 0.14124 0.62500 0.83922 74.08544730392515 0.35212935822464264 345.00000 16.59130 134.94202
0.08796 0.60769 0.11224 0.81507 0.73725 102.40395220588796 0.5737452161602772 240.00000 17.06667 101.61412
0.57801 0.39310 0.58772 0.51429 0.82353 142.13765318628626 0.38586627190389916 366.00000 12.81148 74.61530
0.55556 0.49600 0.59146 0.60484 0.52549 143.66666666668567 0.5241431415544668 373.00000 24.91689 155.75407
0.57349 0.63060 0.57984 0.79724 0.84314 225.26493566177464 0.28899090083678425 377.00000 27.74005 316.04145
0.06667 0.73793 0.07639 0.90625 0.48627 110.3861825980467 0.5932654654933333 190.00000 40.01053 185.12832
0.70513 0.21705 0.86667 0.34091 0.54902 99.6315870098134 0.4827999698385751 275.00000 8.60000 53.32985
0.60417 0.54032 0.61364 0.76786 0.59216 89.82450980392743 0.38842997195219836 319.00000 19.86520 132.73203
0.46171 0.35951 0.51780 0.49412 0.83529 544.740042892232 0.2621083377038748 751.00000 16.22237 182.57435
0.23810 0.18634 0.61275 0.43750 0.76863 41.99937193627565 0.42050198539907563 175.00000 11.91429 84.30535
0.48958 0.18033 0.54545 0.28916 0.62353 76.05003063725569 0.3373622287230362 466.00000 15.32618 99.81522
0.59058 0.49302 0.61594 0.73000 0.81176 95.74721200981153 0.3862435467198431 305.00000 20.38361 141.40849
0.04195 0.58636 0.04861 0.65385 0.87843 14.25441176470594 0.5640389573486713 43.00000 30.67442 109.71543
0.56173 0.53216 0.58524 0.86614 0.85882 104.21044730392452 0.2036767687219551 97.00000 28.89691 149.27105
0.63333 0.12575 0.65789 0.17680 0.71373 150.71786151961157 0.36558495960666754 349.00000 17.33238 153.94746
0.57317 0.12778 0.58333 0.21951 0.89412 96.49503676470488 0.3968809677687518 397.00000 12.92695 68.83212
0.58475 0.51111 0.59314 0.59184 0.65490 126.96859681372966 0.5109684178848953 133.00000 32.21053 151.58457
0.62179 0.19643 0.64706 0.30986 0.56078 9.640150122549242 0.791094705796136 105.00000 25.17143 182.82364
0.55000 0.21827 0.56838 0.27389 0.80000 167.59402573529636 0.4265498399333494 424.00000 13.41509 43.73038
0.41667 0.06466 0.54487 0.12150 0.85098 111.250275735295 0.3199670338424513 535.00000 20.21308 172.24901
0.26667 0.09434 0.81250 0.16149 0.76471 106.1433976715695 0.18240623161680752 429.00000 8.39860 72.67517
0.58788 0.66667 0.59859 0.80000 0.63137 281.94094669120403 0.24925306701439076 476.00000 16.53151 82.70366
0.58796 0.75000 0.70430 0.92308 0.87059 85.97866115196618 0.5121880035358622 121.00000 39.71074 362.43129
0.60972 0.36609 0.70588 0.70303 0.66275 200.72879901963088 0.2788492544918044 511.00000 21.24070 205.98722
0.58333 0.10945 0.59524 0.25150 0.85098 18.697778799019925 0.5924850031945028 57.00000 40.57895 210.51640
0.61232 0.13661 0.63333 0.24339 0.71373 533.687745098096 0.4808401494770277 290.00000 42.44138 280.73820
0.64269 0.65488 0.65989 0.70732 0.85098 84.04609375000125 0.4694272242594221 104.00000 35.80769 181.39709
0.19136 0.31827 0.60043 0.42658 0.85098 15.230882352941325 0.41520637178039277 52.00000 39.36538 209.16703
0.56522 0.15789 0.57895 0.26490 0.85098 61.81374080882496 0.43756706658201516 168.00000 21.62500 108.91006
0.60067 0.60550 0.60559 0.69591 0.93333 87.63662683823901 0.41241248462550684 137.00000 25.15328 134.46487
0.57292 0.27273 0.59226 0.38095 0.98824 46.111381740197174 0.3650064774778593 339.00000 18.95575 128.50932
0.56019 0.19231 0.58772 0.36082 0.77255 87.68014705882885 0.22837077360801183 312.00000 9.35897 71.48560
0.56790 0.58865 0.60112 0.91346 0.80784 132.81311274510756 0.37203915115746633 207.00000 24.67150 174.11468
0.58333 0.41379 0.60417 0.46591 0.89020 54.84371936274544 0.34471078408698735 590.00000 9.01356 67.81675
0.07870 0.41322 0.08333 0.45763 0.54118 226.99116115197506 0.37168258613609756 962.00000 9.58628 41.85538
0.08081 0.29565 0.14286 0.51205 0.63137 19.534420955882982 0.4275796749790946 254.00000 7.47638 68.68871
0.58676 0.33495 0.59662 0.37738 0.83529 78.45519301470863 0.5892855144957662 161.00000 25.26087 105.07410
0.57451 0.71812 0.58416 0.82022 0.59608 5.1646446078431785 0.6302973056383478 10.00000 190.00000 559.67348
0.64327 0.16296 0.69048 0.21862 0.72549 32.8129289215691 0.3613634412348179 155.00000 12.36129 121.83410
0.60000 0.54651 0.61228 0.63576 0.62745 31.298360906863884 0.5422896670062244 114.00000 20.14912 95.44818
0.15873 0.25926 0.23333 0.46565 0.93725 213.21996017157375 0.4837870083320059 302.00000 21.49007 140.22361
0.07843 0.24841 0.60345 0.37805 0.66667 8.868979779411974 0.5218138167366738 155.00000 20.35484 99.86402
0.61392 0.59091 0.64056 0.87879 0.83137 105.91181066177106 0.4926822864654566 204.00000 33.37255 189.16312
0.07658 0.61307 0.85354 0.75806 0.62745 22.98069852941244 0.7891746367123684 16.00000 161.93750 388.98803
0.75287 0.44444 0.82609 0.60000 0.35686 14.184375000000095 0.7352052462514777 22.00000 88.09091 250.74560
0.88889 0.18367 0.90278 0.20388 0.74510 134.1394914215799 0.444374803772302 832.00000 10.75841 81.18646
0.58133 0.48536 0.62500 0.54011 0.99608 81.07749693627355 0.5524179819597579 263.00000 13.66540 144.44830
0.48333 0.09836 0.57143 0.15976 0.75686 77.58322610294299 0.44751767815344784 415.00000 10.48193 90.44593
0.19444 0.23077 0.53333 0.33198 0.55686 71.11035539216134 0.2378726929804655 488.00000 9.43238 54.04764
0.56667 0.42778 0.61688 0.46386 0.67843 26.637745098040536 0.6041579414000571 64.00000 51.28125 310.59134
0.58333 0.18987 0.60417 0.28395 0.67451 23.530422794118397 0.4970072038287338 241.00000 14.70539 94.62799
0.08249 0.45291 0.12121 0.58416 0.91765 69.74250919117786 0.2953553249823423 359.00000 11.84958 61.03175
0.58696 0.30345 0.59667 0.39091 0.71373 44.45903799019645 0.4115273648127439 425.00000 14.85647 101.27944
0.60606 0.19298 0.65909 0.38983 0.80000 20.187668504902092 0.4461533089081273 181.00000 19.30387 105.24405
0.57042 0.61702 0.60624 0.73494 0.86275 210.0846813725606 0.3669420759561637 712.00000 9.34410 53.53638
0.55729 0.47682 0.56854 0.71585 0.68235 103.97863051470702 0.3162041351599802 800.00000 9.60500 129.03095
0.72222 0.11184 0.82222 0.22222 0.84314 201.28247549019147 0.18694126516448328 628.00000 19.42675 120.96289
0.18750 0.31051 0.38889 0.45455 0.65490 16.653829656863174 0.4985495856608289 134.00000 16.99254 81.33325
0.60526 0.57407 0.61905 0.66667 0.69020 20.834344362746158 0.437572748812177 52.00000 79.61538 477.55979
0.10452 0.75000 0.12403 0.88627 0.83529 138.63826593138333 0.302150030554181 571.00000 14.66900 135.05677
0.60078 0.23077 0.66667 0.35269 0.65098 21.929702818628215 0.4154438512113161 176.00000 15.85227 79.50708
0.57713 0.77536 0.58537 0.80556 0.96863 53.19056372549058 0.451454004953369 132.00000 21.77273 121.03534
0.54630 0.21930 0.56522 0.26776 0.82745 108.53265931372546 0.28967628545327145 623.00000 10.60353 126.65313
0.58140 0.16346 0.67857 0.34247 0.90196 164.73386948529293 0.2295631301825468 336.00000 9.65476 52.78077
0.58772 0.38843 0.60354 0.47273 0.87843 28.823023897060025 0.4228863771118757 411.00000 11.46715 81.75389
0.66667 0.05952 0.91667 0.11111 0.79216 209.97375919119114 0.36875329643200433 877.00000 6.86545 69.68733
0.18155 0.23144 0.64394 0.29061 0.83922 20.543504901961136 0.4397489555160913 220.00000 13.36364 74.80839
0.56929 0.81053 0.59583 0.86022 0.49412 109.10254289216083 0.3750992189451378 339.00000 13.22714 56.98837
0.07664 0.72775 0.08831 0.78689 0.94118 26.218596813726165 0.5304124321555379 178.00000 16.17416 137.58845
0.05780 0.51867 0.08333 0.62441 0.90588 153.8084252451075 0.19296421995092844 1071.00000 9.28852 62.26786
0.59877 0.53901 0.60550 0.60417 0.99608 97.92201286764775 0.5298413276552414 123.00000 19.30081 117.85646
0.57333 0.78153 0.58046 0.94340 0.76471 80.17058823529563 0.4458377961492072 482.00000 13.86929 106.02737
0.36458 0.23593 0.57353 0.36051 0.67451 219.51934742649044 0.256032323869791 635.00000 13.89921 129.64100
0.07436 0.53571 0.10417 0.64384 0.91765 28.389491421569616 0.49583466435684836 76.00000 29.67105 150.46729
0.67857 0.18803 0.90196 0.24161 0.51765 67.1399356617658 0.23390670221503782 363.00000 11.33333 101.71646
0.57317 0.19907 0.59009 0.37879 0.84706 144.59054840686673 0.5340288519054218 197.00000 30.38579 269.08420
0.60458 0.38150 0.60753 0.48636 0.82353 21.909175857843625 0.6289668704005266 75.00000 26.05333 156.06886
0.60976 0.18280 0.65351 0.30415 0.94902 145.8277267156886 0.5093568755058931 103.00000 36.22330 159.58708
0.58844 0.56250 0.59319 0.70213 0.71765 93.88445159314377 0.5768889944971374 219.00000 35.09589 203.84264
0.20721 0.14689 0.62500 0.41500 0.81569 59.275214460783396 0.48556184863669055 209.00000 17.60287 85.34086
0.30556 0.48341 0.57018 0.71717 0.85882 206.58174019608776 0.2710605819404625 490.00000 20.60612 199.99188
0.55263 0.18103 0.60674 0.31034 0.87059 18.45487132352974 0.4111708744715835 90.00000 22.81111 84.71716
0.69298 0.46552 0.94298 0.66279 0.36863 62.5399509803956 0.48657760515935305 845.00000 6.76095 27.02538
0.52778 0.17273 0.54264 0.23077 0.88627 21.90647977941223 0.5337728512973255 155.00000 15.65161 119.19394
0.60819 0.28276 0.63095 0.35417 0.75294 179.80854779413087 0.4095008741080153 128.00000 63.82812 489.33394
0.57778 0.33333 0.62121 0.49296 0.97255 55.797962622549505 0.24423241599526935 453.00000 6.64018 63.36872
0.59649 0.11888 0.61667 0.17460 0.54608 123.70087316177035 0.3958941490560052 623.00000 19.94864 246.17624
0.58333 0.13853 0.59091 0.21429 0.92549 56.814644607843455 0.2799521251887432 186.00000 16.81183 122.12136
0.56818 0.14400 0.66667 0.22892 0.64314 422.34491421571965 0.42234463381096726 270.00000 27.25926 334.46529
0.50253 0.66667 0.56863 0.76543 0.81961 458.8459865196468 0.29718190729836713 1153.00000 10.52385 48.25693
0.61728 0.33333 0.65217 0.43939 0.53725 36.28379289215804 0.4512280302902432 172.00000 17.91279 145.88781
0.54000 0.26389 0.56349 0.38824 0.51765 20.517064950981432 0.39869899311850354 75.00000 30.64000 141.28304
0.54348 0.59763 0.57682 0.80233 0.77647 57.44776348039436 0.4865570978234541 90.00000 23.38889 143.91909
0.07956 0.82533 0.08943 0.86580 0.89804 14.51668198529389 0.5826821477939889 116.00000 13.43103 67.98177
0.04060 0.81304 0.04949 0.89209 0.73725 100.85150122549322 0.22810708084088469 574.00000 13.77700 66.73884
0.59007 0.38333 0.60417 0.80702 0.88235 19.50246629902005 0.605507474835003 117.00000 23.82051 136.05766
0.14758 0.22581 0.68750 0.35266 0.88627 173.00672487746434 0.26906476791759426 717.00000 11.35565 74.32296
0.05616 0.46512 0.05936 0.48889 0.83137 3.140563725490243 0.7303835413700724 43.00000 31.88372 139.20392
0.57143 0.64753 0.58222 0.96753 0.74902 91.17002144608223 0.4351006891229287 431.00000 17.69142 200.27872
0.64394 0.15957 0.65333 0.36522 0.67451 594.1661305147653 0.43218679900999646 710.00000 15.36479 112.07845
0.75641 0.73864 0.96726 0.82857 0.53725 16.787668504902413 0.5363662802963607 141.00000 39.78014 240.95322
0.08170 0.98272 0.09259 1.00000 0.94118 157.17751225491924 0.3581247476104577 566.00000 9.50883 51.22788
0.66667 0.04425 0.69231 0.05844 0.98431 41.90220588235254 0.40631006295730027 28.00000 46.10714 212.28911
0.57246 0.78400 0.58689 0.91964 0.71765 10.456249999999985 0.5133337198133233 108.00000 21.70370 190.40207
0.58571 0.19780 0.59091 0.23005 0.87451 46.132797181371814 0.5847935029628966 85.00000 54.31765 268.46725
0.58772 0.32323 0.60317 0.46392 0.53333 49.37386642157149 0.47237386053303954 96.00000 50.43750 230.57897
0.11111 0.26549 0.16346 0.37736 0.51765 83.01910232843814 0.24573559575621506 321.00000 19.62305 92.15887
