0.24537 0.48718 0.27044 0.77778 0.40784 2791.3301930154635 0.08295536677508748 1872.00000 12.68803 164.04031
0.59701 0.29630 0.61538 0.39877 0.68235 798.431357230498 0.355999588545835 930.00000 15.90645 182.86490
0.15278 0.36842 0.22778 0.55172 0.50196 697.9986366422345 0.06055651715152109 2116.00000 10.18951 77.22811
0.20470 0.68627 0.59957 0.92857 0.85098 675.6323529412813 0.3162329403546362 1400.00000 12.31714 139.33708
0.21429 0.37838 0.36667 0.55814 0.22353 329.8644761029914 0.16844005739810433 516.00000 16.30814 54.28549
0.23737 0.17241 0.32222 0.24706 0.58431 1569.0472732845228 0.06339050231479712 2146.00000 8.18500 140.79936
0.11328 0.85246 0.13934 1.00000 0.77255 2050.8302389711894 0.05566441874962516 1541.00000 18.17586 322.26053
0.17610 0.33333 0.19333 0.43158 0.62745 1571.3437346815338 0.03860568436334106 2263.00000 11.67123 158.58580
0.10569 0.71069 0.20588 0.80000 0.63529 451.47804840693135 0.11137796983818062 1292.00000 14.59985 107.73036
0.56481 0.25000 0.58519 0.29524 0.74902 617.8614430147555 0.19603166358998178 1233.00000 15.67964 156.55049
0.25424 0.61765 0.58521 0.78205 0.62353 631.1390165441946 0.21737094088974654 1712.00000 6.97021 47.62416
0.21131 0.55827 0.23538 0.76190 0.87843 1995.3722886034525 0.10102275971955164 913.00000 37.42169 996.44220
0.27536 0.37864 0.36508 0.54237 0.70980 1356.0056832111077 0.1301227332375521 964.00000 18.28320 233.82562
0.22764 0.21762 0.27451 0.30695 0.63922 1159.0684436275967 0.051889859313170986 2099.00000 9.37113 88.18099
0.25758 0.65556 0.30556 0.89744 0.31373 523.8862438725946 0.1684774826901788 1764.00000 9.14116 41.08724
0.20085 0.50794 0.53646 0.72622 0.70196 3114.0622395841565 0.09477071606844449 1078.00000 26.53061 493.77807
0.26667 0.24731 0.37879 0.37736 0.60000 1227.2784313727439 0.1038832959436364 1799.00000 9.01334 103.00899
0.14400 0.65605 0.18519 0.78351 0.71373 1175.4015318628278 0.047989145202500694 2222.00000 12.66382 256.62945
0.69444 0.03077 0.73333 0.04348 0.70980 401.05715379902847 0.07982495467651579 1562.00000 9.68182 77.49113
0.19444 0.12389 0.57692 0.16129 0.62353 1016.395940563817 0.0506231506310549 2519.00000 5.23382 42.94582
0.63333 0.17232 0.76923 0.28205 0.43922 1196.1828125002498 0.0863334666404279 1142.00000 11.68301 141.51858
0.26000 0.23171 0.32407 0.28767 0.51765 616.661335784372 0.0970944145629671 2273.00000 6.72943 111.51970
0.19512 0.47826 0.24253 0.78571 0.54902 3099.0433057608366 0.06040026589522196 1098.00000 29.24408 712.88779
0.11847 0.79310 0.14080 0.98137 0.69020 1685.6117187504688 0.06429540876163554 1483.00000 20.00202 356.54047
0.08974 0.40909 0.11979 0.51250 0.63137 206.21792279412122 0.12128585890404686 1446.00000 5.94537 44.57974
0.19298 0.43478 0.52381 0.63529 0.46275 2313.574218750696 0.06941578235546202 1404.00000 16.02279 314.21555
0.21667 0.66265 0.23611 0.82812 0.68627 1121.4645986523212 0.09027125325829063 918.00000 29.94771 391.96742
0.23077 0.40784 0.27652 0.59341 0.66667 2154.1367493879743 0.07128872627414745 1215.00000 23.74321 515.66824
0.19312 0.31343 0.20430 0.44361 0.63922 906.0509344363767 0.13600067802452998 1412.00000 15.14023 124.11545
0.16468 0.37008 0.19318 0.53448 0.72549 1489.4893995100585 0.04806458532219605 1621.00000 15.90068 229.87539
0.26667 0.56800 0.33333 0.71154 0.49804 488.5162224265183 0.11440760062852559 2269.00000 5.72234 24.99448
0.10606 0.20134 0.63194 0.29213 0.92549 1155.7955116423254 0.08591962273398349 1259.00000 13.82049 226.11305
0.19136 0.13281 0.19608 0.17822 0.59216 676.8846354167287 0.05918852074889012 2128.00000 7.41024 67.16764
0.36111 0.21429 0.60417 0.39773 0.60000 3282.8727634817246 0.05007965334564351 1313.00000 24.91622 716.67977
0.17568 0.39161 0.81863 0.53333 0.79608 1006.9351102941872 0.07602373853437583 1527.00000 16.09365 365.04634
0.16379 0.28704 0.18750 0.40940 0.59608 1294.4380974266269 0.04636920921944055 2250.00000 9.94800 90.05242
0.60648 0.42857 0.61232 0.62577 0.75686 917.5729779412725 0.39786166227643416 1098.00000 13.42532 129.91097
0.41667 0.40741 0.59375 0.72419 0.58431 2058.828982843893 0.1589148712098069 839.00000 26.54708 282.04324
0.56989 0.20960 0.59314 0.57321 0.69412 1911.7851562504516 0.19322029315556616 682.00000 39.03519 783.12841
0.25000 0.20000 0.45833 0.37500 0.21176 419.3691023285099 0.3144480637181802 942.00000 11.09342 77.01595
0.07895 0.15152 0.11728 0.23596 0.56471 833.4193933824896 0.09280863606587593 1219.00000 16.90648 122.45979
0.17045 0.43011 0.19608 0.53793 0.50588 152.52043504902826 0.15060200711112057 730.00000 8.09315 77.42103
0.09314 0.76923 0.14693 1.00000 0.62745 2077.3958486528295 0.08505099855923719 960.00000 32.03854 505.58535
0.12431 0.75534 0.14719 0.89889 0.93333 2136.043811275092 0.07492397375986397 1194.00000 26.84506 692.39535
0.23077 0.30769 0.32222 0.48750 0.38824 959.4661458334501 0.11138957436860437 1737.00000 7.49799 55.69215
0.59662 0.13725 0.61111 0.74757 0.69020 1031.0394607845556 0.35786777076908594 729.00000 21.45679 372.07427
0.29167 0.36232 0.36905 0.53202 0.43137 833.3419577207488 0.1167992325727881 934.00000 14.27944 112.35632
0.23148 0.33981 0.25000 0.45000 0.41176 902.2828737746103 0.06800558616518196 1608.00000 8.09328 99.74283
0.21505 0.58621 0.24638 0.79688 0.53725 1921.3157475495611 0.04633736301647655 1456.00000 19.67788 304.10704
0.20492 0.42373 0.23737 0.55556 0.57647 1620.3437193631248 0.0712471464674619 961.00000 21.18106 512.83405
0.18950 0.44056 0.20930 0.52809 0.53333 161.01962316177497 0.1296408752522056 391.00000 6.93606 84.96359
0.17376 0.32237 0.19444 0.40517 0.56863 258.5695006127496 0.1317116214656745 1129.00000 8.67759 70.69985
0.22222 0.63953 0.27778 0.91111 0.33333 651.7321997550094 0.17639781993538836 1727.00000 6.19398 55.22527
0.54444 0.21429 0.56818 0.35714 0.33333 1374.0975183828155 0.09704149616295024 1023.00000 25.65396 149.45144
0.29111 0.61224 0.31707 0.74359 0.52941 479.5380667892912 0.09337485391298109 1546.00000 9.35964 84.73068
0.45175 0.32418 0.50321 0.43269 0.76078 639.0359528186847 0.19332767875245402 1569.00000 7.88400 54.22920
0.61111 0.13223 0.75000 0.16495 0.74902 271.687775735315 0.12440652930053311 1157.00000 11.25756 117.69060
0.21212 0.30000 0.23737 0.39437 0.39608 210.69221813726085 0.11022217856059124 765.00000 6.19869 27.87957
0.55556 0.25352 0.57292 0.34118 0.71765 1073.3205269609687 0.08711013488093547 1473.00000 16.13442 188.11743
0.42636 0.37179 0.46000 0.48000 0.53333 720.5423406863883 0.06666110980340213 2461.00000 8.60382 83.77767
0.23333 0.33333 0.40741 0.50000 0.45098 1298.195312500366 0.1037489773090689 1034.00000 19.17215 224.52089
0.16667 0.25510 0.16667 0.52381 0.24706 537.4763327206929 0.4473053416588427 783.00000 11.24521 81.72768
0.34314 0.21622 0.60417 0.50000 0.57647 3704.9628829671187 0.0579848054145356 2010.00000 14.09502 184.92898
0.16102 0.28125 0.18750 0.39286 0.56078 544.4068167892682 0.071644863359495 1775.00000 6.92958 39.63355
0.26190 0.38158 0.40741 0.49275 0.50980 375.46412377454664 0.1083465949461271 1528.00000 5.62762 33.65887
0.59829 0.54000 0.60458 0.66667 0.46667 691.5571691177169 0.19433770624054 1201.00000 9.76520 68.90244
0.31026 0.42143 0.32407 0.51799 0.50196 761.2984987745671 0.0758780438265626 2291.00000 7.08075 34.69830
0.27778 0.23377 0.32500 0.32222 0.68235 1018.8226256129722 0.06274786188444118 882.00000 32.53288 412.77809
0.11574 0.50385 0.12560 0.60215 0.50588 333.5504136029634 0.08469579640913599 1830.00000 6.40710 29.07584
0.18382 0.26733 0.19333 0.32919 0.56863 141.5282015931396 0.12917911748178815 689.00000 6.21771 44.73452
0.22222 0.23944 0.26812 0.30435 0.57647 662.6837162990648 0.06526225337276262 1616.00000 12.61696 227.73165
0.23224 0.76175 0.25676 0.96591 0.49020 241.4712622549185 0.12315246752831607 1423.00000 5.29726 21.20176
0.33333 0.54545 0.38462 0.75904 0.42353 1415.0843290444802 0.07988730800455242 1577.00000 9.69816 62.19765
0.14286 0.60114 0.18519 0.76812 0.53725 920.031755514856 0.06985903096994736 1546.00000 14.40815 143.13065
0.22511 0.72549 0.23881 0.89831 0.45882 362.1874540441474 0.10462920970325296 1958.00000 4.49694 37.83018
0.12016 0.70175 0.17134 0.97317 0.71765 2070.567233456717 0.11127269564921384 675.00000 48.40593 975.09021
0.18950 0.39416 0.21212 0.55263 0.59608 840.5817248775163 0.06557320734239741 2006.00000 7.52642 83.50431
0.10833 0.27815 0.12667 0.48352 0.79608 1308.941421568858 0.0937829563398182 1041.00000 26.52930 638.35361
0.14312 0.50725 0.16000 0.69880 0.67059 1469.958440564221 0.0815407926703673 1233.00000 14.45499 104.26079
0.10256 0.78947 0.11299 0.91892 0.40392 1047.1268995099733 0.1530092809069772 1101.00000 12.63306 65.12115
0.16875 0.38265 0.18954 0.51485 0.73725 1271.4817555148686 0.0608730008017832 1810.00000 11.17845 138.68456
0.13333 0.38356 0.14695 0.48872 0.90196 1401.7747395834879 0.054642770355746585 1210.00000 22.92562 328.66654
0.34615 0.43939 0.37805 0.54667 0.65098 581.4749387255713 0.08153708123809252 1804.00000 10.08869 107.30826
0.10819 0.45000 0.13131 0.64583 0.77255 1018.275628063876 0.09572370876444457 1555.00000 11.93569 96.11239
0.21250 0.30357 0.27132 0.43750 0.51765 1657.5403492650994 0.07012735712705921 1141.00000 19.82472 479.73126
0.15741 0.32903 0.17063 0.39429 0.61961 337.5292126225768 0.20106198678974263 868.00000 12.20046 80.21386
0.19444 0.28916 0.36667 0.69231 0.43529 1338.1061580887056 0.1833330589800823 1344.00000 15.52232 174.62514
0.13636 0.44231 0.15152 0.55556 0.47843 416.08947610299003 0.11626534276488545 1170.00000 13.45726 145.34545
0.23851 0.70968 0.27567 0.91429 0.74902 2145.790165441936 0.08751192988993467 908.00000 28.89868 643.53054
0.43519 0.55042 0.47154 0.75385 0.67843 642.1104319853555 0.08758039046924268 1150.00000 21.28957 159.31930
0.29524 0.30848 0.50758 0.52941 0.70588 2304.3047487752847 0.1272137465326045 813.00000 37.38991 582.54470
0.22222 0.09756 0.44444 0.14563 0.62745 1416.6096507354762 0.04519830742801875 2253.00000 9.50067 95.92561
0.17730 0.38511 0.19006 0.51515 0.62353 1170.7787530638577 0.08782679749975997 1305.00000 16.22835 186.73401
0.19444 0.35973 0.21069 0.47619 0.64706 1348.5479166669068 0.046508839129809215 1981.00000 11.34326 118.44004
0.29825 0.43023 0.32857 0.57576 0.54118 419.78042279416155 0.17440552762197162 1590.00000 7.60189 64.75015
0.44444 0.26786 0.53333 0.40426 0.47843 742.6384497550218 0.12784957807613032 1795.00000 9.55153 87.17165
0.25676 0.67857 0.33333 1.00000 0.55294 1219.6157322306647 0.16289308164063654 1681.00000 6.81440 48.14202
0.23958 0.45000 0.27500 0.63636 0.29804 200.84554227942382 0.19672001765013064 619.00000 6.42165 47.86547
0.27778 0.48425 0.61304 0.61379 0.81569 1609.7492493875727 0.13376207355808287 1435.00000 14.35958 194.14521
0.14379 0.32812 0.21111 0.46032 0.61569 645.922120098125 0.07837130267893144 1614.00000 11.31908 48.24504
0.20306 0.63576 0.28056 0.81159 0.60000 1403.5917892160533 0.05461684505736114 2004.00000 10.15419 126.53273
0.17413 0.45669 0.20085 0.58763 0.50980 716.3736672794706 0.06365742014156603 2104.00000 9.13213 62.08858
0.33333 0.38000 0.57738 0.55556 0.56863 1570.6897671572317 0.07651141701723238 1060.00000 21.96981 345.48207
0.27652 0.38129 0.31034 0.50000 0.56471 1314.7016850491964 0.06439029636228492 1690.00000 16.15562 364.40542
0.28571 0.41791 0.33333 0.54888 0.51765 337.90196078435366 0.10210772704485667 1333.00000 7.91973 39.60944
0.30556 0.29464 0.57870 0.42574 0.53333 953.7729013481847 0.10059070864298535 1226.00000 16.80669 159.71794
0.09524 0.44248 0.12963 0.72165 0.90196 3015.2576286776084 0.06037961805918859 1047.00000 26.94365 668.91918
0.32222 0.24490 0.60417 0.37159 0.59608 982.0492340688473 0.09167804654743317 1289.00000 15.10473 255.80324
0.19231 0.54286 0.22619 0.78130 0.41961 1490.4706495101952 0.10851178143439048 1717.00000 12.68666 130.90153
0.57292 0.23333 0.65217 0.32766 0.41176 629.4336243873598 0.0847760220809059 1944.00000 6.52160 61.84870
0.17157 0.36735 0.22222 0.66667 0.39216 4247.303799020883 0.05845472842214307 1861.00000 11.59968 202.06065
0.53675 0.33333 0.59091 0.47368 0.60392 506.12503063732356 0.1523486487944765 1250.00000 8.84800 60.95073
0.36594 0.41584 0.43939 0.58571 0.62353 1438.7170649515 0.07677964525511013 1331.00000 19.32457 419.04694
0.41667 0.37500 0.53604 0.56190 0.61176 622.278462009885 0.13475739736834508 1578.00000 9.30925 59.95853
0.28824 0.52252 0.31173 0.63393 0.65490 1547.5708486522522 0.043712324035437546 2118.00000 12.12937 127.04652
0.18960 0.76364 0.22115 1.00000 0.44314 355.9498774510129 0.2447631565184471 1363.00000 5.85547 31.14570
0.60317 0.18039 0.62121 0.24138 0.98431 1184.652313112905 0.1927186694008265 796.00000 22.43719 202.01755
0.22308 0.52663 0.24848 0.61719 0.67451 783.9254595588748 0.05756826286340555 1939.00000 9.44972 109.76094
0.26190 0.33028 0.79688 0.53846 0.42353 1586.7463848042196 0.11462800302796616 676.00000 29.26183 520.43629
0.18687 0.41379 0.23148 0.53191 0.36471 459.80016850495264 0.09987714613853943 1590.00000 7.34025 24.23653
0.11203 0.72024 0.16667 0.94483 0.68627 2197.0577818634933 0.09691357807246555 1583.00000 15.73594 232.15385
0.16667 0.35714 0.18333 0.49612 0.63922 782.9808517157572 0.06144192480656418 2183.00000 7.46496 38.69042
0.20430 0.32743 0.23413 0.41727 0.61176 451.66692708338 0.1244574895145059 1173.00000 9.46803 83.85269
0.19420 0.73892 0.22436 1.00000 0.58431 1738.0316942408683 0.23817457625169286 899.00000 30.08009 540.56266
0.11446 0.41176 0.16667 0.56818 0.45490 773.0128829658198 0.08957999492202624 1281.00000 14.83450 246.48009
0.27333 0.42632 0.29592 0.52308 0.55294 308.0730085784563 0.09952917781914775 1349.00000 5.31134 31.83018
0.42500 0.29310 0.66146 0.43590 0.42353 844.4891084559495 0.0575537329942421 2128.00000 4.66165 33.25706
0.23333 0.31481 0.40909 0.42857 0.48627 180.7649969362846 0.18413872272218376 846.00000 7.62411 49.83752
0.10714 0.58431 0.17500 0.80829 0.83137 1366.9719056375475 0.12778106360876498 1466.00000 15.99523 203.40161
0.12500 0.55682 0.22917 0.81481 0.53725 606.9304993873382 0.08132727606966837 2261.00000 7.57983 56.24639
0.23889 0.29921 0.50000 0.45455 0.71765 751.0381280638336 0.18595877644547332 1189.00000 9.83263 109.53353
0.60577 0.28934 0.61364 0.31132 0.77255 637.591773897067 0.1995449650838122 277.00000 75.50181 1065.41440
0.17347 0.36134 0.18750 0.45714 0.58039 572.7823529412298 0.07331293536953952 1522.00000 15.26544 106.22740
0.15891 0.29487 0.18841 0.39200 0.66667 1113.116758578554 0.046111165731878435 2323.00000 10.00947 107.65563
0.13194 0.78082 0.15778 0.88375 0.65882 449.0303308823833 0.07153812088118043 2395.00000 7.31608 52.63147
0.19281 0.42391 0.20502 0.47778 0.69804 507.50617340690707 0.08715894681513846 1299.00000 9.57583 137.89351
0.08591 0.84055 0.10569 0.96491 0.75294 1955.2490502457042 0.061360046879187946 1578.00000 13.70596 218.03156
0.19136 0.20000 0.19444 0.24242 0.58431 171.60220588235586 0.11755756958322847 848.00000 5.47524 43.70195
0.18229 0.36054 0.20833 0.51392 0.60392 937.9799325981153 0.06473459570611585 1913.00000 7.10559 49.86786
0.22163 0.43023 0.26812 0.57025 0.63922 501.5460171569232 0.07580367957717114 1633.00000 10.97795 74.51384
0.19231 0.19672 0.20290 0.26606 0.46275 198.52919730392767 0.10959656142292253 1321.00000 6.01438 43.66399
0.19048 0.45000 0.48333 0.62667 0.57255 1158.3738204659344 0.15430430648527177 1301.00000 10.57341 111.05618
0.08403 0.58974 0.68750 0.85185 0.78431 1871.4054227947936 0.06678868569470509 1617.00000 13.16759 181.98671
0.51111 0.19310 0.58278 0.44444 0.93725 2873.985386030196 0.1428430822730276 940.00000 30.83830 764.25962
0.22031 0.73077 0.24031 0.90230 0.73333 1868.6085477945976 0.09767019531303221 996.00000 21.86446 420.73426
0.19048 0.20870 0.20588 0.27586 0.48235 75.7541053921578 0.16854762334778253 110.00000 12.87273 108.46969
0.11458 0.48315 0.14706 0.82143 0.46275 2903.243305760798 0.10047188234356688 930.00000 32.35591 379.82395
0.23333 0.08589 0.61111 0.12727 0.59608 746.1602328431715 0.060545342882359215 1987.00000 3.87519 31.96759
0.27957 0.19355 0.37879 0.27941 0.52941 595.422058823608 0.10085055956418185 1194.00000 12.55695 247.25512
0.16667 0.35965 0.18687 0.42373 0.49412 386.9634344362909 0.10184062465811168 1623.00000 8.53420 39.58172
0.38889 0.32000 0.47222 0.53333 0.37255 870.7798713236582 0.14064890068388367 1765.00000 6.98357 29.29936
0.25758 0.33333 0.35185 0.60784 0.45098 701.0592984069265 0.08426429553890262 1956.00000 6.59867 22.36738
0.53333 0.51111 0.57292 0.67857 0.34118 1179.4130208335603 0.1347989156541549 1023.00000 13.17889 93.89922
0.16667 0.34862 0.19048 0.46939 0.55294 1191.2624387257397 0.09003020663916093 1725.00000 9.38261 50.58332
0.27976 0.17431 0.31250 0.24167 0.66275 468.9659926471184 0.16904105058405744 1124.00000 4.92705 42.33595
0.29012 0.14894 0.63889 0.22368 0.52549 924.4437193628567 0.058012329805156616 2294.00000 6.88361 52.31079
0.10444 0.82102 0.12500 1.00000 0.49020 2040.4948376231164 0.08063461699609688 1799.00000 12.81490 153.37868
0.37500 0.42593 0.43496 0.50877 0.70588 734.8338082109024 0.10514789040339781 1760.00000 9.46250 67.71680
0.32500 0.41667 0.36752 0.55000 0.44314 358.1632199755236 0.08842982877423647 1799.00000 9.68760 41.43433
0.09167 0.45455 0.12092 0.53247 0.46667 291.10330882355254 0.10916057107312803 980.00000 5.98571 19.36950
0.21667 0.44444 0.29825 0.58333 0.46275 332.10586703435695 0.1115627899420334 1122.00000 10.49643 57.18484
0.19298 0.33654 0.19919 0.42105 0.60000 717.3027573530404 0.10050796284365011 1665.00000 9.38979 145.07252
0.18659 0.44792 0.25000 0.52542 0.70980 562.1741115196538 0.09102048989436437 1108.00000 10.67599 159.74960
0.22222 0.14953 0.51111 0.27574 0.65490 447.42190563728826 0.07453434416109889 1744.00000 7.54300 62.95892
0.25794 0.56731 0.28571 0.70588 0.47843 541.7659466912187 0.06641154821985047 2354.00000 8.86279 34.51487
0.26812 0.41667 0.31250 0.59184 0.45490 1064.7332567404635 0.07060079714535723 2407.00000 7.58455 55.72561
0.44444 0.24324 0.59091 0.54762 0.43137 909.3567095589996 0.09315784153696754 1770.00000 9.17797 42.60817
0.23333 0.34188 0.33333 0.46552 0.45098 476.54790134807973 0.1364318458273905 1744.00000 9.44782 62.64059
0.34685 0.31683 0.41892 0.53061 0.56078 373.09229473046264 0.21059818010343634 1159.00000 9.31061 56.06991
0.55676 0.36957 0.59701 0.64706 0.53333 897.912331495259 0.11228750700405288 1357.00000 8.25940 60.60939
0.56250 0.27885 0.61111 0.50000 0.21176 554.7204044118613 0.3793872649628171 255.00000 45.58039 321.91825
0.20833 0.46091 0.59772 0.70588 0.55686 700.3865042892984 0.18203729114141198 1977.00000 5.85331 29.66742
0.29762 0.22340 0.54545 0.38534 0.50588 742.8921875001206 0.11010630200015463 2038.00000 6.56330 43.43355
0.13687 0.56744 0.45833 0.75000 0.36863 2190.583471201705 0.23832934339172016 831.00000 26.97714 265.44590
0.52299 0.34545 0.58333 0.71875 0.50588 1779.5227022064864 0.1392936316421673 1086.00000 25.28269 338.60052
0.36458 0.12295 0.44118 0.16269 0.55686 361.0479932598249 0.07788000322293206 1831.00000 8.86455 51.67072
0.28788 0.35000 0.57500 0.56693 0.81961 1468.7941789219294 0.180576870903954 635.00000 19.43780 160.27209
0.18095 0.52113 0.21667 0.66667 0.38824 457.0871017157408 0.08363353982281921 1299.00000 12.36721 80.91180
0.24405 0.33333 0.50000 0.51515 0.63529 879.9183210785507 0.15728137790624197 1263.00000 11.52969 150.93185
0.13333 0.85714 0.15439 1.00000 0.63529 1431.822594975968 0.06018421088458573 1575.00000 18.14413 284.17654
0.17593 0.32258 0.21429 0.46269 0.37255 973.0353860295407 0.07582160153171294 1441.00000 8.25607 55.88547
0.11983 0.48404 0.13333 0.55111 0.89020 353.0664368872525 0.10355903373638917 893.00000 9.74020 71.81053
0.19281 0.30769 0.19504 0.41748 0.65098 1851.3776960790221 0.04130519223585407 992.00000 33.95161 871.27169
0.21032 0.58889 0.24806 0.81395 0.48627 1561.695557598424 0.05254832770860093 1388.00000 18.46902 153.16902
0.23106 0.17742 0.56818 0.34043 0.57647 847.7635416668671 0.09682637561195132 1335.00000 13.50487 125.59445
0.19048 0.12712 0.20833 0.20794 0.52549 822.0241115197039 0.1425949671885672 628.00000 13.38057 143.04678
0.24872 0.44361 0.56250 0.56143 0.60000 1128.571446078666 0.0902218651561441 1341.00000 14.85384 233.12421
0.23958 0.61538 0.25379 0.79032 0.30980 333.2324754902246 0.10392512465529051 1713.00000 3.47811 28.87430
0.23737 0.18315 0.27778 0.27273 0.60392 1080.7531096814637 0.05382875540382271 1656.00000 9.94324 96.09192
0.19271 0.58621 0.30952 0.81553 0.43137 168.87838541667296 0.16518585049098314 1056.00000 7.08428 35.51290
0.25794 0.55844 0.31008 0.78947 0.55294 2201.142187500656 0.1009085495587896 654.00000 38.70183 329.77031
0.18827 0.25472 0.19444 0.33144 0.62745 186.1586703431411 0.12175513583780798 915.00000 5.39563 42.11378
0.12092 0.41379 0.13842 0.48684 0.61961 1004.6064797795575 0.07576686509626848 1512.00000 7.15542 92.60035
0.20000 0.11688 0.88889 0.19008 0.50196 1528.3349264708363 0.05985792451942421 1273.00000 8.44148 123.56128
0.16102 0.33146 0.19271 0.40123 0.63529 101.87748161764944 0.14616729106012916 733.00000 4.99454 41.48180
0.15854 0.52055 0.20398 0.80769 0.45098 2110.275995710988 0.041127263998177004 2309.00000 9.71719 68.75907
0.14642 0.75266 0.19444 0.93750 0.65490 1128.872717524844 0.08919264679300248 1437.00000 11.82603 125.55794
0.59091 0.32203 0.60345 0.36000 0.77255 332.41063112747497 0.27360891861958997 686.00000 12.37755 127.70711
0.40909 0.29851 0.51515 0.44828 0.42353 835.9415441178049 0.10947236681226973 1225.00000 15.92816 80.11268
0.18950 0.42365 0.19444 0.55556 0.60784 1699.9938112748623 0.0457440615407233 1488.00000 19.31788 431.87606
0.16312 0.35714 0.19811 0.57143 0.71373 3345.853370099436 0.034118394962013146 912.00000 42.78509 1193.64791
0.19309 0.64493 0.29012 0.94286 0.71373 1508.643060662216 0.10207225063438519 1129.00000 17.79539 157.31659
0.18571 0.60526 0.19298 0.77273 0.36863 233.48246017157433 0.10655311231593897 2048.00000 6.54443 20.54570
0.26190 0.58182 0.28571 0.78571 0.46667 1449.0516084560895 0.10315012135260622 2631.00000 8.44394 92.87891
0.38021 0.39474 0.43519 0.47826 0.49804 282.7202818627744 0.14958158078937117 1215.00000 7.20576 48.29676
0.17974 0.56562 0.19828 0.68889 0.47843 242.58733149511266 0.12024935555643831 1356.00000 11.75221 85.30583
0.30556 0.28571 0.57749 0.50595 0.78431 716.9320618874065 0.1982153689569135 680.00000 19.88971 155.91216
0.17083 0.34483 0.19608 0.41667 0.45098 238.34152879902362 0.11574365359415474 1242.00000 8.81643 43.27720
0.40833 0.45833 0.48485 0.71642 0.33725 724.6420343138599 0.21678282993552656 815.00000 14.17914 176.08100
0.12791 0.73577 0.58054 0.87705 0.93725 2440.587055760568 0.09426395154578988 1332.00000 19.96922 338.27081
0.19167 0.65574 0.20225 0.83871 0.72549 3326.0098958339972 0.03215600071115837 1756.00000 16.19989 379.82102
0.55556 0.27919 0.61111 0.40741 0.58824 1451.6541819856745 0.092225955912761 1685.00000 11.46825 127.90684
0.13522 0.55300 0.16667 0.68096 0.80784 556.5601409313873 0.07180387147070783 1408.00000 14.99574 109.16465
0.19697 0.26667 0.28788 0.38636 0.33333 807.503033088365 0.0704763420001973 1464.00000 13.25137 102.08393
0.69697 0.41613 0.73016 0.58333 0.27059 321.46204044122777 0.41646477370499646 319.00000 23.70846 91.80636
0.25641 0.57237 0.30303 0.79167 0.48627 642.004672181453 0.1170654518890165 1790.00000 9.86425 47.01375
0.15686 0.61538 0.20930 0.86364 0.57647 2076.1591911771625 0.06357188832073862 1874.00000 14.67823 352.89937
0.19504 0.39583 0.21914 0.47761 0.59608 686.0888020834724 0.0771877488948692 2045.00000 7.29682 74.27142
0.18750 0.29496 0.20000 0.41304 0.53725 907.3551011030453 0.0887118059708172 1440.00000 14.10486 124.41662
0.26000 0.52174 0.28571 0.72500 0.43137 310.4421721814056 0.158622502167518 926.00000 8.18143 76.98587
0.22464 0.25758 0.56177 0.41589 0.79608 927.4272518383635 0.21800878330279755 1755.00000 5.26382 30.41769
0.17063 0.28704 0.17778 0.33636 0.51765 259.1905484068706 0.09409708263983817 1392.00000 7.06609 52.32557
0.25203 0.57447 0.31034 0.89744 0.48235 1251.539905024791 0.1412120493994915 1707.00000 13.25308 129.10827
0.47619 0.74528 0.50000 1.00000 0.48627 1686.0693933828306 0.0749879298075265 1597.00000 16.28992 243.18570
0.23512 0.59722 0.24848 0.71622 0.44314 660.4620098040319 0.0721850424573819 1960.00000 7.82500 31.78685
0.23977 0.75000 0.31034 0.96479 0.47843 356.2822916667044 0.14429655139580208 1526.00000 6.73853 21.17945
0.09524 0.45455 0.12179 0.57576 0.29804 260.5323223039375 0.12226597170310988 1434.00000 7.92329 30.36732
0.26923 0.32239 0.31061 0.40741 0.50980 430.3697303922235 0.10780784792389463 1540.00000 7.55974 42.79388
0.25703 0.64348 0.28744 0.83750 0.60000 1001.6568780639046 0.09342842217733364 1776.00000 11.31588 77.17829
0.42222 0.18947 0.62366 0.28900 0.71765 1398.0999846817315 0.09498225266775244 1471.00000 15.00272 296.36432
0.24468 0.42308 0.51515 0.70588 0.43137 900.6267003678165 0.11508872208105925 1009.00000 15.05649 256.68057
0.26667 0.31818 0.32407 0.41304 0.54902 1081.943596813909 0.05190408217567462 2577.00000 6.67326 139.54367
0.21839 0.47917 0.23810 0.62791 0.26275 202.41652879903157 0.18895466007498662 898.00000 7.58909 52.77307
0.33333 0.50000 0.40404 0.69091 0.54902 925.8217984070917 0.12868982890516892 947.00000 19.16684 297.11414
0.62195 0.18519 0.64394 0.31646 0.66667 3472.121246937144 0.02560675531514146 1105.00000 36.98190 1136.30241
0.19608 0.52874 0.21250 0.65789 0.34118 265.9242647059066 0.1284542886127041 573.00000 9.76265 64.45846
0.25862 0.47500 0.29412 0.62069 0.42353 463.3766850490936 0.1422327685289289 958.00000 13.58873 76.44512
0.15556 0.40290 0.17484 0.59227 0.74118 467.42786458337144 0.1828551172887442 1153.00000 7.61752 45.77387
0.20588 0.17647 0.28788 0.28000 0.37647 269.25019914218063 0.1499714768289322 649.00000 9.50847 99.26327
0.24468 0.43478 0.50000 0.56164 0.61961 1223.6022977943942 0.1114282226012021 1208.00000 17.01656 271.75397
0.23360 0.76322 0.25516 0.91946 0.61569 1168.6615196079504 0.10632950841164307 1603.00000 19.11666 372.25957
0.15873 0.47059 0.58608 0.62500 0.63529 1034.9452665443057 0.1352670750982291 1617.00000 13.30550 88.78257
0.38462 0.22437 0.54348 0.34091 0.48627 506.3064031863503 0.15277130729422597 937.00000 15.23586 125.16142
0.32857 0.28571 0.44444 0.38028 0.64706 1535.3456341917058 0.07929021681609506 1868.00000 13.39989 168.41413
0.27642 0.20000 0.30303 0.27660 0.57255 944.310814951092 0.10372052607011539 1956.00000 6.33282 80.81959
0.44444 0.18557 0.57143 0.30928 0.63922 980.2565870101056 0.23156989196482172 1033.00000 16.69022 229.32889
0.15873 0.20667 0.18827 0.27500 0.60392 552.6693780637684 0.07776381789367295 1634.00000 7.81701 69.08140
0.45556 0.28571 0.48438 0.43939 0.46667 540.5953890932353 0.11873343401820494 822.00000 14.16910 92.85543
0.14286 0.27778 0.16959 0.38686 0.69412 709.1704503676997 0.060600987728686426 1499.00000 16.53903 143.00441
0.17593 0.29730 0.19136 0.36364 0.61961 237.91392463236286 0.10184898372119343 844.00000 5.05924 40.06584
0.19048 0.70370 0.19444 0.83567 0.29804 149.2607077205967 0.13462510545166903 388.00000 5.20103 29.74645
0.24731 0.60670 0.32639 0.77778 0.58431 2430.8867340695547 0.14266382043968368 637.00000 49.59184 1069.34335
0.35185 0.27095 0.53448 0.35172 0.72549 693.8788296569437 0.13954134962582962 1627.00000 8.84511 58.17805
0.54444 0.28713 0.59649 0.42105 0.55686 910.4336397060332 0.10450509822890404 1683.00000 10.50624 63.63797
0.21726 0.59574 0.26736 0.73689 0.76078 1177.2559742649655 0.057119568486549525 2467.00000 7.58006 42.81010
0.14311 0.54657 0.21839 0.75370 0.66667 2433.0127144616577 0.048059997113708675 1136.00000 32.80898 861.69878
0.26282 0.29040 0.38462 0.48148 0.63137 1469.73759191215 0.08387244617732706 1356.00000 18.79351 260.32504
0.09122 0.44025 0.11167 0.64516 0.83137 1926.1315870102505 0.0625103371985868 1314.00000 18.56393 412.53183
0.19017 0.37692 0.19444 0.44156 0.59216 674.9933210785123 0.08323686644218477 1797.00000 9.52198 102.51169
0.17568 0.34426 0.19298 0.42017 0.69412 850.5578737745798 0.05198413858548589 1793.00000 14.05466 267.03428
0.42157 0.36667 0.50758 0.60806 0.35686 709.7569699755966 0.15703359111108373 1437.00000 8.24983 53.12572
0.11752 0.43922 0.16875 0.69444 0.99608 1880.258455882801 0.2513679257043 473.00000 45.08668 453.50298
0.56190 0.33333 0.59829 0.43854 0.69020 917.8078584561275 0.0906884059092232 1242.00000 16.83092 215.48706
0.07323 0.28125 0.08772 0.38272 0.60784 1474.847074142633 0.05674019303388819 961.00000 30.73465 486.81691
0.29675 0.35526 0.40152 0.47850 0.65490 1210.210952818922 0.1259229228449986 1083.00000 16.90674 197.71482
0.37356 0.21311 0.45833 0.31343 0.57255 613.4080575981399 0.07206869727344908 1564.00000 10.16432 117.20140
0.29487 0.29545 0.38571 0.45570 0.58431 1329.2516544120838 0.06359124891032682 2108.00000 9.44924 93.33486
0.08929 0.80000 0.14352 1.00000 0.60784 2004.2825674027747 0.10075353773026022 974.00000 30.18789 463.28808
0.29825 0.25000 0.45833 0.41176 0.55294 1218.0361672796719 0.1389565591282499 1237.00000 17.03153 228.71565
0.27350 0.26562 0.38235 0.38095 0.65098 357.6863357843444 0.15033573262464284 1238.00000 11.66236 42.42150
0.23958 0.27707 0.26667 0.35780 0.58824 638.9055759804513 0.06343479232606034 1363.00000 13.02201 78.10869
0.14957 0.51083 0.20430 0.66667 0.53333 395.450398284385 0.17351170515000314 633.00000 15.48183 106.41371
0.18229 0.35714 0.19318 0.47059 0.60784 976.2610140932218 0.04874847818826416 1779.00000 15.38449 183.28462
0.15564 0.87302 0.18408 0.98374 0.58824 631.767279411874 0.09496896659174417 1301.00000 11.63874 82.50921
0.31034 0.36765 0.38889 0.50000 0.63922 1436.2265318632212 0.08249387787100099 1012.00000 28.09783 532.92165
0.20000 0.25000 0.23333 0.51515 0.29020 321.32956495104406 0.42399693446051356 868.00000 15.34332 204.26432
0.21471 0.58647 0.23043 0.69412 0.68627 389.2186274509931 0.10137711455735045 1840.00000 7.62283 79.36488
0.01344 0.77640 0.04520 0.84354 0.81961 343.208103553957 0.13751332305036912 790.00000 14.13038 74.77771
0.29412 0.35000 0.35185 0.61538 0.56863 537.2169730393379 0.1517299365505313 818.00000 14.32396 216.52783
0.59804 0.33551 0.60833 0.41860 0.76863 416.5475183823998 0.17735226986575686 863.00000 16.37543 81.57149
0.33333 0.32143 0.44444 0.71429 0.30980 171.8935202206008 0.185169305497977 885.00000 7.63955 37.82864
0.23148 0.34902 0.31818 0.50000 0.90196 1302.8789368875737 0.13268323165001175 1317.00000 14.51481 104.58625
0.27222 0.29762 0.32051 0.35659 0.59608 900.6293811275018 0.045536852450395834 2274.00000 11.46174 103.64425
0.23016 0.35714 0.27778 0.59606 0.81569 2318.1166973047057 0.15097503500248333 550.00000 46.64364 717.27199
0.18333 0.34483 0.19512 0.40588 0.69020 858.6046875000756 0.12655410129133599 1440.00000 17.12708 247.08945
0.12179 0.35762 0.15278 0.51587 0.58824 786.119500612869 0.12929640800425987 929.00000 12.78364 110.98876
0.30952 0.19469 0.48148 0.40000 0.32157 598.1715073530512 0.24417896461102304 642.00000 17.13240 91.26936
0.54902 0.28099 0.56884 0.35388 0.65882 1123.6029258579406 0.10908367749794137 1305.00000 18.36015 168.95718
0.22121 0.51327 0.47596 0.62651 0.92549 1246.7730698531507 0.18270955341746015 1869.00000 10.29267 91.24000
0.29412 0.33080 0.36667 0.46299 0.28627 644.426026348151 0.1780533949331225 952.00000 14.10714 128.03514
0.23423 0.57143 0.24667 0.70588 0.57647 762.8513480392999 0.11666574695055221 1787.00000 11.12087 88.71044
0.13596 0.77835 0.58466 0.93939 0.78431 914.4378063726695 0.15437710080517833 1971.00000 10.67580 78.60918
