0.11667 0.16038 0.61966 0.22430 0.77255 399.687928921614 0.3952979293716189 410.00000 29.65610 270.88809
0.06818 0.11321 0.52778 0.22018 0.80000 630.3160539216567 0.3266531593815091 777.00000 9.82111 52.05868
0.54861 0.18812 0.58333 0.36000 0.58039 349.2255667892461 0.2957262141119592 680.00000 9.73088 68.53640
0.23333 0.13462 0.57317 0.28091 0.57647 686.4575061275689 0.2382222105757654 613.00000 26.98858 305.30965
0.06284 0.14563 0.07407 0.25962 0.59216 645.7426011030634 0.3820212369909674 580.00000 15.68966 107.68700
0.63194 0.06855 0.91667 0.10300 0.56078 203.98288909314266 0.46857052687454415 378.00000 15.23810 96.83817
0.63333 0.11811 0.69231 0.22936 0.69020 439.12576593142006 0.31568582456568467 321.00000 36.82243 391.67411
0.07071 0.14220 0.16667 0.27201 0.70588 290.2189950980694 0.34221807255534553 256.00000 34.26172 124.63129
0.06838 0.13559 0.09091 0.21368 0.98039 277.9018229166824 0.4387855009088433 356.00000 14.16292 97.70545
0.54264 0.29730 0.55952 0.56098 0.63137 403.64059436279115 0.32226228953860425 450.00000 17.65778 148.39257
0.19048 0.14058 0.60417 0.22872 0.68627 352.2470435049328 0.30413474857172884 636.00000 15.42610 110.87264
0.07292 0.10204 0.11667 0.19075 0.79216 612.3764705883355 0.30076517216896126 767.00000 14.46806 87.10020
0.23148 0.19022 0.39583 0.30769 0.78431 521.0702512255715 0.2492739418348547 608.00000 22.41612 161.70998
0.44444 0.26984 0.60321 0.42791 0.84706 862.5076439952229 0.21047268687718557 858.00000 21.50233 500.04642
0.07692 0.08333 0.70000 0.16800 0.45882 404.12195159318935 0.33989504574536505 645.00000 8.86512 53.03512
0.17857 0.27273 0.55882 0.52941 0.64706 1601.1575367650626 0.17127432210970062 376.00000 39.02394 480.11416
0.29167 0.19118 0.50704 0.38208 0.85098 531.5739430147423 0.3267836259878472 345.00000 38.90435 491.20390
0.61852 0.18000 0.66667 0.27933 0.74510 766.5384957108984 0.25795256042917086 595.00000 24.11765 358.41565
0.04444 0.11765 0.07353 0.20282 0.57255 502.55572916671576 0.2629555145820342 675.00000 11.45630 83.48759
0.18519 0.24648 0.40278 0.39344 0.68627 320.96479779414994 0.22422749880574963 403.00000 24.04963 175.38592
0.23333 0.10000 0.63889 0.19481 0.63529 384.80612745102167 0.2854979762507351 596.00000 18.42953 316.90304
0.59091 0.07018 0.73810 0.13333 0.60000 369.38224571081594 0.3216636351974939 496.00000 18.33065 123.10669
0.07143 0.14211 0.56522 0.20370 0.70980 348.23123468140165 0.2838455597368292 361.00000 21.77562 187.99419
0.11111 0.09868 0.46667 0.19780 0.73333 736.0891544118755 0.2520004226501293 473.00000 26.98309 409.18662
0.59314 0.29839 0.61224 0.51376 0.65098 320.84817708336755 0.31030732109832787 661.00000 14.16641 113.41348
0.08025 0.13043 0.24561 0.24000 0.76471 487.3211550245768 0.24268323906889314 267.00000 47.91011 600.85141
0.60784 0.11111 0.63333 0.23810 0.91765 349.55461090689056 0.36342660889131356 424.00000 23.70283 226.64169
0.46914 0.16667 0.51042 0.23438 0.93333 453.711228553988 0.3369355838491164 537.00000 17.16015 206.08595
0.07143 0.15789 0.07692 0.23636 0.44706 404.94114583337023 0.34504116568435866 528.00000 10.98864 62.80275
0.25556 0.14912 0.44444 0.40476 0.82745 732.5585784314517 0.26898364684205717 426.00000 40.06103 666.56750
0.63194 0.10417 0.72222 0.16667 0.60000 419.70790441181924 0.3449989300429068 441.00000 16.85488 105.60677
0.07143 0.13725 0.09444 0.29114 0.81176 664.0217064952178 0.3888099917103692 482.00000 18.42946 127.87513
0.07292 0.08046 0.09568 0.20207 0.74118 778.8694699756379 0.40580528589807324 591.00000 17.81218 130.20601
0.06250 0.13095 0.07895 0.19835 0.53333 549.9979473040155 0.2977664507662148 723.00000 12.46473 58.38047
0.07143 0.15049 0.07692 0.26364 0.53725 549.2534160539798 0.37173158356031266 639.00000 12.07512 78.87698
0.06306 0.15814 0.07323 0.23723 0.67451 809.9556832109403 0.27448540884311423 572.00000 22.82517 215.62218
0.27778 0.21875 0.52525 0.47619 0.62745 427.1696997549588 0.2598986528092958 725.00000 11.30069 73.45447
0.06212 0.47154 0.12038 0.68478 0.49020 475.4456341912867 0.40056731874608237 388.00000 41.69845 454.18512
0.59722 0.30851 0.61404 0.35484 0.91765 217.62101715687987 0.4398147434210573 369.00000 17.96748 143.28980
0.10417 0.11250 0.90741 0.19355 0.60392 1165.5684129903511 0.2689892727100082 549.00000 18.90893 221.19097
0.25000 0.14894 0.33333 0.19767 0.67843 402.793336397113 0.28902633776559267 510.00000 18.87647 113.84683
0.60985 0.23158 0.63333 0.40196 0.70980 437.1751838235871 0.34322344672058275 262.00000 45.96947 590.19357
0.07692 0.11111 0.08772 0.18462 0.83529 496.6757965686796 0.47666365744785627 442.00000 18.24208 223.14558
0.07692 0.15476 0.11667 0.27103 0.52157 783.7426623775634 0.37936448276146534 637.00000 14.29356 178.58805
0.61538 0.22642 0.63580 0.32283 0.76863 183.94937193628445 0.43253566731830007 399.00000 14.23058 128.64110
0.60417 0.13571 0.61667 0.24161 0.47843 561.7316329657613 0.296031831651735 404.00000 36.82178 278.31211
0.12500 0.21337 0.23810 0.53846 0.85882 893.1950367647723 0.24090403633220053 449.00000 36.21826 495.73740
0.59195 0.08271 0.66667 0.17094 0.90980 1035.3911917893793 0.23651664555693078 686.00000 26.72303 292.97473
0.07692 0.13768 0.09936 0.23457 0.58824 655.2011642157939 0.22610561632462783 701.00000 14.24964 80.91320
0.03333 0.16667 0.05263 0.24242 0.47451 482.78158700985585 0.2763375167901578 691.00000 11.66425 51.85078
0.68750 0.10204 0.76667 0.16393 0.64706 584.24969362757 0.39677622529860795 591.00000 13.27580 92.79131
0.06250 0.10465 0.91667 0.15464 0.92549 1020.8071384805523 0.4072667895289547 656.00000 15.36128 185.53830
0.09322 0.21805 0.26923 0.45333 0.63529 627.6176776961789 0.16964024043855644 534.00000 23.33146 180.60574
0.69298 0.11029 0.90909 0.14943 0.93333 474.05533088241367 0.39692938582683546 344.00000 18.60465 164.73670
0.07692 0.19718 0.11667 0.28000 0.69804 656.2236979167906 0.27345227731741223 717.00000 15.19805 90.62179
0.30556 0.12554 0.52424 0.28111 0.83137 536.4359221814223 0.31372813357353957 324.00000 39.82407 423.33406
0.12865 0.29940 0.62500 0.45070 0.83529 673.0300857844466 0.2472254844971736 468.00000 27.89957 319.39223
0.06838 0.10753 0.20455 0.22995 0.66275 816.4267616423195 0.37294117616086997 571.00000 19.16462 234.25922
0.07407 0.12838 0.56250 0.25951 0.64314 491.4120863971124 0.2911055324860093 502.00000 26.79283 321.16734
0.62069 0.17551 0.64444 0.34783 0.83137 825.6597886030622 0.3508532495902621 378.00000 31.19841 295.88589
0.13333 0.21469 0.61585 0.33987 0.74510 291.20223651963227 0.31537260987530513 568.00000 15.35387 77.86515
0.11667 0.15385 0.54545 0.21277 0.69412 212.1831648284454 0.39040595290619345 492.00000 13.23780 116.62961
0.57946 0.40992 0.60377 0.66667 0.48235 243.84636948531258 0.36164683166436346 369.00000 14.56911 95.28733
0.12500 0.15439 0.59105 0.38095 0.52549 463.79005821084803 0.19444140506756413 491.00000 21.22811 152.05636
0.48148 0.13300 0.63095 0.22222 0.77647 258.15459558824807 0.3870964055766083 440.00000 21.62273 151.46747
0.56190 0.12500 0.66667 0.23913 0.70196 245.24649203432767 0.37775456673396124 461.00000 15.17137 158.95833
0.04861 0.12245 0.13333 0.20312 0.52549 823.6309129903343 0.265081486038254 583.00000 17.43568 166.12422
0.19444 0.10345 0.58140 0.18431 0.58824 657.728140318694 0.29538544906630115 618.00000 22.67314 222.16128
0.61111 0.15254 0.69697 0.24638 0.74118 401.55238970593444 0.2785299756991495 505.00000 20.28119 172.07538
0.66667 0.12174 0.78571 0.20548 0.59216 316.5643841912049 0.32024442503730655 453.00000 21.20309 205.90866
0.17083 0.19231 0.88272 0.40909 0.78039 427.8092064951497 0.28826450923050406 436.00000 24.20183 125.98688
0.53333 0.13366 0.65333 0.22892 0.65490 488.499724264746 0.2967695916597417 389.00000 22.23393 176.23243
0.19298 0.21569 0.54167 0.32979 0.90196 548.308731617746 0.3080719425433155 601.00000 24.29285 359.39307
0.16667 0.18349 0.30556 0.33333 0.43529 557.5241421569651 0.30491115153130155 573.00000 21.35079 125.05132
0.07692 0.14474 0.07692 0.20370 0.52941 600.3611825981421 0.31021256957271515 547.00000 15.55759 120.51922
0.62444 0.26058 0.64368 0.40385 0.80784 1080.0555606618846 0.2963444179341687 316.00000 43.62342 563.39110
0.68750 0.14679 0.86667 0.20000 0.67843 667.4184129903332 0.38933269343308247 632.00000 14.02373 110.42575
0.22464 0.13178 0.60784 0.19231 0.66275 425.88707107847455 0.31666384715977 479.00000 27.73695 261.54504
0.52193 0.36986 0.53571 0.51220 0.67451 251.56648284316978 0.24321422496439782 535.00000 14.85234 109.01137
0.62000 0.12903 0.66667 0.23842 0.80000 724.4724417893176 0.3670308099344257 361.00000 37.49030 480.92387
0.61852 0.25888 0.63194 0.60465 0.40784 278.78186274512814 0.4249299127323922 436.00000 17.30275 74.97339
0.04861 0.16529 0.07317 0.25000 0.65490 933.7678462011451 0.3398549004433772 577.00000 19.63085 199.96742
0.35000 0.17910 0.61502 0.34934 0.80392 499.9931985294612 0.3047730217219344 453.00000 26.79249 376.31093
0.41667 0.13253 0.64368 0.24457 0.70588 259.6485753676486 0.49173778240204136 153.00000 52.37255 559.45483
0.57407 0.10538 0.63333 0.18605 0.87451 272.7812806372737 0.37117745182996403 376.00000 23.41223 217.33140
0.53431 0.22830 0.55952 0.42105 0.79216 279.1763174019883 0.3668350610461319 408.00000 17.80882 105.35318
0.07692 0.16964 0.08333 0.27059 0.66275 770.5996783089502 0.3331644910626645 650.00000 18.07385 214.93719
0.17593 0.12632 0.27778 0.22581 0.64706 450.0986672794785 0.23979091088798543 515.00000 15.14563 130.76299
0.07692 0.17791 0.09091 0.25192 0.72549 724.5405943628738 0.3122281845870716 420.00000 23.73333 159.92214
0.07407 0.30000 0.44444 0.47541 0.75686 1372.228354779753 0.19764081738368314 489.00000 46.44376 763.03352
0.50000 0.28993 0.55496 0.62745 0.61176 478.77454044126193 0.19360693252881495 556.00000 21.72302 128.43119
0.06349 0.17778 0.07692 0.30328 0.51373 546.7790441177165 0.285216944848509 717.00000 11.64993 104.06613
0.27778 0.21739 0.56190 0.33333 0.41961 150.8271139705981 0.2809713771797296 346.00000 20.92197 209.00799
0.07143 0.09130 0.11594 0.15512 0.71765 763.7695465687522 0.2865925528916838 610.00000 18.83607 142.02500
0.57377 0.08451 0.61538 0.22613 0.83922 547.5442861520008 0.25464677716768974 514.00000 26.95331 310.18145
0.20000 0.12887 0.63333 0.21154 0.64314 342.1330116421833 0.3296257303505734 273.00000 29.32601 279.68543
0.55333 0.05085 0.59804 0.21622 0.98039 248.410707720592 0.45162541839192527 539.00000 12.48609 85.20301
0.15789 0.24490 0.22464 0.32633 0.60784 456.55059742653526 0.19251123557081576 535.00000 32.73084 378.69435
0.69048 0.16774 0.72059 0.23704 0.69020 460.42314644612037 0.275297375401324 537.00000 24.93110 188.76560
0.04485 0.45455 0.09524 0.69231 0.33333 436.4765012255802 0.48061124348179024 317.00000 38.38801 281.37550
0.13333 0.15556 0.61111 0.24000 0.65882 374.78952205886117 0.3106224011519443 432.00000 25.35648 158.47626
0.07692 0.17273 0.08772 0.33333 0.65490 681.975735294204 0.2420307667610439 781.00000 12.76953 67.61112
0.08051 0.26804 0.09444 0.38596 0.83137 437.26885723044234 0.22627562876866433 531.00000 17.50471 191.54517
0.68750 0.09434 0.90741 0.15385 0.57647 661.8768382353445 0.272116270699062 630.00000 13.68254 73.08541
0.48148 0.11905 0.63580 0.19149 0.61961 246.28040747550088 0.39564544155438397 412.00000 18.11408 106.44910
0.53333 0.09626 0.63580 0.30357 0.83922 205.59082414216232 0.40393394562089313 229.00000 26.53275 111.76982
0.27778 0.20788 0.59091 0.32377 0.75294 1004.9304227943041 0.2196652364905453 472.00000 32.30720 519.93013
0.03333 0.09009 0.07692 0.12712 0.99608 428.95530024513954 0.5855367952141706 300.00000 22.67000 195.05570
0.54545 0.17143 0.58772 0.42857 0.64706 754.6081801471852 0.2862308137760695 683.00000 19.68960 165.75526
0.14646 0.36139 0.20290 0.46154 0.73333 767.1251072304866 0.32302025104563026 571.00000 22.15937 261.82222
0.62333 0.32292 0.73810 0.48341 0.83922 881.6002450981059 0.47791701277796556 126.00000 82.30952 632.61543
0.59524 0.12755 0.63194 0.32143 0.83529 1045.676700367812 0.206448268924679 456.00000 46.21711 671.96282
0.08333 0.11538 0.14167 0.28302 0.56078 706.6192095589195 0.44002869576118947 596.00000 14.79698 139.84172
0.36111 0.32895 0.55303 0.38462 0.80000 346.3972273284624 0.39510602055726474 436.00000 20.97018 143.42521
0.15351 0.25263 0.23611 0.33632 0.71765 380.54762561278466 0.22936002300203828 680.00000 20.98529 168.80290
0.58772 0.29412 0.62121 0.54839 0.98824 832.0221354168184 0.3314848312115029 454.00000 25.74890 382.80827
0.19231 0.16296 0.21111 0.29652 0.75294 626.7553308823968 0.22767099108621702 287.00000 45.92683 310.31376
0.61458 0.23077 0.68750 0.50000 0.32157 359.6186121323998 0.3308993138351914 467.00000 17.77944 66.04606
0.36111 0.33871 0.54598 0.41489 0.73725 564.9722579657806 0.3656290697326383 273.00000 41.37729 446.72370
0.06250 0.19580 0.07692 0.28736 0.63922 573.4344975490769 0.2874465997520509 712.00000 14.86657 110.83936
0.07692 0.19565 0.08333 0.28774 0.53333 581.0461856618249 0.2915649314709701 707.00000 12.32815 87.77520
0.27778 0.21026 0.69444 0.32353 0.77255 458.62487745104403 0.25304103404090145 665.00000 18.18797 153.02548
0.45833 0.20635 0.59091 0.41586 0.98039 964.6880667893491 0.3091171585159081 222.00000 47.02703 506.49369
0.61167 0.21429 0.64646 0.30337 0.75294 379.96587009808735 0.3830336484647523 384.00000 23.72396 270.15719
0.11475 0.20000 0.59430 0.29299 0.81176 567.5214154412529 0.3340993928331918 445.00000 20.24045 144.39041
0.21111 0.13725 0.43939 0.21127 0.42353 326.7771139706183 0.1997503475720316 404.00000 22.34653 147.49655
0.12821 0.46535 0.26923 0.58462 0.72157 725.6746170343929 0.2450796015614617 576.00000 29.22222 380.83827
0.65741 0.15464 0.74561 0.24409 0.73725 503.90150122554974 0.2583656968120872 509.00000 27.95678 262.01091
0.08333 0.11364 0.13580 0.17073 0.96863 825.0242187501384 0.3653360240859262 379.00000 23.16095 237.47772
0.04472 0.14286 0.06439 0.22518 0.65098 618.1762714461835 0.33706065610747155 626.00000 15.97923 104.17015
0.16146 0.16571 0.62366 0.22917 0.69020 385.1879442401999 0.40185057723875417 427.00000 17.59719 155.93023
0.05952 0.23129 0.07143 0.26786 0.75294 378.2628063725866 0.3102690715005276 381.00000 16.71916 82.35738
0.50000 0.09259 0.53333 0.16667 0.86275 267.55986519609536 0.3519177055540226 307.00000 30.72964 262.10389
0.06173 0.12500 0.60569 0.30476 0.62745 416.2971813725841 0.3364622289634159 324.00000 38.04321 428.71417
0.07143 0.10744 0.11224 0.23016 0.58431 536.7616727941888 0.3911705948933682 489.00000 15.76278 96.08309
0.71212 0.08527 0.78788 0.11111 0.58824 685.1174479167544 0.2705991946533828 611.00000 22.41080 204.88362
0.66667 0.06286 0.90741 0.11111 0.54510 169.28314950981488 0.35669195705552864 488.00000 17.68852 184.14024
0.68391 0.17323 0.70513 0.20886 0.59608 196.66547181373483 0.3527391281244268 328.00000 14.84756 83.65533
0.61905 0.21839 0.65333 0.27941 0.56471 249.41223958334874 0.3892004012713503 425.00000 17.63765 66.72091
0.40741 0.11345 0.50901 0.18750 0.91373 577.599525122574 0.41671543544984974 355.00000 35.73803 514.77473
0.04545 0.10417 0.12500 0.16393 0.75686 1027.9423406864491 0.3481136699803934 509.00000 16.84086 243.78986
0.04000 0.15152 0.05319 0.22901 0.73725 643.0407781863853 0.3945434667470288 515.00000 19.31456 172.78225
0.07407 0.14103 0.10417 0.20282 0.55294 453.73612132357545 0.3691207077086357 685.00000 10.12701 60.62054
0.05556 0.16129 0.07692 0.25140 0.64706 794.2972886030989 0.32225812062533865 591.00000 18.09306 128.79018
0.06250 0.10738 0.58333 0.24658 0.65490 453.84862132357654 0.3845805100282237 373.00000 35.34584 516.30168
0.63095 0.34615 0.66667 0.50526 1.00000 341.15065870100636 0.39263538508372736 424.00000 12.23349 121.13745
0.41667 0.09434 0.94444 0.14179 0.72941 761.3832567403243 0.3575368108760994 614.00000 18.51629 187.07124
0.54000 0.16346 0.58333 0.37500 0.60392 357.76197916670014 0.2977256867232544 634.00000 14.79022 91.09197
0.57895 0.07643 0.80556 0.14563 0.59608 354.83440563729033 0.19397486858877513 712.00000 14.66292 117.82892
0.64706 0.09554 0.93939 0.14286 0.63137 547.2613970588664 0.18049219022103402 357.00000 25.89356 238.26907
0.06838 0.11712 0.07692 0.22378 0.62353 549.0547028186885 0.29164277078416406 785.00000 10.71720 67.83045
0.50000 0.32361 0.66667 0.56818 0.67059 500.31743259812396 0.2091590926145085 488.00000 18.30943 147.76179
0.76667 0.10891 0.86667 0.14286 0.70196 867.9118259805527 0.28713346229983416 828.00000 15.21135 81.90638
0.66667 0.23404 0.73333 0.45455 0.54118 482.9849571078855 0.3433985702125734 431.00000 15.44084 119.80615
0.07407 0.11570 0.60897 0.25000 0.69020 306.9953737745337 0.3984380805871381 395.00000 25.29620 293.84319
0.14286 0.17091 0.59091 0.24269 0.69804 385.8719822304331 0.3077812828540333 393.00000 23.51145 207.96289
0.21032 0.12500 0.62057 0.21854 0.77647 260.99180453433047 0.4084609722927388 382.00000 25.17539 322.30025
0.52778 0.06356 0.55263 0.14286 0.89020 414.944010416678 0.3982799149824567 279.00000 38.34050 380.26996
0.66667 0.06633 0.69444 0.15068 0.78039 449.40049019612457 0.38735145842212726 439.00000 30.10934 230.07877
0.07407 0.16393 0.09091 0.25000 0.49412 679.4646752452193 0.30969433111169903 534.00000 16.01311 125.35670
0.62022 0.31343 0.64646 0.51963 0.78039 710.4613051471717 0.28765234947304 506.00000 24.32609 235.93890
0.44444 0.35417 0.52047 0.43137 0.96471 384.25237438732387 0.319024315388856 403.00000 22.09429 161.57415
0.50000 0.11111 0.53483 0.24324 0.85882 509.7910998774574 0.3327070596172354 420.00000 29.35714 340.08355
0.06173 0.11111 0.10976 0.28261 0.96863 793.0627144609027 0.4410254098078693 773.00000 12.71669 60.54191
0.59524 0.14179 0.64286 0.24460 0.69020 451.4792892157338 0.23998026782729687 723.00000 16.20470 100.39340
0.55031 0.13333 0.60753 0.21818 0.80784 452.19805453433844 0.34005617513776193 345.00000 33.65797 369.87865
0.25287 0.15068 0.44340 0.35484 0.72549 1134.7969056374052 0.18007998489837918 695.00000 28.21871 256.23312
0.07333 0.12987 0.30556 0.24742 0.50196 574.3396599265546 0.3036726085229213 674.00000 10.89169 74.06849
0.86667 0.07843 0.94444 0.11875 0.74510 773.0570006128713 0.2379910238845533 792.00000 15.05051 103.00867
0.15344 0.11820 0.53448 0.19816 0.66667 305.4153952206175 0.2526926559133221 578.00000 16.12457 183.63849
0.08333 0.13784 0.23403 0.22388 0.79608 675.0793351716587 0.25173631258616813 540.00000 20.11852 170.05051
0.07143 0.13433 0.13333 0.21127 0.43922 430.02149203437114 0.29136551612626554 757.00000 8.25627 41.87192
0.06589 0.18056 0.07895 0.30645 0.50588 598.8383884804764 0.3453452822070598 518.00000 15.06178 89.68157
0.62025 0.21429 0.65333 0.33333 0.78431 574.185278799104 0.25781021552151034 397.00000 29.61713 346.12695
0.13889 0.31481 0.57692 0.52830 0.46275 407.36302083338336 0.2897368454931114 422.00000 36.17773 379.59144
0.27778 0.07333 0.77778 0.13043 0.61176 338.75139399512807 0.2409115123244833 680.00000 18.22353 170.48604
0.64894 0.42529 0.69271 0.63333 0.53725 502.86902573538396 0.26564214030789035 560.00000 18.63929 118.49621
0.08333 0.13699 0.10976 0.24000 0.73725 444.8627604167299 0.30402312805980464 468.00000 14.77564 79.40502
0.61667 0.20611 0.66667 0.32609 0.60784 678.7965992647963 0.26997075770956647 752.00000 16.26596 156.81175
0.36667 0.11504 0.64706 0.17241 0.83137 171.91919424019972 0.4704169447438433 165.00000 38.40606 361.78272
0.69231 0.11765 0.78571 0.13889 0.89020 552.1738511030298 0.36964788529639253 430.00000 17.89302 194.31091
0.06818 0.14286 0.07692 0.21179 0.64314 533.9556832108404 0.2372793180039699 675.00000 14.02074 96.32247
0.64286 0.10638 0.94444 0.17949 0.56078 366.5486979167015 0.2821534075797543 551.00000 16.97096 145.34147
0.69333 0.23239 0.72222 0.32967 0.60784 495.3890931373071 0.27896452284705253 662.00000 16.91692 101.72723
0.59815 0.41259 0.62727 0.68667 0.84314 851.5085631128835 0.28976390792226514 374.00000 46.00000 481.03027
0.04861 0.17409 0.07317 0.26012 0.86667 960.8939644609405 0.30937154709485626 658.00000 19.25380 160.09031
0.07143 0.13194 0.10417 0.24359 0.54118 551.530821078485 0.36273055351772904 677.00000 10.96160 79.55511
0.60088 0.21429 0.68280 0.38419 0.81569 598.5178308824417 0.2379643450326108 462.00000 32.84199 489.44149
0.12121 0.22642 0.76667 0.29839 0.74902 393.06943933827597 0.397574383698081 426.00000 13.79577 101.46772
0.07143 0.10989 0.12500 0.19149 0.90196 408.80499387259556 0.4405321785723227 492.00000 13.41463 74.48454
0.07143 0.18000 0.07870 0.27692 0.46667 393.12879901965124 0.238239095757706 553.00000 10.77034 70.36839
0.53333 0.07143 0.80556 0.15385 0.52549 649.6454044118534 0.2072271396821528 638.00000 21.98746 142.57943
0.13333 0.17241 0.66667 0.24176 0.66275 536.7426930147368 0.3064409896317154 295.00000 28.41356 344.96758
0.41667 0.20000 0.61905 0.41255 0.67451 636.6932138481563 0.1988375034890687 647.00000 26.44822 419.10932
0.62063 0.28947 0.66667 0.48837 0.69412 179.63256740197374 0.3985675886564498 613.00000 17.76020 64.42854
0.52778 0.20561 0.60163 0.27041 0.66667 322.46960784316974 0.3142344890804918 532.00000 21.82895 220.98088
0.65196 0.16667 0.69444 0.26506 0.85882 677.8453125000684 0.323914655381353 459.00000 24.98039 228.77866
0.16667 0.11111 0.80556 0.22778 0.66667 858.3381127452736 0.3433219728714552 678.00000 18.00000 215.33351
0.05556 0.17783 0.07292 0.28000 0.73333 879.4298866423247 0.2645422124440021 780.00000 16.61667 138.22017
0.52424 0.33842 0.55556 0.45455 0.91373 307.01763174023483 0.3967487197773082 358.00000 22.14525 301.42300
0.63194 0.15741 0.67593 0.25373 0.69804 364.76668198533207 0.26118410799976843 605.00000 17.91240 100.07931
0.07143 0.12698 0.07895 0.20749 0.64314 659.232046568731 0.3516007602590834 467.00000 20.21842 202.05570
0.16667 0.32075 0.55952 0.71070 0.71373 479.25684742654903 0.24685648736976967 256.00000 48.62891 283.51233
0.03333 0.14493 0.05556 0.21084 0.44706 568.1427389706622 0.32969728422671585 522.00000 13.83333 93.52008
0.07692 0.15464 0.09314 0.30476 0.50980 1150.793030024696 0.35720359478064506 751.00000 15.95473 198.57311
0.57407 0.10465 0.59091 0.18889 0.89804 158.38134191177093 0.42185050347060105 254.00000 21.37402 117.08005
0.60204 0.21739 0.92857 0.38298 0.54902 320.56868872551905 0.27287709287724116 368.00000 33.18478 216.34866
0.71212 0.09827 0.92157 0.18182 0.96471 356.16632965688984 0.32946991965565936 421.00000 17.47268 167.63947
0.10317 0.12727 0.18750 0.35714 0.65098 650.6852634805239 0.4362918433808004 560.00000 15.53571 112.14899
0.41667 0.13580 0.57471 0.27972 0.99608 1037.2269454657828 0.38489679028311774 385.00000 29.72468 319.86990
0.60976 0.31667 0.66667 0.53333 0.54902 426.0496936274986 0.30044749820142025 495.00000 21.96162 111.01159
0.56522 0.06193 0.73333 0.10345 0.59216 644.825505514769 0.30279935106514744 621.00000 22.06441 251.85254
0.07639 0.22222 0.16667 0.49209 0.93333 3123.843229167712 0.2279758406607299 408.00000 56.20588 728.73045
0.46032 0.11712 0.69444 0.26087 0.60000 949.3599111522522 0.14510358126477518 677.00000 26.37814 401.86031
0.50000 0.06796 0.73333 0.12048 0.57255 501.1158394608262 0.34297699903337153 482.00000 22.00830 148.93997
0.48333 0.12987 0.54248 0.18487 0.84706 519.7976562500729 0.27365039036792616 712.00000 17.65590 148.92668
0.19697 0.19643 0.61333 0.26667 0.74902 499.34131433830095 0.2684671552088758 456.00000 37.53509 325.62873
0.04444 0.09615 0.07692 0.18286 0.60392 357.6055912990576 0.5259627136131717 435.00000 16.69885 147.70747
0.06250 0.09756 0.55667 0.16049 0.89804 939.6834252452306 0.3695075523958775 495.00000 16.67879 214.95807
0.06589 0.12920 0.07895 0.28161 0.61569 1121.2263327207845 0.3393310714004987 876.00000 13.17922 131.11435
0.07692 0.11446 0.09314 0.17105 0.74902 604.8698988971214 0.3213718137653276 605.00000 16.26446 166.90672
0.57333 0.05085 0.73333 0.11250 0.54902 411.1550245098442 0.3217642649124678 611.00000 14.56628 97.11643
0.19136 0.08756 0.63333 0.15385 0.58824 340.20746017160656 0.17842151520163513 537.00000 24.35754 260.27194
0.63333 0.14789 0.65789 0.21379 0.63529 264.52604166668453 0.3236721181847236 551.00000 15.49002 101.13275
0.65079 0.15556 0.70588 0.23881 0.87059 442.1416053921979 0.28782577627511896 381.00000 30.13911 214.25118
0.57051 0.14902 0.64286 0.23333 0.99608 412.7558670343547 0.46409774067376985 278.00000 22.60072 165.12279
0.50000 0.18455 0.57456 0.28571 0.71373 282.98336397061814 0.3196044699021574 421.00000 16.91924 88.40298
0.48333 0.13750 0.53030 0.19608 0.76863 606.1384037991096 0.27465891353775906 510.00000 20.64902 171.14929
0.06838 0.20575 0.07895 0.31852 0.66667 768.788664215829 0.32182941315389846 911.00000 12.33480 87.34677
0.13095 0.12200 0.70000 0.25532 0.65098 637.083379289335 0.3538944812324881 591.00000 13.88156 65.80723
0.14957 0.22511 0.86957 0.43383 0.85882 486.83465073536524 0.29754306059001584 495.00000 24.95960 196.85625
0.38889 0.16228 0.51389 0.25571 0.88627 613.5334865196513 0.37051174710446 414.00000 35.56280 486.38357
0.07143 0.08197 0.91667 0.25000 0.60882 1019.3401194854384 0.31680531456680955 533.00000 17.63415 193.46240
0.05000 0.13710 0.07471 0.21333 0.69020 852.9112438726693 0.31225084933389935 498.00000 22.68273 186.83059
0.20667 0.29703 0.58000 0.58235 0.67451 504.7211397059317 0.3571390175418733 568.00000 17.91373 187.28807
0.09936 0.16667 0.94444 0.25904 0.78039 717.8303002452432 0.322877943796737 542.00000 18.35978 127.48523
0.11538 0.08955 0.95833 0.20149 0.60000 529.7778339461607 0.3676325100225892 366.00000 18.33333 102.23047
0.50617 0.37037 0.56439 0.43556 0.87843 383.51678921573176 0.37708071575141067 376.00000 19.30053 191.98294
0.60078 0.16129 0.67857 0.29670 0.59608 496.01703431380105 0.26290581419034326 862.00000 10.62761 74.83649
0.45833 0.06875 0.91667 0.12308 0.54118 386.9892003676783 0.302893597071128 646.00000 16.27554 113.30202
0.63333 0.17143 0.66129 0.22464 0.72941 653.020113357906 0.2883272320225927 601.00000 23.61231 277.42706
0.09804 0.15951 0.33333 0.22222 0.66275 418.3372549020084 0.26056241695986854 896.00000 13.37165 114.31157
0.08889 0.11628 0.41667 0.22936 0.96863 640.0424938726376 0.4585963153573886 690.00000 11.27681 111.37284
0.07317 0.22078 0.07895 0.31250 0.57647 732.589430147161 0.27136688023919736 602.00000 15.32558 175.91664
0.04472 0.28302 0.57292 0.34161 0.63922 335.25018382355853 0.30569064817813835 565.00000 16.44779 127.42284
0.31250 0.16667 0.53333 0.31343 0.81569 307.9707414216074 0.32582943589183694 361.00000 19.89751 210.72775
0.50000 0.11864 0.60417 0.18462 0.47059 511.44171262260136 0.3439380313491354 582.00000 11.35223 69.89994
0.08333 0.14563 0.11667 0.25000 0.99608 499.5857536765222 0.40834403664784646 299.00000 23.93311 232.39941
0.58333 0.22833 0.61594 0.34123 0.77647 1588.2014705885922 0.22184720042434367 681.00000 28.22173 414.11164
0.62000 0.07500 0.83333 0.10965 0.55686 193.43765318627993 0.4203299236538525 353.00000 16.92068 107.97442
0.58081 0.25000 0.61538 0.37778 0.76863 189.21424632354413 0.4517928006448249 274.00000 20.15693 152.65815
0.41667 0.09929 0.50000 0.18349 0.69020 447.1960171569171 0.3296780157843072 592.00000 16.54054 145.35784
0.06818 0.12299 0.09722 0.25434 0.60784 192.99944852941078 0.3623344033282077 327.00000 30.24159 257.98695
0.11683 0.20225 0.63889 0.41401 0.73333 635.8060049020411 0.2517253799138818 330.00000 25.26970 178.00343
0.62094 0.45495 0.62698 0.53052 0.87059 575.9237132353413 0.4539373829898133 267.00000 34.65543 377.83849
0.53333 0.07186 0.93939 0.11250 0.53333 355.95883884807847 0.3586198165754768 523.00000 23.13958 222.07937
0.50000 0.30000 0.55039 0.39370 0.99608 217.286657475505 0.4179871702773834 407.00000 18.84521 182.66041
0.46667 0.23256 0.56098 0.39496 0.99608 187.06738664217335 0.41377850865122134 491.00000 12.09572 63.08954
0.60345 0.16667 0.62500 0.23729 0.61176 803.7220741422792 0.27441245561955857 567.00000 26.26279 214.00288
0.60897 0.19643 0.65789 0.36434 0.67843 735.7286305148032 0.21046126184631722 615.00000 28.60976 524.52001
0.55936 0.17120 0.61538 0.27907 0.82353 629.8138786765173 0.29604818246511955 308.00000 54.64286 785.06791
0.21429 0.17822 0.48077 0.36066 0.82353 661.339047181428 0.2981907756498855 446.00000 30.69058 380.15245
0.07143 0.13542 0.07692 0.20833 0.59216 451.7546875000634 0.3698517904584879 422.00000 17.39100 125.37731
0.04444 0.13514 0.06481 0.20896 0.75686 653.209589460874 0.35359781323512995 439.00000 22.20501 177.33245
0.64646 0.17518 0.67857 0.23200 0.66275 457.70076593142016 0.28795287994282337 631.00000 21.52298 181.48803
0.65909 0.15833 0.70833 0.19792 0.54902 595.9763020834209 0.3018136566271508 431.00000 30.26682 316.05724
0.59804 0.06250 0.73810 0.14414 0.62353 292.5272977941359 0.3495440203034886 418.00000 18.87560 108.61324
0.10417 0.14721 0.83333 0.22581 1.00000 338.77853860296676 0.3309963124470594 702.00000 10.53989 69.76667
0.15217 0.20690 0.36111 0.35955 0.58039 363.80168504905146 0.31231786126294175 281.00000 33.62633 224.60713
0.41667 0.28829 0.61111 0.42424 0.69412 568.9793351716703 0.1862946644981902 699.00000 23.62947 193.70882
0.38462 0.07212 0.62500 0.15476 0.61176 691.2182444853853 0.24421786739198625 559.00000 27.97853 282.62031
0.57870 0.33702 0.62083 0.56287 0.84706 1130.6748008580405 0.2515043698543805 765.00000 18.76340 155.16766
0.75000 0.08333 0.93939 0.13095 0.58824 1112.460309436457 0.1943130986033049 748.00000 20.88503 206.15747
0.50000 0.11039 0.62222 0.23903 0.63137 553.6148897059431 0.2812894763459609 369.00000 36.48238 282.47914
0.55914 0.06299 0.59804 0.10241 0.88235 295.9426776960966 0.3368595973838121 462.00000 21.70779 159.64631
0.16667 0.15942 0.57143 0.26761 0.38824 187.52849264707567 0.29047863972017046 464.00000 13.06034 55.18863
0.54861 0.05263 0.86667 0.14161 0.61176 453.8195618872979 0.3812766414990644 531.00000 18.91714 112.74674
0.19697 0.28205 0.54444 0.36458 0.78824 765.255744485403 0.3342724553771546 275.00000 48.02909 607.05757
0.11538 0.06627 0.23333 0.11802 0.68235 957.2390012256363 0.22065356772575506 704.00000 15.99574 129.74489
0.06173 0.13514 0.20000 0.22917 0.79608 682.964828431441 0.3002650672600002 751.00000 10.25033 77.98393
0.44444 0.12571 0.62000 0.27061 0.61569 375.5251838235661 0.24442920575640414 545.00000 19.54495 257.92671
0.12076 0.13529 0.50000 0.26020 0.67059 1464.0055912993703 0.18038787686342259 461.00000 48.27332 868.89944
0.07353 0.19595 0.07692 0.28485 0.67843 732.2494025736669 0.35764664336422575 573.00000 17.57068 136.36340
0.42157 0.22115 0.53901 0.51875 0.72941 250.06832107845068 0.3610225062529542 454.00000 23.90749 179.63119
0.43939 0.21387 0.50000 0.45263 0.54510 723.6521905638424 0.1692123244857699 703.00000 20.04125 187.60667
0.10417 0.16667 0.91667 0.26190 0.71765 719.5902420344656 0.3743729207215532 727.00000 10.93535 55.30227
0.06439 0.20000 0.08025 0.29762 0.69020 697.2484987746045 0.2371634796331091 690.00000 14.32464 113.07711
0.14167 0.37353 0.19298 0.64583 0.74118 1700.181357230628 0.19103635210707876 526.00000 34.81179 579.93343
0.58974 0.32143 0.60784 0.49078 0.53333 358.4042126225944 0.24014457420383672 611.00000 17.17840 93.32917
0.06481 0.14815 0.23958 0.26087 0.66667 489.5159926470905 0.25707946506159807 540.00000 15.67593 194.75097
0.68571 0.23077 0.70202 0.27193 0.66275 598.7205422794981 0.30009527441070666 895.00000 12.86369 109.71471
0.12222 0.26471 0.58333 0.34951 0.71765 490.0811427696645 0.2947606591666801 685.00000 15.69343 149.96303
