66.64736 2.18621 2.93892 1107.97274
29.87367 13.05448 -33.67446 1059.34414
38.94959 10.23039 33.17259 407.20784
59.12217 -10.61610 -10.29354 1192.92223
37.60439 8.53111 -15.87080 520.24953
49.81533 -8.84425 9.78367 738.92380
55.34953 -17.06877 -11.03959 1343.00930
66.93544 10.28848 49.12662 877.54621
68.39254 6.34976 1.04105 1052.97138
39.61941 3.05918 -17.88811 729.67592
31.47274 0.73603 -18.13410 704.60739
58.13769 2.96417 -12.65670 989.42197
40.80641 6.02906 10.91921 425.12735
63.66650 -1.71375 -7.83021 1287.31877
36.24739 24.39793 39.95706 375.34931
58.53225 5.80852 3.84805 851.40379
46.52427 -3.60717 -6.29150 805.13010
56.53253 0.12682 -28.47283 1344.99747
56.58883 1.64848 4.88786 813.44653
42.42106 -3.95627 2.48764 689.12224
53.05980 11.26544 -4.44363 924.21405
28.66554 35.06315 29.30146 432.73184
61.87556 -0.06027 -30.65632 1700.16669
54.45969 -6.08729 -12.21934 1076.94501
63.47696 4.65933 -7.63016 1072.22890
34.75071 1.76922 -19.62377 703.77661
52.67248 17.64685 -7.03166 810.91191
62.83315 -8.45276 2.40449 1196.94961
43.47836 28.30176 29.17330 307.45670
71.57438 -5.87994 -21.19817 1697.34549
23.90226 22.89191 3.53855 242.09364
44.24769 -1.75861 -14.29928 865.77902
59.66120 -2.07843 -5.91476 990.96415
64.32832 -6.68131 0.96314 1196.58211
48.82980 2.36646 -24.20598 1048.23561
53.02301 9.54496 -18.23672 1087.24160
23.31241 9.90871 -8.68819 379.67018
44.79371 -0.40286 -10.73940 765.59126
40.48705 -0.92671 9.34961 618.15071
46.44886 1.29969 6.14044 576.50349
32.82516 4.09298 -31.66065 806.62772
64.08481 -4.38968 18.67125 946.59124
51.21933 2.01000 -9.57608 902.59115
42.09321 -2.74527 -11.56551 732.81522
43.74053 0.55455 18.44277 599.46697
51.21024 2.10527 -22.85854 1067.10362
39.22991 -3.53464 -13.15935 823.01988
48.47143 25.21034 32.46708 491.69158
37.98677 2.58174 -8.84717 521.39509
54.15732 -7.25916 -4.23806 1220.45576
58.42516 -7.88135 -25.11778 1486.07254
60.60699 -1.49620 -0.54753 1034.62792
43.92963 -2.46439 -10.29369 929.65705
37.19800 24.31675 11.94954 364.10898
43.73895 13.62337 23.62257 311.91057
43.24902 4.72493 -2.62233 512.48921
41.76009 25.53404 24.69943 357.79829
46.23434 2.65224 6.64743 632.81410
60.19568 1.10171 4.82076 902.38886
31.66414 1.40486 19.69911 487.62066
43.66509 4.01683 -7.71576 819.77858
44.96788 -3.41834 -10.45729 663.01149
42.78199 6.39385 -0.66093 512.71456
48.30282 9.09501 -16.05161 970.31711
60.44433 -18.81253 -5.00472 1700.22277
56.97981 30.97246 44.94115 522.68476
59.04883 1.00248 -7.54335 931.15009
48.74692 11.53463 -17.54985 889.33131
60.74129 0.34024 -9.94302 1032.08107
52.35216 -2.30790 -13.31383 903.51803
54.86347 2.25196 -18.16022 1112.67843
52.39910 -6.39801 -17.20939 1114.36626
54.42739 -1.74550 -0.27761 925.82246
61.96725 -4.39969 -16.19411 1321.89437
56.36986 -4.59041 -19.92037 1201.16372
51.21412 -5.54236 -12.24677 965.39429
44.11406 -2.54941 -8.08824 770.37438
51.44696 4.75997 -1.46476 779.47084
78.23111 -5.77909 -8.86849 1672.17390
50.52479 -2.19148 -11.07797 1055.38952
68.66613 -1.08709 -9.14706 1360.89917
41.57148 -0.18334 15.57969 647.20599
64.40511 3.98627 -6.55951 1064.50789
63.02483 2.46056 3.34853 904.09996
45.98983 15.42507 -0.60146 827.87339
41.17983 -1.60013 -9.32415 664.22324
52.96846 12.91044 -5.60754 687.26636
37.94230 -0.56993 -11.60862 694.20196
51.70016 8.33821 -28.79047 1219.18514
41.46035 18.80936 42.46469 806.87378
44.17910 1.03040 -3.37406 654.79278
37.23453 -0.46986 -19.16828 807.38145
45.91900 7.79226 -5.67740 623.24765
30.91072 -1.55072 -10.11795 536.98565
37.52323 2.33997 12.91944 344.09744
19.98219 4.55064 -7.07217 272.79546
48.95011 3.70573 -9.31020 962.54420
65.86933 -7.06389 -5.70876 1436.30215
61.27434 0.85165 -20.71251 1327.73197
44.18800 -2.39168 -23.35860 1132.70208
55.93334 -13.72232 -5.89995 1121.89075
54.59067 -4.70607 -5.22113 1059.97218
47.90131 1.81412 -7.11526 707.16895
54.34870 11.03430 12.83708 758.70142
77.84964 5.89828 58.01733 1270.56933
50.78686 3.15493 -18.01448 1300.53059
64.60777 6.25730 6.08620 839.76877
76.59745 0.97836 -3.56430 1508.75366
51.22931 -1.21559 -13.88438 980.98693
45.79144 8.32725 -29.25505 1277.60720
36.72494 13.01720 39.61445 391.44575
50.93264 13.30251 29.33125 606.98565
57.23219 -3.56451 3.34769 882.45609
60.09686 -6.14011 0.78001 1005.98322
64.24889 -20.09701 -4.60847 1731.65309
51.65488 10.84886 16.62277 505.50166
40.28026 4.34469 1.23409 548.10071
51.81577 -5.29489 -16.34845 1062.86572
49.04256 10.81491 8.38546 708.51587
37.10612 -1.53698 12.31359 554.12335
52.23760 -1.39941 -17.10280 994.43261
47.20634 -12.17568 -16.46164 901.16078
39.83796 -7.74136 22.16512 748.46184
27.10621 31.37431 20.92774 248.81458
58.71399 1.48221 -17.55473 1153.78233
51.28707 1.84197 -0.19059 740.46383
50.07262 -14.98340 1.58363 1150.80638
61.98633 -4.53860 -16.24333 1321.05559
53.34490 11.47344 -37.77507 1609.06355
42.86822 1.71438 26.68502 643.78118
28.27615 14.83755 15.06389 167.18377
33.33450 13.86923 -33.34026 1099.61085
42.09130 4.24314 -14.89816 1077.83876
45.86911 8.02051 1.87566 627.04846
64.74230 -1.21464 -11.15734 1221.91047
61.18101 -0.04281 -10.43080 1032.29761
36.93668 8.79140 17.59581 571.87825
67.91221 1.56551 -5.13900 1268.33036
60.48582 0.42113 -9.11196 1186.83891
45.56627 -0.73769 -11.62356 756.82620
45.95774 7.22279 1.47297 754.25883
66.16767 -13.03645 -10.86923 1543.95026
49.00259 3.02758 -13.56679 784.70971
59.07855 -5.00752 -11.02846 1622.99131
36.68529 0.73105 -0.30556 563.06554
57.97755 -2.49097 -8.07112 1328.30369
33.20651 24.61814 28.98202 384.83709
45.75483 2.15714 -7.79080 770.14042
65.51727 -3.53928 -10.13384 1299.04132
35.81746 2.73421 -12.40690 677.13905
41.04934 19.46226 40.12836 283.60221
27.65398 2.62608 3.32790 315.81521
49.46048 0.27744 -14.67326 1161.61124
76.63287 -0.11091 -3.74851 1524.95117
44.31849 -3.22268 0.09987 808.08805
27.31717 -3.19426 -14.25331 507.04525
38.67357 18.58854 27.92408 552.80377
56.92993 -0.50785 -8.53387 978.98457
53.02978 -3.87719 -0.34916 723.84220
48.88220 12.27291 6.15981 669.00079
43.20670 11.40540 31.78459 363.02234
46.28603 -4.33139 -10.84331 850.01176
61.08635 -7.29216 -19.80726 1495.59880
42.76218 5.22058 -11.04082 694.82564
63.57243 -3.67765 -20.34730 1434.85196
37.05173 11.92094 -34.45927 1310.66212
35.00089 -0.44755 7.70991 509.09459
48.90362 6.17372 3.80954 614.59940
28.11257 11.30041 -0.65791 453.38802
51.70439 -3.90004 -7.59877 845.40878
42.08252 -2.89487 -14.52135 766.32615
46.48584 21.73290 25.99677 374.47191
42.24076 -1.52609 -7.99106 772.99349
54.15356 -3.07467 -15.71162 1046.30054
49.74046 28.07028 48.78777 606.26169
55.08588 -6.56962 -5.22145 992.08820
37.02553 4.77241 6.71960 424.00264
33.07336 11.33360 12.32616 450.77448
59.68666 -11.72681 -16.03561 1352.63517
55.85431 -29.36655 -1.60158 1392.92833
62.46885 -13.84658 10.76826 1409.82166
28.22269 -3.44024 -6.14676 396.47442
39.95719 21.32688 18.11982 568.39248
69.92907 1.84260 -4.81956 1328.73618
49.89408 -4.80378 -13.36857 1185.76875
45.96236 0.43824 30.30800 784.73364
43.98047 8.65128 32.19816 687.29059
52.41309 -2.53922 -13.75206 1105.81715
42.74175 -3.80208 -12.56382 823.96512
55.44549 -4.38902 -19.92826 1417.73750
25.25959 13.37930 22.45877 250.27689
44.16331 8.55236 -12.98833 646.09997
37.99555 4.37587 -22.31168 788.77570
54.42890 -7.58773 0.46689 1104.35171
61.35996 1.28291 -6.04321 1184.53589
49.09010 -2.42449 1.74370 667.61528
42.24612 3.38367 -22.07375 998.47121
44.52128 26.56172 26.51353 350.46241
51.44074 -1.29911 -11.11309 1184.68591
53.60943 2.24203 -5.85066 781.81929
71.17390 -2.99539 -7.37578 1475.80739
36.66805 -1.52329 -17.19221 609.40550
47.52387 2.86633 -8.21071 622.50378
56.75358 -5.21694 -3.78812 1109.52467
69.74350 -2.75943 -0.06201 1265.55793
53.15707 2.06731 2.50081 816.24164
28.30958 1.76394 -16.23315 614.01851
40.89983 1.73672 -25.85331 1129.41518
46.31222 3.97416 -19.97938 973.14322
70.78829 -1.93684 -6.91343 1359.14209
51.37037 1.14450 -8.66839 815.10891
39.46343 27.17165 -56.46784 1941.41131
53.80460 1.48220 6.22850 868.41884
54.14163 -3.03293 -6.14609 1121.99665
56.02340 0.79539 -33.75759 1639.45703
64.35765 -3.39965 -11.43565 1424.25859
56.16703 -2.07163 -6.95301 944.50158
43.65057 -1.36856 -16.18020 1089.31776
50.97607 -1.60861 -19.22196 1050.62787
42.27887 7.29247 17.44688 277.63570
45.37965 7.93887 17.09053 377.69832
65.78926 -0.25766 -16.30482 1395.57212
36.81027 -4.90896 -21.95643 747.67185
57.25326 3.45965 -12.20626 963.47563
39.17231 3.69087 -26.60183 800.21383
55.21228 -1.13483 16.97340 1008.06068
41.02712 5.87870 6.00382 505.47723
38.02780 7.27588 -26.02177 1008.71527
28.41636 23.89292 9.78155 459.19754
24.07594 18.15700 -4.28980 413.86237
56.17026 13.14744 -5.77562 770.23757
67.75634 1.27054 -34.94623 1954.75681
59.98776 -0.40355 -0.81668 1006.46460
37.75118 -1.67172 7.79957 608.96865
44.34070 1.41485 -10.90825 736.84742
49.74030 -1.02739 -6.45490 772.64767
49.28737 10.69545 23.89841 639.54105
49.10829 -1.07305 -12.60948 831.88496
46.50710 1.43988 -2.52307 922.64864
37.99858 1.23799 -22.87840 1037.59740
43.97060 -7.34018 -15.99216 858.56635
56.24969 5.63918 -3.43079 978.77367
37.53038 0.71897 15.03734 562.53108
43.42479 4.48547 -32.16472 1017.73360
43.44373 8.51568 38.88685 715.82257
41.10173 0.31455 -5.58535 662.24651
46.99918 -2.52602 -23.58008 1156.19650
59.22573 -5.69168 -7.78269 1135.57849
67.16779 -2.01478 -4.10439 1323.72560
53.25130 -1.38536 -19.16746 1089.36033
60.10972 2.39279 1.49305 904.12094
52.44456 2.83803 5.50269 807.66694
34.37372 -1.91778 -20.27825 776.93502
62.68429 22.95367 47.87321 404.04356
56.27726 17.86173 29.06639 542.07722
58.97918 0.92611 -30.28819 1644.49683
48.43324 -0.81576 -29.19569 1182.61088
47.84789 -2.29830 3.47382 703.56728
49.86519 12.28268 23.18316 721.74776
42.54179 8.78420 -3.00110 445.45998
60.60209 -1.71711 -8.46578 1192.04376
51.58195 2.23006 -23.07243 1076.84918
62.31791 2.81539 -0.16270 1274.77712
37.67973 1.93993 -20.34103 816.81136
66.55576 0.44771 9.40583 1057.69471
57.88109 -8.08944 -2.46491 1377.45398
60.64986 -0.41552 -6.66030 1150.35844
22.08757 14.28257 -3.98396 275.88375
63.94805 -5.99728 -4.21078 1248.30697
45.83343 2.19892 -10.51345 906.29985
63.76708 -5.23812 -16.27966 1387.12992
46.52189 0.08260 -4.04551 598.34267
75.42541 -1.74035 -8.62482 1539.03314
51.39941 2.02042 -1.28102 775.35347
52.01587 -12.69925 -5.08635 1283.03501
27.62159 4.77565 -8.41234 437.03774
41.42790 -4.29521 -4.71183 549.54554
58.45020 -5.68850 -22.79443 1422.32690
51.34428 25.17692 47.55285 471.83281
40.76900 36.10259 37.37159 210.19106
56.92961 3.19269 -30.06404 1509.70568
52.10998 8.88896 7.64260 807.44359
49.88479 18.64112 20.23000 386.32876
45.03486 -0.06346 -28.40249 1170.06679
49.79145 3.08224 -13.43105 799.88121
23.74991 24.72182 11.96989 439.43146
41.45788 22.45975 45.95701 614.86359
83.22636 1.11264 -3.30952 1638.13590
41.92069 -2.33475 -31.59466 979.55945
66.99853 -1.87245 -9.92392 1350.27704
39.58459 -1.27988 -13.56998 591.35366
38.55844 1.72758 11.29633 475.86726