49.39179 1.62479 1.74396 695.86630
49.43840 2.60714 3.19558 816.79276
44.11925 -1.76920 -3.55420 825.27016
43.83558 0.45250 0.87208 655.13189
46.93425 3.91426 5.94459 589.38892
51.56166 1.24913 -1.72437 770.27888
52.20809 1.01833 -7.49616 872.14417
50.36834 3.67219 3.20477 748.43239
58.83652 2.98930 4.10811 968.18369
44.23989 -5.03297 -6.01425 891.49782
52.10156 1.41580 0.73821 764.98698
55.90816 2.19247 4.69849 862.82121
47.85308 -5.60623 4.85034 851.56005
51.37480 -0.08214 -2.72880 1021.06238
40.26990 1.71266 2.53208 507.37587
41.51433 0.56285 4.77378 716.81562
66.82961 -8.65056 3.05453 1371.58567
47.78750 1.37652 -8.15997 868.15189
46.24361 2.97683 3.64079 653.64610
46.81717 -4.83225 11.97758 754.37340
49.65444 0.84947 1.67899 671.56348
51.75172 -0.04220 -0.89109 762.98193
45.15188 2.89147 2.23698 613.31295
52.05524 1.67327 4.85735 735.32729
46.21937 0.26154 -10.95755 911.01269
44.75726 2.42906 4.68183 647.51300
64.44306 1.30791 -6.14978 1217.37860
51.63569 -5.24649 1.56978 998.82084
38.49690 2.65547 4.42864 472.12477
60.80183 -5.40038 5.20775 1163.48328
44.63194 1.37311 -3.18157 681.07805
50.57121 3.38471 6.96279 774.82514
54.53200 1.81451 5.74186 795.10687
40.75921 2.58694 3.27807 565.70987
44.15420 3.04033 5.76510 548.35245
45.29818 3.99901 5.41338 594.84794
43.25414 -5.05385 2.36518 818.20300
27.03458 7.63145 16.60281 378.41588
45.96436 0.28145 -12.85529 864.88641
44.48040 3.27994 0.53914 722.24649
53.44346 -5.62783 7.86685 805.15551
48.16668 0.45585 -6.93171 857.62588
61.92450 2.06182 5.57327 958.86793
43.75401 2.72708 5.45007 600.04959
50.71345 1.85256 -9.08604 916.90044
35.80768 -0.19371 -3.51980 467.66130
58.81740 0.69990 11.13589 1009.52229
55.55864 0.36581 -3.47752 1044.84535
45.70311 1.91322 5.25837 643.19027
37.96375 4.03792 3.33485 476.24940
46.10784 2.48917 0.52054 732.55783
53.19744 2.49182 2.13660 906.88945
42.77150 1.48092 3.98781 626.84747
55.96745 6.10009 -0.79986 964.99049
46.55679 2.89068 6.77838 660.62933
56.68825 2.01919 4.11432 1025.66517
44.44389 3.33699 5.78341 746.85885
49.25708 3.34465 4.36061 671.73087
49.36665 3.63828 3.71001 610.23344
41.52732 2.05965 -4.02522 781.20216
53.13650 3.30203 1.28070 771.89508
47.59674 1.16477 2.45073 677.59846
35.00383 -1.81815 -10.22764 778.02499
35.11227 1.66986 1.45402 429.51347
49.97942 1.08205 -1.11707 757.93176
51.21588 1.32186 -1.93823 886.61700
45.54952 4.20394 3.42213 576.14430
49.21074 -0.68469 2.37387 716.99252
52.02473 2.58229 -4.77380 853.92159
49.22468 3.81266 -2.23742 704.66973
49.65838 8.43453 5.86248 777.65427
51.14982 4.23175 -0.76582 737.16094
61.93955 -2.82701 5.76877 1102.43255
29.36452 -0.95435 5.80309 376.09227
43.29395 2.45792 4.47737 582.32580
47.77896 5.64957 -10.21214 880.60175
46.50508 3.69921 1.37116 722.54724
48.33780 1.90106 0.38291 747.90734
45.37266 -6.81894 -0.36978 786.21595
44.40835 1.71824 -1.29832 775.14304
28.54568 4.46901 -8.50505 403.91354
51.56631 4.27552 6.79871 645.95792
50.01155 3.04717 -3.09236 797.53170
54.27159 4.34091 -3.92944 789.01313
49.38307 -0.06474 -2.24641 832.40540
48.08691 -3.02270 -3.02114 945.86952
48.95451 3.13926 7.19026 631.82558
44.42035 -0.70388 4.83850 705.42807
51.26869 2.58439 7.25010 724.70106
42.33087 5.92286 6.93052 624.25364
45.73927 -8.35541 -6.01464 797.10450
43.96309 4.18015 6.28880 518.88860
24.00456 -0.24689 1.50073 241.68161
54.69389 2.30936 3.59158 801.24509
61.57097 -0.09860 -3.41175 1136.91929
51.04088 3.45338 -0.29566 673.70575
60.39393 -0.59812 -3.26799 1209.10531
42.35778 -3.40805 11.32089 597.08172
53.66433 5.36403 -10.67871 985.93483
19.27696 8.70836 13.20964 290.14895
49.65709 2.52793 1.79541 668.38375
50.00794 3.38319 8.16582 698.59245
50.40989 4.55547 10.07648 632.55578
49.53721 4.09692 1.24801 651.88917
47.06576 2.59334 -0.89112 698.80740
52.74178 3.24108 -1.73208 890.93503
48.97707 1.73838 1.10824 774.80119
65.72095 2.16382 3.97489 1101.43560
44.67572 -0.93667 -3.23517 857.67867
47.54457 -2.44936 10.17683 670.96248
51.76193 6.64417 -17.36984 1098.29223
54.39334 0.61661 -5.37402 1013.38882
46.58753 2.28242 5.50832 682.64941
58.71456 -5.66218 5.57620 1110.99264
54.65494 -3.83138 15.64722 776.02696
45.73556 1.44417 -3.95823 1003.57755
58.06431 -3.72400 9.37830 962.21490
23.86075 4.25367 -3.70256 298.90344
45.07604 -5.40758 3.88260 758.69881
49.07058 4.55111 7.94737 597.87803
43.08397 2.93795 7.01735 512.91693
49.90791 4.21938 5.47140 768.43719
54.50657 -4.18536 1.84187 1090.05274
47.30170 1.68401 -7.24003 814.55639
47.38031 1.52945 5.36285 757.57648
35.00125 -2.01744 5.50089 337.94045
56.88618 -1.59983 23.23310 776.99967
51.07790 4.95590 -2.04296 748.84435
60.10255 1.05421 4.04697 1050.94356
50.31655 4.09512 5.09588 657.51832
54.56188 2.50995 0.94731 754.36882
55.01510 5.63306 7.76467 728.60288
60.67447 -3.20162 -0.55860 1066.51396
50.27042 5.12357 1.83070 664.26517
48.51266 0.72348 6.94568 642.72004
51.48865 2.90234 -3.19338 762.09501
46.93749 1.63203 -0.74592 688.71435
45.18595 4.02779 -7.67820 681.38309
49.39143 1.99123 -8.30400 793.07918
72.20070 -4.38814 1.35818 1457.92193
47.32246 2.05143 2.24473 764.63467
51.44670 5.23971 5.27790 684.88396
45.46398 1.95554 4.30791 643.82563
47.08737 4.17108 5.90997 601.54043
52.14085 4.63705 3.12708 687.84461
43.54612 3.56477 -11.62352 1024.80491
50.61661 3.31976 1.42761 773.93532
49.29955 -1.24674 -4.71883 829.80290
45.90345 2.37471 0.08106 577.27265
52.02904 2.69701 -1.35109 716.24767
50.34847 2.45397 5.03545 713.99774
40.45604 10.42455 -5.95329 849.36641
50.85492 4.85805 -4.37405 828.43299
38.83881 2.91153 -7.67259 811.41576
51.24417 3.92613 3.56368 646.11655
46.67548 3.08031 3.76256 673.61298
54.06603 2.10424 -0.50163 806.71668
69.61733 -2.85024 -2.35130 1398.76892
45.25363 1.45239 -2.52486 737.85932
39.85988 1.98598 5.45014 530.68558
50.38117 4.29221 -16.96888 1077.35221
45.36959 -7.14127 0.42335 978.42226
68.64311 -3.80463 0.30873 1309.05613
57.44910 1.89229 6.71961 920.74061
51.77162 0.58289 -5.01797 898.34840
58.82884 -1.86268 -3.17579 1098.30623
51.58196 -3.35560 7.01045 867.34883
40.49417 3.07627 4.14794 524.34757
56.67576 5.32449 -0.12054 873.24431
49.88593 -0.63143 6.10085 701.36894
49.35923 2.38993 6.38093 658.06059
37.73358 2.35096 3.29069 480.38509
40.18925 3.21711 5.34683 547.48791
42.76811 2.86239 -6.68718 769.27881
32.62640 -0.07608 0.39159 405.96046
49.14058 1.39496 1.72961 701.82410
33.33349 8.28526 -15.30547 731.08752
53.30726 2.27681 6.56945 794.13749
45.00701 2.70099 -6.66941 754.21070
50.10306 2.63372 -1.09814 785.29172
57.85666 3.73655 -4.66889 1007.48332
47.48216 2.50386 4.51110 677.57013
48.35268 3.19122 -1.19566 683.42737
45.15429 6.92758 -12.02621 838.80664
48.60040 3.45054 -18.82320 1178.80412
61.76360 6.11721 8.29007 839.78271
43.96642 1.85845 4.35281 661.16041
53.38671 3.15949 -5.66755 1013.61508
47.82290 3.51438 2.87851 762.82516
53.59183 3.23154 4.07913 855.75111
38.89766 2.85033 4.91457 491.66224
44.03045 1.94984 1.37656 541.41547
50.29561 5.30782 -1.76954 698.11935
37.86691 0.76114 0.13120 634.93272
38.40964 4.70369 -12.56819 714.36676
50.70686 0.95350 0.66504 731.24259
52.99737 5.04459 -6.68315 939.02289
48.23877 4.00568 3.08768 679.58737
48.83725 4.62208 6.20611 682.75231
52.47590 -6.38485 -2.15352 1114.59715
50.75310 2.77930 -1.45237 802.88639
48.57566 2.32839 4.86457 718.25371
40.18245 1.27914 0.93158 710.64297
38.67300 3.61143 3.24103 491.00474
45.24725 2.91736 7.08443 547.40290
54.63546 0.19518 -1.27156 1003.79425
38.07019 4.98661 -0.93103 451.35092
61.98768 5.85242 -2.13621 1034.59091
41.06500 1.24521 7.36027 656.83913
65.14628 -1.96058 -3.46107 1396.68361
38.82297 1.80083 -9.91589 746.19639
51.40814 2.13221 0.44348 690.54554
47.64515 3.56555 7.44683 868.19095
39.58311 1.26576 1.34116 570.55907
48.55193 1.36108 -0.96031 829.75029
58.36932 -3.76584 -1.24966 1075.13394
50.52296 4.34134 0.41918 710.55525
53.17227 2.92919 4.32760 752.81949
50.84544 1.97285 1.89374 861.61284
44.52807 3.50581 4.32056 641.35297
58.64782 1.87220 4.96711 848.31189
50.38268 1.65025 0.87313 651.57145
46.63061 1.06022 1.85832 602.99085
53.02808 0.66214 -6.08824 843.65097
55.62768 4.22636 -7.37501 1007.35652
59.49839 -0.52508 -5.30601 1223.20984
47.70270 -0.48760 1.88172 715.17553
53.38039 -4.66587 1.09749 967.26189
47.95722 4.48538 7.98000 615.61644
44.16764 1.12273 4.81438 712.10637
51.96479 9.00133 8.18969 823.42281
65.07165 -5.40651 1.98876 1298.78940
47.68608 3.67385 3.45052 706.54801
50.07016 4.75741 4.31945 689.59200
50.67082 -3.36410 -0.97007 877.31564
47.76348 2.95531 6.28758 744.27507
44.65677 2.38195 4.02997 615.94766
48.40250 -7.07493 -4.27443 1003.23737
44.50443 1.11920 -5.15542 780.11749
49.97076 2.07385 0.83690 656.73233
53.87704 2.40234 -8.21612 979.36199
50.53598 2.18176 5.49643 648.86926
52.13544 1.98449 4.18641 871.90062
41.25041 3.55225 6.47996 536.62097
48.75239 7.74466 4.33850 578.20262
46.43307 -4.65997 0.20820 887.22914
40.10794 -1.11135 -0.75093 751.95253
61.40785 2.22009 7.14553 1009.71968
45.17288 2.58581 -3.94596 782.74470
50.87435 1.34777 -1.85130 762.88261
42.73641 0.22803 -5.25501 780.16465
56.00696 -3.82530 0.38116 965.58324
49.77529 3.73562 5.46575 572.49448
49.79588 4.17613 7.17474 701.68553
48.91168 8.76226 -20.38903 1152.68706
47.98118 2.48158 0.64072 635.53082
56.81986 -7.33879 -6.18133 1220.11991
59.60157 -2.62437 -0.55984 1163.16875
50.99694 0.35637 -6.35981 836.65787
47.99162 2.10535 -6.31790 814.44499
59.59340 -1.24612 -3.32880 1105.16532
61.50421 -7.07728 4.89195 1198.94854
45.29600 2.39395 4.32427 639.28157
53.35700 4.38186 5.07397 722.27061
52.70480 3.28069 -9.39600 933.36045
46.07978 3.49085 -4.24063 689.41597
51.02521 2.34130 -0.02399 676.89526
66.64548 1.86204 5.25247 1148.58950
43.30823 3.66638 5.48972 493.64587
46.29481 3.43932 3.14925 687.41328
48.14860 0.00661 0.47685 727.07059
44.01531 5.79336 0.97245 777.12965
49.56955 3.69894 -0.21947 670.99428
49.92979 3.26328 -1.32367 713.88754
66.84133 0.75482 -0.34703 1178.61489
33.15795 0.03263 4.16150 345.31318
51.85905 -0.46688 -0.58903 849.24932
51.06397 -4.31408 4.76496 903.66380
57.03625 0.21467 3.20863 866.73424
51.26424 4.63837 3.87845 797.66881
47.87912 1.59368 -1.59452 697.55392
45.76066 2.53629 5.39448 663.82087
46.83854 3.81107 7.01534 640.35079
57.64196 -6.83003 -1.59430 1047.66236
37.19783 -0.35536 6.16179 588.05969
45.95057 2.28778 6.14916 729.00211
49.16971 4.43578 6.78167 712.59754
52.33372 -1.79373 20.75662 867.59687
36.61064 -0.28030 -8.70948 649.48721
53.09788 4.15781 6.59125 616.50499
50.92167 7.34819 -13.76806 918.87876
49.72490 1.53975 4.97455 683.87820
