1872.00000
930.00000
2116.00000
1400.00000
516.00000
2146.00000
1541.00000
2263.00000
1292.00000
1233.00000
1712.00000
913.00000
964.00000
2099.00000
1764.00000
1078.00000
1799.00000
2222.00000
1562.00000
2519.00000
1142.00000
2273.00000
1098.00000
1483.00000
1446.00000
1404.00000
918.00000
1215.00000
1412.00000
1621.00000
2269.00000
1259.00000
2128.00000
1313.00000
1527.00000
2250.00000
1098.00000
839.00000
682.00000
942.00000
1219.00000
730.00000
960.00000
1194.00000
1737.00000
729.00000
934.00000
1608.00000
1456.00000
961.00000
391.00000
1129.00000
1727.00000
1023.00000
1546.00000
1569.00000
1157.00000
765.00000
1473.00000
2461.00000
1034.00000
783.00000
2010.00000
1775.00000
1528.00000
1201.00000
2291.00000
882.00000
1830.00000
689.00000
1616.00000
1423.00000
1577.00000
1546.00000
1958.00000
675.00000
2006.00000
1041.00000
1233.00000
1101.00000
1810.00000
1210.00000
1804.00000
1555.00000
1141.00000
868.00000
1344.00000
1170.00000
908.00000
1150.00000
813.00000
2253.00000
1305.00000
1981.00000
1590.00000
1795.00000
1681.00000
619.00000
1435.00000
1614.00000
2004.00000
2104.00000
1060.00000
1690.00000
1333.00000
1226.00000
1047.00000
1289.00000
1717.00000
1944.00000
1861.00000
1250.00000
1331.00000
1578.00000
2118.00000
1363.00000
796.00000
1939.00000
676.00000
1590.00000
1583.00000
2183.00000
1173.00000
899.00000
1281.00000
1349.00000
2128.00000
846.00000
1466.00000
2261.00000
1189.00000
277.00000
1522.00000
2323.00000
2395.00000
1299.00000
1578.00000
848.00000
1913.00000
1633.00000
1321.00000
1301.00000
1617.00000
940.00000
996.00000
110.00000
930.00000
1987.00000
1194.00000
1623.00000
1765.00000
1956.00000
1023.00000
1725.00000
1124.00000
2294.00000
1799.00000
1760.00000
1799.00000
980.00000
1122.00000
1665.00000
1108.00000
1744.00000
2354.00000
2407.00000
1770.00000
1744.00000
1159.00000
1357.00000
255.00000
1977.00000
2038.00000
831.00000
1086.00000
1831.00000
635.00000
1299.00000
1263.00000
1575.00000
1441.00000
893.00000
992.00000
1388.00000
1335.00000
628.00000
1341.00000
1713.00000
1656.00000
1056.00000
654.00000
915.00000
1512.00000
1273.00000
733.00000
2309.00000
1437.00000
686.00000
1225.00000
1488.00000
912.00000
1129.00000
2048.00000
2631.00000
1215.00000
1356.00000
680.00000
1242.00000
815.00000
1332.00000
1756.00000
1685.00000
1408.00000
1464.00000
319.00000
1790.00000
1874.00000
2045.00000
1440.00000
926.00000
1755.00000
1392.00000
1707.00000
1597.00000
1960.00000
1526.00000
1434.00000
1540.00000
1776.00000
1471.00000
1009.00000
2577.00000
898.00000
947.00000
1105.00000
573.00000
958.00000
1153.00000
649.00000
1208.00000
1603.00000
1617.00000
937.00000
1868.00000
1956.00000
1033.00000
1634.00000
822.00000
1499.00000
844.00000
388.00000
637.00000
1627.00000
1683.00000
2467.00000
1136.00000
1356.00000
1314.00000
1797.00000
1793.00000
1437.00000
473.00000
1242.00000
961.00000
1083.00000
1564.00000
2108.00000
974.00000
1237.00000
1238.00000
1363.00000
633.00000
1779.00000
1301.00000
1012.00000
868.00000
1840.00000
790.00000
818.00000
863.00000
885.00000
1317.00000
2274.00000
550.00000
1440.00000
929.00000
642.00000
1305.00000
1869.00000
952.00000
1787.00000
1971.00000