410.00000
777.00000
680.00000
613.00000
580.00000
378.00000
321.00000
256.00000
356.00000
450.00000
636.00000
767.00000
608.00000
858.00000
645.00000
376.00000
345.00000
595.00000
675.00000
403.00000
596.00000
496.00000
361.00000
473.00000
661.00000
267.00000
424.00000
537.00000
528.00000
426.00000
441.00000
482.00000
591.00000
723.00000
639.00000
572.00000
725.00000
388.00000
369.00000
549.00000
510.00000
262.00000
442.00000
637.00000
399.00000
404.00000
449.00000
686.00000
701.00000
691.00000
591.00000
656.00000
534.00000
344.00000
717.00000
324.00000
468.00000
571.00000
502.00000
378.00000
568.00000
492.00000
369.00000
491.00000
440.00000
461.00000
583.00000
618.00000
505.00000
453.00000
436.00000
389.00000
601.00000
573.00000
547.00000
316.00000
632.00000
479.00000
535.00000
361.00000
436.00000
577.00000
453.00000
153.00000
376.00000
408.00000
650.00000
515.00000
420.00000
489.00000
556.00000
717.00000
346.00000
610.00000
514.00000
273.00000
539.00000
535.00000
537.00000
317.00000
432.00000
781.00000
531.00000
630.00000
412.00000
229.00000
472.00000
300.00000
683.00000
571.00000
126.00000
456.00000
596.00000
436.00000
680.00000
454.00000
287.00000
467.00000
273.00000
712.00000
707.00000
665.00000
222.00000
384.00000
445.00000
404.00000
576.00000
509.00000
379.00000
626.00000
427.00000
381.00000
307.00000
324.00000
489.00000
611.00000
488.00000
328.00000
425.00000
355.00000
509.00000
515.00000
685.00000
591.00000
373.00000
424.00000
614.00000
634.00000
712.00000
357.00000
785.00000
488.00000
828.00000
431.00000
395.00000
393.00000
382.00000
279.00000
439.00000
534.00000
506.00000
403.00000
420.00000
773.00000
723.00000
345.00000
695.00000
674.00000
792.00000
578.00000
540.00000
757.00000
518.00000
397.00000
422.00000
680.00000
560.00000
468.00000
752.00000
165.00000
430.00000
675.00000
551.00000
662.00000
374.00000
658.00000
677.00000
462.00000
426.00000
492.00000
553.00000
638.00000
295.00000
647.00000
613.00000
532.00000
459.00000
678.00000
780.00000
358.00000
605.00000
467.00000
256.00000
522.00000
751.00000
254.00000
368.00000
421.00000
560.00000
385.00000
495.00000
621.00000
408.00000
677.00000
482.00000
712.00000
456.00000
435.00000
495.00000
876.00000
605.00000
611.00000
537.00000
551.00000
381.00000
278.00000
421.00000
510.00000
911.00000
591.00000
495.00000
414.00000
533.00000
498.00000
568.00000
542.00000
366.00000
376.00000
862.00000
646.00000
601.00000
896.00000
690.00000
602.00000
565.00000
361.00000
582.00000
299.00000
681.00000
353.00000
274.00000
592.00000
327.00000
330.00000
267.00000
523.00000
407.00000
491.00000
567.00000
615.00000
308.00000
446.00000
422.00000
439.00000
631.00000
431.00000
418.00000
702.00000
281.00000
699.00000
559.00000
765.00000
748.00000
369.00000
462.00000
464.00000
531.00000
275.00000
704.00000
751.00000
545.00000
461.00000
573.00000
454.00000
703.00000
727.00000
690.00000
526.00000
611.00000
540.00000
895.00000
685.00000
