3753.89850 127.00000 219.00000 112.00000 215.00000 107.00000 211.00000
4054.17983 5.00000 47.00000 29.00000 99.00000 75.00000 181.00000
3884.87667 82.00000 167.00000 46.00000 123.00000 12.00000 52.00000
1889.69999 72.00000 150.00000 121.00000 181.00000 146.00000 180.00000
546.15803 72.00000 96.00000 76.00000 93.00000 105.00000 125.00000
2553.77302 84.00000 147.00000 99.00000 159.00000 74.00000 149.25000
3628.88412 1.00000 97.00000 126.00000 162.00000 126.00000 177.00000
6099.53155 163.00000 252.00000 112.00000 207.00000 43.00000 91.00000
2404.25000 157.00000 216.00000 138.00000 202.00000 135.00000 209.00000
3167.90074 49.00000 74.00000 67.00000 83.00000 89.00000 125.00000
4318.64392 18.00000 66.00000 33.00000 112.00000 46.00000 165.00000
1294.97412 121.00000 153.00000 118.00000 167.00000 127.00000 193.00000
2746.35028 60.00000 167.00000 56.00000 129.00000 46.00000 110.00000
3907.22102 99.00000 197.00000 119.00000 210.00000 130.00000 236.00000
4587.28713 96.00000 170.00000 47.00000 73.00000 9.00000 17.00000
3214.10257 113.00000 222.00000 102.00000 191.00000 109.00000 165.00000
2967.91344 57.00000 144.00000 79.00000 166.00000 80.00000 196.00000
2660.37904 58.00000 142.00000 114.00000 167.00000 165.00000 216.00000
3294.79707 122.00000 186.00000 113.00000 174.00000 106.00000 168.00000
3135.08513 52.00000 127.00000 60.00000 154.00000 43.00000 168.00000
2251.61648 94.00000 165.00000 99.00000 145.00000 76.00000 204.00000
4862.44405 60.00000 194.00000 2.00000 41.00000 9.00000 31.00000
4839.68185 62.00000 153.00000 104.00000 201.00000 155.00000 254.00000
2851.94499 76.00000 131.00000 106.00000 175.00000 121.00000 197.00000
1755.50473 144.00000 175.00000 143.00000 168.00000 157.00000 192.00000
3156.64596 31.00000 86.00000 57.00000 113.00000 62.00000 158.00000
3251.28594 108.00000 197.00000 89.00000 147.00000 113.00000 182.00000
3464.84526 90.00000 209.00000 112.00000 232.00000 114.00000 206.00000
3387.49063 96.00000 219.00000 62.00000 101.00000 52.00000 57.00000
1815.88815 101.00000 175.00000 158.00000 208.00000 200.00000 231.00000
1652.75561 59.00000 109.00000 17.00000 62.00000 35.00000 74.00000
3496.80443 44.00000 130.00000 73.00000 146.00000 88.00000 194.00000
1475.38438 113.00000 152.00000 117.00000 173.00000 116.00000 191.00000
3540.54468 107.00000 194.00000 121.00000 213.00000 123.00000 203.25000
2807.45549 63.00000 124.00000 95.00000 155.00000 138.00000 204.00000
2507.78460 79.00000 179.00000 84.00000 172.00000 141.00000 179.00000
2862.73833 24.00000 109.00000 18.00000 87.25000 28.00000 102.00000
3312.20551 51.00000 143.00000 64.00000 164.00000 81.00000 188.00000
3870.70754 52.00000 137.00000 55.00000 124.00000 32.00000 121.00000
2649.07053 66.00000 155.00000 72.00000 135.00000 68.00000 123.00000
2811.53707 11.00000 46.00000 53.00000 99.00000 106.00000 147.00000
1532.69244 121.00000 210.00000 141.00000 178.00000 114.00000 130.00000
3194.25300 76.00000 164.00000 86.00000 186.00000 98.00000 210.00000
1963.52608 58.00000 92.00000 90.00000 111.00000 88.00000 141.00000
4378.70463 66.00000 171.00000 57.00000 149.00000 43.00000 105.00000
2103.83941 81.00000 117.00000 96.00000 149.00000 113.00000 209.00000
4858.04376 25.00000 107.00000 42.00000 146.00000 36.00000 182.00000
4956.58460 107.00000 237.00000 62.00000 137.00000 51.00000 70.00000
1674.33112 58.00000 105.00000 59.00000 111.00000 69.00000 140.00000
5107.12452 38.00000 127.00000 85.00000 197.00000 59.00000 219.00000
5023.04494 11.00000 142.00000 109.00000 190.00000 165.00000 223.00000
3615.06671 89.00000 200.00000 99.00000 203.00000 95.00000 209.00000
5069.51969 31.00000 127.00000 59.00000 158.00000 55.00000 185.00000
3387.08354 81.00000 180.00000 30.00000 108.00000 35.00000 104.00000
2299.14655 108.00000 179.00000 78.00000 118.00000 54.00000 78.00000
662.20983 94.00000 118.00000 91.00000 105.00000 63.00000 133.00000
3304.12296 111.00000 208.00000 72.00000 95.00000 54.00000 66.00000
4328.46325 56.00000 191.00000 58.00000 168.00000 49.00000 156.00000
2032.40970 118.00000 182.00000 125.00000 169.00000 106.00000 171.00000
3933.11080 15.00000 143.00000 12.00000 119.00000 7.00000 70.00000
5430.42950 38.00000 165.00000 40.00000 159.00000 64.00000 171.00000
626.66380 79.00000 95.00000 102.00000 114.00000 106.00000 147.00000
2453.44274 83.00000 145.00000 64.00000 138.00000 67.00000 142.00000
4806.50493 75.00000 164.00000 79.00000 147.00000 107.00000 199.00000
5545.37590 22.00000 127.00000 105.00000 211.00000 115.00000 197.00000
6057.61446 132.00000 255.00000 77.00000 139.00000 50.00000 62.00000
1042.02593 121.00000 154.00000 123.00000 165.00000 133.00000 186.00000
2422.59552 81.00000 162.00000 79.00000 148.00000 113.00000 171.00000
1214.01162 115.00000 168.00000 130.00000 172.00000 144.00000 193.00000
1501.02882 78.00000 133.00000 105.00000 155.00000 119.00000 184.00000
2903.57024 80.00000 148.00000 100.00000 172.00000 119.00000 236.00000
3925.29936 41.00000 144.00000 83.00000 184.00000 111.00000 207.00000
4227.90805 67.00000 179.00000 73.00000 192.00000 75.00000 198.00000
3338.82674 78.00000 172.00000 126.00000 189.00000 146.00000 242.00000
2733.49657 62.00000 141.00000 100.00000 175.00000 132.00000 208.00000
2845.60439 71.00000 111.00000 97.00000 144.00000 110.00000 173.00000
2138.80142 60.00000 117.00000 90.00000 121.00000 68.00000 146.00000
3387.58505 89.00000 191.00000 81.00000 186.00000 91.00000 184.00000
783.30163 142.00000 199.00000 185.00000 211.00000 196.00000 221.00000
5487.47108 54.00000 159.00000 62.00000 183.00000 75.00000 208.00000
1883.47695 130.00000 177.00000 146.00000 197.00000 161.00000 229.00000
3999.85837 34.00000 177.00000 44.00000 148.00000 43.00000 97.00000
1579.59531 132.00000 193.00000 128.00000 191.00000 134.00000 208.00000
1632.88562 145.00000 187.00000 146.00000 173.00000 132.00000 183.00000
7996.94376 20.00000 246.00000 16.00000 157.00000 17.00000 174.00000
2017.71557 54.00000 101.00000 64.00000 129.00000 62.00000 153.00000
1952.55983 114.00000 176.00000 91.00000 145.00000 106.00000 166.00000
4049.09448 36.00000 121.00000 40.00000 153.00000 48.00000 181.00000
2737.73953 80.00000 140.00000 86.75000 161.00000 132.00000 222.00000
7414.85745 62.00000 246.00000 18.00000 130.00000 2.00000 23.00000
2326.51677 76.00000 121.00000 74.00000 130.00000 66.00000 166.00000
4460.41719 20.00000 93.00000 39.00000 133.00000 47.00000 176.00000
1732.54445 80.00000 150.00000 85.00000 129.00000 101.00000 141.00000
3008.56597 9.00000 80.00000 38.00000 104.00000 48.00000 126.00000
1292.15245 69.00000 111.00000 69.00000 93.00000 59.00000 71.00000
2154.75882 3.00000 78.00000 3.00000 75.00000 13.00000 93.00000
4254.36844 15.00000 200.00000 65.00000 174.00000 104.00000 163.00000
4757.99301 77.00000 193.00000 103.00000 225.00000 112.00000 238.00000
1969.39949 112.00000 139.00000 126.00000 175.00000 128.00000 221.00000
4679.30799 28.00000 89.00000 67.00000 153.00000 74.00000 205.00000
2852.77419 64.00000 126.00000 93.00000 182.00000 96.00000 197.00000
5105.46666 53.00000 173.00000 68.00000 196.00000 64.00000 219.00000
2167.83097 82.00000 141.00000 88.00000 147.00000 104.00000 162.00000
4008.43737 80.00000 253.00000 79.00000 182.00000 91.00000 128.00000
6427.50271 232.00000 255.00000 144.00000 242.00000 56.00000 99.00000
6078.90476 15.00000 171.00000 58.00000 183.00000 105.00000 215.00000
1616.67530 143.00000 202.00000 125.00000 183.00000 114.00000 181.00000
3153.27259 154.00000 235.00000 155.00000 234.00000 159.00000 239.00000
2825.76268 74.00000 126.00000 93.00000 157.00000 120.00000 186.00000
5028.22695 11.00000 119.00000 71.00000 147.00000 137.00000 214.00000
3632.94946 84.00000 148.00000 66.00000 90.00000 1.00000 16.00000
5214.74003 100.00000 222.00000 60.00000 161.00000 50.00000 107.00000
2417.21930 108.00000 152.00000 106.00000 169.00000 85.00000 177.00000
2444.52928 101.00000 151.00000 115.00000 164.00000 105.00000 171.00000
5274.08214 35.00000 150.00000 121.00000 216.00000 121.00000 239.00000
2392.56171 118.00000 193.00000 89.00000 146.00000 84.00000 102.00000
3037.07918 52.00000 155.00000 55.00000 137.00000 65.00000 130.00000
2413.18664 71.00000 110.00000 110.00000 150.00000 124.00000 189.00000
5544.24900 59.00000 226.00000 50.00000 168.00000 56.00000 136.00000
4312.46356 22.00000 144.00000 28.00000 136.00000 14.00000 105.00000
2110.79687 74.00000 137.00000 103.00000 157.00000 124.00000 194.00000
1693.18470 45.00000 87.00000 94.00000 148.00000 119.00000 166.00000
3673.11118 46.00000 138.00000 48.75000 149.00000 22.00000 79.00000
3027.78921 66.00000 156.00000 12.00000 62.00000 19.00000 45.00000
2005.04330 100.00000 151.00000 108.00000 179.00000 122.00000 227.00000
2896.26433 90.00000 166.00000 72.00000 168.00000 69.00000 171.00000
5895.49030 46.00000 133.00000 71.00000 196.00000 17.00000 211.00000
3079.86651 80.00000 168.00000 122.00000 192.00000 141.00000 232.00000
4826.25430 70.00000 144.00000 104.00000 160.00000 179.00000 248.00000
3700.60542 69.00000 159.25000 64.00000 121.00000 35.00000 76.00000
1496.28370 63.00000 125.00000 41.00000 71.00000 34.00000 53.00000
4002.15430 27.00000 56.00000 50.00000 88.00000 93.00000 164.00000
5088.97568 43.00000 128.00000 61.00000 148.00000 46.00000 221.00000
3245.91885 66.00000 172.00000 64.00000 132.00000 68.00000 144.00000
1937.04117 107.00000 180.00000 119.00000 196.00000 136.00000 215.00000
694.03761 125.00000 153.00000 135.00000 167.00000 149.00000 188.00000
4279.71321 43.00000 176.00000 25.00000 140.00000 22.00000 84.00000
3690.74155 93.00000 224.00000 99.00000 215.00000 102.00000 226.00000
2383.80044 98.00000 184.00000 115.00000 185.00000 155.00000 186.00000
2449.91917 61.00000 125.00000 84.00000 140.00000 108.00000 159.00000
3977.53989 65.00000 183.00000 61.00000 140.00000 70.00000 143.00000
4123.66226 66.00000 174.00000 136.00000 217.00000 143.00000 227.00000
1701.27564 67.00000 148.00000 81.00000 150.00000 106.00000 172.00000
8250.87015 23.00000 244.00000 69.00000 253.00000 110.00000 242.00000
3821.93203 30.00000 132.00000 42.00000 119.00000 49.00000 108.00000
5942.84862 22.00000 238.00000 81.00000 215.00000 119.00000 192.00000
4279.75181 66.00000 181.00000 20.00000 94.00000 5.00000 48.00000
2810.73817 57.00000 144.00000 75.00000 139.00000 75.00000 181.00000
1972.79950 107.00000 190.00000 133.00000 183.00000 153.00000 199.00000
4091.91915 27.00000 126.00000 40.00000 120.00000 68.00000 123.00000
3783.92280 108.00000 176.00000 54.00000 104.00000 18.00000 33.00000
2035.64811 24.00000 115.00000 26.00000 93.00000 35.00000 68.00000
3756.42018 76.00000 121.00000 95.00000 153.00000 83.00000 213.00000
3077.33128 132.00000 247.00000 139.00000 247.00000 152.00000 247.00000
5692.88007 38.00000 161.00000 43.00000 177.00000 27.00000 187.00000
3144.42450 13.00000 49.00000 31.00000 95.00000 43.00000 128.00000
5807.25912 20.00000 223.00000 7.00000 122.00000 4.00000 72.00000
2395.04984 98.00000 157.00000 106.00000 172.00000 119.00000 190.00000
775.88201 88.00000 148.00000 103.00000 153.00000 107.00000 146.00000
2743.03781 105.00000 170.00000 91.00000 121.00000 82.00000 127.00000
2344.86333 99.00000 150.00000 78.00000 109.00000 39.00000 61.00000
3460.39029 31.00000 124.00000 69.00000 153.00000 90.00000 165.00000
2739.96505 65.00000 118.00000 131.00000 176.00000 148.00000 216.00000
2507.03269 71.00000 114.00000 71.00000 122.00000 78.00000 173.00000
2799.55511 83.00000 160.00000 127.00000 191.00000 163.00000 218.00000
4955.48824 27.00000 63.00000 47.00000 112.00000 62.00000 208.00000
2586.99252 35.00000 140.00000 46.00000 119.00000 50.00000 87.00000
1032.67902 86.00000 166.00000 97.00000 134.00000 91.00000 127.00000
1971.20872 33.00000 93.00000 40.00000 74.00000 55.00000 80.00000
1524.28160 85.00000 119.00000 107.00000 138.00000 113.00000 144.00000
3110.41365 44.00000 106.00000 75.00000 134.00000 87.00000 170.00000
4026.76608 102.00000 225.00000 67.00000 115.00000 33.00000 94.00000
3422.52923 49.00000 122.00000 81.00000 114.00000 61.00000 133.00000
1914.11730 94.00000 120.00000 129.00000 150.00000 145.00000 187.00000
7471.46277 109.00000 252.00000 56.00000 110.00000 9.00000 24.00000
3082.61871 72.00000 151.00000 91.00000 169.00000 102.00000 172.00000
2071.42311 53.00000 141.00000 53.00000 108.00000 57.00000 93.00000
3762.21481 56.00000 148.00000 38.00000 94.00000 37.00000 69.00000
3634.46315 60.00000 145.00000 122.00000 188.00000 133.00000 226.00000
3529.46196 37.00000 66.00000 118.00000 187.00000 97.00000 179.00000
4915.94839 68.00000 199.00000 117.00000 218.00000 102.00000 179.00000
2483.53238 12.00000 76.00000 38.00000 94.00000 47.00000 104.00000
3666.00487 48.00000 218.00000 53.00000 116.00000 59.00000 71.00000
3603.59800 134.00000 229.00000 144.00000 219.00000 157.00000 229.00000
3691.17437 53.00000 106.00000 97.00000 157.00000 81.00000 212.00000
6103.54280 48.00000 214.00000 40.00000 177.00000 13.00000 92.00000
4449.11629 80.00000 188.00000 70.00000 112.00000 24.00000 65.00000
4997.71340 58.00000 160.00000 70.00000 185.00000 84.00000 210.00000
3547.55025 44.00000 83.00000 77.00000 108.00000 86.00000 133.00000
5142.71009 36.00000 125.00000 108.00000 163.00000 141.00000 213.00000
2478.03816 35.00000 124.00000 10.00000 72.00000 3.00000 36.00000
1346.90759 74.00000 131.00000 82.00000 111.00000 115.00000 137.00000
2787.29809 25.00000 110.00000 56.00000 127.00000 101.00000 150.00000
4898.03554 64.00000 140.00000 73.00000 208.00000 50.00000 202.00000
1892.83909 92.00000 195.00000 115.00000 188.00000 148.00000 171.00000
1821.96531 97.00000 134.00000 97.00000 151.00000 86.00000 158.00000
4009.38013 34.00000 94.00000 66.00000 138.00000 79.00000 207.00000
4470.22167 103.00000 224.00000 61.00000 118.00000 47.00000 90.00000
6044.83339 13.00000 198.00000 64.00000 194.00000 105.00000 184.00000
1476.72612 105.00000 156.00000 104.00000 161.00000 109.00000 182.00000
3491.51322 133.00000 208.00000 155.00000 218.00000 168.00000 228.00000
1853.51860 37.00000 102.00000 65.00000 130.00000 90.00000 167.00000
338.59878 101.00000 114.00000 108.00000 116.00000 118.00000 143.00000
5019.99948 72.00000 167.00000 91.00000 188.00000 77.00000 204.00000
2612.71138 123.00000 210.00000 129.00000 215.00000 130.75000 213.00000
3956.37078 80.00000 192.00000 66.00000 194.00000 71.00000 184.00000
3562.32810 13.00000 71.00000 22.00000 111.00000 30.00000 160.00000
6607.09758 9.00000 98.00000 23.00000 165.00000 62.00000 222.00000
2867.06012 40.00000 130.00000 79.00000 134.00000 119.00000 169.00000
1676.54953 122.00000 207.00000 139.00000 216.00000 163.00000 214.00000
2198.81335 85.00000 143.00000 88.00000 156.00000 95.00000 182.00000
4327.91597 57.00000 87.00000 74.00000 98.00000 181.00000 217.00000
3145.87042 73.00000 217.00000 91.00000 184.00000 88.00000 146.00000
6503.73010 24.00000 191.00000 37.00000 205.00000 42.00000 217.00000
3940.25132 58.00000 104.00000 115.00000 154.00000 156.00000 238.00000
5259.69535 64.00000 218.00000 91.00000 240.00000 111.00000 252.00000
1945.62285 92.00000 146.00000 103.00000 175.00000 112.00000 191.00000
5328.23647 8.00000 150.00000 40.00000 202.00000 83.00000 203.00000
3442.48842 56.00000 146.00000 84.00000 177.00000 105.00000 227.00000
1271.38222 105.00000 138.00000 83.00000 109.00000 61.00000 81.00000
1132.72930 98.00000 161.00000 92.00000 109.00000 74.00000 83.00000
2197.05664 105.00000 188.00000 130.00000 182.00000 166.00000 211.00000
2396.77896 17.00000 62.00000 78.00000 109.00000 88.00000 151.00000
1593.45213 107.00000 150.00000 111.00000 158.00000 123.00000 185.00000
1604.25623 45.00000 80.00000 79.00000 104.00000 115.00000 159.00000
6288.42562 71.00000 239.00000 81.00000 203.00000 66.00000 141.00000
3350.43196 61.00000 159.00000 49.00000 135.00000 45.00000 119.00000
5619.96767 9.00000 139.00000 17.00000 161.00000 62.00000 212.00000
3279.18313 48.00000 160.00000 15.00000 79.00000 27.00000 82.00000
1965.02306 44.00000 89.00000 27.00000 57.00000 53.00000 81.00000
2180.61082 116.00000 190.00000 93.00000 159.00000 107.00000 180.00000
3232.16974 108.00000 135.00000 158.00000 183.00000 234.00000 254.00000
3318.27328 93.00000 192.00000 110.00000 185.00000 118.00000 183.00000
4245.34618 34.00000 141.00000 38.00000 129.00000 39.00000 112.00000
1944.39344 54.00000 127.00000 77.00000 124.00000 87.00000 171.00000
2155.15380 76.00000 142.00000 78.00000 156.00000 90.00000 171.00000
5342.08573 73.00000 234.00000 47.00000 180.00000 41.00000 114.00000
1977.45309 71.00000 142.00000 90.00000 159.00000 111.00000 182.00000
6687.51984 36.00000 201.00000 39.00000 194.00000 56.00000 177.00000
4202.64564 32.00000 77.00000 63.00000 120.00000 67.00000 220.00000
2575.31070 32.00000 92.00000 89.00000 133.00000 96.00000 174.00000
4928.10344 89.00000 208.00000 75.00000 206.00000 93.00000 209.00000
3996.57530 40.00000 167.00000 43.00000 128.00000 35.00000 86.00000
2263.60006 46.00000 94.00000 85.00000 119.00000 138.00000 176.00000
5542.05412 68.00000 213.00000 53.00000 125.00000 12.00000 42.00000
3464.10268 51.00000 131.00000 49.00000 146.00000 50.00000 164.00000
5930.31533 21.00000 157.00000 76.00000 201.00000 105.00000 247.00000
3081.27114 95.00000 161.00000 109.00000 198.00000 119.00000 211.00000
4023.18480 97.00000 216.00000 123.00000 215.00000 133.00000 230.00000
3243.10373 60.00000 157.00000 89.00000 184.00000 116.00000 224.00000
2878.27336 101.00000 202.00000 97.00000 195.00000 99.00000 194.00000
3949.52524 75.00000 214.00000 72.00000 182.00000 77.00000 150.00000
4752.70308 13.00000 43.00000 46.00000 90.00000 81.00000 125.00000
4948.63126 193.00000 240.00000 107.00000 162.00000 43.00000 84.00000
4107.85761 136.00000 231.00000 85.00000 158.00000 62.00000 103.00000
4972.07876 70.00000 140.00000 106.00000 186.00000 150.00000 254.00000
4016.60551 8.00000 135.00000 89.00000 169.00000 152.00000 195.00000
2982.82397 60.00000 157.00000 73.00000 161.00000 61.00000 168.00000
7056.53598 55.00000 234.00000 32.00000 174.00000 26.00000 109.00000
744.41300 87.00000 132.00000 86.00000 104.00000 99.00000 114.00000
3589.00571 80.00000 183.00000 97.00000 203.00000 117.00000 216.00000
2013.64764 81.00000 117.00000 97.00000 149.00000 115.00000 209.00000
6600.64967 90.00000 233.00000 88.00000 226.00000 96.00000 230.00000
3401.92873 29.00000 95.00000 57.00000 131.00000 84.00000 180.00000
2661.57402 147.00000 202.00000 142.00000 196.00000 107.00000 206.00000
5572.33143 42.00000 183.00000 92.00000 199.00000 86.00000 206.00000
2860.78872 110.00000 171.00000 113.00000 188.00000 104.00000 221.00000
1182.00162 37.00000 87.00000 22.00000 55.00000 38.00000 73.00000
3867.86466 87.00000 209.00000 107.00000 224.00000 107.00000 226.00000
5573.36716 33.00000 153.00000 42.00000 159.00000 54.00000 191.00000
3369.89307 76.00000 193.00000 127.00000 204.00000 148.00000 248.00000
1183.73626 89.00000 127.00000 91.00000 133.00000 97.00000 139.00000
1864.58669 138.00000 209.00000 154.00000 223.00000 171.00000 236.00000
3325.22054 74.00000 163.00000 78.00000 151.00000 89.00000 150.00000
4497.08643 43.00000 94.00000 93.00000 178.00000 55.00000 208.00000
2726.19632 9.00000 90.00000 12.00000 98.00000 20.00000 126.00000
1133.46527 55.00000 112.00000 78.00000 127.00000 87.00000 124.00000
3734.72107 33.00000 151.00000 110.00000 190.00000 168.00000 198.00000
5576.87516 112.00000 229.00000 67.00000 129.00000 28.00000 40.00000
4156.88035 135.00000 188.00000 46.00000 84.00000 17.00000 45.00000
3156.48532 43.00000 136.00000 123.00000 153.00000 161.00000 225.00000
5116.99865 72.00000 226.00000 57.00000 173.00000 58.00000 167.00000
3439.11078 104.00000 212.00000 66.00000 149.00000 57.00000 115.00000
4643.77408 5.00000 96.00000 80.00000 144.00000 153.00000 191.00000
1673.26004 69.00000 148.00000 82.00000 150.00000 107.00000 172.00000
3081.04206 39.00000 137.00000 12.00000 46.00000 18.00000 57.00000
6929.22309 63.00000 240.00000 35.00000 117.00000 0.00000 10.00000
1256.49548 175.00000 236.00000 177.00000 235.00000 175.00000 251.00000
3209.39450 9.00000 70.00000 82.00000 127.00000 124.00000 183.00000
2988.80017 134.00000 180.00000 153.00000 200.00000 167.00000 223.00000
1405.34873 53.00000 94.00000 76.00000 109.00000 95.00000 136.00000
3285.57002 57.00000 132.00000 57.00000 110.00000 49.00000 85.00000