3081.76403 82.00000 168.00000 81.00000 175.00000 77.00000 176.00000
6483.25315 70.00000 204.00000 59.00000 195.00000 54.00000 187.00000
6468.08438 33.00000 143.00000 46.00000 142.00000 51.00000 146.00000
4287.10143 58.00000 143.00000 57.00000 138.00000 54.00000 136.00000
3718.94842 84.00000 151.00000 76.00000 130.00000 72.00000 116.00000
3277.33394 91.00000 142.00000 88.00000 138.00000 90.00000 140.00000
3048.81699 90.00000 145.00000 92.00000 155.00000 103.00000 173.00000
4757.27927 82.00000 173.00000 67.00000 168.00000 60.00000 172.00000
5822.85553 93.00000 248.00000 84.00000 245.00000 79.00000 250.00000
6417.71676 28.00000 126.00000 55.00000 149.00000 64.00000 158.00000
2936.06042 91.00000 161.00000 93.00000 155.00000 79.00000 148.00000
4915.94805 90.00000 202.00000 85.00000 182.00000 79.00000 172.00000
5132.76280 42.00000 174.00000 44.00000 196.00000 33.00000 187.00000
5778.97290 51.00000 176.00000 62.00000 180.00000 48.00000 215.00000
3472.48913 70.00000 117.00000 66.00000 107.00000 65.00000 102.00000
5939.17430 31.00000 162.00000 25.00000 153.00000 21.00000 133.00000
4369.79238 107.00000 201.00000 128.00000 214.00000 109.00000 211.00000
4719.91313 49.00000 171.00000 51.00000 175.00000 67.00000 186.00000
4633.32148 77.00000 146.00000 66.00000 134.00000 60.00000 129.00000
4086.18776 42.00000 173.00000 50.00000 173.00000 37.00000 135.00000
2554.06288 86.00000 161.00000 86.00000 152.00000 78.00000 149.00000
2880.82800 86.00000 152.00000 85.00000 149.00000 82.00000 150.00000
3545.88027 55.00000 181.00000 57.00000 161.00000 58.00000 156.00000
3572.99431 102.00000 184.00000 95.00000 168.00000 85.00000 147.00000
5485.65066 45.00000 143.00000 63.00000 147.00000 86.00000 166.00000
4629.31650 43.00000 195.00000 40.00000 177.00000 38.00000 168.00000
3945.21134 102.00000 224.00000 111.00000 228.00000 129.00000 233.00000
6541.40928 54.00000 205.00000 62.00000 231.00000 56.00000 235.00000
3870.53479 66.00000 114.00000 57.00000 103.00000 52.00000 97.00000
4777.85219 72.00000 194.00000 102.00000 204.00000 75.00000 199.00000
3909.21863 67.00000 141.00000 65.00000 142.00000 71.00000 147.00000
5851.86570 74.00000 207.00000 66.00000 183.00000 62.00000 159.00000
4326.37321 92.00000 189.00000 88.00000 169.00000 84.00000 153.00000
4718.12841 60.00000 136.00000 53.00000 123.00000 49.00000 117.00000
3780.67684 79.00000 137.00000 72.00000 119.00000 67.00000 107.00000
4114.04168 74.00000 172.00000 65.00000 150.00000 60.00000 139.00000
5935.44346 45.00000 124.00000 49.00000 150.00000 44.00000 145.25000
2796.29836 29.00000 116.00000 26.00000 83.00000 25.00000 42.00000
4222.09123 60.00000 143.00000 72.00000 176.00000 89.00000 233.00000
6092.45939 58.00000 154.00000 48.00000 147.00000 48.00000 148.00000
2792.08568 78.00000 161.00000 85.00000 171.00000 73.00000 146.00000
3995.06598 56.00000 170.00000 64.00000 169.00000 87.00000 171.00000
4265.75074 111.00000 213.00000 102.00000 199.00000 98.00000 185.00000
4854.18821 79.00000 133.00000 68.00000 114.00000 59.00000 103.00000
4352.60801 70.00000 196.00000 80.00000 196.00000 103.00000 196.00000
2347.07908 53.00000 108.00000 59.00000 112.00000 58.00000 118.00000
6422.52591 103.00000 214.00000 83.00000 218.00000 40.00000 216.00000
6006.10139 71.00000 212.00000 75.00000 218.00000 80.00000 228.00000
4581.37493 76.00000 150.00000 69.00000 138.00000 62.00000 126.00000
4057.98966 60.00000 121.00000 49.00000 107.00000 46.00000 103.00000
5304.01059 62.00000 164.00000 57.00000 155.00000 64.00000 148.00000
6533.94924 79.00000 236.00000 71.00000 232.00000 69.00000 229.00000
3968.21104 76.00000 139.00000 70.00000 139.00000 53.00000 143.00000
5838.59474 86.00000 234.00000 75.00000 219.00000 86.00000 223.00000
5002.97706 71.00000 178.00000 63.00000 157.00000 55.00000 141.00000
5713.66915 77.00000 202.00000 58.00000 208.00000 56.00000 204.00000
5597.69289 52.00000 190.00000 44.00000 188.00000 37.00000 152.00000
3862.29824 90.00000 168.00000 83.00000 148.00000 82.00000 133.00000
2530.97648 100.00000 163.00000 82.00000 151.00000 74.00000 144.00000
6461.59221 33.00000 193.00000 30.00000 195.00000 31.00000 212.00000
2618.86045 105.00000 166.00000 91.00000 159.00000 75.00000 180.00000
3607.86609 68.00000 177.00000 68.00000 161.00000 66.00000 148.00000
6976.44099 15.00000 91.00000 27.00000 105.00000 43.00000 123.00000
2601.56404 46.00000 129.00000 43.00000 127.00000 36.00000 126.00000
3431.30410 76.00000 170.00000 75.00000 178.00000 65.00000 197.00000
5160.61178 53.00000 178.00000 51.00000 168.00000 60.00000 167.00000
3608.06623 86.00000 134.00000 74.00000 119.00000 72.00000 114.00000
3438.97177 82.00000 149.00000 80.00000 146.00000 70.00000 141.00000
3809.20638 80.00000 170.00000 74.00000 172.00000 78.00000 186.00000
2892.34374 94.00000 145.00000 86.00000 136.00000 94.00000 131.00000
5873.09451 65.00000 199.00000 45.00000 162.00000 38.00000 173.00000
3296.69959 83.00000 167.00000 83.00000 151.00000 82.00000 151.00000
4445.01469 77.00000 228.00000 98.00000 215.00000 102.00000 183.00000
3198.46312 32.00000 103.00000 34.00000 101.00000 28.00000 83.00000
4370.01217 70.00000 135.00000 62.00000 122.00000 57.00000 114.00000
3419.50282 74.00000 141.00000 77.00000 149.00000 86.00000 204.00000
5276.68774 61.00000 173.00000 52.00000 156.00000 59.00000 145.00000
4482.45012 61.00000 168.00000 58.00000 155.00000 58.00000 149.00000
3735.16421 40.00000 154.00000 71.00000 161.00000 78.00000 146.00000
5966.00922 50.00000 193.00000 44.00000 190.00000 40.00000 201.00000
1530.34983 30.00000 84.00000 40.00000 88.00000 64.00000 95.00000
3333.54649 103.00000 165.00000 91.00000 144.00000 85.00000 129.00000
3164.61224 86.00000 152.00000 80.00000 159.00000 75.00000 180.00000
1727.73649 120.00000 150.00000 125.00000 145.00000 124.00000 179.00000
4953.32407 68.00000 200.00000 72.00000 207.00000 70.00000 222.00000
6691.19878 45.00000 185.25000 64.00000 189.00000 72.00000 165.00000
3791.87304 88.00000 169.00000 81.00000 147.00000 74.00000 130.00000
5883.59044 52.00000 164.00000 53.00000 155.00000 44.00000 146.00000
4632.72709 79.00000 185.00000 72.00000 164.00000 65.00000 146.00000
5374.04706 46.00000 193.00000 30.00000 161.00000 27.00000 152.00000
2449.24094 49.00000 103.00000 91.00000 125.00000 90.00000 153.00000
3473.31284 84.00000 131.00000 70.00000 114.00000 62.00000 105.00000
1394.26369 26.00000 91.00000 27.00000 89.00000 27.00000 85.00000
4076.52869 99.00000 183.00000 92.00000 168.00000 88.00000 161.00000
4414.50827 79.00000 212.00000 93.00000 210.00000 104.00000 211.00000
2049.57299 89.00000 164.00000 89.00000 149.00000 90.00000 149.00000
6827.55262 70.00000 250.00000 81.00000 250.00000 90.00000 250.00000
3836.07786 51.00000 153.00000 52.00000 149.00000 38.00000 123.00000
4254.34271 88.00000 156.00000 85.00000 151.00000 108.00000 176.00000
2320.13903 21.00000 85.00000 21.00000 45.00000 19.00000 23.00000
2626.16696 88.00000 166.00000 83.00000 148.00000 80.00000 136.00000
4848.63611 90.00000 167.00000 77.00000 144.00000 66.00000 127.00000
4030.91154 84.00000 211.00000 63.00000 200.00000 50.00000 186.00000
3012.23890 101.00000 146.00000 90.00000 132.00000 87.00000 133.00000
4038.38909 63.00000 156.00000 60.00000 144.00000 61.00000 144.00000
5287.35179 74.00000 197.00000 65.00000 198.00000 67.00000 214.00000
4116.17317 68.00000 169.00000 75.00000 168.00000 79.00000 155.00000
4760.85451 117.00000 254.00000 108.00000 254.00000 104.00000 254.00000
6738.15728 35.00000 156.00000 47.00000 157.00000 58.00000 160.00000
3078.73031 77.00000 146.00000 74.00000 159.00000 42.00000 153.00000
3317.38577 98.00000 125.00000 98.00000 144.00000 105.00000 211.00000
5169.28425 51.00000 200.00000 59.00000 204.00000 74.00000 209.00000
5264.24459 82.00000 143.00000 72.00000 130.00000 61.00000 115.00000
3974.44278 100.00000 179.00000 96.00000 180.00000 68.00000 196.00000
2790.01154 88.00000 178.00000 91.00000 177.00000 70.00000 141.00000
7844.61439 29.00000 195.00000 36.00000 223.00000 51.00000 250.00000
3566.07933 90.00000 189.00000 92.00000 191.00000 87.00000 169.00000
1500.56403 26.00000 73.00000 30.00000 70.00000 39.00000 77.00000
3562.42884 44.00000 133.00000 55.00000 160.00000 43.00000 179.00000
3590.12930 86.00000 163.00000 75.00000 142.00000 68.00000 130.00000
3567.11745 79.00000 136.00000 70.00000 119.00000 61.00000 106.00000
4854.17372 64.00000 194.00000 53.00000 170.00000 52.00000 150.00000
6926.45233 65.00000 199.00000 78.00000 222.00000 45.00000 250.00000
4151.34010 60.00000 149.00000 65.00000 169.00000 82.00000 177.00000
5258.39807 51.00000 166.00000 44.00000 181.00000 44.00000 172.00000
1127.49206 61.00000 104.00000 62.00000 107.00000 56.00000 93.00000
2812.75727 120.00000 182.00000 107.00000 170.00000 55.00000 144.00000
3087.96844 91.00000 168.00000 87.00000 157.00000 86.00000 173.00000
6239.55257 86.00000 239.00000 79.00000 240.00000 74.00000 239.00000
3805.88202 88.00000 166.00000 78.00000 145.00000 72.00000 136.00000
1770.93306 128.00000 158.00000 124.00000 153.00000 118.00000 175.00000
4039.86273 106.00000 192.00000 89.00000 164.00000 81.00000 151.00000
3540.53573 97.00000 187.00000 105.00000 210.00000 104.00000 218.00000
2612.24326 112.00000 151.00000 85.00000 141.00000 78.00000 138.00000
3414.67538 89.00000 142.00000 83.00000 142.00000 78.00000 117.00000
3044.72290 102.00000 146.00000 97.00000 140.00000 102.00000 146.00000
3856.92327 77.00000 136.00000 74.00000 132.00000 74.00000 134.00000
2851.15702 70.00000 129.00000 69.00000 124.00000 76.00000 152.00000
2808.10343 89.00000 129.00000 95.00000 130.00000 110.00000 143.00000
4433.30809 137.00000 222.00000 141.00000 232.00000 129.00000 229.00000
6052.24854 66.00000 193.00000 58.00000 187.00000 56.00000 181.00000
4149.44642 90.00000 188.00000 79.00000 159.00000 76.00000 147.25000
4821.93427 71.00000 141.00000 66.00000 128.00000 59.00000 121.00000
4019.18151 84.00000 164.00000 73.00000 141.00000 69.00000 129.00000
2893.28024 116.00000 166.00000 94.00000 141.00000 84.00000 132.00000
8590.43853 32.00000 228.00000 35.00000 248.00000 60.00000 254.00000
4945.65874 84.00000 186.00000 76.00000 176.00000 78.00000 171.00000
3136.96247 81.00000 135.00000 83.00000 146.00000 77.00000 147.00000
2266.82532 77.00000 149.00000 75.00000 143.00000 76.00000 145.00000
2215.14894 99.00000 160.00000 98.00000 148.00000 100.00000 153.00000
4521.35436 89.00000 159.00000 81.00000 142.00000 75.00000 130.00000
3859.52731 59.00000 123.00000 53.00000 98.00000 54.00000 166.00000
4644.46214 83.00000 176.00000 78.00000 163.00000 88.00000 176.00000
7621.59015 24.00000 125.00000 26.00000 123.00000 39.00000 138.00000
2391.74516 110.00000 170.00000 92.00000 161.00000 76.00000 150.00000
4447.60999 64.00000 178.00000 55.00000 159.00000 51.00000 145.00000
2858.66567 97.00000 178.00000 92.00000 184.00000 91.00000 184.00000
4361.20764 131.00000 207.00000 137.00000 223.00000 141.00000 226.00000
4955.70967 54.00000 194.00000 55.00000 193.00000 60.00000 198.00000
4539.41230 61.00000 126.00000 55.00000 112.00000 50.00000 100.00000
5115.23925 55.00000 163.00000 74.00000 169.00000 113.00000 199.00000
6977.05665 30.00000 159.00000 47.00000 204.00000 40.00000 212.00000
3350.84644 135.00000 196.00000 140.00000 213.00000 126.00000 218.00000
5713.50424 101.00000 247.00000 91.00000 242.00000 73.00000 229.00000
4542.12703 70.00000 157.00000 78.00000 162.00000 89.00000 172.00000
4326.61019 94.00000 186.00000 94.00000 201.00000 97.00000 205.00000
4927.26428 69.00000 180.00000 73.00000 182.00000 54.00000 171.00000
4111.03232 65.00000 128.00000 58.00000 110.00000 58.00000 100.00000
4164.12386 101.00000 190.00000 92.00000 175.00000 96.00000 180.25000
2928.95020 88.00000 158.00000 85.00000 161.00000 60.00000 154.00000
3665.33235 74.00000 203.00000 73.00000 182.00000 63.00000 176.00000
3932.51858 62.00000 112.00000 54.00000 101.00000 53.00000 95.00000
4992.96374 62.00000 129.00000 52.00000 110.00000 48.00000 99.00000
4914.82066 40.00000 155.00000 39.00000 168.00000 46.00000 198.00000
1784.71411 37.00000 118.00000 50.00000 106.00000 45.00000 105.00000
3316.66391 89.00000 155.00000 78.00000 147.00000 76.00000 147.00000
5341.27874 28.00000 112.00000 31.00000 100.00000 60.00000 133.25000
4902.50529 84.00000 188.00000 77.00000 176.00000 72.00000 159.00000
4090.20685 64.00000 134.00000 67.00000 134.00000 75.00000 148.00000
4470.28798 91.00000 193.00000 85.00000 194.00000 83.00000 212.00000
4629.25874 86.00000 218.00000 83.00000 205.00000 96.00000 211.00000
4730.22156 76.00000 164.00000 68.00000 148.00000 61.00000 138.00000
3294.26677 87.00000 141.00000 82.00000 136.00000 87.00000 139.00000
4799.47615 63.00000 135.00000 60.00000 129.00000 86.00000 155.00000
6801.11916 28.00000 151.00000 52.00000 174.00000 89.00000 214.00000
3438.49895 131.00000 220.25000 111.00000 191.00000 107.00000 169.00000
5584.43120 71.00000 137.00000 62.00000 128.00000 51.00000 119.00000
5519.36407 75.00000 192.00000 74.00000 189.00000 89.00000 199.00000
5548.15157 67.00000 179.00000 56.00000 162.00000 54.00000 138.00000
5745.74928 84.00000 230.00000 75.00000 227.00000 71.00000 216.00000
4174.21908 56.00000 119.00000 47.00000 108.00000 40.00000 101.00000
2268.91623 76.00000 133.00000 68.00000 127.00000 65.00000 126.00000
2393.14079 105.00000 154.00000 103.00000 142.00000 100.00000 167.00000
5429.43106 20.00000 164.00000 21.00000 160.00000 23.00000 148.00000
3554.30565 35.00000 124.00000 37.00000 141.00000 54.00000 174.00000
2714.24625 78.00000 167.00000 83.00000 149.00000 92.00000 140.00000
4417.61514 82.00000 206.00000 78.00000 208.00000 94.00000 215.00000
4264.70984 84.00000 169.00000 77.00000 147.00000 77.00000 137.00000
4905.71032 83.00000 187.00000 71.00000 162.00000 64.00000 147.00000
6084.54223 31.00000 163.00000 51.00000 208.00000 53.00000 228.00000
4214.72753 79.00000 172.00000 76.00000 160.00000 64.00000 170.00000
5165.80457 74.00000 164.00000 67.00000 147.00000 61.00000 136.00000
4552.44962 32.00000 146.00000 41.00000 132.00000 22.00000 172.00000
4115.26253 66.00000 114.00000 56.00000 100.00000 54.00000 95.00000
3599.74272 93.00000 130.00000 79.00000 112.00000 65.00000 100.00000
6155.05873 66.00000 208.00000 65.00000 218.00000 64.00000 229.00000
2272.76389 60.00000 140.00000 52.00000 126.00000 53.00000 128.00000
4252.81520 107.00000 226.00000 87.00000 226.00000 90.00000 246.00000
6169.04727 51.00000 166.00000 47.00000 143.00000 44.00000 103.00000
7092.22206 93.00000 254.00000 111.00000 254.00000 114.00000 254.00000
5389.16351 34.00000 125.00000 46.00000 116.00000 65.00000 133.00000
2339.68930 104.00000 150.00000 100.00000 140.00000 100.00000 140.00000
8360.08551 33.00000 238.00000 24.00000 223.00000 17.00000 211.00000
4096.19738 46.00000 150.00000 45.00000 142.00000 42.00000 143.00000
5997.86429 70.00000 134.00000 66.00000 132.25000 67.00000 146.00000
4810.50935 75.00000 187.00000 82.00000 213.00000 83.00000 211.00000
2858.33278 90.00000 167.00000 83.00000 169.00000 80.00000 160.00000
4167.05817 102.00000 154.00000 92.00000 141.00000 90.00000 132.00000
6538.68325 75.00000 229.00000 68.00000 226.00000 64.00000 222.00000
5215.71303 76.00000 156.00000 64.00000 136.00000 57.00000 126.00000
3436.20037 109.00000 191.00000 102.00000 179.00000 97.00000 164.00000
2087.52578 104.00000 139.00000 98.00000 132.00000 95.00000 134.00000
2629.60370 72.00000 150.00000 72.00000 142.00000 70.00000 142.00000
2584.79234 96.00000 152.00000 102.00000 151.00000 113.00000 161.00000
4447.77863 88.00000 212.00000 83.00000 210.00000 95.00000 220.00000
6193.01723 70.00000 195.00000 70.00000 228.00000 77.00000 252.00000
3579.70945 61.00000 179.00000 75.00000 158.00000 73.00000 145.00000
5273.98129 66.00000 185.00000 75.00000 195.00000 71.00000 181.00000
4211.24438 93.00000 170.00000 78.00000 144.00000 68.00000 126.00000
5912.94773 50.00000 165.00000 47.00000 154.00000 50.00000 133.00000
6305.27849 72.00000 218.00000 49.00000 174.00000 39.00000 183.00000
4949.39676 102.00000 203.00000 108.00000 224.00000 92.00000 223.00000
5281.61722 80.00000 155.00000 66.00000 148.00000 59.00000 143.00000
4361.67614 82.00000 176.00000 73.00000 156.00000 71.00000 150.00000
2463.38679 69.00000 139.00000 105.00000 143.00000 86.00000 168.00000
5795.03637 58.00000 199.00000 49.00000 176.00000 51.00000 149.00000
4320.13034 69.00000 153.00000 64.00000 139.00000 64.00000 126.00000
5376.40130 34.00000 137.00000 54.00000 185.00000 52.00000 216.00000
5397.70698 53.00000 139.00000 58.00000 140.00000 68.00000 149.00000
2482.85598 102.00000 137.00000 96.00000 129.00000 95.00000 128.00000
4575.43179 88.00000 166.00000 92.00000 166.00000 106.00000 185.00000
2850.30276 87.00000 168.00000 80.00000 152.00000 72.00000 144.00000
6669.70211 78.00000 247.00000 69.00000 243.00000 63.00000 240.00000
4547.69894 60.00000 147.00000 49.00000 128.00000 43.00000 115.00000
2713.58266 96.00000 162.00000 81.00000 125.00000 76.00000 127.00000
5952.27970 49.00000 125.00000 54.00000 192.00000 52.00000 177.00000
7189.52943 43.00000 114.00000 45.00000 117.00000 46.00000 112.00000
5694.51963 96.00000 253.00000 88.00000 252.00000 77.00000 245.25000
4389.86644 58.00000 147.00000 52.00000 159.00000 52.00000 184.00000
3393.58253 90.00000 141.00000 88.00000 136.00000 90.00000 139.00000
5524.39746 48.00000 185.00000 55.00000 148.00000 67.00000 143.00000
4423.89631 80.00000 168.00000 93.00000 176.00000 95.00000 170.00000
1796.44544 117.00000 155.00000 102.00000 144.00000 88.00000 133.00000
3955.66994 84.00000 186.00000 78.00000 142.00000 76.00000 117.00000
4141.84953 91.00000 136.00000 86.00000 148.00000 84.00000 221.00000
2913.12155 93.00000 135.00000 85.00000 128.00000 85.00000 127.00000
5570.77659 58.00000 158.00000 71.00000 214.00000 68.00000 254.00000
5800.67930 70.00000 233.00000 94.00000 254.00000 103.00000 253.00000
3334.05572 90.00000 145.00000 97.00000 146.00000 108.00000 153.00000
3547.30841 66.00000 157.00000 76.00000 156.00000 81.00000 165.00000
4013.75026 97.00000 181.00000 97.00000 199.00000 99.00000 209.00000
4847.27067 86.00000 199.00000 98.00000 207.00000 72.00000 200.00000
4840.08125 77.00000 151.00000 70.00000 134.00000 64.00000 124.00000
3837.97294 93.00000 193.00000 83.00000 169.00000 78.75000 160.00000
3959.22763 88.00000 153.00000 91.00000 151.00000 108.00000 168.00000
3489.85133 77.00000 135.00000 78.00000 126.00000 89.00000 132.00000
2139.31149 103.00000 156.00000 88.00000 153.00000 87.00000 158.00000
5324.19412 125.00000 255.00000 112.00000 253.00000 97.00000 255.00000
2522.00254 76.00000 147.00000 72.00000 136.00000 60.00000 135.00000
3958.41593 64.00000 176.00000 63.00000 149.00000 58.00000 147.00000
3851.32215 68.00000 153.00000 70.00000 151.00000 67.00000 152.00000
5597.68742 60.00000 169.00000 44.00000 173.00000 40.00000 190.00000
2976.42347 87.00000 149.00000 81.00000 138.00000 83.00000 141.00000
2666.89495 89.00000 149.00000 83.00000 146.00000 83.00000 145.00000
3457.84931 134.00000 220.00000 137.00000 219.00000 138.00000 222.00000
1853.57962 56.00000 92.00000 52.00000 91.00000 49.00000 87.00000
4547.45996 65.00000 154.00000 70.00000 151.00000 70.00000 153.00000
4305.15007 69.00000 151.00000 74.00000 175.00000 57.00000 189.00000
3693.99429 92.00000 171.00000 90.00000 167.00000 86.00000 160.00000
5773.60341 81.00000 203.00000 68.00000 199.00000 65.00000 194.00000
2785.82529 77.00000 149.00000 80.00000 145.00000 79.00000 144.00000
4466.90924 62.00000 170.00000 56.00000 154.00000 47.00000 143.00000
4900.99994 78.00000 173.00000 68.00000 149.00000 60.00000 133.00000
2868.99934 71.00000 171.00000 114.00000 171.00000 110.00000 175.00000
3245.50907 37.00000 127.00000 40.00000 127.00000 32.00000 117.00000
6034.32967 57.00000 183.00000 49.00000 166.00000 49.00000 138.00000
5415.90318 81.00000 176.00000 65.00000 155.00000 57.00000 141.00000
5117.42380 80.00000 188.00000 73.00000 171.00000 42.00000 128.00000
4727.91605 26.00000 110.00000 36.00000 121.00000 49.00000 135.00000
1789.79924 101.00000 170.00000 101.00000 150.00000 84.00000 150.00000
3462.83072 90.00000 143.00000 85.00000 138.00000 111.00000 168.00000
2523.68717 96.00000 147.00000 87.00000 157.00000 67.00000 156.00000
