66.64736 2.18621 2.93892 77.21162 0.85386 2.00365 566.22693 5.89212 13.60815 48.53015 86.21338 0.82492 3.46319 1.94667 3.93613
29.87367 13.05448 -33.67446 31.06910 14.99801 -38.28383 354.17199 46.71190 608.86721 13.22797 42.69067 8.17452 17.65286 -53.04490 -30.45036
38.94959 10.23039 33.17259 40.46217 11.10817 37.29757 505.97749 20.21603 233.92635 22.91409 54.77181 7.85330 13.58764 25.36248 44.86713
59.12217 -10.61610 -10.29354 58.91132 -11.22398 -9.47477 190.16109 6.28537 154.96313 48.57725 71.25969 -12.44955 -9.20990 -24.46639 2.66504
37.60439 8.53111 -15.87080 38.19698 5.64009 -17.70321 36.16768 61.26568 29.88051 33.21218 40.80050 4.01659 10.21790 -18.94489 -15.33580
49.81533 -8.84425 9.78367 48.85767 -8.97097 9.77916 373.67506 10.59985 35.67016 40.14064 64.24906 -10.50548 -6.43263 4.39330 12.45353
55.34953 -17.06877 -11.03959 55.56105 -21.19658 -8.05137 195.80992 151.70997 452.08291 48.57983 62.14752 -25.05653 -12.30065 -27.73421 4.76349
66.93544 10.28848 49.12662 69.63030 12.59691 47.17542 464.73154 144.07997 345.68294 51.68347 84.95112 2.92620 19.38289 33.94180 60.49290
68.39254 6.34976 1.04105 72.09536 6.03499 0.93721 334.34117 2.90734 17.09520 59.12457 82.69854 5.05289 8.05377 -1.69375 3.41489
39.61941 3.05918 -17.88811 33.60683 2.64100 -17.23338 440.38940 12.63423 41.81960 27.70411 35.79669 0.67943 6.49590 -25.00302 -13.15213
31.47274 0.73603 -18.13410 22.66961 0.45570 -20.23992 598.76552 35.43857 225.72983 12.52872 46.36715 -3.98524 6.03133 -32.37344 -5.85600
58.13769 2.96417 -12.65670 58.11937 2.97334 -14.12885 145.19957 2.65179 53.75667 50.12582 68.41545 1.79225 4.01290 -16.90210 -5.75334
40.80641 6.02906 10.91921 45.52044 6.45098 9.92355 431.65780 39.46776 95.38245 23.74836 56.85238 0.47456 11.80020 2.97645 19.91355
63.66650 -1.71375 -7.83021 62.51940 -1.14385 -10.12090 486.27752 20.75007 213.67310 49.38548 84.16066 -3.11310 0.26024 -18.84950 2.34770
36.24739 24.39793 39.95706 32.14304 23.44031 36.71425 395.78870 211.31312 386.86018 25.34761 43.29686 18.61103 31.93902 29.17147 48.85260
58.53225 5.80852 3.84805 54.27365 6.58858 4.80800 499.56614 11.90982 118.06975 44.70540 79.56501 3.63941 8.27974 -2.98972 9.72537
46.52427 -3.60717 -6.29150 40.66544 -2.47433 -11.45101 369.64364 27.38761 248.40151 32.22070 67.63413 -5.62685 0.48524 -17.32538 7.17757
56.53253 0.12682 -28.47283 52.29897 0.79110 -30.08070 139.80598 14.21156 139.15687 46.61838 68.39526 -1.67591 2.72909 -35.79508 -26.37117
56.58883 1.64848 4.88786 62.68435 2.32946 4.99949 520.11766 10.18354 9.39664 48.47247 71.95409 0.97327 3.46193 2.63762 6.53640
42.42106 -3.95627 2.48764 42.86605 -3.39566 -2.28412 477.07956 9.93589 317.99808 24.92131 61.75574 -6.45770 -1.66290 -13.39597 18.55473
53.05980 11.26544 -4.44363 52.04591 8.96104 -8.54003 117.81641 95.94044 792.15570 47.04173 60.16651 3.16735 21.43187 -30.52257 26.03638
28.66554 35.06315 29.30146 27.87255 37.73812 32.25862 442.51830 430.11022 400.72339 9.59836 42.29784 19.28646 53.49045 10.42418 42.12575
61.87556 -0.06027 -30.65632 65.60682 -0.12964 -32.20511 436.84609 40.28688 178.59522 43.29478 79.33135 -5.38238 5.64724 -42.80581 -19.65616
54.45969 -6.08729 -12.21934 56.87092 -5.41169 -11.28642 372.50221 30.96207 110.82679 43.77956 69.54759 -10.29566 -2.32126 -20.93072 -4.33187
63.47696 4.65933 -7.63016 65.24548 4.95621 -5.47575 259.56146 7.81655 60.38591 60.40020 69.81425 2.29263 6.63807 -12.57739 -1.67815
34.75071 1.76922 -19.62377 34.65087 2.21934 -24.05658 398.14248 11.64151 200.87197 22.88276 47.62863 -0.19140 4.19548 -31.87325 -7.34290
52.67248 17.64685 -7.03166 54.12339 16.45795 -4.26754 406.93412 144.90043 80.76545 40.37621 67.84134 6.99648 25.21299 -12.47865 -1.09720
62.83315 -8.45276 2.40449 56.88629 -7.81643 -3.54581 531.45497 6.21103 102.78806 45.52925 89.70892 -10.33679 -6.77862 -5.82465 11.52146
43.47836 28.30176 29.17330 41.61006 31.29049 28.02703 189.49931 263.89966 323.73007 30.84075 56.98327 10.42582 42.76446 12.27704 46.63894
71.57438 -5.87994 -21.19817 71.24655 -6.06876 -20.53547 96.92669 5.27885 42.97522 62.94393 82.15836 -7.31888 -5.13337 -28.09574 -15.99039
23.90226 22.89191 3.53855 22.74809 22.15907 -1.87652 214.21082 59.93052 188.72153 12.57859 32.88947 19.22537 26.98375 -5.30902 8.36567
44.24769 -1.75861 -14.29928 38.74021 -1.93269 -14.98747 395.44471 69.33852 232.02230 29.39784 61.19948 -8.27437 6.84624 -27.00920 -7.65846
59.66120 -2.07843 -5.91476 60.62486 -2.74648 -5.79683 184.01062 13.85267 66.12721 49.51016 69.64100 -5.21945 1.22249 -14.01443 0.73685
64.32832 -6.68131 0.96314 62.48761 -7.25474 1.13027 522.56877 6.48715 22.04034 49.79179 83.77530 -8.54984 -4.69889 -2.17274 3.27980
48.82980 2.36646 -24.20598 47.73000 1.49034 -27.68013 303.59462 10.02155 98.03662 39.74235 63.36623 0.66948 2.88715 -30.67591 -23.18906
53.02301 9.54496 -18.23672 47.26570 7.22297 -17.71706 378.30020 46.26431 257.12326 38.12494 70.96456 3.35428 15.90513 -35.18736 -3.13720
23.31241 9.90871 -8.68819 12.58691 9.77154 -4.48073 492.80494 22.61822 107.07302 6.56753 39.81858 5.56081 13.26688 -12.55734 -1.52433
44.79371 -0.40286 -10.73940 42.20346 -0.16861 -10.67166 471.91297 13.27047 67.09008 26.48730 66.37751 -2.89261 2.34008 -16.69477 -3.85376
40.48705 -0.92671 9.34961 37.76405 -2.12954 8.14327 556.56882 34.17845 333.62398 22.94349 52.64956 -5.23483 2.57505 -0.58754 21.53668
46.44886 1.29969 6.14044 43.31977 0.50273 3.21460 394.58775 25.51309 80.52662 29.85166 57.77539 -2.92210 4.84546 -0.28043 10.66473
32.82516 4.09298 -31.66065 28.42127 4.31196 -35.08637 212.69378 25.65415 94.10865 22.64738 40.95446 0.59908 8.24161 -37.53845 -29.77227
64.08481 -4.38968 18.67125 62.37734 -6.23942 11.50903 153.17005 58.01658 200.93562 56.64595 73.92781 -11.14294 3.82340 8.37864 34.11534
51.21933 2.01000 -9.57608 46.13283 0.98003 -13.39249 432.91766 45.00498 145.89156 36.74581 74.72521 -1.68622 4.18888 -16.69856 -6.35750
42.09321 -2.74527 -11.56551 40.29741 -1.58708 -21.18566 187.71093 19.22835 335.65814 37.01855 45.39187 -5.87713 0.06046 -24.92852 1.49886
43.74053 0.55455 18.44277 40.66121 0.75109 17.54635 712.54524 4.71040 139.48045 24.68180 62.37105 -0.43206 1.57549 8.22530 25.80649
51.21024 2.10527 -22.85854 52.05508 1.75690 -22.84885 166.29598 8.36865 186.42095 40.39563 61.60863 0.09566 4.07389 -36.62659 -11.95656
39.22991 -3.53464 -13.15935 39.89869 -4.03814 -10.45696 675.88914 16.20142 221.61052 15.38510 58.75261 -6.51183 -1.08230 -23.28889 0.19428
48.47143 25.21034 32.46708 53.72277 24.33957 33.75889 494.30141 242.55079 454.92984 31.64807 66.70937 13.11379 36.21723 11.41868 50.45593
37.98677 2.58174 -8.84717 37.26441 2.09776 -8.67576 227.74781 8.29335 135.62644 25.03344 47.19638 0.03044 4.76996 -20.13083 0.00251
54.15732 -7.25916 -4.23806 53.87870 -6.26538 -9.44198 478.15806 278.13779 508.02768 38.04322 74.07454 -19.10245 7.04778 -21.95944 18.56785
58.42516 -7.88135 -25.11778 56.92664 -5.79868 -29.19231 304.17257 50.96871 212.05246 44.06842 74.74266 -11.80200 -3.44972 -36.54288 -17.62353
60.60699 -1.49620 -0.54753 61.03726 -1.06237 -0.41534 511.67597 19.49562 40.18557 41.26943 81.82766 -4.39466 1.98652 -5.07407 2.99402
43.92963 -2.46439 -10.29369 40.75012 -3.27257 -9.90613 682.87083 23.34788 364.79557 23.94092 63.87233 -5.99661 -0.52100 -23.43146 1.11637
37.19800 24.31675 11.94954 35.21314 23.95610 8.77857 439.85400 83.42479 250.26175 19.73754 53.32621 18.39656 30.37852 0.94814 21.73224
43.73895 13.62337 23.62257 45.25476 11.41127 23.46752 236.27169 86.69020 142.23617 36.40397 55.35788 7.29651 20.49029 16.66303 31.14196
43.24902 4.72493 -2.62233 43.26834 3.77873 -11.21621 46.73889 7.37180 269.26736 40.68897 44.73526 2.72008 6.86636 -16.84457 19.89928
41.76009 25.53404 24.69943 43.01215 17.74373 22.42079 240.30934 360.87124 287.19842 35.90851 53.14605 10.77129 44.21782 16.88943 38.20676
46.23434 2.65224 6.64743 42.80730 3.31751 6.10785 663.74850 23.70750 50.15830 23.90846 70.45583 -1.72346 5.57692 1.54214 11.10274
60.19568 1.10171 4.82076 61.07030 -0.50571 5.91949 267.80255 44.44720 204.14712 53.40909 69.13405 -2.49914 5.57854 -8.33367 15.90846
31.66414 1.40486 19.69911 30.79122 0.02360 17.51403 664.88437 12.98436 320.50473 3.47206 51.45760 -0.33170 2.37771 3.12615 28.24454
43.66509 4.01683 -7.71576 44.09253 3.58295 -7.85472 892.59302 10.46912 106.39710 17.15522 66.27310 1.48264 5.99859 -16.61524 0.00443
44.96788 -3.41834 -10.45729 45.56208 -3.42451 -10.27733 35.80859 2.58081 129.73719 42.15093 46.85486 -4.62083 -2.13512 -22.61385 -3.44434
42.78199 6.39385 -0.66093 38.41564 7.08480 0.63002 400.44267 7.36258 43.28735 29.24933 58.09489 3.68657 8.60621 -2.71218 3.86754
48.30282 9.09501 -16.05161 52.01130 8.14555 -16.85280 672.08993 37.39026 97.77153 34.47085 63.96837 4.95320 13.36950 -20.70609 -7.88809
60.44433 -18.81253 -5.00472 64.21097 -18.69996 -9.12216 609.92083 327.22298 578.22977 41.75761 78.67548 -32.91671 -2.21703 -25.00175 18.83944
56.97981 30.97246 44.94115 64.91284 31.54166 54.60743 328.24762 306.13808 594.85646 39.30219 69.36806 17.28380 45.07034 18.52893 61.82725
59.04883 1.00248 -7.54335 58.31071 0.99770 -6.50782 143.15844 1.60078 23.04811 51.81453 67.32234 0.33851 1.85514 -10.23556 -4.18735
48.74692 11.53463 -17.54985 49.34352 11.67665 -17.84663 297.33663 23.61137 138.40499 35.05708 64.72156 8.69169 14.09524 -24.21405 -13.26086
60.74129 0.34024 -9.94302 58.88785 0.95633 -9.71406 148.76070 9.43468 21.27971 53.78048 70.64516 -1.30629 2.62330 -12.35351 -6.92340
52.35216 -2.30790 -13.31383 51.11394 -2.59877 -14.24193 151.93346 17.87099 67.12483 43.06092 63.25369 -5.75172 1.11327 -18.11594 -10.91243
54.86347 2.25196 -18.16022 50.07411 1.40858 -16.72504 291.83029 18.82400 188.35170 41.64909 70.80545 -1.86695 6.60007 -27.75229 -12.98581
52.39910 -6.39801 -17.20939 48.10870 -6.12286 -18.34433 499.83209 7.47263 29.35124 33.44171 72.69527 -8.31864 -4.32675 -21.12261 -14.46885
54.42739 -1.74550 -0.27761 59.05599 -2.40352 0.26545 654.83943 10.72740 61.83893 30.88261 77.06660 -3.73182 -0.54647 -7.03634 5.10570
61.96725 -4.39969 -16.19411 58.22620 -2.19119 -15.99242 322.70047 67.31717 24.70709 50.39377 77.11920 -11.91638 2.14845 -17.54260 -14.53997
56.36986 -4.59041 -19.92037 62.92974 -4.83443 -22.08771 276.81662 3.80889 65.74531 40.85915 69.99216 -5.81301 -3.53388 -25.65741 -11.12143
51.21412 -5.54236 -12.24677 51.42336 -4.52025 -10.66351 395.04112 16.12848 53.83563 39.86530 58.27583 -8.74827 -2.77488 -20.34401 -6.88485
44.11406 -2.54941 -8.08824 40.61572 -1.29704 -21.14546 198.13019 26.74451 441.83576 37.23742 49.65346 -6.33371 1.26435 -24.98854 12.18935
51.44696 4.75997 -1.46476 47.02015 4.37153 0.00415 540.75386 20.24193 104.72631 35.75883 75.45795 0.85581 7.67419 -4.82427 2.81729
78.23111 -5.77909 -8.86849 76.53178 -2.96454 -7.85016 52.96769 41.11881 37.90215 73.01645 83.83392 -12.58243 -1.13329 -13.67280 -4.23972
50.52479 -2.19148 -11.07797 50.66249 -1.95304 -15.55820 764.54639 9.39370 174.60369 26.15025 73.34455 -4.34481 -0.46150 -20.55971 -6.72310
68.66613 -1.08709 -9.14706 65.80619 -1.00800 -13.72987 196.61788 3.41647 220.87417 59.92545 78.83834 -2.41009 0.23362 -19.78190 -3.21318
41.57148 -0.18334 15.57969 41.40781 -0.00030 8.17700 699.17789 13.85093 339.41851 17.24076 62.87617 -3.09238 2.12755 0.00056 30.78339
64.40511 3.98627 -6.55951 61.27756 4.10986 -5.83833 204.24102 5.99597 50.74431 54.07808 78.48407 2.46346 5.84162 -11.08834 -1.73984
63.02483 2.46056 3.34853 66.51024 1.99294 2.77088 217.76775 26.77709 57.72804 60.33802 72.05805 -1.95221 7.42828 -3.48772 9.88959
45.98983 15.42507 -0.60146 46.77980 13.79826 0.07797 1126.62092 178.86399 57.53465 5.15849 74.31651 2.09190 21.68796 -5.54595 2.57129
41.17983 -1.60013 -9.32415 43.14742 -0.72779 -3.39555 292.78392 23.63013 196.11007 27.40117 52.13181 -5.75723 2.04026 -21.55652 1.28266
52.96846 12.91044 -5.60754 47.53348 12.59298 -5.38837 261.47300 4.89798 2.52552 41.44926 63.63266 12.16583 14.22055 -6.54958 -4.24698
37.94230 -0.56993 -11.60862 34.91035 -0.18881 -11.16752 618.71553 7.65308 102.79087 16.02536 61.93878 -2.54971 1.39399 -20.36472 -2.38427
51.70016 8.33821 -28.79047 57.80709 8.88145 -29.66497 265.93676 13.26877 132.50332 38.12132 66.72417 5.36221 11.08262 -36.20718 -25.18303
41.46035 18.80936 42.46469 36.10601 21.02808 38.39495 925.90434 288.55236 848.28105 12.68255 66.32463 12.35488 29.32601 13.95381 68.94411
44.17910 1.03040 -3.37406 42.40717 -0.01842 -0.27155 286.17423 28.78182 268.58471 31.87356 53.72084 -3.26013 5.15038 -14.31683 11.49733
37.23453 -0.46986 -19.16828 35.13873 -0.35353 -18.83472 606.87940 16.64969 147.77203 16.00517 54.34667 -2.45462 1.69844 -31.32901 -7.35336
45.91900 7.79226 -5.67740 45.87451 5.04899 -9.36218 227.01387 68.44747 141.85865 36.64547 56.26029 1.99558 12.72586 -15.49001 3.71003
30.91072 -1.55072 -10.11795 27.09952 1.31388 -9.49264 426.15342 92.99734 154.97476 15.75114 42.86481 -8.08277 3.76649 -17.16290 -1.05240
37.52323 2.33997 12.91944 32.90705 0.64618 9.43077 177.42971 33.08919 170.06224 29.15981 40.83418 -1.48858 3.75012 3.40385 16.92135
19.98219 4.55064 -7.07217 19.23073 2.64331 -4.69595 358.26249 20.46039 71.27658 1.02553 32.72373 1.42651 6.48130 -13.68770 -3.03694
48.95011 3.70573 -9.31020 50.67580 4.89615 -4.06481 615.34577 41.83647 360.20613 26.97139 72.90904 -0.06542 7.79075 -31.30306 8.93413
65.86933 -7.06389 -5.70876 78.55234 -7.51648 -8.76847 671.57136 5.88827 149.94220 41.99738 87.71177 -8.83546 -5.69053 -13.29740 -4.41562
61.27434 0.85165 -20.71251 64.09578 0.81448 -26.47732 140.53348 9.32577 220.75063 52.36091 70.64816 -1.52018 3.23543 -34.25862 -3.09664
44.18800 -2.39168 -23.35860 42.18819 -3.40662 -31.81360 500.64558 48.16504 458.68841 26.33591 61.60095 -6.90617 2.44709 -41.24243 -9.10494
55.93334 -13.72232 -5.89995 59.91146 -13.81519 -6.47362 348.32159 6.67018 98.52870 37.38852 70.77241 -15.97273 -11.74314 -12.37081 -0.89321
54.59067 -4.70607 -5.22113 61.06443 -4.72465 -4.45990 729.19914 7.96519 78.14538 27.58960 78.01759 -6.94753 -2.75252 -10.46557 0.68419
47.90131 1.81412 -7.11526 51.91650 1.75256 -6.68443 353.69971 4.34854 19.92959 37.50647 61.08269 0.76020 2.83622 -10.20340 -4.13919
54.34870 11.03430 12.83708 41.27534 7.39397 3.47915 546.01652 90.14548 439.07511 34.03335 79.59181 3.65941 17.63309 -7.94759 33.57064
77.84964 5.89828 58.01733 81.91006 7.09431 59.98611 371.63868 347.06899 330.76222 67.80400 94.10794 -12.05400 18.16109 46.78890 70.42014
50.78686 3.15493 -18.01448 53.64547 2.34550 -25.49762 763.79250 63.71102 590.56570 25.17979 73.86758 -2.85239 8.14172 -38.50476 9.67982
64.60777 6.25730 6.08620 67.78404 5.96513 7.30202 203.36387 5.42973 33.98589 53.68574 75.92636 4.66273 7.87497 1.51906 10.58711
76.59745 0.97836 -3.56430 87.92893 1.22582 -2.30195 452.69999 3.34047 15.29146 63.93886 92.90037 -0.00233 1.78728 -6.12597 -0.00425
51.22931 -1.21559 -13.88438 53.50055 -0.19579 -13.43482 359.99399 38.22499 161.15596 39.48661 62.82430 -7.26300 3.48168 -23.99191 -3.56515
45.79144 8.32725 -29.25505 39.04820 9.16035 -39.45610 439.24735 48.45690 529.12750 30.97905 60.95428 2.67381 12.84595 -46.93036 -11.79178
36.72494 13.01720 39.61445 37.78204 10.48599 43.10900 246.47278 169.40928 332.51532 29.70266 43.52196 2.55278 19.32675 25.31391 50.91197
50.93264 13.30251 29.33125 63.83893 13.02677 32.26143 710.30808 60.88475 336.57506 29.76435 70.49540 9.14105 18.90744 16.97526 44.19717
57.23219 -3.56451 3.34769 56.43098 -2.93035 2.63618 323.19016 20.07755 88.24840 45.23240 68.14273 -7.31645 -0.24336 -1.92160 8.17862
60.09686 -6.14011 0.78001 60.83544 -5.96576 2.37578 334.68836 5.44934 26.57456 47.10862 66.19354 -7.60642 -5.04496 -5.13030 4.13215
64.24889 -20.09701 -4.60847 72.51106 -18.93752 -10.82058 519.64214 87.63702 555.85987 46.99460 81.91674 -24.08804 -13.45471 -23.68038 13.85039
51.65488 10.84886 16.62277 47.03616 12.00413 13.35695 318.60881 33.80332 188.85380 40.60041 64.10920 7.63114 14.94924 7.43080 28.20117
40.28026 4.34469 1.23409 39.60711 2.62047 -2.90976 513.75310 19.71865 168.94882 23.10991 58.61033 1.23863 6.06017 -7.05837 6.91450
51.81577 -5.29489 -16.34845 55.69747 -6.60100 -16.72462 240.33060 63.55992 207.98336 44.29857 60.38109 -10.87041 -0.54680 -23.39331 -10.53404
49.04256 10.81491 8.38546 49.83284 9.26251 5.41879 844.94481 66.66570 173.85214 22.40004 73.83751 3.73098 18.10101 -1.71756 19.49990
37.10612 -1.53698 12.31359 36.22368 -2.80392 9.13903 730.05498 24.67085 141.04541 9.10372 56.93989 -4.46791 0.99383 2.89004 18.89760
52.23760 -1.39941 -17.10280 57.87355 -1.88651 -17.37324 234.02592 20.38071 85.01901 42.10559 64.23908 -4.76782 2.00546 -22.36291 -11.63716
47.20634 -12.17568 -16.46164 45.40770 -11.69556 -17.56715 117.59145 27.01726 26.13849 37.73632 58.08532 -14.00828 -8.32713 -19.35145 -15.22911
39.83796 -7.74136 22.16512 33.05124 -6.84086 17.82246 592.09297 149.82609 346.62703 19.69136 59.56272 -17.11765 2.97417 8.39902 33.75258
27.10621 31.37431 20.92774 26.23105 29.39328 18.72860 271.34560 196.50827 223.41621 12.58335 38.81615 23.45737 40.31469 8.69697 29.72218
58.71399 1.48221 -17.55473 55.28592 1.37030 -13.81163 187.29543 4.38690 118.06516 45.50481 72.72018 -0.02405 3.07445 -29.31056 -8.62176
51.28707 1.84197 -0.19059 53.06300 0.41801 -0.99111 451.60190 30.43340 39.72322 32.37131 68.67852 -1.02233 2.56902 -4.08145 1.14483
50.07262 -14.98340 1.58363 53.88946 -16.38289 -0.57758 797.66970 37.93628 330.83538 27.33965 75.12174 -18.16222 -13.06005 -10.32303 10.70948
61.98633 -4.53860 -16.24333 62.61119 -3.13620 -15.75066 305.39811 37.52521 59.42767 49.03020 77.12295 -9.73294 0.86925 -21.52188 -11.06391
53.34490 11.47344 -37.77507 61.29551 10.01613 -40.66673 438.05395 69.99102 158.65067 45.67052 67.57397 6.65000 21.68565 -46.95431 -34.80665
42.86822 1.71438 26.68502 40.06783 -1.07821 19.13446 513.47525 89.38458 468.79464 27.14116 53.19872 -3.70852 6.25905 11.34709 34.89201
28.27615 14.83755 15.06389 27.54078 14.10748 14.40724 173.94380 94.00487 115.19903 19.55450 35.91133 7.61595 21.32946 7.44359 21.62801
33.33450 13.86923 -33.34026 29.08552 10.76939 -31.86064 468.62195 130.30279 348.85608 21.47387 37.57833 4.69836 26.79198 -51.86698 -24.46670
42.09130 4.24314 -14.89816 36.42012 6.81084 -26.54065 553.65185 111.63655 886.00422 24.45646 62.89338 -3.04715 13.31358 -40.21563 8.23800
45.86911 8.02051 1.87566 37.62574 5.55930 0.00168 457.67810 90.56521 197.66912 27.47211 59.57849 1.08497 12.26342 -7.87688 8.04549
64.74230 -1.21464 -11.15734 66.67527 -1.06885 -10.53035 248.62485 2.10837 11.68826 49.77330 78.41361 -1.97419 -0.40084 -13.00728 -10.00765
61.18101 -0.04281 -10.43080 59.57705 0.38032 -10.08616 74.92951 7.53319 19.59102 56.02716 68.05886 -2.37402 2.10820 -13.04127 -8.44794
36.93668 8.79140 17.59581 37.85294 4.97299 7.33166 669.77611 154.91144 476.36576 11.75643 60.91882 -0.00003 13.07803 0.00013 31.85056
67.91221 1.56551 -5.13900 74.79372 1.86678 -3.11355 492.95396 12.25376 38.67851 41.35407 86.90443 -1.34006 4.43564 -8.72908 -0.62676
60.48582 0.42113 -9.11196 63.80281 0.24872 -7.31142 332.75606 52.44398 327.81782 48.62002 74.83459 -1.92810 4.37342 -23.71581 5.32786
45.56627 -0.73769 -11.62356 49.44703 -0.97756 -12.90416 365.10116 4.34534 56.61990 35.07173 57.62975 -2.16684 0.71053 -16.10556 -8.48123
45.95774 7.22279 1.47297 42.43418 5.58949 -5.28511 648.39661 64.76296 378.83329 26.75645 62.61962 3.76230 10.11680 -11.98675 6.36671
66.16767 -13.03645 -10.86923 66.55047 -14.10736 -11.18195 424.23859 31.10601 105.61482 53.18589 83.79754 -16.69196 -8.76369 -16.81681 -5.11885
49.00259 3.02758 -13.56679 50.86440 3.59658 -13.19903 237.04992 3.59537 12.14969 34.18798 62.66267 1.80289 4.05231 -16.66839 -11.18487
59.07855 -5.00752 -11.02846 56.83712 -3.56844 0.00464 1008.00090 216.62289 624.92730 29.54128 98.31148 -17.65021 -0.00245 -27.61870 5.02252
36.68529 0.73105 -0.30556 30.26409 2.30078 -1.48060 604.24860 53.06044 144.51931 16.68111 51.64481 -3.82774 6.21651 -10.92036 8.80743
57.97755 -2.49097 -8.07112 55.49162 1.30456 -2.45895 733.75249 139.40480 428.41843 33.47053 87.17737 -3.43448 4.01290 -29.01127 13.88866
33.20651 24.61814 28.98202 29.07316 20.59580 18.29665 455.04414 106.35007 556.23378 14.01117 49.79202 17.91082 30.35915 9.58766 45.85629
45.75483 2.15714 -7.79080 37.32845 1.72286 -8.38346 326.34048 61.94084 299.85504 30.92021 59.85547 -4.61968 10.19314 -20.61927 -0.24985
65.51727 -3.53928 -10.13384 67.61000 -3.69058 -18.29464 195.17910 10.74701 179.40284 54.14915 74.44667 -5.20360 -1.36219 -19.44990 5.93571
35.81746 2.73421 -12.40690 27.19429 3.35120 -16.23500 665.37539 34.25164 115.34197 16.27416 51.71871 0.27802 5.56001 -19.13924 -8.99264
41.04934 19.46226 40.12836 39.58906 20.57735 39.65923 305.09622 66.48426 181.24698 29.14228 50.86739 15.25921 24.80265 31.70398 49.13555
27.65398 2.62608 3.32790 26.27229 1.93676 2.16870 366.54505 9.47566 165.20955 9.64774 41.02443 0.90002 5.05580 -6.75155 14.80144
49.46048 0.27744 -14.67326 53.80045 4.70366 -11.75871 416.92036 151.29085 664.74514 40.39913 63.23184 -6.64211 9.84132 -40.45750 7.54883
76.63287 -0.11091 -3.74851 81.23171 -0.00240 -2.48907 427.22066 6.10407 20.19388 57.85300 97.23210 -1.24656 1.09595 -6.50767 0.00454
44.31849 -3.22268 0.09987 42.49835 -2.99036 -1.70539 887.16022 14.36117 113.91319 16.83285 71.22673 -4.30174 -1.31920 -7.22238 3.05186
27.31717 -3.19426 -14.25331 21.30282 -3.63361 -14.22959 451.84865 17.91144 124.25742 10.88008 38.72436 -6.91984 0.83919 -22.32522 -3.54581
38.67357 18.58854 27.92408 43.13950 17.41431 29.00334 754.15172 267.61094 434.61129 2.77322 60.80508 2.00680 30.43318 2.85684 45.50425
56.92993 -0.50785 -8.53387 58.77059 0.27889 -9.23246 348.09741 7.22328 31.95795 44.80121 69.54323 -1.59945 1.27450 -12.01107 -5.39913
53.02978 -3.87719 -0.34916 57.71227 -3.88490 0.30416 121.44284 1.35653 15.34013 42.46696 62.63711 -4.62571 -2.98055 -3.65808 3.04637
48.88220 12.27291 6.15981 48.47758 13.83994 7.99301 343.51485 110.86955 485.01364 41.76579 54.76825 3.88010 19.56491 -6.81616 21.08162
43.20670 11.40540 31.78459 43.77709 6.27916 28.84511 132.96095 227.18637 209.88660 34.61456 49.75200 0.98956 15.32527 21.46651 34.49275
46.28603 -4.33139 -10.84331 43.57195 -4.37395 -13.38200 457.47852 17.60115 118.85937 27.62238 61.11852 -6.70551 -1.63677 -18.53243 -2.31279
61.08635 -7.29216 -19.80726 62.78530 -6.20168 -28.19120 95.71652 47.91621 551.15534 53.76343 68.85110 -13.35504 -2.22265 -36.60229 -17.92056
42.76218 5.22058 -11.04082 37.32030 5.13834 -11.30503 292.99899 7.10384 261.51834 30.64913 52.08290 2.80093 7.66309 -28.71865 -3.67145
63.57243 -3.67765 -20.34730 68.89135 -4.49246 -20.46906 297.85803 9.96939 49.07121 51.34869 76.05471 -5.27443 -3.41710 -24.48354 -16.32001
37.05173 11.92094 -34.45927 39.72927 9.04392 -48.06777 402.40715 133.83170 763.57932 21.38270 48.18897 3.91769 19.08017 -59.50430 0.72508
35.00089 -0.44755 7.70991 26.26905 -0.97816 -3.19214 470.00359 16.39401 351.57479 18.00337 51.23779 -3.09924 2.27288 -6.82298 20.31740
48.90362 6.17372 3.80954 45.42285 6.88747 13.77621 96.76175 10.96542 447.76762 41.93627 58.12371 4.89144 8.16180 -14.95068 20.26770
28.11257 11.30041 -0.65791 27.82048 2.55524 -7.71082 235.43492 372.12539 334.80687 16.08874 33.82342 -0.43838 11.97857 -11.04049 -0.75666
51.70439 -3.90004 -7.59877 48.60552 -4.25555 -5.87660 216.56903 14.06493 98.12609 44.62345 56.09233 -6.61371 -1.04952 -17.43439 0.28632
42.08252 -2.89487 -14.52135 41.61838 -2.01861 -14.57469 399.34862 12.89700 99.35306 30.42422 55.17260 -5.75227 -0.43767 -24.41484 -7.01380
46.48584 21.73290 25.99677 45.67925 17.88650 22.45998 352.07547 245.77163 175.33864 33.43268 59.75719 8.08115 32.70738 15.96086 33.81591
42.24076 -1.52609 -7.99106 38.25673 -1.50645 -17.64654 428.73167 16.00047 380.72555 33.40647 48.53022 -3.74673 0.16083 -23.87773 9.73628
54.15356 -3.07467 -15.71162 57.22973 -1.21311 -19.57243 200.01724 21.64687 145.26917 52.24934 60.80890 -5.95108 -0.08938 -25.03725 -9.25878
49.74046 28.07028 48.78777 49.18393 28.71765 50.06524 529.15271 444.98861 544.73749 29.97024 63.19558 11.68394 47.68259 28.33246 68.27900
55.08588 -6.56962 -5.22145 56.20668 -6.84601 -5.48366 423.45710 5.29771 67.44566 37.20483 67.61651 -8.18241 -5.20464 -11.64301 -2.10071
37.02553 4.77241 6.71960 35.61194 2.83486 3.41888 346.61081 48.51058 222.71805 22.34746 48.56696 0.30896 8.08529 -4.24024 15.46520
33.07336 11.33360 12.32616 22.65569 9.73055 4.38463 597.45182 64.67200 388.84996 17.69688 45.88391 7.88188 13.73190 -0.37658 16.25027
59.68666 -11.72681 -16.03561 61.29772 -11.21936 -16.61245 348.65369 31.77332 60.04105 47.71616 74.24809 -16.98982 -7.00673 -21.68772 -10.06182
55.85431 -29.36655 -1.60158 60.81945 -33.31962 -4.57873 262.17441 89.54675 48.84107 45.27253 69.34529 -36.22501 -25.42429 -6.42472 3.97222
62.46885 -13.84658 10.76826 65.80018 -12.91587 3.70684 694.67785 68.70225 431.78948 46.19623 85.51277 -17.99241 -8.13303 -4.25190 24.04487
28.22269 -3.44024 -6.14676 24.48408 -4.04874 -7.06374 417.62503 8.28372 33.13948 13.53809 38.86765 -5.49735 -1.40021 -10.28852 -3.29903
39.95719 21.32688 18.11982 48.20784 19.04372 31.05322 348.86504 439.69572 638.53514 22.23161 57.84289 1.64033 38.31790 -8.18422 42.38011
69.92907 1.84260 -4.81956 70.36810 3.76122 -3.40091 481.73070 20.72198 61.25256 60.01761 88.43535 -0.13836 5.11202 -6.45180 -2.54036
49.89408 -4.80378 -13.36857 49.56947 -6.18984 -22.37316 294.82710 102.08777 804.59940 40.09605 62.53248 -12.84883 3.91188 -33.45445 9.07121
45.96236 0.43824 30.30800 42.80423 0.47768 31.34884 970.97874 15.36121 297.95854 16.55303 73.79360 -1.44621 3.25194 17.56424 46.34335
43.98047 8.65128 32.19816 39.24445 5.92393 24.13097 533.75077 179.86830 701.10917 30.39759 54.77309 0.79753 16.79382 11.11811 45.92749
52.41309 -2.53922 -13.75206 51.59651 -2.33383 -16.48526 687.11459 7.95881 114.60792 29.12615 73.95304 -4.48057 -1.06363 -20.81966 -11.76776
42.74175 -3.80208 -12.56382 37.10811 -1.70048 -10.93602 459.34472 35.08478 210.19832 31.99006 43.61871 -8.76323 1.13288 -26.57214 -3.28400
55.44549 -4.38902 -19.92826 54.24894 -1.74407 -17.77280 431.56390 97.75766 556.27772 44.63545 62.99811 -7.52844 1.24640 -44.50136 0.09214
25.25959 13.37930 22.45877 29.44253 12.19310 23.95333 344.54237 72.49598 256.65139 5.28848 35.96301 7.59687 18.40740 6.82995 30.88596
44.16331 8.55236 -12.98833 44.25264 8.00518 -11.86545 174.99818 14.73924 82.41232 35.28424 49.09831 5.56459 10.91665 -20.89925 -5.35013
37.99555 4.37587 -22.31168 34.05025 5.58736 -27.44642 352.98849 29.63977 157.20842 23.86621 52.57819 1.45984 7.70537 -33.07410 -11.37005
54.42890 -7.58773 0.46689 58.35386 -2.56219 0.52603 715.18176 136.88374 186.71023 30.42483 79.21982 -18.13216 1.21326 -9.92020 11.55895
61.35996 1.28291 -6.04321 62.77253 -1.91280 2.72535 265.01030 37.66368 515.56342 48.50192 76.32607 -2.98928 7.42591 -31.75008 14.36395
49.09010 -2.42449 1.74370 51.95491 -2.21724 -0.72773 260.08746 14.01230 91.14303 41.08996 60.99506 -5.11075 0.64885 -5.56367 8.48165
42.24612 3.38367 -22.07375 38.36191 2.99856 -19.31153 395.40923 46.90555 454.62664 27.37117 56.66249 -0.61403 6.00966 -40.18011 -1.56420
44.52128 26.56172 26.51353 56.28309 33.72392 29.48259 427.84532 225.61615 182.31655 30.71290 61.24741 16.24401 38.88090 14.99410 38.28167
51.44074 -1.29911 -11.11309 53.34267 -0.60250 -16.95271 855.26547 60.51307 374.68308 26.23468 79.37606 -7.51208 4.37334 -27.10373 -1.93671
53.60943 2.24203 -5.85066 51.45199 2.31738 -7.07512 199.33610 5.01101 61.24288 44.35810 66.36493 0.90587 3.53434 -10.21359 -2.32253
71.17390 -2.99539 -7.37578 78.76675 -2.60569 -7.03634 510.33913 4.64110 15.66780 62.85956 86.57024 -4.13336 -1.45643 -9.50254 -5.34109
36.66805 -1.52329 -17.19221 29.85977 -1.44127 -19.97399 216.92784 1.99879 74.28246 26.52807 53.49301 -2.34478 -0.55242 -22.02096 -16.74203
47.52387 2.86633 -8.21071 47.70499 2.70046 -11.02964 20.62876 1.45112 104.31789 45.95083 49.05699 2.11829 3.58115 -16.49818 -4.45312
56.75358 -5.21694 -3.78812 62.77939 -4.47215 -6.28172 737.13031 9.90031 78.98147 37.04521 75.03672 -6.95852 -2.93900 -10.82678 0.99189
69.74350 -2.75943 -0.06201 79.23814 -2.76274 0.68969 385.38993 6.72408 25.64024 53.47665 85.34900 -4.45640 -1.42556 -4.13935 3.93480
53.15707 2.06731 2.50081 51.96349 1.68516 2.31453 656.26376 17.70992 49.28164 29.76820 77.97100 -1.61148 5.63191 -2.96880 5.06098
28.30958 1.76394 -16.23315 27.37430 1.42441 -18.36924 476.17763 18.59821 343.07299 7.67962 45.90284 -1.12332 4.92561 -32.04966 -0.00967
40.89983 1.73672 -25.85331 49.10153 4.12027 -29.07626 808.70174 81.79944 247.43076 9.13048 65.47330 -3.80378 8.30218 -37.12275 -13.82061
46.31222 3.97416 -19.97938 43.79164 5.03208 -12.87469 314.97629 70.96190 279.87159 34.12563 56.05946 0.38300 9.40145 -39.79639 -6.11003
70.78829 -1.93684 -6.91343 73.25606 -1.60786 -6.34459 240.70065 2.40716 50.56230 57.24429 85.61539 -2.99110 -0.89039 -14.55694 -0.40934
51.37037 1.14450 -8.66839 54.23970 0.98556 -6.91725 311.85656 2.56235 56.37973 37.30031 64.18239 0.11267 1.88083 -15.58257 -2.74887
39.46343 27.17165 -56.46784 43.21884 30.12400 -59.02031 177.98984 43.53861 152.88492 36.60138 46.49029 24.82082 31.35056 -64.22476 -55.73065
53.80460 1.48220 6.22850 54.50161 4.19709 12.21040 453.04936 83.14108 394.51748 37.38492 76.65354 -6.16754 6.57401 -4.47546 22.93755
54.14163 -3.03293 -6.14609 65.63466 -3.01844 -6.04669 1041.05862 3.88039 16.64096 13.77801 81.76941 -4.41953 -1.63933 -9.13434 -2.93092
56.02340 0.79539 -33.75759 56.17591 7.63415 -41.14588 200.43085 165.76119 450.62258 48.42851 62.84172 -13.58226 11.48807 -52.13707 -16.63872
64.35765 -3.39965 -11.43565 68.14050 -3.01601 -10.10544 709.82500 14.79645 81.40335 37.16176 93.53259 -5.85664 -0.39468 -19.65758 -3.49971
56.16703 -2.07163 -6.95301 55.22529 -1.44049 -6.54011 246.03821 33.05297 87.84364 42.91529 69.89743 -6.35938 2.28242 -14.78166 -0.00226
43.65057 -1.36856 -16.18020 33.96482 1.94699 -16.64201 842.22485 174.95774 308.82858 17.23872 77.89747 -16.58710 10.35163 -33.08252 -3.43532
50.97607 -1.60861 -19.22196 45.20869 -1.94357 -19.09295 385.30775 11.48743 87.37395 34.45699 71.88866 -4.05339 1.12342 -24.92925 -14.27379
42.27887 7.29247 17.44688 43.11829 7.47943 18.04809 147.45174 5.06123 32.46473 37.04505 48.10511 5.84115 8.61059 14.59298 20.83809
45.37965 7.93887 17.09053 43.33060 4.00322 11.57748 77.37712 116.79945 176.97217 39.57099 50.54989 -1.64626 17.22281 7.41835 24.49128
65.78926 -0.25766 -16.30482 68.05495 -0.41311 -23.05378 209.91638 5.11477 185.30348 53.61744 74.27518 -2.01295 1.18699 -26.34235 -0.00434
36.81027 -4.90896 -21.95643 37.45714 -3.67033 -23.05567 182.02349 55.96241 176.81780 31.79378 44.24223 -7.80735 1.33807 -34.07532 -12.08469
57.25326 3.45965 -12.20626 55.49895 2.84035 -13.33467 176.97346 7.33933 51.51469 47.04230 65.12189 1.71203 4.16403 -17.23146 -6.73617
39.17231 3.69087 -26.60183 37.56563 4.28027 -26.84363 87.01728 15.33420 130.68356 33.29623 44.43725 0.45779 7.36771 -37.24172 -20.62426
55.21228 -1.13483 16.97340 54.03904 -1.41186 11.84963 982.00898 32.19070 354.94370 33.40158 82.98513 -4.01276 1.59379 1.68913 27.58482
41.02712 5.87870 6.00382 37.83789 5.00940 4.28494 534.06316 35.28196 126.40045 21.40293 58.82811 1.60571 9.68507 -0.29572 11.26778
38.02780 7.27588 -26.02177 34.73179 5.38180 -26.52162 792.84949 35.57472 145.46779 7.05708 66.34867 3.18041 9.40959 -35.81950 -18.18529
28.41636 23.89292 9.78155 28.59006 23.24493 1.12643 385.16043 214.48715 588.99554 12.88031 43.66329 18.58962 33.32501 -6.87403 29.18277
24.07594 18.15700 -4.28980 22.98019 15.02659 -13.50406 263.94830 150.76307 379.03999 13.08768 27.65280 11.65110 19.12641 -18.36978 0.84915
56.17026 13.14744 -5.77562 50.52691 12.74071 -5.40066 287.42655 5.13561 2.70488 42.26561 68.62283 12.24386 14.70545 -6.74926 -4.24698
67.75634 1.27054 -34.94623 69.85567 -3.16090 -38.35346 124.89170 94.42299 218.34359 65.74189 73.40282 -6.20136 12.41861 -44.71194 -34.26447
59.98776 -0.40355 -0.81668 69.91850 0.58263 -0.24374 518.52920 9.00600 43.70518 45.51178 75.61341 -2.69541 2.25309 -6.04195 3.93626
37.75118 -1.67172 7.79957 31.40081 -1.44001 2.99126 775.15390 13.31111 191.45128 14.87927 54.29743 -2.88374 -0.15098 -1.13564 15.54259
44.34070 1.41485 -10.90825 48.88006 3.88125 -10.45847 207.17242 38.75153 282.30679 31.40337 52.66973 -4.82182 6.24564 -30.18859 -1.48602
49.74030 -1.02739 -6.45490 52.99875 -0.96313 -7.10485 325.86262 4.10832 66.40040 33.35436 63.72794 -2.59192 0.39476 -11.47812 -2.11174
49.28737 10.69545 23.89841 45.96130 9.84859 25.35059 798.10744 63.25502 287.84260 22.58680 76.74925 6.90087 15.22553 8.85762 37.05055
49.10829 -1.07305 -12.60948 48.13375 -1.07651 -15.66047 265.00672 3.17681 74.02493 37.63613 65.03845 -2.24190 0.01813 -17.68947 -10.55265
46.50710 1.43988 -2.52307 38.25645 1.69428 -3.13502 1129.81135 15.24446 139.31754 16.26913 78.31974 -1.21428 4.24994 -10.97247 5.16951
37.99858 1.23799 -22.87840 36.32193 -3.25213 -16.86570 321.64784 130.91615 780.57878 25.15049 51.34679 -6.49733 13.01856 -52.48727 1.19842
43.97060 -7.34018 -15.99216 44.33395 -7.74060 -18.16381 202.67232 11.82691 260.13837 36.16946 53.42138 -9.88194 -5.24255 -31.96347 0.22104
56.24969 5.63918 -3.43079 58.16865 6.27273 -3.57392 806.04528 15.25212 46.54086 33.80868 82.99041 2.18497 8.31842 -8.21337 1.09689
37.53038 0.71897 15.03734 24.24593 -1.90190 6.96241 670.96565 34.65630 293.29390 17.18542 56.38351 -3.30380 6.15986 1.74234 28.53246
43.42479 4.48547 -32.16472 42.22063 4.77084 -32.92177 133.66174 22.84717 38.93224 35.95098 50.53288 0.32656 7.84927 -36.23903 -29.44344
43.44373 8.51568 38.88685 38.79774 5.42490 31.59145 660.63438 182.94297 582.84319 23.40712 61.25361 0.02488 17.35921 19.82964 54.74053
41.10173 0.31455 -5.58535 41.86054 1.25421 -5.03343 581.78530 16.13417 96.12470 20.86567 59.77388 -2.18807 2.51834 -11.70027 -1.00658
46.99918 -2.52602 -23.58008 35.72681 -2.71589 -23.27019 658.27913 33.44637 151.04748 30.52948 79.52302 -6.34408 1.70079 -35.36814 -13.69007
59.22573 -5.69168 -7.78269 63.95598 -6.28377 -8.69258 450.06210 17.62588 36.12373 45.42916 77.77640 -9.16627 -2.18878 -10.30192 -6.19244
67.16779 -2.01478 -4.10439 74.23332 -1.19947 -7.86799 469.65421 37.58530 173.83132 49.53952 86.40001 -6.97248 3.30135 -10.46703 -4.98564
53.25130 -1.38536 -19.16746 45.61131 -1.20131 -19.21514 372.74297 7.03515 39.68821 36.68867 74.17210 -3.23115 0.66056 -22.67730 -15.77630
60.10972 2.39279 1.49305 65.21629 2.38939 0.72941 440.46647 1.40626 14.50089 41.40960 79.33808 1.54277 3.19967 -0.27588 3.14815
52.44456 2.83803 5.50269 43.72259 2.67230 0.93921 644.44016 12.24007 209.17139 31.31334 76.17123 1.07157 4.97200 -7.27407 19.03172
34.37372 -1.91778 -20.27825 29.20668 -1.60224 -25.92953 551.53430 30.94504 201.31995 18.94818 36.19235 -5.15273 0.66284 -28.34619 -21.33907
62.68429 22.95367 47.87321 63.09032 24.46569 48.56570 229.09242 99.74940 76.99744 54.27591 72.54080 16.71526 32.01465 44.63345 52.99868
56.27726 17.86173 29.06639 59.47975 17.18414 29.70168 417.77061 121.10940 306.77516 42.04623 70.68066 9.88701 26.13448 16.38057 41.65922
58.97918 0.92611 -30.28819 61.52865 1.87741 -33.90626 418.49517 60.26217 350.34834 44.09777 74.66303 -4.08020 7.29627 -45.31112 -18.81365
48.43324 -0.81576 -29.19569 44.19403 -2.53581 -35.14918 290.66145 25.34801 146.11160 37.07981 67.48434 -4.60967 2.32654 -39.62587 -17.50017
47.84789 -2.29830 3.47382 44.09748 -1.58463 2.12227 432.09138 8.86848 164.07013 30.17191 65.86486 -3.77711 -0.06884 -6.79791 14.12475
49.86519 12.28268 23.18316 53.36046 12.26484 26.20480 990.46086 110.38815 316.66236 15.21173 75.54060 0.80754 22.36132 2.96445 40.68826
42.54179 8.78420 -3.00110 40.54934 6.36587 -5.93004 87.68987 58.25676 72.89274 37.46059 47.15119 3.38775 12.19236 -9.23163 1.60480
60.60209 -1.71711 -8.46578 72.31753 -2.80416 -9.58677 521.49920 8.85256 145.91336 40.88557 80.48467 -3.74555 -0.17463 -14.50374 -7.00558
51.58195 2.23006 -23.07243 52.18529 1.85830 -22.97386 151.26699 8.26087 187.98610 40.81862 61.54153 0.15641 4.43557 -36.89376 -12.20922
62.31791 2.81539 -0.16270 72.84922 2.69978 -0.93503 1032.82188 21.91047 285.18396 37.72913 89.93021 -0.66222 6.02096 -9.01732 6.02135
37.67973 1.93993 -20.34103 37.84193 1.92298 -28.15655 401.61140 21.99903 313.42932 24.44560 54.61766 -0.66218 4.11345 -34.22407 -5.82404
66.55576 0.44771 9.40583 67.60499 1.43265 2.31853 301.79207 23.86381 275.21563 59.19869 79.39612 -0.09488 2.76303 -3.92156 28.03185
57.88109 -8.08944 -2.46491 57.81947 -8.31067 7.99160 669.66142 45.53394 742.03767 37.56840 77.86274 -12.87758 -3.53621 -31.71930 20.97742
60.64986 -0.41552 -6.66030 64.13362 -0.72022 -1.71483 350.57272 16.78981 317.50080 47.46314 75.74813 -3.34729 2.34707 -22.91279 6.15875
22.08757 14.28257 -3.98396 18.69712 6.75369 -8.04288 137.53311 195.86524 136.14984 15.09682 25.79428 2.74722 26.73397 -13.18452 4.06403
63.94805 -5.99728 -4.21078 65.89698 -6.61064 -3.21913 536.32126 6.37757 21.83305 43.58254 88.17460 -7.96617 -4.04606 -8.89207 -0.20960
45.83343 2.19892 -10.51345 52.13293 2.07627 -13.14042 846.57085 18.95564 106.52480 17.51908 66.11378 -0.47695 3.89066 -19.56955 -0.35552
63.76708 -5.23812 -16.27966 58.36517 -3.13321 -16.27593 300.27199 73.56708 23.84609 50.74241 82.69695 -13.35349 1.96168 -18.00350 -14.68774
46.52189 0.08260 -4.04551 48.92349 -0.00153 -4.43130 196.74864 1.68433 19.69140 38.65854 55.27113 -0.88123 0.67629 -7.76384 -0.00355
75.42541 -1.74035 -8.62482 83.11166 -1.98818 -9.27719 230.91912 4.80245 25.91431 62.65936 88.04378 -2.92274 -1.05830 -11.90828 -6.02458
51.39941 2.02042 -1.28102 53.80994 1.73280 -2.36739 520.02847 14.13474 50.42661 33.30556 63.14964 -0.54789 4.54517 -6.76632 3.64616
52.01587 -12.69925 -5.08635 57.55777 -9.78211 -7.79811 408.67739 190.43941 747.76556 38.00779 67.37179 -27.85258 -2.26744 -23.38986 18.66427
27.62159 4.77565 -8.41234 31.49446 3.67441 -6.58694 412.97151 39.46768 193.90594 3.47612 42.58541 0.01998 6.53031 -17.69268 0.19444
41.42790 -4.29521 -4.71183 36.66892 -4.86424 -5.81652 164.29044 23.53851 54.25737 31.74051 52.55554 -7.50935 -2.35636 -9.36612 -2.82360
58.45020 -5.68850 -22.79443 57.18001 -2.85023 -23.62122 283.56357 64.13060 250.26152 44.80649 74.56369 -12.54190 -0.24356 -37.89604 -8.00548
51.34428 25.17692 47.55285 58.59854 29.01725 55.94238 319.03832 246.23022 450.30061 33.22583 63.74132 10.84664 35.34542 25.16619 64.14575
40.76900 36.10259 37.37159 40.37175 38.74334 37.61627 166.19737 230.38333 222.34978 33.29018 47.92577 28.72205 47.05626 26.96393 47.40886
56.92961 3.19269 -30.06404 58.66249 -0.05892 -25.52800 102.36574 73.24159 499.65602 51.48234 62.77818 -1.27612 5.64136 -54.37482 -9.00662
52.10998 8.88896 7.64260 56.90972 6.77059 3.97371 782.75843 79.56555 277.68772 26.03747 74.71695 2.47166 13.78084 -3.58921 18.24544
49.88479 18.64112 20.23000 58.57457 19.23346 24.61662 434.18456 9.71338 95.72233 32.29390 67.00374 15.92544 21.05624 12.15321 27.93699
45.03486 -0.06346 -28.40249 48.11905 -2.36622 -31.00222 382.89261 67.59856 316.37450 34.71294 57.69317 -5.48030 1.02255 -42.87338 -14.17015
49.79145 3.08224 -13.43105 58.45113 3.60856 -12.30157 233.52767 3.48960 12.11820 34.56697 62.63356 2.00688 4.04541 -16.57015 -11.18226
23.74991 24.72182 11.96989 17.56998 24.66482 8.45801 393.14264 288.66048 535.71613 8.22334 33.19699 12.14196 34.57972 -2.66973 27.08564
41.45788 22.45975 45.95701 39.75589 19.12392 44.34500 645.41973 274.48026 613.59346 17.00463 62.66523 8.38585 37.47596 22.06838 69.18040
83.22636 1.11264 -3.30952 87.72366 1.87257 -4.87117 143.01230 5.23620 15.93391 71.96988 93.50629 -1.25127 3.05262 -6.55878 0.26773
41.92069 -2.33475 -31.59466 41.85481 -2.15756 -30.85882 156.32598 18.19864 24.42221 32.96414 51.26802 -5.46290 0.96936 -35.30838 -29.00221
66.99853 -1.87245 -9.92392 73.51161 -1.74078 -11.83062 444.31009 3.65585 27.83100 62.23678 79.83656 -2.70463 -1.00565 -14.26250 -4.87077
39.58459 -1.27988 -13.56998 37.18589 -0.34826 -15.59477 173.35817 9.46156 42.45434 31.21429 45.84078 -3.47792 1.16802 -19.18083 -8.05247
38.55844 1.72758 11.29633 33.55773 0.41199 9.00770 534.90171 19.82867 142.43953 23.74836 47.87752 -0.66222 3.34938 3.11180 17.06851