29.63280 -9.93158 14.05741 23.94426 -10.25033 13.81028 617.79165 33.20178 67.31636 10.21661 41.60858 -13.92414 -5.43548 7.90219 19.34416
41.96403 0.19023 -8.33385 41.06255 0.46971 -7.10409 723.21582 5.52030 162.18676 20.07352 58.42488 -0.56753 1.41844 -21.85992 0.00109
31.26856 6.46607 11.94929 31.13432 0.33886 11.54181 349.32188 219.44211 70.37595 16.43795 42.69328 -4.76888 15.60652 5.80216 17.40382
54.36580 -1.73962 26.44770 51.15206 2.92637 40.75964 448.04352 139.24638 2114.33554 34.67262 74.05670 -8.28869 4.99321 -29.53591 69.64710
18.08856 -3.79056 10.54950 13.84320 -3.31178 7.55331 254.85814 26.47752 174.37624 6.96404 22.22216 -6.54945 -0.04446 0.68724 15.21983
50.39113 -6.07772 8.69063 48.28750 -6.61564 8.98511 459.86835 14.03871 50.78497 36.40511 60.30611 -8.78054 -3.88630 2.36934 13.65634
45.37013 5.94265 40.15253 45.85192 4.87004 43.54759 612.97137 123.80831 525.50350 25.90623 65.13651 -2.01748 13.74712 23.57984 59.23643
51.42988 -7.03973 21.57372 53.05959 -7.74003 21.83994 315.81109 18.30959 37.80657 40.28189 63.65130 -9.81907 -5.29191 17.48303 25.88686
41.91223 -0.29391 34.70530 40.68896 6.22333 36.45641 433.45077 335.72467 308.15926 26.29920 54.98317 -8.31720 12.69447 26.07782 45.32516
50.73929 -4.08342 -10.30482 52.70016 -4.29659 -9.91667 358.62808 7.11061 18.67438 37.62513 67.96225 -5.92804 -2.29183 -14.28519 -6.47073
43.79277 -8.87390 6.00112 42.22648 -13.86478 22.08481 280.64503 205.71557 1305.18812 32.82043 53.79729 -19.69781 -0.83592 -29.29341 34.52717
60.94477 -18.41776 36.58576 63.64008 -18.39687 38.86171 782.11305 58.09399 251.00930 40.37444 85.48220 -23.49069 -13.86610 26.45139 47.81595
45.97694 -12.36367 14.52150 37.46133 -13.71121 12.16036 990.61639 56.68046 158.30262 20.96162 70.12083 -18.22536 -6.25909 4.85688 23.45769
48.60300 -6.74979 10.90945 49.10198 -6.05747 11.46263 426.17179 23.57378 97.05378 32.34140 65.00056 -9.69195 -3.35761 4.76040 17.89927
18.43439 -9.65865 13.25451 15.18547 -9.63530 10.91191 242.62679 41.12176 134.89273 3.08590 32.04009 -14.83545 -3.63188 2.86318 22.12245
38.00802 -4.96670 5.14038 36.57161 -5.06428 10.51048 606.83191 34.00795 505.16715 17.05202 58.09960 -9.26769 -0.81774 -3.59644 22.43137
43.36486 -7.51362 8.58291 41.10460 -7.92300 7.57565 792.36312 34.95779 96.97065 20.79300 60.57379 -11.96999 -2.25787 0.64165 15.64825
52.63802 -4.26023 39.39041 55.40102 -4.45293 41.63930 383.95884 114.87470 215.03065 42.35380 66.33157 -12.33285 3.08944 30.58246 50.10634
60.63249 0.71231 -1.06187 62.30325 1.23874 -1.29620 315.76632 2.29840 4.02281 51.39979 72.26301 0.30382 1.43135 -2.53679 0.00284
54.17226 -0.00014 4.05561 54.15137 -2.31139 5.78332 215.81999 34.22674 47.60006 45.14141 62.77253 -4.21974 2.56263 0.02351 9.03639
34.62318 2.76175 0.17379 27.92478 3.17402 -0.67313 586.85045 18.14319 76.76797 17.79917 43.92995 -0.20722 5.85361 -5.69172 4.12896
41.61416 -8.84767 10.49738 39.67573 -9.34204 9.73833 278.11097 38.15040 18.64056 29.73585 52.35824 -13.25347 -4.93128 7.43211 13.24840
36.23741 -6.39243 11.28075 32.76956 -6.17729 14.26182 629.33290 26.12648 297.60230 15.55678 55.51804 -10.13693 -2.56789 2.72487 24.29876
43.03958 3.84816 36.90082 41.69964 2.83776 38.84777 513.68970 84.61975 391.74327 25.68841 60.54009 -2.68330 9.66856 23.07487 52.63907
46.40344 6.38344 19.96287 48.62845 5.17531 18.51227 213.65770 72.42456 96.98755 37.13132 57.17778 0.74165 10.51901 13.44100 24.67183
34.28037 -0.81577 10.63596 29.26154 -2.40336 7.17441 639.43832 68.01004 171.98938 14.05238 47.15880 -6.98463 5.45653 -0.28456 21.92579
45.70765 -17.69537 34.54364 42.87587 -18.11499 35.48970 785.63929 64.99192 299.46172 21.28463 67.65070 -23.82220 -12.47462 22.67193 47.42471
47.78568 -12.49744 20.55640 45.34300 -12.77656 22.41750 691.97882 56.47038 198.01937 28.09487 67.12763 -18.96528 -6.43281 7.76519 31.06774
55.49422 -7.75727 17.20397 52.84023 -8.97788 22.26291 373.21536 21.60845 198.20236 42.67125 65.27459 -11.22833 -4.87662 6.00537 27.50385
49.08993 1.84785 16.83431 51.85912 -3.95296 15.20479 463.36700 164.05520 153.03111 33.13301 64.28621 -8.91229 16.79746 9.78426 25.17636
36.13325 -16.55648 20.96984 36.80227 -19.82934 23.95840 315.02419 151.71872 432.86482 20.01343 49.14271 -26.24573 -6.53567 4.30236 37.76849
60.33627 4.75719 8.08488 62.24684 4.47402 8.25792 682.20985 25.72511 145.24363 35.83710 85.46205 1.50332 7.87204 -0.67245 14.80241
52.75066 -3.52225 8.15938 52.65390 -3.46855 8.42227 220.52512 4.47715 19.47278 43.65360 61.58830 -4.83672 -2.33560 5.86389 11.14233
38.65740 0.27940 3.83653 37.18288 0.04301 2.41914 756.17328 51.81368 58.76291 14.05084 58.77219 -4.71284 4.94661 -1.07551 7.37652
54.26992 10.72730 7.25184 55.69543 7.40253 7.62487 369.19909 204.15837 315.49068 40.48322 69.45633 0.62065 20.47523 -8.59725 22.24355
50.35699 -4.54657 16.49050 51.12865 -5.08071 17.81202 283.73185 16.34322 128.03350 39.74183 60.93472 -7.63342 -0.72477 5.61562 25.87380
45.68021 3.89189 -21.45127 45.72426 3.29931 -16.83508 464.35964 18.51728 305.61976 35.09474 53.31345 0.27809 8.06276 -41.36430 -8.57101
27.65117 -1.82902 0.23611 8.09387 -0.66809 0.19425 1100.48572 40.53500 211.57388 1.29488 53.44662 -3.83165 0.29466 -2.54686 4.14246
45.43590 -0.02026 -8.32436 40.82590 -0.77389 -2.54659 811.77192 12.86811 303.39201 25.42076 60.17876 -2.71529 2.57696 -13.69827 3.57535
15.57708 -3.71996 2.83991 7.30902 -1.70043 0.29024 261.61927 21.38829 66.92457 5.46386 20.46108 -6.22762 -0.00037 0.00026 4.12276
37.73852 2.02627 3.97800 32.59588 1.89887 3.39121 574.42069 3.86877 10.02734 16.79664 57.01415 0.92728 3.30643 2.20720 5.35275
43.97478 -6.42569 25.64877 43.98647 -6.30911 23.73552 181.79764 18.22243 238.05132 36.18467 51.29395 -8.93608 -4.06595 15.82322 31.84118
37.86844 12.24614 21.72505 29.74190 12.82538 21.02888 758.92457 158.63522 184.86694 13.84505 57.84345 1.60681 23.40081 12.84293 31.10324
58.46809 4.17403 33.06444 60.84486 4.85702 48.18965 402.80601 53.07714 1503.89170 45.43548 72.10467 0.40382 9.11573 22.53759 59.81605
29.19609 -6.19092 9.61135 28.01598 -6.35876 9.82130 384.48261 19.94976 63.10691 14.27357 40.70520 -9.63186 -2.91664 2.57686 15.54816
41.75280 2.57309 -9.60923 28.59824 2.95755 -2.90582 737.45733 7.81199 169.59737 20.00440 69.07466 0.10734 5.03290 -25.66889 0.95889
34.88715 -10.55205 12.43164 28.51834 -11.36625 9.88816 609.05538 58.68473 109.98349 18.01123 43.74214 -16.85473 -4.30255 4.29976 18.23401
34.60584 -9.22130 13.92787 32.94199 -9.27771 13.69529 337.97511 15.49797 45.78416 23.47314 42.47960 -11.98160 -6.50051 9.34408 18.04770
38.60957 -13.28067 25.40854 36.14428 -13.40088 25.40544 556.05682 112.65784 149.90504 20.89166 53.37895 -21.51066 -4.45702 17.47959 32.85314
46.73975 -12.37290 23.05205 46.56427 -10.07233 23.82294 495.30199 47.32137 128.12413 31.60551 57.94157 -16.36805 -7.68914 18.06561 30.06866
47.09492 -7.77550 22.76369 45.66144 -8.87162 22.98870 231.21859 44.95866 114.09203 38.06561 53.66131 -12.28212 -5.05973 17.74427 28.81617
46.37010 -5.94208 17.22794 51.89898 -6.83483 19.93034 317.47369 14.18661 96.56959 37.93444 58.56558 -8.63989 -3.54112 7.68353 25.13735
23.23092 -8.04197 14.35484 18.30844 -7.45099 11.99837 512.33774 29.98901 126.84964 3.73769 34.21605 -12.91313 -3.04267 3.86427 23.79584
21.91549 -2.04107 -2.54966 12.86887 -1.86691 -2.31187 516.78128 3.10987 8.25302 4.06657 33.58734 -3.27254 -0.80112 -4.40053 -0.19398
38.92283 -25.61361 27.47718 36.23430 -24.40712 24.02587 396.28977 85.63631 156.28591 23.79165 51.37084 -31.88569 -20.13615 18.22511 35.60615
52.46201 -14.55450 5.86512 55.38594 -15.99757 0.82603 571.26642 30.21303 209.56995 33.25441 72.94389 -17.59938 -13.22401 -4.79800 13.47293
57.28121 2.35812 -3.95459 57.87480 0.92128 -2.33039 244.99823 71.66953 70.95820 46.97118 69.33907 -5.58470 10.70533 -11.54425 3.07533
34.63158 -7.60818 13.28116 34.32446 -7.78444 13.30176 122.97467 8.86618 21.74433 27.64031 41.43306 -9.76675 -5.21486 9.98506 16.71923
49.24508 -4.86581 -8.46670 50.77415 -4.83382 -8.45847 594.42989 3.57952 18.65636 29.93686 66.94327 -5.97687 -3.68345 -11.39479 -5.66169
41.12441 -16.88235 5.83085 38.55412 -16.20689 4.90683 437.45136 38.46267 55.01261 25.56567 53.17008 -19.27031 -13.12323 0.78907 9.25980
26.82800 -0.31683 5.84791 18.92844 -2.00762 4.76608 549.77316 49.95464 149.09379 6.86817 43.24094 -4.84674 1.51067 1.05317 12.02370
15.53458 -0.25041 6.77026 2.70216 -0.27824 1.59613 453.96902 21.27274 90.29510 2.42799 23.06817 -0.27826 1.29238 0.75714 9.54781
36.51517 -3.76576 2.41756 32.16901 -2.80395 2.38600 892.29198 29.12801 57.96336 7.86409 57.92679 -7.40013 0.39148 -2.09545 7.56636
48.60238 -4.19422 17.23587 49.09269 -4.84187 18.17895 182.00582 13.50431 103.12314 40.12233 56.92736 -6.69041 -2.76218 8.00276 25.10667
39.28147 -12.57437 12.78376 38.60058 -12.44446 14.98961 264.85333 10.84604 147.04609 26.73878 50.29208 -15.04961 -10.18722 4.14346 21.99383
27.11951 1.44950 -17.58708 29.52944 1.31874 -18.54619 298.08064 6.14519 86.27727 14.63120 34.86474 -0.16673 2.75627 -22.90262 -11.50620
37.38531 -20.14521 18.41745 39.70771 -21.25325 19.15216 294.09700 87.96658 76.36755 25.38784 49.39718 -27.69462 -13.37280 12.29552 25.31312
47.26592 -9.73841 11.41406 46.74181 -10.39295 11.58574 697.54306 30.47236 37.54286 25.23715 68.92873 -13.51588 -6.83480 7.33715 15.69086
37.89720 1.15661 22.98301 38.19691 1.12366 23.27322 267.91477 7.94020 57.90853 27.09398 48.25075 -0.58279 2.90030 19.10821 27.93466
51.27726 -6.19688 17.74057 50.93614 -6.30622 16.93334 116.19490 8.47123 40.32613 43.48246 58.82976 -7.99601 -4.74884 12.53421 22.20522
49.55742 -7.33214 12.57287 52.06681 -8.89866 14.49926 233.52725 41.46421 76.35703 42.57491 59.08758 -11.39397 -5.55188 6.96240 19.35573
37.18576 -16.63072 25.12489 36.63075 -18.59619 26.70469 439.70509 111.79826 239.25126 23.67166 49.02166 -25.06336 -6.57969 11.36840 37.25089
27.98118 -15.50135 12.49659 21.98730 -12.76194 9.74416 550.58885 140.77207 141.77132 8.20267 41.94485 -24.17507 -5.19407 2.68960 20.61239
37.48034 -2.13803 27.74892 37.45614 -2.39392 27.32325 469.33337 86.93704 261.15591 22.14808 50.35338 -9.22618 4.31579 17.82178 35.65472
39.43492 -15.87424 26.21402 38.21411 -19.25731 30.44532 434.61299 72.29960 192.12244 28.23580 46.02961 -22.38205 -8.60338 15.04387 37.13571
42.66389 12.16920 21.39233 36.90542 12.35697 20.10169 842.32302 201.55174 257.07317 15.25278 67.07059 -0.60102 25.89974 11.19815 32.61056
50.33651 -9.48884 23.65879 51.07556 -9.39149 26.95820 228.15217 24.04943 222.98834 41.21588 60.41025 -13.17720 -6.89911 16.38649 33.45741
51.88870 0.70260 15.79283 55.08034 0.89798 14.86821 793.07102 7.69391 72.49248 28.83234 76.24676 -0.72507 2.48317 10.19561 20.34775
43.47666 -2.43792 24.81447 37.58349 -3.31119 26.98281 754.24355 31.06022 123.27804 20.00824 64.71182 -6.58620 1.34304 17.66761 32.08404
27.74581 6.48668 23.56363 24.05594 6.02403 24.91052 339.08930 18.35718 118.09912 16.38031 33.98899 3.72050 8.75198 17.59556 30.61418
54.97401 -5.81492 20.33068 56.92696 -6.07915 21.93055 605.37510 28.29054 158.37409 35.65741 73.20602 -10.08232 -1.98102 11.05875 30.94817
63.45565 -1.20131 25.78106 67.43792 -1.97601 26.75554 657.83861 30.74757 162.47996 43.26299 85.99993 -5.26215 2.11306 16.88427 35.13974
46.25588 -24.64907 19.81121 45.94326 -24.34382 18.45232 467.83553 47.98630 94.90972 29.26184 63.41868 -29.46109 -19.60667 12.31728 26.72026
49.01741 2.55457 18.86391 46.14042 2.07009 17.98223 862.18417 26.26244 127.32361 25.68191 72.15708 -1.38233 6.07734 9.98904 26.63151
41.33384 -7.83117 11.60149 40.31984 -6.91522 13.92350 488.12379 33.84519 155.42395 25.58617 52.93367 -9.90414 -4.83261 7.73877 18.66749
55.97709 -6.13343 24.16000 58.51081 -6.19655 23.42200 168.03008 12.42207 42.16206 51.51820 62.83051 -8.10485 -4.40188 20.65429 27.47070
25.91268 -1.57154 5.81588 17.54319 -0.36223 3.74157 722.31556 22.07868 46.85139 1.37087 44.82475 -3.81407 0.95672 0.09214 10.33724
36.40713 -2.09165 19.45162 33.68629 -2.00712 18.02193 289.88143 10.17079 118.79954 23.80271 47.74903 -4.22258 -0.07383 12.58422 25.64887
46.56283 -19.13916 30.48278 38.58995 -19.69310 28.83578 979.92537 70.86195 272.18193 20.53956 73.82378 -25.16129 -14.15712 19.35308 41.22381
46.13073 -25.24436 6.65079 45.71337 -26.44765 7.46683 553.29445 87.27170 133.53222 26.02730 65.05011 -31.16211 -20.28237 0.00061 13.36309
45.80149 -8.16939 10.10500 40.79703 -6.95605 3.85209 972.73772 52.59070 337.86570 19.99860 69.39428 -13.67550 -2.14186 -1.46441 20.60222
51.38103 -2.55858 4.25546 53.87579 -3.12870 4.35661 377.24793 12.88702 28.35625 38.60156 64.68270 -4.69797 -1.30395 0.29376 7.99225
47.39793 -7.48338 23.58085 51.70781 -8.33899 25.02517 420.99380 24.11699 56.60503 30.75772 63.60750 -10.40814 -5.98251 18.74095 28.82625
49.27170 -9.95788 21.66454 50.57208 -10.03099 20.94750 479.21144 17.79129 60.26907 31.57239 65.84545 -12.56322 -8.31066 16.93508 26.32668
44.17705 -18.85711 18.98608 40.74336 -19.28345 17.78608 501.00133 61.33005 150.76931 29.11020 53.41593 -23.31598 -15.05360 13.03384 22.60125
33.07767 -6.45093 1.15748 30.57916 -6.34835 0.00061 584.75961 20.69379 123.41009 10.84126 48.12551 -9.72155 -2.91577 -4.40444 6.99894
32.51555 -11.34324 12.61991 24.59190 -14.54003 10.13798 823.15053 87.44355 295.24240 6.62974 54.00415 -18.10424 -4.16232 0.57264 25.89572
24.99441 -7.59001 11.09523 20.79336 -8.00695 10.70321 525.65833 18.41336 57.54054 10.42571 30.79634 -10.08198 -4.71416 5.60172 15.06221
51.85014 -7.27239 6.79493 53.97771 -10.03859 9.76320 356.01626 133.04609 1046.20978 37.19094 65.00904 -16.77110 2.50775 -13.53150 33.75245
39.78370 -0.43875 13.43081 39.32600 -0.60107 12.92870 585.95163 50.44567 108.03650 17.43350 58.92834 -5.78113 5.05646 6.32222 20.50281
39.50516 -4.43248 25.32052 37.41536 -7.20977 26.20137 480.67795 382.35730 464.23053 24.33999 52.03967 -16.88954 1.38210 11.23326 40.54106
42.84250 -8.34278 23.61910 42.39643 -8.51976 27.38418 210.16573 6.21541 153.69495 32.63531 52.82946 -10.12871 -6.80475 18.91832 32.24543
41.22458 -0.48840 5.19206 40.51902 -2.39652 4.28602 472.16696 121.46240 391.01340 25.84932 54.56298 -7.79951 4.58187 -9.80012 18.95084
43.53641 -13.46925 15.29779 44.14441 -14.89426 18.25621 299.77535 77.59452 218.68476 30.70002 55.37199 -21.04704 -5.96189 10.03827 25.52168
36.70825 -17.12370 19.23979 32.77854 -15.35077 14.29246 370.77256 158.68277 227.29481 21.41609 50.77970 -25.27357 -9.46632 8.79984 29.02195
41.74297 -0.12358 5.20129 40.99104 -1.94047 4.44975 300.24631 88.36743 253.14797 29.50272 52.09806 -6.21171 3.74017 -6.63718 15.98335
52.15327 8.35049 17.30815 54.18563 6.52809 14.25572 1052.94611 83.92665 226.56664 19.31256 83.05026 1.15904 14.77587 6.99473 26.18815
41.25423 -4.87405 3.96598 36.47685 -4.11081 3.16591 534.09723 71.91361 300.68320 23.71528 57.26736 -10.97166 0.99592 -4.02228 15.91657
26.60338 -7.11399 18.87093 22.60304 -6.49658 18.09819 522.16393 41.62025 233.50932 4.42407 42.58335 -12.66598 -0.97343 4.36966 28.30109
32.42609 -2.44946 -2.42328 29.55717 -1.51259 -2.77775 415.69223 44.43743 79.70048 17.66542 40.58244 -7.27590 2.72301 -7.76397 3.53935
28.86048 -2.36266 9.80897 22.47687 -1.70036 8.34701 655.30516 24.10021 101.26518 9.21976 40.32807 -5.25836 1.11234 2.45558 16.26543
34.53702 -3.92803 -5.76655 29.82382 -2.49317 -2.29325 677.41208 20.80577 123.02296 12.54801 51.68933 -6.72981 -0.61254 -15.38603 2.49739
40.89662 -17.43003 12.57475 39.57653 -18.35332 11.67308 671.07915 83.22653 145.23302 18.04319 61.67971 -24.33126 -10.76739 2.22593 21.58703
42.58480 -13.05227 1.78134 42.00658 -12.97900 1.39858 545.19585 143.34882 311.72509 21.42764 59.51503 -22.61535 -3.11799 -7.64096 13.93770
49.92446 -27.09253 29.44107 49.42801 -27.59382 29.69973 376.89609 92.29086 131.68099 36.38014 63.13823 -33.68449 -21.83355 21.86286 37.32875
30.17341 -7.62408 18.92818 27.01707 -4.21097 17.27499 704.76923 80.33962 274.47824 6.06031 45.06562 -12.83910 -0.40056 2.29054 29.36733
50.61673 0.08906 -7.18175 43.55360 -0.00115 -7.23882 1068.21271 4.00989 29.24433 21.88771 87.69686 -1.26420 1.33333 -10.75443 -3.41974
55.91012 -19.46654 34.20058 58.19495 -19.81115 36.15807 237.97747 22.34463 171.32413 46.25498 66.98336 -22.98867 -16.22701 24.70106 44.27933
28.87584 3.11299 1.02269 29.57322 0.94417 2.55706 377.63173 109.95462 188.87530 13.96819 36.92165 -4.93966 13.65269 -8.82689 10.99137
27.57078 -2.60613 7.76682 25.26023 -3.19976 11.11188 240.90943 28.56419 168.76828 16.32214 36.57766 -6.85529 2.23642 6.22032 14.79641
37.45146 4.72377 17.74103 33.68225 4.53743 21.06207 608.44194 36.85452 756.80139 15.61874 60.76422 1.18636 9.00041 3.95191 37.46395
56.60206 -5.88760 22.38296 57.14868 -6.37834 24.12529 206.30372 34.80086 168.60040 48.85174 64.97985 -9.90924 -1.92592 12.00500 32.36900
50.24612 -10.10375 20.30293 50.08760 -10.78963 19.42498 378.18771 28.84153 160.67405 35.59930 62.45448 -14.17576 -6.03237 10.85893 28.18588
34.07698 -10.22292 23.68350 30.21063 -7.07679 19.24691 995.10974 97.49528 505.08553 0.98039 58.49204 -18.67397 -0.80112 1.04323 40.68514
30.69126 1.77651 13.35157 26.67596 1.27387 11.94934 403.77915 34.36868 106.03458 15.52236 42.01853 -1.59634 4.73915 6.24060 19.60744
44.65165 -19.60296 22.41280 43.56349 -20.03471 23.09730 267.12616 57.48396 114.40744 33.82355 54.82421 -25.09568 -13.54377 13.62656 30.33007
31.79314 -5.71740 2.42117 30.96882 -5.19112 2.11042 270.80589 107.07426 146.40575 20.03629 41.34248 -14.78642 3.84642 -7.66338 11.08195
37.66357 -5.72276 8.36962 31.95263 -6.35138 10.60690 553.67459 21.56867 125.05701 20.99297 48.76043 -9.46509 -2.14919 1.06837 16.93923
49.12237 7.85933 21.50479 49.94784 5.91622 21.25477 829.68632 139.36086 373.87726 25.96244 71.70731 0.36350 13.10221 5.92953 36.05864
32.46443 6.52351 18.25151 30.69430 2.77137 19.00207 422.47410 325.41642 69.26415 15.40903 46.94119 -7.64391 18.52782 12.12386 24.59103
45.79782 -5.96375 6.81881 36.92576 -6.29818 8.43055 897.93085 22.62209 176.22693 21.56868 67.66486 -9.90320 -2.14528 -0.68535 16.91746
50.39934 0.89720 -16.73065 60.17982 0.88025 -17.85236 407.70051 3.55787 25.93239 35.08948 66.22963 -0.42301 2.10643 -20.26348 -12.34815
44.94107 -3.25718 19.27783 45.38363 -7.13381 20.83508 316.98401 74.27977 53.51300 30.22173 58.83394 -9.00555 -0.35678 14.89705 24.34299
52.61407 -3.18297 17.44349 55.26352 -4.80086 18.55163 380.25834 41.00696 50.85479 41.01050 65.59607 -8.69796 2.03871 11.46577 23.00579
43.19693 3.03017 39.73359 45.11562 -0.61247 40.11694 302.17811 184.60775 215.94280 31.65380 56.19254 -6.74708 9.34897 30.23919 50.21791
52.07789 -10.92728 26.28621 52.58270 -11.22811 24.31121 380.73874 28.04124 133.52364 35.38323 70.27358 -15.54799 -7.39583 17.11103 37.70460
45.74755 16.88363 37.23178 47.28352 17.08181 37.66354 528.24152 79.90012 337.52298 27.29601 62.58311 10.68041 23.60050 23.71174 50.98428
53.30639 -5.15243 13.36064 53.00115 -5.61005 13.29121 110.45092 10.25156 13.08715 46.26425 60.32867 -7.21246 -4.25698 11.02963 16.25796
52.37194 -7.98974 22.17586 51.60690 -8.10206 26.38403 224.83788 24.42386 230.66699 43.46051 61.32270 -11.57055 -4.47521 12.00459 32.92428
43.76672 -2.97464 19.36005 44.47758 -5.61486 20.58429 394.56811 302.66499 151.24235 29.99681 57.33631 -17.81121 5.75593 10.66075 29.00836
42.06369 -4.62687 10.79617 41.96834 -4.77393 10.94686 110.35867 6.36791 34.37248 35.24497 48.84054 -6.27302 -3.10514 5.90476 15.14494
36.87819 -3.32473 5.99118 30.88180 -3.43208 7.72074 742.01166 37.24620 488.48907 14.04457 56.79188 -7.65900 0.16929 0.02305 19.28419
45.37079 16.84777 17.65657 45.85849 16.32798 17.11843 760.24789 142.45753 313.42812 21.36142 67.58710 7.38175 25.07191 4.28499 30.90799
52.34055 -3.31859 -7.56386 55.62969 -3.52431 -1.86451 880.50762 10.29739 258.93463 26.05971 72.03336 -5.56095 -1.27031 -10.77750 2.51378
48.29276 -17.99641 34.25979 49.13138 -17.35697 33.81371 906.48758 110.27579 415.74777 22.11179 71.17589 -24.77434 -10.07076 18.74523 49.50314
43.22199 -5.28726 12.81798 42.98456 -5.10926 11.25607 98.33337 3.66423 39.50718 36.04036 50.52342 -6.35082 -4.38678 9.12406 14.21996
29.32829 1.27528 9.75887 18.58977 0.76787 7.46397 871.44145 13.31939 113.90055 5.22395 44.49597 -0.83599 2.99579 2.22516 15.22151
51.99463 -0.73042 2.56903 53.03928 -0.60626 2.34608 162.93938 11.77241 30.19004 43.95104 60.99753 -3.15795 1.65085 -1.41328 6.80580
41.88030 -5.46095 6.57016 36.24504 -5.07635 6.94080 412.72325 21.97303 53.48228 25.41241 55.06765 -8.51347 -1.96655 2.56009 11.16547
40.95648 -5.61582 18.98981 44.58149 -5.88311 20.06020 203.28297 8.27652 43.91895 32.39262 51.09383 -7.40609 -4.10368 15.04453 23.79746
23.44768 -6.75340 4.40641 21.55332 -5.63469 1.64310 387.07481 35.32405 58.00429 3.48251 38.38373 -11.70727 -1.18522 -0.35838 9.22050
33.99008 -9.71444 12.34590 34.28319 -9.92135 8.23225 374.95329 32.86944 132.06312 21.30272 46.41146 -14.36562 -4.51778 3.38137 21.66062
23.02194 -7.37289 -2.35552 14.03289 -4.76954 -4.46030 519.22486 58.04333 68.35784 5.60897 33.37905 -11.43945 -1.27090 -7.22694 -1.41135
40.27648 -2.14214 15.72509 36.66584 -4.28938 16.46695 572.54486 45.97164 62.03931 20.05461 55.64611 -6.85974 -0.00032 10.39063 20.65890
50.54291 -8.91781 10.60633 42.93777 -8.15886 7.77471 641.74789 50.71273 144.86052 30.63239 66.85018 -11.58547 -4.34765 3.43643 11.88649
43.54527 -2.43805 4.73617 41.96477 -0.53066 2.94484 240.31697 54.75042 101.42128 31.92002 53.35755 -6.95607 3.29160 -2.50443 9.88304
29.10614 4.67872 25.96398 25.00261 4.78989 24.13385 447.41628 31.79963 275.54096 11.97812 41.85193 0.74290 8.57487 12.87161 37.34594
53.02453 -27.39243 16.68956 50.16610 -27.81184 14.92623 463.69430 163.67866 195.08492 35.85457 67.16965 -36.76640 -17.22711 4.71710 27.99433
35.30547 -18.78286 16.10494 35.42375 -19.87703 15.80491 214.79331 48.40787 86.20055 26.55044 43.87510 -23.89121 -14.85326 9.60435 22.39344
34.79724 3.48450 17.72300 33.80297 3.90469 17.11453 153.47767 28.02722 41.12677 25.97260 42.69041 -0.17136 6.70451 12.98765 21.41727
32.22250 -7.55235 16.64831 29.81358 -6.76635 15.38251 469.31138 43.90458 183.89420 15.56134 46.79389 -10.95580 -2.57625 3.98809 29.08091
50.43455 -7.38545 19.43733 48.67201 -8.43381 20.59349 327.77455 22.26775 123.30015 39.34184 61.38121 -10.70203 -4.95865 12.44125 26.59688
51.65878 -9.03885 26.81426 59.52172 -8.40549 32.15299 563.94604 42.49948 337.03255 35.00561 69.84309 -13.66367 -4.21016 9.13131 41.40849
52.25620 1.43951 5.84728 53.21350 0.91677 3.77444 211.44707 40.92682 102.41900 42.01922 62.54565 -3.24824 5.85856 -0.69796 13.03321
36.34982 -19.66291 25.01394 37.04829 -20.86206 25.55974 249.99528 52.19534 151.51859 25.25356 47.58109 -24.67420 -15.91305 16.53168 33.73572
32.59324 -11.82343 15.31001 26.97792 -11.30013 13.59464 582.41223 34.57086 101.26532 13.50294 46.28308 -15.88158 -7.14113 7.24376 22.38201
28.14090 -3.14298 -0.07026 22.11000 -1.60224 0.02579 668.83311 19.97965 44.56322 4.69468 44.45113 -5.54836 -0.00179 -3.53072 3.20949
31.41713 -6.53659 7.83809 32.63694 -6.55602 9.03877 355.23029 35.50603 197.94749 12.69050 45.89755 -11.52053 -1.84230 1.22551 18.66092
41.10957 -13.58887 9.91905 34.55309 -13.23807 7.87548 679.62768 110.62111 138.48765 20.24724 57.04929 -21.49059 -4.34442 0.60558 15.90780
28.64106 -3.66339 -7.56312 21.65881 -3.72116 -2.73352 499.85611 28.17346 206.46066 10.48729 48.22040 -7.91008 0.40565 -15.10696 2.44186
17.54348 -0.86761 -2.51726 4.85027 -0.00016 -1.79981 718.46982 4.52180 19.47304 0.88325 19.08344 -1.79842 0.27805 -3.73041 0.00007
41.27798 -4.85943 8.97569 37.30921 -6.38655 14.48497 683.92714 49.31621 464.11407 21.88805 56.50408 -10.09287 0.12244 -1.46411 24.89377
33.99493 -3.83458 1.61302 29.50617 -3.00204 2.08022 542.35717 15.15479 81.80525 16.77038 48.92842 -6.63178 -0.39534 -1.77718 7.37595
23.03800 0.93282 7.59880 10.21169 -0.00243 3.77375 798.04878 16.34678 132.13193 1.78281 34.42949 -1.18516 2.64484 0.01010 13.08683
31.84335 -3.87414 -1.30596 23.73652 -2.66488 -1.28773 931.33998 53.81839 49.48874 4.45410 49.10589 -7.27561 -0.10590 -6.18178 2.26450
49.71291 -6.35184 4.11602 50.32604 -6.62600 3.78372 140.40742 10.63563 26.34544 42.38674 57.59484 -8.07426 -5.19982 0.93351 7.54538
32.99490 -2.89059 -5.71330 18.89528 -2.88567 1.08619 929.64061 13.25799 347.35412 5.76023 65.90061 -5.11480 -0.33124 -10.30974 4.90059
26.82426 -6.55654 17.75810 22.96438 -4.58066 15.70269 340.91257 62.04225 137.42798 12.33604 39.20297 -11.64114 -0.52348 8.39821 26.31224
44.41423 -7.16029 7.78320 37.31496 -7.91656 9.76049 822.93936 19.28391 203.72463 21.53961 62.26351 -10.61824 -3.68434 -0.73316 18.82909
39.38597 1.87641 36.86015 35.92499 -0.69853 36.76578 588.41409 136.39613 333.88494 21.09024 55.64039 -5.38084 6.50236 25.33475 49.22532
28.33403 -0.58044 8.93900 24.26891 -1.68440 8.17557 388.29121 39.72152 59.77318 14.67949 37.00042 -5.07625 3.82109 3.86621 13.57467
69.25944 1.67392 34.72249 73.19909 0.99777 38.16052 320.43110 38.88794 177.20704 63.45428 80.79299 -2.69772 5.21847 28.24524 44.77627
49.22739 -7.74943 18.65457 48.66961 -7.78930 18.77920 549.92502 8.97737 42.43654 29.83903 66.42626 -9.95821 -5.81946 13.91130 23.41589
34.42412 -11.99737 22.59624 31.89654 -10.70149 22.90363 523.57863 99.70859 138.99121 16.66842 48.72129 -19.62164 -3.73713 14.48342 30.30722
40.92684 -5.19909 7.67246 32.25751 -3.22623 5.50680 590.15890 46.21642 142.99420 20.89643 57.88666 -9.47112 -0.01223 -1.07455 14.90861
49.17676 -2.61701 6.67006 43.65360 -3.02186 6.13483 457.80010 7.51942 35.02142 35.08052 55.12140 -4.77556 -0.35106 1.73532 11.63345
41.48245 -9.04041 12.42497 39.76813 -8.53185 14.83669 659.21083 58.96758 467.84741 23.23636 57.36495 -15.52046 -2.31333 -2.30084 29.69469
22.80584 -10.31103 14.35960 19.52754 -10.80134 14.00222 360.39573 53.90808 120.90343 8.70215 30.85923 -15.96995 -4.09382 6.10485 22.52004
52.74136 -7.40110 10.67179 54.40349 -7.85619 9.69616 254.88921 22.93398 57.31695 45.43715 61.93159 -11.43671 -3.88478 4.76813 17.57967
32.77663 -5.45122 16.89227 32.61206 -5.34009 17.96688 321.31296 15.35065 357.64543 20.01918 42.14992 -7.98819 -2.30415 3.17381 32.80899
39.63502 -14.83668 21.19560 30.85588 -16.45292 21.53191 854.59303 54.47800 242.82684 18.31313 55.58268 -20.49622 -10.17518 8.48921 31.59805
53.05999 -6.49422 17.59578 53.75461 -6.46951 15.82795 152.79852 28.52969 73.58813 43.88602 63.36829 -9.73337 -3.73757 11.39643 24.75131
49.58800 0.50934 22.30825 48.12475 -0.12175 22.25552 308.67935 22.50664 53.99960 37.34334 59.70737 -3.06853 3.40433 17.37838 27.50306
42.87381 2.48768 3.02699 37.74068 3.65721 2.41266 316.71130 19.19069 13.25178 30.63475 51.57004 -0.37726 5.48442 0.63596 5.54936
52.73238 -4.47890 20.86358 55.03442 -4.87317 22.39020 128.08785 8.61303 80.40661 43.88138 61.86222 -6.32476 -2.63481 12.15408 29.24523
33.07149 -3.74636 15.42696 32.35424 -3.34680 18.25128 291.87547 18.32782 160.62864 19.66198 46.22092 -6.19018 -0.94894 7.12372 24.64751
35.03550 -2.89607 28.03944 26.68625 -2.50163 24.14104 805.22009 54.80611 440.57447 9.02187 61.05902 -6.67507 0.52820 9.31340 44.64704
43.97304 -1.35049 -13.27266 47.89979 -0.96908 -13.23620 571.91650 7.05552 18.73395 20.81582 71.80643 -3.09205 0.52373 -17.39235 -9.58816
30.99348 -9.75570 5.27362 24.75317 -7.96608 1.85489 413.21687 69.48063 139.80946 15.00042 42.27685 -14.33083 -3.68033 -2.66427 10.24426
48.51202 -9.59219 23.95937 47.83145 -9.75861 24.79083 423.06644 12.02559 107.11946 33.26639 62.25499 -11.98160 -7.52640 18.09172 30.82582
47.68638 -4.00904 17.06192 50.88129 -4.00715 18.79481 825.61750 34.60954 150.95013 23.06288 70.75194 -7.95291 -0.41652 7.43208 26.50133
46.11890 -9.63777 24.91373 43.16863 -8.99444 25.44004 876.68687 55.03485 273.55799 19.26536 70.29545 -13.94632 -4.84402 12.04695 37.15564
28.93590 -7.98960 22.36511 29.01502 -8.16523 23.56479 182.81226 13.15756 78.14624 19.10919 38.44269 -10.36104 -5.78086 16.79333 28.53494
35.20242 -18.62212 24.20909 34.89114 -19.89251 24.20710 372.41361 50.91038 144.49633 21.86650 46.70880 -23.96384 -14.07216 16.16322 31.54317
40.58573 -19.62181 12.04637 37.96492 -17.52150 9.82727 269.03017 47.16616 129.51203 27.47977 49.62380 -22.97660 -14.87023 3.37146 17.57634
36.82509 -8.32399 25.72537 36.28644 -8.75746 26.99784 264.60642 41.24824 52.08547 25.16802 48.29099 -13.35443 -3.10080 22.46440 30.73192
33.95725 -2.14420 -5.10678 22.92197 -2.15384 0.85154 788.95455 12.42848 287.51464 7.88434 62.71717 -4.28056 -0.00025 -7.98645 4.40309
37.94985 -4.33491 15.50681 39.58059 -5.58800 17.95631 136.05421 22.86648 78.14040 30.58346 46.42506 -7.48454 -2.49880 8.97051 22.09648
23.17102 -8.05185 6.61575 15.32350 -7.81873 2.35180 597.51903 41.58916 145.09664 2.63739 34.58262 -11.87703 -1.86376 -0.74671 9.36524
54.76567 3.97280 16.80782 57.99237 4.15123 30.82170 420.98627 33.30127 1708.54418 39.44770 68.29377 0.86058 7.81330 -6.19500 50.26180
54.72530 -14.11492 37.92152 57.80262 -16.08913 39.65842 561.02651 131.35178 357.75221 39.37438 71.71801 -23.05062 -5.64729 22.37658 52.45623
41.21028 -3.95324 -3.12982 36.33394 -2.82302 -5.76435 753.53632 54.43308 112.47972 19.20752 57.86380 -8.38971 1.48321 -10.98741 2.93680
58.44143 -1.19992 37.52781 63.64143 -2.63775 40.63125 442.57830 143.74073 132.17788 45.30025 74.29614 -10.23676 5.57618 32.50822 45.60533
25.63370 -3.79480 8.31812 21.51417 -3.74526 6.88301 289.38657 12.04829 46.24743 13.05811 34.46320 -6.23081 -1.71803 3.83127 10.79356
16.28484 6.11874 -7.42935 9.10583 4.74076 -7.08961 429.11122 24.15830 101.24803 2.93527 19.36746 2.45125 8.56122 -11.76936 -3.20083
37.22578 -16.13006 21.24138 34.67697 -17.04220 20.96119 537.47291 58.99672 153.83450 20.67044 48.70611 -21.25366 -11.73232 13.04017 29.39518
40.04315 -3.66893 24.94394 37.81014 -3.76334 25.05088 588.58455 35.85621 620.81367 22.52890 55.55664 -7.88112 0.15765 5.73967 42.03075
48.05159 -11.19945 23.20575 44.44201 -11.22596 23.36071 377.37565 8.56805 41.14281 33.69589 61.25699 -13.04296 -9.61992 19.31853 27.14537
38.98657 -5.82709 14.28494 41.82260 -6.05622 15.76735 465.22340 12.31798 95.17487 18.33749 55.75749 -8.48077 -3.23675 6.12977 21.67462
35.89642 -14.46629 18.40411 31.96307 -16.33057 18.08621 553.39980 72.38569 175.24933 20.47843 43.00093 -20.82370 -7.19622 7.28411 26.98569
43.82759 -2.22912 -1.39067 38.08558 -2.00590 1.34289 695.23538 4.33232 208.35935 23.49266 64.95128 -3.42668 -0.58320 -4.27297 7.75927
46.80411 -5.51014 17.65152 47.17689 -5.94472 17.52371 111.76920 6.05919 13.27093 40.08236 53.79587 -7.24532 -4.40506 15.37176 20.05535
32.08463 -13.24482 17.61871 29.79179 -13.27996 17.21098 676.43406 83.93257 203.97435 8.59148 48.39157 -20.47299 -5.07425 3.52129 28.43337
34.46245 -16.48096 0.68061 29.07101 -16.37541 -0.46053 650.94628 88.67260 41.29435 15.11316 47.39862 -23.14444 -9.31830 -3.13207 3.24906
33.13455 -15.38728 24.47053 30.15169 -16.52745 24.12888 335.11112 59.80850 113.44054 19.07129 44.38375 -20.57569 -11.03357 17.36828 30.44553
30.00462 -13.99672 19.94199 29.37791 -12.37789 15.18550 516.89376 146.73382 298.57152 6.49439 48.42769 -25.40584 -2.14193 4.24766 34.08188
21.66334 1.53329 11.45902 21.00350 2.62656 11.83126 141.29344 15.43673 21.54555 13.62425 28.22983 -0.35416 4.27931 8.44823 14.39020
43.06416 -13.81185 17.05848 37.30229 -13.41598 14.93520 455.97635 10.69859 96.41421 28.46519 51.83336 -15.86826 -11.50100 10.11788 22.07806
40.90605 -19.14595 27.28779 39.80111 -20.35349 27.35769 656.07006 88.83032 223.51785 19.79113 59.11781 -26.03191 -12.21325 16.15723 36.30538
50.19579 -5.67811 2.23114 49.81304 -3.78645 1.41559 801.06819 82.79854 111.27324 30.26156 70.56502 -12.22355 1.36066 -3.69524 8.01155
32.72015 -5.27069 12.93266 30.04050 -3.41051 6.43163 572.27220 33.98337 310.63080 15.17673 43.38837 -9.96564 -0.59339 -0.86978 25.66474
41.86271 -12.03128 14.27955 39.71622 -12.89099 13.46306 430.92722 69.76197 33.57971 26.46073 54.98783 -18.37614 -6.66567 10.06628 18.05450
19.12719 -6.80549 12.13123 17.38049 -7.39617 12.49390 181.55956 26.97271 60.83955 8.63104 26.42816 -10.94929 -1.87177 6.12365 18.25308
36.63230 -21.42804 18.77720 34.82710 -21.90193 17.52440 707.93926 158.96475 258.37164 12.47743 53.26526 -31.34212 -12.14999 4.33267 29.39989
48.84185 2.26906 -10.72649 48.86500 1.87540 -10.73304 467.76913 5.78147 56.05058 34.25138 63.03420 0.74986 3.29119 -16.72905 -4.92161
28.30983 -7.69757 17.31883 26.25464 -7.95635 17.71881 260.70702 19.89632 53.52505 17.78378 35.13460 -10.79143 -4.50315 12.62749 22.34469
31.76563 -12.45463 17.97007 26.64999 -12.74382 15.90104 439.53551 150.65959 220.21180 16.42700 42.10185 -20.19854 -4.81291 6.32392 27.15831
59.00242 -4.43415 23.97176 58.82358 -3.08891 28.21005 391.88808 31.60114 424.63375 49.73967 70.22174 -9.26680 0.20828 17.20429 38.93406
34.34986 -2.10241 5.67658 30.33115 -2.23295 5.08933 385.28760 17.70064 34.15555 22.41241 39.20624 -5.09244 0.25560 1.24980 9.14973
42.59751 -9.82859 14.45510 40.04949 -9.61985 17.55657 699.93076 62.20768 445.43572 23.51880 58.83931 -16.19207 -3.07785 -0.64944 30.47722
43.12436 -24.43571 37.63695 45.71098 -27.90545 40.37898 433.34837 135.32083 292.11380 26.81132 59.81525 -33.56156 -17.05795 24.73219 51.24882
36.45752 -0.01715 6.52513 36.35335 -0.43954 8.00780 628.91355 31.14261 664.58709 13.04533 56.50281 -3.32634 1.89655 -0.95083 24.46227
37.96659 -9.99645 6.20199 32.01174 -6.37031 2.69465 271.75154 90.39529 176.52030 25.06716 47.76114 -14.89453 -3.03037 -3.16295 14.00312
47.85460 -12.02601 11.05402 44.43303 -12.30373 9.71489 559.76279 121.31701 142.69273 27.80790 64.06289 -20.64832 -1.55578 0.83248 19.89654
48.25689 -9.64891 10.04074 44.32905 -8.81151 9.13890 459.97721 45.62316 54.21688 32.94686 58.26770 -13.14962 -4.94627 5.84268 13.37515
44.28385 -7.09139 4.03546 34.46734 -2.52589 0.02113 633.01086 102.42596 133.34415 23.87408 62.41624 -12.06982 -0.00083 -2.66177 8.64867
53.52841 -2.69533 12.87462 53.78373 -3.15237 11.70584 145.76441 28.28298 53.32207 46.17903 61.56352 -6.39403 0.97188 7.63967 17.92075
38.41537 -9.99579 1.91966 34.65565 -9.87011 0.71378 451.05636 21.34391 37.49618 23.55887 47.83548 -13.04684 -7.14517 -1.35029 3.49693
56.16970 -1.13603 16.98627 57.13122 -3.05593 18.05506 318.99902 45.97837 64.13833 45.21601 67.36151 -7.08737 5.30105 9.78051 23.53390
54.36318 -6.36615 20.70269 54.74481 -6.51243 19.07263 144.32476 12.84646 58.69369 45.87419 62.81435 -8.46906 -4.73558 14.88492 27.17550
24.69359 -8.45730 21.53106 23.16904 -9.01189 22.24152 211.21561 15.37228 112.72716 14.97761 30.79902 -11.31281 -5.73367 14.58695 29.11591
37.43514 -14.26178 22.01299 31.13047 -17.21622 23.82731 810.93497 111.88367 479.86730 12.18844 58.45926 -20.68210 -9.96210 7.75194 37.71928
52.02408 -9.70119 5.11320 53.78559 -10.43952 7.35146 436.16331 30.40244 231.05104 37.74972 65.79046 -13.66625 -5.73962 -5.54261 15.76150
41.37857 -3.95114 -1.89995 38.72164 -3.38274 -4.57845 571.45295 69.76056 167.13612 24.50861 53.76658 -8.41278 0.68173 -10.78447 5.44143
53.01141 -20.13393 37.53869 51.85931 -19.92540 34.47255 669.69862 51.45624 557.47576 33.41565 74.68667 -25.60014 -15.01319 18.15207 57.61378
42.04806 -1.30447 25.63228 41.76959 -1.94866 25.83381 653.72324 111.78181 266.16544 22.02160 61.09213 -8.95360 5.03447 12.70152 37.76156
43.03197 -9.60175 12.42635 43.31152 -8.86401 10.75010 739.88098 61.43646 165.75163 16.96272 63.89652 -15.68710 -3.04024 1.13114 22.18826
55.28776 8.73930 23.89436 54.90839 8.03150 18.68009 585.84409 59.46248 320.23804 38.27549 71.92095 3.19587 13.59231 9.75787 38.96618
51.99155 -9.71788 24.52752 51.44274 -9.96242 24.06741 226.77208 7.83942 50.87243 41.77306 60.89120 -11.54308 -7.92708 19.85043 28.92526
57.52730 -8.68665 24.82319 59.15075 -8.74918 25.41722 330.64459 10.85339 34.57098 45.69524 70.46083 -10.65899 -7.05969 21.39570 28.60855
28.25998 -6.43233 1.43711 18.19158 -5.44103 1.11507 894.76815 24.54498 50.14595 4.55537 36.35635 -10.30345 -2.42879 -1.54615 5.60173
46.21509 5.29924 20.14936 31.37006 6.85633 18.38687 1559.42191 159.54897 284.60387 7.54343 95.73616 -8.06550 15.65019 4.92586 34.29418
46.56464 -5.39840 -8.95242 39.97123 -4.72911 -10.07128 612.30108 63.01114 122.32292 27.88037 65.78151 -11.49427 0.35699 -15.81499 -1.45837
42.91669 6.68558 9.52390 39.20822 6.71942 10.35196 420.30029 4.25864 65.82556 28.83205 56.31741 5.52622 7.92220 3.85217 15.70542
47.64065 -19.28745 18.18189 42.54542 -16.04560 14.99611 550.25884 170.74265 310.29750 30.49375 63.56131 -27.74033 -10.16593 3.96026 30.71207
43.30156 -10.26598 5.69662 41.84950 -9.54552 4.32656 485.09297 41.34321 57.80813 26.70844 58.08909 -13.86316 -5.89079 0.21714 9.87812
41.02607 -9.69103 11.61878 39.79020 -10.76458 8.31960 629.44829 113.79505 128.65350 19.75637 57.65639 -19.09032 0.04985 2.56767 19.55759
36.21065 12.61973 21.51337 27.53235 13.52987 20.48019 753.55014 154.03816 183.67932 12.43149 55.55338 2.16607 23.72672 12.19758 30.78157
38.43402 -7.29394 8.48727 37.03251 -3.53822 6.00002 747.00149 102.52714 128.63548 13.08135 56.11672 -15.38052 0.89878 0.02285 15.27542
52.34766 -9.35341 10.93734 50.79338 -10.11950 13.00532 588.28521 42.78644 111.10234 34.70595 66.25605 -14.55149 -3.67704 3.98716 18.60041
48.97266 -11.56742 15.83449 49.66938 -12.18464 15.91162 274.16320 20.68327 49.80223 37.97735 59.73462 -15.12154 -8.09391 10.92219 20.97168
33.93900 -1.88383 12.90456 24.47527 -1.83410 13.70374 780.16949 22.47135 92.44263 12.36794 49.90610 -4.92779 1.07795 5.82855 20.49375
51.62821 -8.75397 23.57037 52.03493 -9.00236 23.94747 266.81780 11.38659 52.21130 40.49427 62.41178 -11.23478 -6.49088 19.51487 28.26189
41.02247 -4.49490 36.65508 38.51365 -5.33379 38.79198 382.14220 68.25380 447.25977 25.66919 54.54652 -10.46538 0.44729 27.00051 50.36528
41.02027 -14.21108 14.79407 39.01388 -15.61651 14.11022 799.04493 130.68575 211.55959 15.79282 63.00506 -23.41474 -4.55198 2.57686 24.73167
20.29160 -6.74223 11.06739 8.75701 -2.50111 3.94654 364.92535 73.17796 196.93605 7.73952 29.17077 -11.98127 -0.00049 0.00093 20.14945
53.00936 -14.53965 36.77046 54.49975 -19.97511 38.38953 273.11125 315.03045 145.45270 45.97013 64.44563 -28.73778 -4.61104 30.15146 45.39162
40.60336 45.11394 30.94219 40.91062 49.41263 33.57661 289.85864 277.12154 132.64143 31.97072 49.36924 38.13713 56.94451 25.22222 39.38437
39.94378 -11.80434 11.65199 30.11432 -10.91728 9.64909 817.10575 35.57043 75.02639 17.81991 57.72102 -15.54330 -7.82286 5.48711 16.43920
37.36493 0.11414 -14.92405 30.65123 0.06146 -13.39016 582.61434 5.37270 56.86943 15.32618 64.10942 -1.14763 1.42918 -22.37759 -8.15614
21.17192 -3.29097 3.20060 16.20256 -2.40336 1.85712 441.71754 33.43535 26.65605 3.19315 32.41770 -6.31498 -0.00002 0.00239 4.81760
49.47579 -10.62300 20.17793 43.95786 -9.70245 15.88083 1185.64639 66.84830 364.76540 15.92561 87.96694 -15.07145 -4.30202 4.23672 36.22548
50.24522 -15.38061 16.60367 50.87990 -15.36255 17.42352 185.05409 15.96449 82.44773 40.48690 60.04495 -17.84694 -12.78098 10.84860 22.65194
40.59190 -7.11889 12.80665 27.79577 -3.91098 8.75197 1428.54444 69.36084 168.74251 4.29850 80.47668 -12.43170 -0.79978 1.91074 20.88777
53.79058 -1.78235 13.00048 55.31939 -5.79628 18.55047 385.17766 92.24748 311.75551 40.08895 67.99424 -9.75968 3.51526 7.56648 25.04300
48.56740 0.46768 16.44475 46.56302 0.16906 17.42955 312.22441 21.38400 118.61286 36.46276 56.68406 -2.94116 3.61784 10.40799 24.73786
21.20737 -3.13913 2.50010 11.09396 -1.96550 0.50793 482.05629 15.30183 37.75572 3.96675 34.01506 -5.13485 -0.00025 -0.22843 4.72355
47.73504 -6.10724 -9.27031 50.11058 -6.14497 -8.77084 392.88799 4.36143 15.65542 33.97763 60.61662 -7.59982 -4.54971 -12.25174 -5.94382
54.10822 -10.69299 13.94793 55.39596 -11.14481 19.95928 702.77443 68.81571 768.62163 34.29248 73.67606 -17.20566 -3.45541 0.00463 35.06344
22.00887 -9.24509 9.69011 16.84312 -8.32052 6.07648 328.42311 45.19371 115.84484 8.56803 28.69523 -13.52181 -3.83401 1.71253 13.87642
41.84889 -18.35972 28.43226 43.49310 -18.67475 29.38176 430.94322 64.26928 149.59458 26.45942 57.07666 -24.70019 -12.66834 21.39827 36.37845
49.04126 3.71294 17.53353 49.65924 4.01362 37.26920 297.72528 82.56642 1944.35710 36.91751 61.21263 -1.50162 8.82225 -23.48083 51.01421