49.39179 1.62479 1.74396 45.63902 1.35875 1.35561 448.28030 10.51096 111.46876 34.81779 71.83019 -0.00114 3.19751 -1.59594 9.25295
49.43840 2.60714 3.19558 39.87917 2.51923 2.24801 975.85818 6.69337 23.85583 26.05815 79.21972 0.64284 4.07435 0.00464 5.27781
44.11925 -1.76920 -3.55420 36.22544 -1.45746 -2.88069 992.27514 9.34714 13.62373 18.10533 59.21285 -3.98344 -0.00242 -6.24879 -0.00355
43.83558 0.45250 0.87208 38.21780 -0.00232 0.27271 666.64783 15.29776 40.74054 24.07383 57.68247 -1.89367 2.28757 -3.04991 4.83768
46.93425 3.91426 5.94459 38.06468 2.93221 4.13584 546.77160 13.42802 29.63602 33.03097 55.94050 1.63937 5.46158 2.36088 9.92579
51.56166 1.24913 -1.72437 50.00930 1.32856 -0.27306 481.44918 10.28339 25.90624 37.73985 57.83902 0.46788 1.92187 -5.73477 1.07695
52.20809 1.01833 -7.49616 51.62424 1.73074 -6.66286 442.50416 14.76927 73.33060 39.49022 63.91786 -0.64149 3.37499 -9.22066 -3.17730
50.36834 3.67219 3.20477 45.86908 2.80213 3.05827 724.60065 16.14515 36.16766 29.91164 69.23396 0.13440 5.75230 0.00437 6.88464
58.83652 2.98930 4.10811 50.59863 2.52849 3.47719 835.27656 8.01639 22.80403 36.56942 96.86059 1.03241 4.84384 0.00464 7.23194
44.23989 -5.03297 -6.01425 32.85835 -5.22804 -6.42980 966.98222 17.70248 38.39037 21.44990 60.07839 -7.48352 -2.03981 -10.51749 -1.95757
52.10156 1.41580 0.73821 53.70256 2.69457 2.57548 405.10102 23.44653 130.51410 39.03344 65.38408 -1.99482 4.58811 -0.65721 7.15636
55.90816 2.19247 4.69849 50.49512 1.07761 3.70870 719.01867 9.99495 21.42170 36.63841 75.50202 -0.00245 4.24185 2.17944 6.98614
47.85308 -5.60623 4.85034 48.67685 -4.55736 6.20999 838.20299 47.04903 63.93675 17.75608 77.10856 -7.96448 -2.27989 1.48922 8.49928
51.37480 -0.08214 -2.72880 57.82640 -0.02063 0.95732 830.59796 85.43187 286.48386 25.76347 72.79638 -3.54636 3.59956 -12.95562 6.32281
40.26990 1.71266 2.53208 35.06401 1.83947 2.29182 531.45887 8.97869 11.19829 28.19819 45.85244 -0.00077 2.97915 0.00187 4.42055
41.51433 0.56285 4.77378 40.58766 0.01654 2.94162 967.83551 34.94668 132.78993 10.77643 63.28862 -2.81359 2.35349 -1.44400 9.14878
66.82961 -8.65056 3.05453 77.58073 -5.92770 4.00409 610.89760 75.77640 127.57461 51.88117 83.90212 -15.37052 -3.65059 -6.06863 7.47220
47.78750 1.37652 -8.15997 49.23899 1.27414 -6.64820 732.35378 7.53988 72.88042 21.70207 71.70558 -0.00150 2.88474 -14.17924 -1.06509
46.24361 2.97683 3.64079 43.44775 2.73731 2.38882 709.84250 9.52052 12.42334 29.10052 56.84674 1.39656 3.71496 2.15679 6.08350
46.81717 -4.83225 11.97758 55.46828 -6.16078 15.30170 710.07525 73.97234 91.06239 20.78363 69.73026 -7.67791 -3.09403 2.98451 19.61600
49.65444 0.84947 1.67899 47.36737 1.24596 1.86784 378.63803 25.80989 48.82374 36.41196 63.33042 -1.60949 3.32226 -2.71754 4.99813
51.75172 -0.04220 -0.89109 53.83857 0.42747 -0.27465 429.72039 12.82100 28.20596 36.15777 61.92248 -1.38386 1.65731 -3.36021 1.08719
45.15188 2.89147 2.23698 43.54454 3.53128 3.18070 570.27415 26.17173 34.13999 23.64686 67.89956 -0.61010 6.06059 -1.83034 5.64523
52.05524 1.67327 4.85735 48.94023 1.14676 2.92029 542.73724 16.13126 55.07275 40.78506 70.24273 -0.41981 2.40051 0.26119 6.88685
46.21937 0.26154 -10.95755 37.46276 -0.00241 -11.23981 832.45144 10.55968 54.29651 26.44652 61.03488 -1.19693 1.72060 -17.37841 -5.37924
44.75726 2.42906 4.68183 41.51484 2.13549 5.52802 748.94051 27.67788 31.65663 16.41498 73.05851 -0.00063 4.06439 0.85113 7.97773
64.44306 1.30791 -6.14978 62.99342 0.69528 -4.87355 582.52079 12.12695 49.14983 46.67167 90.43034 -0.78315 2.53230 -12.56035 -0.48237
51.63569 -5.24649 1.56978 37.78770 -5.65029 -0.41675 999.85133 14.60021 52.46422 25.45576 89.98866 -8.24544 -2.65400 -2.53495 5.17299
38.49690 2.65547 4.42864 32.39362 2.25832 4.34235 585.61133 4.46476 10.16553 24.72117 44.37567 1.44774 3.63743 2.49385 5.31810
60.80183 -5.40038 5.20775 66.86430 -4.87734 5.53594 663.81734 135.71175 162.26507 43.08697 79.97004 -7.95307 -2.01544 0.27365 8.87169
44.63194 1.37311 -3.18157 36.00374 1.84117 -2.86516 608.42354 10.65966 31.41665 27.80572 59.34002 0.28720 3.37815 -5.19141 -0.40320
50.57121 3.38471 6.96279 38.09944 1.82828 3.86214 865.22862 28.88315 50.00922 28.70553 75.76299 0.69752 5.06878 2.33204 11.56678
54.53200 1.81451 5.74186 43.86717 0.99940 2.72801 617.86003 8.89895 33.54970 37.58922 70.54153 -0.00115 3.10857 2.25695 9.81572
40.75921 2.58694 3.27807 33.45818 2.37383 2.53845 728.90881 4.67945 9.39617 22.90224 52.52914 1.03867 4.04036 1.17448 5.83767
44.15420 3.04033 5.76510 37.05812 2.64817 4.50837 561.73659 6.80530 19.34981 31.30659 51.40106 1.03291 5.12287 2.37865 8.46398
45.29818 3.99901 5.41338 40.57816 3.28996 3.64827 642.13072 13.62148 29.31844 28.43717 63.66461 1.07054 6.11064 2.31033 8.76176
43.25414 -5.05385 2.36518 34.48222 -3.24147 2.38774 902.85215 52.99374 145.22599 20.05352 60.71223 -6.33149 -1.21129 -2.47954 8.79064
27.03458 7.63145 16.60281 17.10810 5.42423 11.92093 455.85011 159.24097 331.56043 9.26323 41.00147 -0.00053 14.69242 0.00101 27.16077
45.96436 0.28145 -12.85529 33.22354 -0.04368 -11.34079 580.47839 9.07643 98.68666 30.32156 71.66360 -1.51352 1.85961 -13.77362 -7.09426
44.48040 3.27994 0.53914 35.81961 3.40393 0.00464 945.05526 4.19980 5.54315 20.97733 61.50089 1.75151 4.55877 -0.47175 2.33987
53.44346 -5.62783 7.86685 52.15794 -5.62049 7.53312 426.61560 14.62105 57.97947 35.14115 68.70128 -7.83278 -4.01215 3.78706 12.07207
48.16668 0.45585 -6.93171 39.72223 2.64589 -6.88213 625.28381 50.09376 108.58956 27.58082 69.80763 -1.66747 4.47315 -17.13330 0.21592
61.92450 2.06182 5.57327 50.08144 1.60331 4.31295 588.67872 4.07505 26.73944 43.85485 80.97340 0.02908 3.14177 2.04081 9.18009
43.75401 2.72708 5.45007 34.95111 1.72176 4.59575 716.53125 14.12677 16.88598 29.80203 49.55256 -0.00245 4.05372 3.73994 7.34809
50.71345 1.85256 -9.08604 41.86727 1.85727 -11.09779 660.38245 7.82441 54.82116 33.91073 79.15698 -0.00228 3.93159 -15.86566 0.00382
35.80768 -0.19371 -3.51980 32.56785 0.39090 -4.34770 376.38089 8.87346 66.45830 24.63393 46.95744 -1.33986 1.04767 -6.85207 1.15774
58.81740 0.69990 11.13589 68.17575 -0.53831 6.60252 952.94158 25.35091 130.24772 36.65373 86.72567 -1.86749 2.44404 1.35558 19.91046
55.55864 0.36581 -3.47752 52.07511 -0.00121 -3.13233 922.69369 7.75712 21.98900 31.67469 86.85190 -1.06222 1.89535 -6.63018 0.00457
45.70311 1.91322 5.25837 40.58923 1.55479 3.69821 710.38191 6.42840 24.58688 29.75786 58.29242 0.81044 2.85261 2.28609 7.72399
37.96375 4.03792 3.33485 33.27135 3.72043 2.55826 630.72618 7.42931 7.05392 21.27551 46.20459 2.84343 5.39426 2.04468 4.69596
46.10784 2.48917 0.52054 32.84755 2.26699 -1.24338 822.61299 8.71370 38.12474 24.91565 64.41769 0.61159 3.82511 -4.44887 3.24460
53.19744 2.49182 2.13660 40.16812 2.67345 1.95267 982.30686 4.55309 7.67689 30.69710 92.22219 0.83305 3.87263 0.00076 3.77034
42.77150 1.48092 3.98781 37.35689 1.23907 3.08488 589.02272 23.65198 196.07718 30.40391 57.90309 -1.44242 2.60700 0.88387 10.31673
55.96745 6.10009 -0.79986 45.60309 4.25673 -1.13218 857.76415 75.56007 42.68392 32.65469 88.67485 1.69049 6.52765 -5.34065 0.24993
46.55679 2.89068 6.77838 40.59016 2.13336 5.02117 766.05008 13.41842 34.36454 27.22780 65.99947 -0.00245 5.31166 2.73731 11.32562
56.68825 2.01919 4.11432 67.56793 -1.51837 2.40649 899.51068 174.68578 83.76145 28.40306 82.59285 -2.99107 1.80857 0.02105 7.52428
44.44389 3.33699 5.78341 36.27435 3.24254 3.51939 902.93963 66.03489 208.13715 19.23435 77.04917 -0.01381 6.39425 -4.99047 17.03362
49.25708 3.34465 4.36061 41.40166 2.81314 2.30562 583.31685 11.02448 45.95892 35.75176 62.79152 1.81679 4.82727 0.00464 9.42292
49.36665 3.63828 3.71001 48.66088 3.07585 3.94337 372.06267 27.51094 39.25379 36.77807 63.23995 1.05775 5.29345 0.76338 7.96173
41.52732 2.05965 -4.02522 33.81783 1.41739 -4.73507 987.26141 26.76765 106.32563 12.35156 79.25345 -0.00016 2.75411 -11.18060 0.00036
53.13650 3.30203 1.28070 56.06573 3.29147 5.60589 356.88352 21.05573 212.21791 39.88859 65.87427 1.21494 5.30244 -8.09559 10.50461
47.59674 1.16477 2.45073 49.66737 1.98856 2.69019 553.99990 30.73745 49.47657 29.36084 67.25883 -1.33408 3.58030 -1.18861 8.10787
35.00383 -1.81815 -10.22764 21.88589 -1.11539 -10.20268 1106.73834 26.75189 43.09647 9.49848 43.62832 -3.81523 1.31766 -14.64122 -4.84154
35.11227 1.66986 1.45402 31.33073 1.11578 2.18444 428.56060 17.67861 91.86158 18.32846 53.19408 -0.36223 3.03262 -1.69411 6.10600
49.97942 1.08205 -1.11707 47.59098 1.46965 0.76224 494.94868 18.68391 91.28246 31.79468 72.37869 -0.51610 3.00978 -10.10537 4.41199
51.21588 1.32186 -1.93823 58.38515 1.68203 -1.11323 827.36468 16.31687 41.03580 21.67215 69.62865 -0.48976 3.79932 -5.87881 1.86596
45.54952 4.20394 3.42213 39.58011 4.20720 2.37741 545.41021 8.18859 13.23909 32.75967 50.98534 2.83722 5.22774 0.02076 5.37404
49.21074 -0.68469 2.37387 48.64325 -0.39938 1.73446 495.33248 21.83746 69.60682 34.31015 60.50031 -1.94901 0.45097 -1.05948 6.67919
52.02473 2.58229 -4.77380 48.27287 1.74475 -3.81172 574.35509 15.26307 63.89987 32.73501 70.74241 0.14161 4.03970 -11.98640 0.00932
49.22468 3.81266 -2.23742 44.33842 2.58234 -3.27636 438.94629 19.30026 73.36159 38.22115 57.58945 1.05652 5.17085 -6.92528 -0.24222
49.65838 8.43453 5.86248 53.59571 8.97528 4.63649 922.09169 84.10098 118.73630 20.77213 69.94808 2.77533 14.02041 -3.12583 14.90721
51.14982 4.23175 -0.76582 52.80714 4.74295 1.64608 490.82119 24.23790 55.91874 35.58651 63.99728 1.69327 6.43457 -5.38819 3.15442
61.93955 -2.82701 5.76877 56.93311 -3.72227 6.04562 632.64284 30.11667 169.95456 40.39649 85.86691 -5.53717 -1.12100 -4.74342 15.34554
29.36452 -0.95435 5.80309 23.29291 -1.30504 3.69290 545.70553 9.53704 66.35475 12.69050 42.91400 -3.23493 0.22483 1.62387 9.74055
43.29395 2.45792 4.47737 38.29846 1.72734 4.48090 671.48549 5.67401 10.35574 27.04665 52.05847 1.57058 3.56367 2.90252 5.64437
47.77896 5.64957 -10.21214 51.77392 5.30480 -4.91234 482.11265 23.15072 340.05966 34.31762 62.46905 2.50953 7.70938 -29.14785 3.96586
46.50508 3.69921 1.37116 35.74743 4.20063 -0.40569 824.34911 9.18266 42.49910 23.11797 65.50648 2.02480 6.10730 -3.39660 4.29883
48.33780 1.90106 0.38291 50.17081 1.74584 1.76092 687.23071 17.49998 52.87574 24.71394 65.00529 -0.62024 3.99034 -3.27646 5.38994
45.37266 -6.81894 -0.36978 35.70812 -7.86241 -5.75173 579.60103 17.22205 142.51622 28.34493 65.62560 -9.94079 -4.01276 -9.02246 7.79372
44.40835 1.71824 -1.29832 39.92978 1.09433 -2.98938 915.26248 18.91690 84.36859 19.03901 77.43764 -0.00002 2.32234 -7.10485 1.36910
28.54568 4.46901 -8.50505 24.33416 2.97134 -4.23821 256.33561 32.18883 216.29327 16.99581 37.57444 0.98119 7.31611 -23.59390 4.29481
51.56631 4.27552 6.79871 45.03214 4.51023 5.22478 477.85000 21.29762 23.08477 39.76398 61.18483 3.21320 6.76555 3.84008 10.17098
50.01155 3.04717 -3.09236 55.55708 3.36938 1.07422 435.85163 17.33588 251.61658 34.43835 65.87249 1.17317 5.08908 -6.76378 6.33005
54.27159 4.34091 -3.92944 55.99011 4.99790 2.21800 248.47374 17.29064 118.33114 53.45073 60.12693 2.96537 6.27283 -9.21115 3.61287
49.38307 -0.06474 -2.24641 40.69066 -0.00223 -2.61580 755.01177 7.23305 29.82160 30.37987 83.02828 -1.38802 1.62666 -5.45233 0.00422
48.08691 -3.02270 -3.02114 38.33569 -3.07396 -3.97651 1011.28678 18.71094 66.20238 25.92122 76.60785 -5.48281 -0.00242 -7.73996 0.00458
48.95451 3.13926 7.19026 41.60752 2.26979 4.78058 559.34917 9.82968 39.73131 34.93856 62.43556 1.61255 5.30234 4.39612 11.80355
44.42035 -0.70388 4.83850 30.73617 -0.58676 4.23579 875.91883 4.59772 24.55505 21.64618 64.55735 -2.01912 0.38230 1.18351 8.05681
51.26869 2.58439 7.25010 45.87899 1.80984 5.35054 692.15799 8.08619 30.67041 31.31267 68.57869 0.85998 4.55232 2.41310 12.17005
42.33087 5.92286 6.93052 40.37309 5.23908 3.90051 864.86249 54.10614 93.87789 13.66118 68.66173 0.05825 10.54904 0.42444 13.55419
45.73927 -8.35541 -6.01464 44.88308 -8.67350 -3.16795 298.66840 15.73146 206.85330 36.77293 50.42403 -10.04635 -7.40009 -21.46611 5.72546
43.96309 4.18015 6.28880 40.78478 3.47783 4.45527 513.16579 19.02831 22.31173 30.87491 49.19892 1.62280 5.72547 2.73761 9.04317
24.00456 -0.24689 1.50073 20.63891 -0.70884 0.84596 258.49405 15.19472 85.48611 9.98138 37.76869 -1.95979 0.62224 -1.28191 8.43610
54.69389 2.30936 3.59158 48.10070 2.04819 2.50573 594.16897 8.39968 15.42379 39.78400 69.94534 0.71918 3.62177 1.67545 6.19369
61.57097 -0.09860 -3.41175 69.49467 -0.00221 -1.86102 671.88515 15.82953 44.08812 38.58624 84.25041 -1.82161 1.21508 -7.64286 0.35210
51.04088 3.45338 -0.29566 54.19348 4.44972 1.83376 299.78918 22.16558 61.14058 38.20938 62.89864 1.27284 5.88339 -4.79395 3.50595
60.39393 -0.59812 -3.26799 52.34807 -0.00242 -2.10900 1013.49670 4.29885 16.18739 33.74438 98.27202 -1.47232 -0.00122 -6.32847 0.00458
42.35778 -3.40805 11.32089 39.07868 -3.20770 11.88844 645.18454 10.35595 44.12442 21.30092 61.50805 -4.92791 -1.76703 8.15333 16.05385
53.66433 5.36403 -10.67871 51.10279 5.99664 -11.34190 659.04537 18.76027 36.56066 37.20142 63.60307 3.20144 7.90911 -14.22769 -8.17911
19.27696 8.70836 13.20964 8.90505 6.50078 3.55846 389.73253 92.77105 331.68689 6.77382 23.29851 -0.00043 14.04645 0.00082 20.83769
49.65709 2.52793 1.79541 45.46026 1.78293 2.00520 363.08870 19.66503 118.25270 35.85882 62.22631 0.24510 3.75459 -2.93819 8.94052
50.00794 3.38319 8.16582 44.05855 2.15788 6.20535 706.14852 22.95077 50.84362 34.09007 61.13381 1.25456 4.87980 4.19557 12.53833
50.40989 4.55547 10.07648 41.64588 4.36261 8.71331 592.57821 17.37522 34.41590 28.68501 81.16417 1.88763 7.20464 6.96722 12.47734
49.53721 4.09692 1.24801 45.87145 4.15189 0.00458 449.53522 9.32079 28.55054 39.43895 56.36692 2.12468 5.65272 -1.78911 2.62044
47.06576 2.59334 -0.89112 48.07679 3.18902 0.81230 611.01327 14.07866 41.39686 25.00922 60.82881 0.53094 4.80278 -6.50224 2.92561
52.74178 3.24108 -1.73208 51.67443 2.73233 0.00458 786.65162 23.03071 48.97194 28.15866 80.12111 0.69382 4.55885 -7.79853 2.45740
48.97707 1.73838 1.10824 41.00825 1.18376 1.38378 596.17120 26.98275 193.47749 31.51309 70.20866 -1.73487 3.90358 -6.07399 9.43267
65.72095 2.16382 3.97489 52.86468 2.18083 2.26564 654.85337 5.64914 25.34943 46.28330 99.65492 -0.00245 3.31449 0.00464 4.31295
44.67572 -0.93667 -3.23517 35.02299 -1.27369 -2.04038 1039.18434 27.13435 46.30844 19.12597 64.50627 -3.44950 0.43017 -8.79258 0.00465
47.54457 -2.44936 10.17683 46.25061 -2.23033 14.93075 402.39800 11.66368 247.10502 30.97760 64.69976 -4.27599 -0.31251 8.29599 19.01727
51.76193 6.64417 -17.36984 53.73459 6.65758 -7.08543 391.45887 20.13121 419.45755 42.70933 60.78126 3.44846 10.20252 -40.63842 -1.50963
54.39334 0.61661 -5.37402 56.11877 0.50215 -5.05852 805.25977 15.19472 53.05807 24.76259 82.14968 -0.93794 2.03990 -10.74596 -0.33431
46.58753 2.28242 5.50832 35.95326 2.80154 2.37182 769.60743 8.91348 49.14382 31.31848 54.98739 -0.00245 4.04491 0.00464 8.93625
58.71456 -5.66218 5.57620 65.48747 -6.03278 4.72632 559.28449 14.26839 394.64127 40.81575 70.89131 -7.93691 -4.16476 -14.29094 25.29758
54.65494 -3.83138 15.64722 56.83452 -3.71686 14.14151 426.05954 19.70691 108.42528 37.95231 71.50003 -5.73046 -2.38625 8.12256 23.31704
45.73556 1.44417 -3.95823 30.82705 1.29011 -8.00054 1223.29772 62.45136 238.18790 14.46150 87.40865 -2.46030 3.96369 -14.14302 0.96083
58.06431 -3.72400 9.37830 67.24995 -4.13427 9.29721 582.31872 24.31932 160.07536 38.72067 76.65543 -5.81076 -2.16665 5.65990 15.97211
23.86075 4.25367 -3.70256 20.64211 2.55975 0.00076 252.80238 45.31150 196.10464 12.60982 29.72468 0.51738 6.23501 -8.24819 3.96411
45.07604 -5.40758 3.88260 52.36091 -5.63397 5.02310 523.47100 12.73624 295.95529 21.75689 64.59453 -7.88110 -3.36473 -9.28433 19.09183
49.07058 4.55111 7.94737 47.03460 4.67588 6.80267 520.54335 11.60003 33.27885 32.81061 60.62054 2.36732 6.55181 4.05936 11.42276
43.08397 2.93795 7.01735 38.92600 2.35947 6.35066 532.50567 8.15015 21.71314 30.44312 51.13543 1.30750 4.89384 4.42722 10.42393
49.90791 4.21938 5.47140 49.46025 3.82914 1.22928 752.85878 35.65107 162.26393 23.41475 71.32803 0.55198 7.00549 -2.17354 11.40399
54.50657 -4.18536 1.84187 45.62869 -1.99149 0.00105 944.02713 46.86875 194.38240 31.61172 87.70967 -8.47698 -0.23232 -10.83987 15.65597
47.30170 1.68401 -7.24003 38.75003 1.81945 -7.58805 611.69024 14.48672 105.68819 27.58476 69.29380 -0.35650 3.62910 -12.15208 -0.27127
47.38031 1.52945 5.36285 44.92358 1.80984 6.34990 833.09231 7.43680 138.04571 18.60618 73.30778 -0.16027 3.40393 0.01032 14.00228
35.00125 -2.01744 5.50089 35.82321 -2.67845 5.52049 204.56603 12.90984 30.61865 26.10939 44.41237 -4.35377 -0.51091 0.38055 9.24538
56.88618 -1.59983 23.23310 60.49980 -1.17853 26.02047 327.03477 22.98241 257.70923 46.03276 69.32848 -5.75004 1.39015 7.09640 37.69122
51.07790 4.95590 -2.04296 49.56652 5.07029 -1.72015 418.72317 27.61421 134.17944 37.68203 65.79337 2.41797 7.51439 -9.29223 4.67353
60.10255 1.05421 4.04697 48.53289 0.98280 2.87367 903.16594 5.52214 31.51248 33.88448 94.67448 -0.52879 2.86255 1.06167 6.78857
50.31655 4.09512 5.09588 44.13784 3.64125 3.86214 554.12403 8.12570 16.19504 33.87675 61.76838 2.62667 5.96613 2.27851 7.95934
54.56188 2.50995 0.94731 58.77462 3.85805 3.95944 230.11402 19.86775 151.00203 53.26020 63.63652 1.14915 5.66078 -10.91928 8.64751
55.01510 5.63306 7.76467 52.79894 6.38451 7.79448 592.56409 11.08075 23.58606 39.48508 69.41498 3.30746 8.19293 3.77034 11.31296
60.67447 -3.20162 -0.55860 61.13528 -2.25398 -0.69796 519.09582 28.82876 39.40710 43.63803 82.03461 -4.65620 -0.54972 -3.15789 2.55639
50.27042 5.12357 1.83070 54.09211 3.59258 2.47966 385.62930 30.98570 111.01834 38.83605 59.61163 2.10841 6.18675 -1.11936 8.17788
48.51266 0.72348 6.94568 40.75843 1.01665 2.69319 507.31406 31.63151 39.10317 35.58074 58.57033 -0.00245 2.86909 2.30381 12.24825
51.48865 2.90234 -3.19338 49.47045 3.01715 -3.42765 470.39891 7.57743 12.33839 41.58286 59.00071 1.06274 4.60788 -5.72000 -0.26495
46.93749 1.63203 -0.74592 44.59833 1.70687 -0.39343 600.67160 8.91523 12.57383 31.78991 55.59938 -0.00232 3.16308 -2.60038 0.00439
45.18595 4.02779 -7.67820 46.40750 6.26368 -9.76346 421.53898 26.74325 53.98601 29.82574 53.21619 -0.00231 7.94302 -14.25437 -0.24444
49.39143 1.99123 -8.30400 45.73072 2.19761 -8.68051 416.49114 17.66731 51.23442 40.71653 54.60156 0.12470 3.87751 -15.19786 -1.99871
72.20070 -4.38814 1.35818 84.60149 -3.71909 1.25218 654.29992 38.72548 41.56289 58.22394 91.09942 -8.25013 -2.23715 -3.64441 3.69606
47.32246 2.05143 2.24473 35.27699 2.19751 2.38882 925.47112 2.70891 5.22258 25.26897 76.09901 0.92625 3.05865 0.00464 3.50885
51.44670 5.23971 5.27790 42.48651 4.73625 3.92489 604.01018 11.10009 17.32684 34.33996 67.86516 2.92479 7.67760 2.26970 8.83346
45.46398 1.95554 4.30791 37.44410 1.32458 4.60611 714.81914 6.68028 12.53074 28.05394 54.60151 -0.00245 3.43571 2.40128 6.52073
47.08737 4.17108 5.90997 38.29846 3.66951 4.52720 592.33005 10.84653 21.30801 32.16707 60.37230 1.71088 6.13493 2.48644 9.09237
52.14085 4.63705 3.12708 50.55267 3.44818 2.49339 407.96154 30.35592 71.46974 42.02685 59.89726 1.30368 5.27626 0.81236 7.32854
43.54612 3.56477 -11.62352 26.34407 4.37943 -13.37297 1367.91402 25.15039 57.05627 14.73248 96.46710 -0.00245 7.40710 -17.99411 -3.70811
50.61661 3.31976 1.42761 40.68034 3.37044 0.00464 752.37275 6.37226 9.68462 33.02376 72.56118 1.90307 4.37731 -0.40711 2.84927
49.29955 -1.24674 -4.71883 51.32412 -1.36151 -2.13744 404.17560 18.15117 238.75910 35.15607 60.31401 -3.00387 -0.09270 -6.44670 3.36377
45.90345 2.37471 0.08106 43.58806 1.47274 -0.26965 346.32298 21.59108 30.66941 32.17449 59.78997 -0.01916 3.96100 -2.48973 2.40741
52.02904 2.69701 -1.35109 53.95154 3.11705 -0.65511 336.41340 19.64135 26.19664 41.93498 62.46345 -0.39404 6.03517 -4.30406 0.28976
50.34847 2.45397 5.03545 42.90817 2.29527 3.42185 654.75371 15.33851 20.62855 34.98795 60.15299 0.97130 4.21975 2.27753 8.04716
40.45604 10.42455 -5.95329 34.80656 8.24653 1.39678 527.12830 159.46888 753.51870 24.87786 43.98203 0.73167 21.57927 -12.90285 8.58562
50.85492 4.85805 -4.37405 42.97798 5.06027 -3.89925 708.93744 9.17660 16.79043 34.06231 68.50483 3.48151 6.72524 -6.84910 -2.08519
38.83881 2.91153 -7.67259 28.76084 2.35162 -7.48723 1203.76572 8.41211 33.36838 9.85702 51.98635 1.18506 4.46724 -11.22890 -2.96783
51.24417 3.92613 3.56368 48.96386 3.12262 2.88315 328.29555 23.95667 81.91160 40.67287 67.03147 1.48260 4.58724 -0.72296 8.45912
46.67548 3.08031 3.76256 42.50772 2.74811 2.76702 693.66904 33.92979 45.73247 24.26852 66.50947 -0.87017 5.10786 -1.12859 9.09472
54.06603 2.10424 -0.50163 52.04118 1.84031 1.94973 390.81389 26.70322 107.81709 39.74187 75.26898 0.66131 3.37757 -7.68173 5.07563
69.61733 -2.85024 -2.35130 82.06612 -3.18783 -1.81000 680.93093 17.94590 20.33604 56.54022 87.70781 -4.40334 -0.93602 -4.55756 -0.56115
45.25363 1.45239 -2.52486 38.09734 1.34172 -2.86015 782.94349 7.86712 17.05045 23.14499 78.17283 0.26590 2.72692 -5.18976 -1.00431
39.85988 1.98598 5.45014 31.09955 1.63514 4.58553 693.84435 4.50064 16.89094 23.49266 48.20709 0.92054 3.07807 2.49385 7.20299
50.38117 4.29221 -16.96888 41.47769 4.98600 -18.17517 759.96516 12.68686 88.65279 31.66586 69.66067 1.67538 6.70105 -25.66769 -11.89797
45.36959 -7.14127 0.42335 33.53428 -7.30470 1.15527 1044.71177 21.36091 257.60094 17.75711 80.29452 -9.41373 -4.93110 -4.94572 7.79809
68.64311 -3.80463 0.30873 76.80474 -3.42769 -1.40299 484.84525 39.00110 91.59490 58.00371 84.02780 -5.86824 -0.45239 -5.53647 4.27821
57.44910 1.89229 6.71961 45.47648 2.02566 2.38307 806.11200 5.64938 56.01255 39.33729 95.59221 -0.00245 3.36936 0.79672 12.09678
51.77162 0.58289 -5.01797 46.37813 -0.00242 -5.53460 689.81943 8.88737 37.43433 32.78425 66.54719 -1.12448 1.89998 -9.83443 -0.32419
58.82884 -1.86268 -3.17579 72.66035 -1.54668 -2.74170 698.04896 19.93483 67.01561 40.11933 79.74071 -3.57525 0.50842 -8.67175 -0.70865
51.58196 -3.35560 7.01045 52.47508 -3.82737 7.41494 741.37198 79.19816 77.40625 30.10801 73.35761 -7.42298 0.20822 1.38464 9.67455
40.49417 3.07627 4.14794 33.45818 1.94581 2.64264 629.25535 12.39363 23.96166 25.18940 47.63733 0.97533 4.76838 0.00397 7.07800
56.67576 5.32449 -0.12054 55.90893 4.90388 -0.47175 622.82009 22.53991 10.23324 40.12464 72.81071 2.77741 6.81721 -2.59399 1.46783
49.88593 -0.63143 6.10085 47.84156 -0.00136 1.10892 415.11520 16.33843 167.83288 35.97731 66.27043 -3.31662 1.37913 -0.28066 8.60081
49.35923 2.38993 6.38093 42.78127 3.37712 6.01745 540.53317 45.19137 32.06497 31.05806 75.47083 -3.55214 5.92549 3.06983 8.84422
37.73358 2.35096 3.29069 32.07784 1.91949 2.54641 608.97440 5.79953 13.33968 23.49792 43.80550 1.01665 3.65327 0.24993 4.84067
40.18925 3.21711 5.34683 30.61434 3.03057 4.49908 752.63709 6.79130 21.21267 22.91987 47.96481 1.10886 4.74704 2.45733 7.49484
42.76811 2.86239 -6.68718 42.83694 2.10639 -5.10234 754.52559 19.83094 156.98445 16.32985 69.25859 0.48090 4.37587 -14.25816 1.27657
32.62640 -0.07608 0.39159 32.61746 -0.31090 3.59274 302.36977 9.69741 202.89626 21.02333 45.35925 -1.89501 1.24188 -15.79829 12.25294
49.14058 1.39496 1.72961 50.35410 1.24707 0.82735 511.68809 47.77764 36.82140 34.02862 61.69057 -0.45851 3.27461 -0.27546 2.53076
33.33349 8.28526 -15.30547 23.51853 8.44128 -18.59314 822.18534 32.23173 155.61696 13.61467 44.65584 5.04119 10.98711 -22.99269 -10.45579
53.30726 2.27681 6.56945 45.94494 1.66604 4.58677 732.43175 11.40470 36.25723 33.28471 72.49589 0.46766 3.17608 2.30097 11.34510
45.00701 2.70099 -6.66941 41.93092 2.00648 -8.29701 623.33566 24.70098 98.57649 29.12846 56.38571 -0.00241 4.70049 -13.13821 -0.95159
50.10306 2.63372 -1.09814 45.75682 3.35443 1.72669 670.13796 13.00455 43.12292 36.75862 78.94817 1.70659 4.73607 -7.80560 3.06983
57.85666 3.73655 -4.66889 47.46082 3.76569 -5.33248 688.52862 14.91686 15.97711 36.22225 83.89930 2.15587 5.64268 -7.24979 -1.83269
47.48216 2.50386 4.51110 42.92226 2.42588 2.96579 721.68873 5.17450 14.65083 29.37603 62.51880 1.01926 3.86972 2.26145 7.30063
48.35268 3.19122 -1.19566 45.78691 2.03359 -0.40958 510.18777 21.51706 13.96376 36.08192 57.09074 -0.00234 6.39850 -2.70759 0.58868
45.15429 6.92758 -12.02621 41.79748 7.45984 -13.01592 755.29737 19.52446 44.88554 26.81848 55.16196 4.41768 9.79202 -16.59999 -8.67003
48.60040 3.45054 -18.82320 45.92227 2.23358 -22.35646 995.08236 29.04238 152.09669 21.93397 70.53532 -0.00245 6.86866 -27.18401 -11.42597
61.76360 6.11721 8.29007 55.33773 6.65014 6.08470 478.63275 12.75700 41.07184 48.76103 79.31604 4.23971 8.01004 3.71257 12.89955
43.96642 1.85845 4.35281 34.68085 1.94448 2.67673 837.98646 8.69453 20.61979 26.88206 54.02131 -0.00245 2.97102 0.96728 6.74248
53.38671 3.15949 -5.66755 49.13426 1.04901 -7.02134 822.57198 42.34772 146.56036 32.51876 77.16526 -0.35205 5.02292 -13.59253 0.00463
47.82290 3.51438 2.87851 40.89123 4.40419 2.19306 833.16730 18.29905 109.12656 24.71334 68.43189 1.03644 6.41475 -3.45888 10.67416
53.59183 3.23154 4.07913 41.73577 2.07725 3.25364 861.38979 31.53140 11.53677 32.60282 90.09231 -0.00243 3.38950 2.29457 6.09692
38.89766 2.85033 4.91457 35.86234 2.38128 4.61839 642.41773 4.81134 8.25028 19.95346 46.48495 1.61095 4.39221 2.70493 7.12781
44.03045 1.94984 1.37656 45.89040 1.38004 0.00219 353.14131 29.04772 45.23701 29.67931 53.50806 -0.01971 3.19455 -1.40131 2.40365
50.29561 5.30782 -1.76954 54.10110 4.88513 2.22345 365.45224 13.85299 120.12985 44.73786 59.94297 3.48433 6.32165 -8.17652 6.22970
37.86691 0.76114 0.13120 33.76628 0.77647 0.26512 893.09006 4.82450 73.14412 6.83068 66.46231 -0.54982 1.93003 -4.23731 6.68731
38.40964 4.70369 -12.56819 40.89271 3.39369 -7.51748 512.89268 38.67780 247.14683 16.31271 59.18534 0.33994 8.29404 -20.67925 -1.21134
50.70686 0.95350 0.66504 46.90193 1.01221 -0.28369 387.23289 30.11197 116.49474 35.35059 62.68954 -2.57066 4.47707 -8.38490 9.85661
52.99737 5.04459 -6.68315 47.19568 4.15612 -6.17376 676.35239 52.04575 89.07930 34.36491 83.51402 0.39314 6.57279 -14.39288 0.00422
48.23877 4.00568 3.08768 40.24890 3.31920 1.07424 640.18212 27.82438 38.74522 33.83229 62.58114 2.47724 6.11300 -2.71779 7.82609
48.83725 4.62208 6.20611 41.66955 4.03663 3.31404 743.35826 12.96113 33.63625 31.27747 68.61408 2.47277 6.88027 2.09735 10.72847
52.47590 -6.38485 -2.15352 66.26391 -7.14967 -5.48458 927.06860 22.70941 238.39159 19.69742 81.34277 -9.54519 -3.69106 -12.75883 3.35245
50.75310 2.77930 -1.45237 48.94505 3.26639 -1.70574 606.17995 32.24558 88.63220 32.60287 66.68606 -0.00242 5.45460 -9.64671 4.84349
48.57566 2.32839 4.86457 40.90193 1.64714 2.68723 776.06617 6.47615 20.25168 28.92073 62.09755 0.97947 3.52032 2.28179 7.26539
40.18245 1.27914 0.93158 43.84783 -0.27814 3.23828 662.12348 55.89468 395.83792 16.88009 54.84684 -1.60687 1.80309 -0.19408 10.56325
38.67300 3.61143 3.24103 32.16707 3.04920 2.48644 632.74100 5.54710 6.43433 24.71398 43.37433 2.67553 5.01598 2.19877 4.51771
45.24725 2.91736 7.08443 39.95906 1.99238 4.77499 520.00556 7.95776 25.71686 34.54322 48.63704 1.20460 4.64277 4.42979 10.58445
54.63546 0.19518 -1.27156 52.21207 -0.56698 -3.19544 934.69637 10.85440 35.33542 27.78782 86.63515 -1.64533 1.00382 -5.88679 2.89224
38.07019 4.98661 -0.93103 37.48384 4.92264 0.47119 363.86410 48.69396 57.94905 23.25087 53.90889 1.38984 7.43725 -6.65047 3.48726
61.98768 5.85242 -2.13621 63.46388 5.79965 -1.93924 608.82923 17.01683 35.63999 39.03455 90.35791 2.87758 7.76400 -5.78615 0.63050
41.06500 1.24521 7.36027 26.00999 1.02683 2.76860 942.88492 8.60423 99.35528 19.71544 60.55879 -0.04250 2.04026 0.00510 11.04673
65.14628 -1.96058 -3.46107 60.26482 -0.44286 0.00464 1033.44406 15.08100 70.67561 45.86450 99.65492 -3.93796 -0.00245 -8.07090 0.00464
38.82297 1.80083 -9.91589 29.64272 1.81945 -9.25059 849.79754 38.31525 56.01030 18.87150 50.12221 -0.58806 4.41879 -16.40863 -4.15127
51.40814 2.13221 0.44348 51.47900 1.63689 0.00442 358.73202 9.18025 27.60241 43.01192 59.19225 0.56601 3.49911 -2.58639 2.41384
47.64515 3.56555 7.44683 45.62961 3.03135 3.57108 1294.44892 44.92664 73.87075 9.52250 89.72342 0.05079 5.13894 1.45442 11.86027
39.58311 1.26576 1.34116 33.43425 0.86767 0.33915 658.07160 37.63239 39.08269 18.70313 59.78871 -1.78015 3.36283 -1.92607 2.90273
48.55193 1.36108 -0.96031 42.34558 1.42948 0.00005 912.08556 3.56346 12.32618 28.32771 55.46411 -0.00245 2.51738 -2.47805 1.07448
58.36932 -3.76584 -1.24966 54.06830 -3.85506 -0.63989 690.01349 15.04874 46.49559 34.37593 83.50134 -5.57883 -1.98954 -4.53359 2.36264
50.52296 4.34134 0.41918 48.49130 2.58543 1.25191 388.71001 36.59740 153.52051 36.18193 69.87783 0.44459 6.01598 -4.14674 9.27980
53.17227 2.92919 4.32760 43.82690 2.78465 2.30097 591.86128 4.99244 24.22988 39.99400 59.65455 1.56783 4.04687 2.23333 6.34330
50.84544 1.97285 1.89374 36.12119 1.85557 2.21817 980.53028 3.02678 6.34623 29.35694 89.91838 0.67777 2.98741 0.00450 3.46097
44.52807 3.50581 4.32056 34.09007 2.93974 2.44457 786.85363 8.41693 28.74381 28.21182 58.23313 1.04162 5.49662 1.95386 7.44161
58.64782 1.87220 4.96711 51.26940 1.58859 4.32738 487.47260 3.89704 15.34303 43.86717 73.52066 0.80803 2.74688 2.22621 7.41799
50.38268 1.65025 0.87313 51.14856 1.47092 -0.26203 317.33923 7.61265 20.87945 41.99314 55.76950 0.24164 2.90232 -2.43144 2.79995
46.63061 1.06022 1.85832 46.05764 1.47645 1.54214 410.06315 10.57553 27.71514 30.56594 59.79493 -0.37584 3.17952 -1.27746 4.03184
53.02808 0.66214 -6.08824 50.53415 1.78774 -6.96444 374.95528 20.16550 41.66620 43.09871 62.90396 -0.37095 3.22456 -10.98200 -1.29531
55.62768 4.22636 -7.37501 53.88070 3.61182 -5.83833 685.06425 22.65568 65.67410 36.40262 84.73625 -0.00224 6.71027 -13.77886 0.00428
59.49839 -0.52508 -5.30601 57.21007 0.17294 -3.00931 898.68190 13.63741 148.88185 29.95682 88.85873 -1.67987 2.05888 -7.81724 2.50573
47.70270 -0.48760 1.88172 39.69775 -1.53025 -1.29516 510.05889 33.26380 126.37676 30.99918 65.48910 -3.71074 1.17261 -4.92110 7.64471
53.38039 -4.66587 1.09749 47.56360 -5.07445 -0.77077 805.55355 11.23830 39.63174 31.18104 77.77309 -6.67587 -3.24188 -3.65654 5.94149
47.95722 4.48538 7.98000 41.56707 3.72083 6.33963 626.12463 16.13376 37.86008 34.60218 61.72857 1.71088 6.90138 3.93318 13.20276
44.16764 1.12273 4.81438 35.32522 1.58306 2.45078 929.52471 5.54230 62.86148 19.67706 64.06674 -0.19809 2.42364 -1.23581 10.31105
51.96479 9.00133 8.18969 53.24053 8.95855 8.22098 974.84819 106.11410 135.04717 23.14092 74.90146 2.58849 14.63611 -1.38874 16.34965
65.07165 -5.40651 1.98876 77.43874 -4.85544 1.34998 734.26674 67.23716 94.42670 44.49643 87.57261 -10.54905 -2.39241 -5.29186 6.81589
47.68608 3.67385 3.45052 37.38115 1.84342 2.37970 784.75986 20.82965 16.08400 29.64123 61.74185 0.95976 5.19755 0.00046 5.87028
50.07016 4.75741 4.31945 43.85485 3.99165 2.58785 643.19751 24.65529 18.73519 32.04854 65.91955 1.85557 6.65264 0.66773 7.09073
50.67082 -3.36410 -0.97007 49.67274 -2.90315 8.18974 289.57183 24.30749 453.97266 43.39639 58.41103 -5.05677 -1.22190 -29.99473 12.35018
47.76348 2.95531 6.28758 39.28886 3.04745 4.57494 911.58738 12.53558 62.32675 21.37267 73.72832 1.06709 4.71382 0.00277 9.96321
44.65677 2.38195 4.02997 34.30988 1.91256 1.32766 662.71811 5.40561 32.91488 27.51098 58.69460 1.03125 3.48004 0.00159 6.87789
48.40250 -7.07493 -4.27443 43.62863 -7.25372 -3.27996 780.57782 9.74609 265.90626 20.99486 72.91629 -9.40935 -5.18209 -19.60963 2.41482
44.50443 1.11920 -5.15542 35.27588 0.33670 -4.94614 836.95249 11.37711 29.43945 24.50861 58.44640 -0.81611 2.51540 -9.19094 -0.64877
49.97076 2.07385 0.83690 50.00930 1.72209 0.00439 380.88584 8.42461 10.95980 41.44949 54.56047 0.40436 3.49499 -0.39699 2.73789
53.87704 2.40234 -8.21612 47.67759 2.30067 -8.52160 690.05593 10.02284 32.02112 39.18667 68.74633 -0.00242 4.34893 -12.63881 -4.28693
50.53598 2.18176 5.49643 50.36815 3.28266 5.71424 420.89907 25.40865 41.07362 34.71223 64.08456 -1.09708 5.63962 1.00441 8.92053
52.13544 1.98449 4.18641 36.53392 2.06489 2.32482 972.47993 5.43244 31.43107 30.00856 96.06829 -0.00245 4.26860 0.00464 7.18094
41.25041 3.55225 6.47996 35.58074 3.11913 5.57965 699.87262 9.11357 21.30797 21.47317 54.99737 1.67072 5.24628 3.59768 8.65142
48.75239 7.74466 4.33850 49.67012 8.35695 6.98374 375.90754 53.32810 83.42917 37.00854 55.50961 1.66582 14.20609 -0.27506 10.87033
46.43307 -4.65997 0.20820 37.17027 -3.74478 2.19580 885.22821 13.17316 172.97395 22.29163 74.89497 -6.26701 -2.02715 -2.47178 6.68030
40.10794 -1.11135 -0.75093 25.58523 -0.83599 -0.81907 1109.77548 11.20571 12.00720 18.54723 48.74438 -2.59424 0.50824 -2.96742 0.40878
61.40785 2.22009 7.14553 53.95090 0.66007 6.33812 790.60974 35.77303 45.49293 38.01805 98.65913 -0.13933 3.27315 0.02076 11.11817
45.17288 2.58581 -3.94596 48.99246 1.51616 -0.00077 664.28090 24.53550 236.42345 22.36727 65.61837 -0.00021 3.48841 -17.13216 6.40400
50.87435 1.34777 -1.85130 49.02072 1.33504 -0.28021 502.39745 11.00023 27.54657 37.46295 57.09084 0.40123 2.21808 -6.07918 0.83311
42.73641 0.22803 -5.25501 32.55659 -0.00231 -6.80670 849.91459 37.99671 72.51526 23.07670 65.74669 -3.64974 2.13780 -11.76608 0.00437
56.00696 -3.82530 0.38116 49.31716 -4.11813 0.00458 630.99748 8.06130 27.08324 38.75403 71.03518 -5.80785 -1.63503 -1.77163 2.88931
49.77529 3.73562 5.46575 50.85689 3.13087 3.96586 268.17314 24.55684 62.76029 45.07208 60.30965 1.32761 4.50907 1.98189 9.06598
49.79588 4.17613 7.17474 41.73909 3.86772 3.27330 565.77033 30.93964 206.10848 33.95271 62.23494 0.66826 6.80995 -4.50973 19.84414
48.91168 8.76226 -20.38903 54.70283 10.05387 -20.23992 466.83436 26.46351 543.30934 39.06639 62.44173 5.17883 11.96390 -43.30727 1.68638
47.98118 2.48158 0.64072 45.22432 1.83947 0.00432 452.59826 8.01974 7.73383 37.04474 54.12388 0.59912 3.84502 -0.40193 2.27332
56.81986 -7.33879 -6.18133 57.45063 -7.28422 -2.39246 767.81896 23.54721 173.38656 28.95247 83.22599 -10.73470 -4.16907 -17.38300 2.91431
59.60157 -2.62437 -0.55984 50.21537 -4.03110 0.00016 816.15045 35.28578 139.49537 38.94621 96.67967 -5.75463 -0.00245 -12.52964 4.14444
50.99694 0.35637 -6.35981 46.41429 0.13709 -6.91388 504.13540 8.87083 30.51056 41.23201 60.81506 -0.82937 1.59098 -11.33806 -1.44546
47.99162 2.10535 -6.31790 47.03275 2.55461 -5.56512 525.77537 33.47147 175.41281 32.21698 64.46576 -0.66955 4.96673 -13.57055 1.47804
59.59340 -1.24612 -3.32880 70.90155 -0.97311 -3.66230 620.26696 52.67323 87.56014 41.35017 78.70664 -6.96586 1.96924 -9.56562 -0.29372
61.50421 -7.07728 4.89195 73.11776 -4.72585 6.49671 726.73856 65.25073 120.97872 40.81572 81.96182 -9.27995 -3.15012 -0.55086 10.17790
45.29600 2.39395 4.32427 37.25362 1.70035 4.33471 725.92693 5.76751 11.81883 30.12082 57.24387 0.99025 4.04760 2.33695 6.62100
53.35700 4.38186 5.07397 47.08753 3.76164 3.61614 555.78263 14.46309 19.80136 36.41450 71.14013 2.67644 6.65264 2.24914 7.93045
52.70480 3.28069 -9.39600 48.96384 3.52864 -9.32663 601.18550 9.25367 36.32507 38.97854 62.92500 0.83433 5.23636 -14.96079 -5.20383
46.07978 3.49085 -4.24063 38.92240 3.83839 -5.78551 542.80248 8.90404 47.96250 33.63572 53.77208 1.12356 5.51391 -10.41534 0.00435
51.02521 2.34130 -0.02399 56.76643 1.92238 -1.31585 339.14277 13.58284 17.38061 39.02350 63.57673 0.61628 3.01003 -2.63702 2.69962
66.64548 1.86204 5.25247 64.51639 1.29221 6.53730 746.22691 4.59509 35.78313 47.95070 99.50709 1.00675 2.52231 -0.71557 10.68457
43.30823 3.66638 5.48972 38.33608 3.07257 5.00703 355.00485 75.48638 48.76615 31.91204 57.65080 -3.33900 7.41082 1.33306 11.72302
46.29481 3.43932 3.14925 43.42267 2.64438 0.43651 587.91469 58.89171 182.69457 27.57642 63.45106 -0.85508 8.47734 -3.94229 12.27395
48.14860 0.00661 0.47685 49.63701 -0.00150 0.00304 605.20676 21.22059 24.62867 29.40836 62.79371 -1.24810 1.26070 -2.25508 2.74435
44.01531 5.79336 0.97245 39.71610 4.61936 0.34101 768.65725 39.58430 410.86546 20.03692 71.47753 1.64849 8.78596 -14.19383 15.52619
49.56955 3.69894 -0.21947 50.85689 3.74395 -0.29536 458.95832 11.08126 10.13891 34.93959 58.52718 1.91949 5.21175 -2.58273 1.88203
49.92979 3.26328 -1.32367 51.63983 2.16354 0.81635 382.55322 32.62922 117.90702 36.45182 60.98380 0.44662 3.84993 -5.75409 2.67673
66.84133 0.75482 -0.34703 69.23033 -0.59088 -1.08333 502.02170 37.50150 35.34935 57.09062 87.57116 -1.19649 0.58445 -3.72198 1.27456
33.15795 0.03263 4.16150 28.12603 0.73951 3.01849 312.64964 15.97963 55.60063 22.11579 38.63177 -2.02312 2.98828 -1.53468 7.71910
51.85905 -0.46688 -0.58903 52.94916 -0.00233 -0.00413 693.16425 12.00370 12.97373 29.36084 62.43767 -2.35157 1.65520 -2.17068 0.04519
51.06397 -4.31408 4.76496 54.18145 -4.48498 8.99537 655.11893 10.25566 281.36498 30.79995 70.09531 -5.96462 -2.96222 -5.13150 17.40439
57.03625 0.21467 3.20863 54.08526 -0.00245 2.69860 528.64007 4.55085 21.98913 38.48563 68.58441 -1.00760 1.26042 0.00465 5.60593
51.26424 4.63837 3.87845 43.44775 3.05865 3.11954 860.33545 45.00943 14.34106 29.92663 80.45352 0.81741 5.11594 0.00464 6.75984
47.87912 1.59368 -1.59452 54.21672 2.22319 0.83049 418.66416 14.73312 125.88176 33.90454 60.76320 -0.59795 4.08203 -6.26126 3.42612
45.76066 2.53629 5.39448 47.51288 0.76383 3.94148 706.45510 35.36295 80.99638 24.08446 64.50656 -0.55881 4.27891 0.00115 8.22605
46.83854 3.81107 7.01534 37.46343 2.89616 4.85503 735.54917 10.32267 26.00807 29.58810 63.41401 1.69016 6.09226 4.48994 10.64251
57.64196 -6.83003 -1.59430 57.16829 -7.31267 2.29476 352.49352 56.04285 170.12300 46.34813 69.24605 -12.13957 -3.09874 -15.94656 8.06835
37.19783 -0.35536 6.16179 37.37980 -2.21731 0.65274 509.85124 169.95059 279.06024 17.27234 52.75014 -5.21060 0.54609 -1.41408 6.67116
45.95057 2.28778 6.14916 33.66449 2.08683 2.53296 938.67266 9.48192 70.35140 21.22439 68.72446 -0.00245 4.66846 0.00300 10.04038
49.16971 4.43578 6.78167 43.21803 3.47927 6.41082 812.30239 31.69114 26.00822 29.15302 65.29485 1.56452 5.63481 3.69815 9.86084
52.33372 -1.79373 20.75662 57.68296 -2.63351 16.46585 744.02779 31.11834 349.17338 31.14202 70.03264 -4.75017 0.16518 6.06373 31.08395
36.61064 -0.28030 -8.70948 31.93861 -0.59135 -9.06202 749.74344 11.74908 25.00090 13.81837 50.25363 -1.98499 0.68225 -11.51223 -6.32310
53.09788 4.15781 6.59125 60.01631 5.17296 5.75866 243.19766 49.30636 35.70443 42.33898 63.81429 -1.01267 6.57612 1.86681 10.84655
50.92167 7.34819 -13.76806 46.98630 7.95907 -15.27491 521.88841 16.40097 41.91155 37.68203 58.74605 5.74153 9.43637 -18.56597 -11.08619
49.72490 1.53975 4.97455 48.15639 1.49301 8.29836 314.71905 14.38411 277.13122 37.62351 65.24707 -0.67910 3.61313 -3.73209 15.15192
