0.5722288211167127
0.46116676944363183
0.555746060491031
0.3897401090202346
0.7039444755682734
0.31641623811208164
0.4693118369403063
0.5118171908697816
0.4140348343414243
0.5459723649874291
0.4409005391773656
0.5245202859531127
0.5484102060010125
0.237862326389145
0.5626370468200084
0.34385614579411533
0.296490405773186
0.49497163496723817
0.09161413010436269
0.23859977106421676
0.40814389719877286
0.48540547918350063
0.5750843389439791
0.42632547894384143
0.4517753914798131
0.5887362391241383
0.22075848223839603
0.3410663049609892
0.6813587128457141
0.6555804189431147
0.5090113723942529
0.3546008098421199
0.3530410088325568
0.5154649972664916
0.3462425738860385
0.49088410972760643
0.5421084591475671
0.5057190932776736
0.26166364077157833
0.4856969244755296
0.6119490221609615
0.5345358886278277
0.4427670144199052
0.4138789897440955
0.4092699001253388
0.6163305831559217
0.33603835082456046
0.671922207541138
0.37473678197203086
0.32477742010003524
0.36939856735605864
0.4744548138844981
0.3207759980443617
0.48169090517790497
0.3542229134152856
0.7766101834939219
0.509447085411883
0.5077822252452361
0.31268499344611145
0.5308244690447474
0.4602093991690075
0.6589888973703333
0.5389029214505866
0.5044959619255941
0.2596435651114042
0.664048953623834
0.44678300491635453
0.4076994852758123
0.42704358134826215
0.5177169315913412
0.32310478413944277
0.2876559588094897
0.28425760187788385
0.2544400292253829
0.28371320347811785
0.22000899965376866
0.3723832018873082
0.4235949790887281
0.5108258268540804
0.346979862004504
0.24767235482262298
0.38770923863303897
0.5501912344463384
0.1445904268384834
0.2754802882566036
0.5921570494968911
0.4436493253739423
0.2874869193609098
0.39204074317766363
0.5061762673261725
0.247741406402609
0.35562409632027686
0.5127977215615785
0.32371841117145633
0.4382386933589876
0.4193254310032689
0.518572736310809
0.21378679200509138
0.5878931192942645
0.41484747070454747
0.38701906547629145
0.3712116361971955
0.3741555453422211
0.49193643175292795
0.5048201828523996
0.26625465159988415
0.31580890274909107
0.5663017224338134
0.33688068723644504
0.39972766903986384
0.5031823686454343
0.5601407873145631
0.323577005160871
0.30697806035381076
0.24128855645161457
0.3560427702632643
0.3772184535991342
0.3334298650237209
0.4109665235929387
0.34217823254762303
0.4132169275273271
0.500052016067393
0.10844516672512503
0.45935562122668216
0.521569499116488
0.5538351349114663
0.4034523859929544
0.4732002687878369
0.5409476524022324
0.4318937359070162
0.4043662941714147
0.4862278039008497
0.3431556168108513
0.5206815936147888
0.5775874517150676
0.4986730124069388
0.42995099096903866
0.5960892485672816
0.4210804708952289
0.23136906902689894
0.3696210178456268
0.3718976136620106
0.44983840538036296
0.4506913524224326
0.2368278166189943
0.3697006136843507
0.5377649077125658
0.4326935912466732
0.5705334340841244
0.4187164309000186
0.3968862832762646
0.440976963122714
0.45296303785776043
0.4062711800964384
0.35609952999951977
0.6061138969073423
0.37427305536649297
0.24109129367775725
0.337398029939417
0.31085523473078086
0.4901165385596489
0.3283464011293498
0.6031418290028832
0.3617953379473953
0.4849453692364991
0.40780277930712266
0.36164203235003756
0.1963441809655143
0.5408408878230935
0.6553665550223383
0.2333710983541818
0.38060072684123164
0.45492919032822343
0.4550404319145596
0.5120669198571968
0.392164219522014
0.307976693238219
0.39822165479197474
0.3981587767618466
0.26312411058860796
0.23094157801081813
0.5320092541239166
0.7541546493287119
0.4084302421109999
0.3787581613339065
0.35212935822464264
0.5737452161602772
0.38586627190389916
0.5241431415544668
0.28899090083678425
0.5932654654933333
0.4827999698385751
0.38842997195219836
0.2621083377038748
0.42050198539907563
0.3373622287230362
0.3862435467198431
0.5640389573486713
0.2036767687219551
0.36558495960666754
0.3968809677687518
0.5109684178848953
0.791094705796136
0.4265498399333494
0.3199670338424513
0.18240623161680752
0.24925306701439076
0.5121880035358622
0.2788492544918044
0.5924850031945028
0.4808401494770277
0.4694272242594221
0.41520637178039277
0.43756706658201516
0.41241248462550684
0.3650064774778593
0.22837077360801183
0.37203915115746633
0.34471078408698735
0.37168258613609756
0.4275796749790946
0.5892855144957662
0.6302973056383478
0.3613634412348179
0.5422896670062244
0.4837870083320059
0.5218138167366738
0.4926822864654566
0.7891746367123684
0.7352052462514777
0.444374803772302
0.5524179819597579
0.44751767815344784
0.2378726929804655
0.6041579414000571
0.4970072038287338
0.2953553249823423
0.4115273648127439
0.4461533089081273
0.3669420759561637
0.3162041351599802
0.18694126516448328
0.4985495856608289
0.437572748812177
0.302150030554181
0.4154438512113161
0.451454004953369
0.28967628545327145
0.2295631301825468
0.4228863771118757
0.36875329643200433
0.4397489555160913
0.3750992189451378
0.5304124321555379
0.19296421995092844
0.5298413276552414
0.4458377961492072
0.256032323869791
0.49583466435684836
0.23390670221503782
0.5340288519054218
0.6289668704005266
0.5093568755058931
0.5768889944971374
0.48556184863669055
0.2710605819404625
0.4111708744715835
0.48657760515935305
0.5337728512973255
0.4095008741080153
0.24423241599526935
0.3958941490560052
0.2799521251887432
0.42234463381096726
0.29718190729836713
0.4512280302902432
0.39869899311850354
0.4865570978234541
0.5826821477939889
0.22810708084088469
0.605507474835003
0.26906476791759426
0.7303835413700724
0.4351006891229287
0.43218679900999646
0.5363662802963607
0.3581247476104577
0.40631006295730027
0.5133337198133233
0.5847935029628966
0.47237386053303954
0.24573559575621506