3411.00000 566.22693 21.54037990196131 0.5722288211167127
6026.00000 354.17199 178.43039215687878 0.46116676944363183
1702.00000 505.97749 6.8762408088236056 0.555746060491031
2140.00000 190.16109 26.223835784314495 0.3897401090202346
2568.00000 36.16768 8.670358455882468 0.7039444755682734
3613.00000 373.67506 60.81447610294134 0.31641623811208164
3787.00000 195.80992 101.49782475490461 0.4693118369403063
3595.00000 464.73154 30.470618872549455 0.5118171908697816
2150.00000 334.34117 17.612852328431767 0.4140348343414243
3329.00000 440.38940 36.950045955883645 0.5459723649874291
3922.00000 598.76552 95.20571384804644 0.4409005391773656
4153.00000 145.19957 67.60369178921617 0.5245202859531127
2752.00000 431.65780 21.33760723039231 0.5484102060010125
6925.00000 486.27752 181.55577512254834 0.237862326389145
1514.00000 395.78870 28.076715686276497 0.5626370468200084
4758.00000 499.56614 29.162392769608324 0.34385614579411533
9878.00000 369.64364 303.50284926473336 0.296490405773186
2345.00000 139.80598 38.15418198529465 0.49497163496723817
13113.00000 520.11766 1913.0064031864474 0.09161413010436269
10699.00000 477.07956 443.78844975495986 0.23859977106421676
3935.00000 117.81641 86.08521752451371 0.40814389719877286
5320.00000 442.51830 67.25557598039596 0.48540547918350063
1256.00000 436.84609 16.051807598039172 0.5750843389439791
6682.00000 372.50221 106.21992953431368 0.42632547894384143
4673.00000 259.56146 87.53394607843045 0.4517753914798131
2440.00000 398.14248 50.88895526961009 0.5887362391241383
3860.00000 406.93412 53.3833026960798 0.22075848223839603
4405.00000 531.45497 163.36516544117953 0.3410663049609892
1692.00000 189.49931 5.074295343137311 0.6813587128457141
1441.00000 96.92669 6.610110294117727 0.6555804189431147
2010.00000 214.21082 60.24983149510123 0.5090113723942529
5041.00000 395.44471 176.03069852942286 0.3546008098421199
4937.00000 184.01062 51.89996936274582 0.3530410088325568
2671.00000 522.56877 46.190058210784116 0.5154649972664916
5705.00000 303.59462 92.09076286764932 0.3462425738860385
4370.00000 378.30020 86.58259803922154 0.49088410972760643
8405.00000 492.80494 97.20784313726757 0.5421084591475671
4955.00000 471.91297 114.69874387255648 0.5057190932776736
3281.00000 556.56882 99.25347732843827 0.26166364077157833
2804.00000 394.58775 15.25854779411749 0.4856969244755296
2274.00000 212.69378 22.30168504902066 0.6119490221609615
2167.00000 153.17005 12.130484068627625 0.5345358886278277
3562.00000 432.91766 83.07368259804134 0.4427670144199052
4900.00000 187.71093 118.69744178921857 0.4138789897440955
5087.00000 712.54524 43.23172487745229 0.4092699001253388
1987.00000 166.29598 19.94987745098071 0.6163305831559217
4227.00000 675.88914 71.46182598039697 0.33603835082456046
2324.00000 494.30141 17.275428921568906 0.671922207541138
6416.00000 227.74781 157.08564644608975 0.37473678197203086
7315.00000 478.15806 265.99312193628475 0.32477742010003524
4363.00000 304.17257 142.50683210784356 0.36939856735605864
5185.00000 511.67597 41.17457107843105 0.4744548138844981
2849.00000 682.87083 70.32585784314182 0.3207759980443617
5158.00000 439.85400 19.072794117647778 0.48169090517790497
10863.00000 236.27169 32.01732536764791 0.3542229134152856
3171.00000 46.73889 31.497564338236693 0.7766101834939219
4925.00000 240.30934 45.13307291666685 0.509447085411883
1204.00000 663.74850 11.763970588235434 0.5077822252452361
5929.00000 267.80255 81.20844056372744 0.31268499344611145
1633.00000 664.88437 11.973498774509899 0.5308244690447474
1397.00000 892.59302 17.64865196078467 0.4602093991690075
3603.00000 35.80859 14.574065563725908 0.6589888973703333
2683.00000 400.44267 13.252496936274483 0.5389029214505866
1717.00000 672.08993 35.499586397057406 0.5044959619255941
5126.00000 609.92083 101.1721354166685 0.2596435651114042
1459.00000 328.24762 10.565471813725313 0.664048953623834
3377.00000 143.15844 32.964629289216816 0.44678300491635453
1936.00000 297.33663 37.6567248774518 0.4076994852758123
1963.00000 148.76070 18.926577818627614 0.42704358134826215
3356.00000 151.93346 40.924816176471076 0.5177169315913412
4516.00000 291.83029 48.883532475489766 0.32310478413944277
5467.00000 499.83209 117.63187806373588 0.2876559588094897
10359.00000 654.83943 149.95977328432215 0.28425760187788385
3877.00000 322.70047 51.20405943627467 0.2544400292253829
6304.00000 276.81662 108.02838541666856 0.28371320347811785
13225.00000 395.04112 637.6750153187368 0.22000899965376866
4812.00000 198.13019 181.74113051471355 0.3723832018873082
4256.00000 540.75386 30.326118259804954 0.4235949790887281
1553.00000 52.96769 6.998177083333426 0.5108258268540804
5236.00000 764.54639 220.4954810049187 0.346979862004504
1964.00000 196.61788 43.291344975490574 0.24767235482262298
6088.00000 699.17789 46.32207414215733 0.38770923863303897
2100.00000 204.24102 8.529718137254967 0.5501912344463384
3160.00000 217.76775 267.22545955882373 0.1445904268384834
1567.00000 1126.62092 67.15401348039391 0.2754802882566036
4817.00000 292.78392 14.162009803921858 0.5921570494968911
7706.00000 261.47300 85.81432291667329 0.4436493253739423
8333.00000 618.71553 200.99255514707266 0.2874869193609098
5083.00000 265.93676 66.91493566176536 0.39204074317766363
6153.00000 925.90434 17.3784007352949 0.5061762673261725
4133.00000 286.17423 94.11106004902342 0.247741406402609
5148.00000 606.87940 46.453722426471025 0.35562409632027686
3406.00000 227.01387 20.314460784313997 0.5127977215615785
5285.00000 426.15342 123.38806678922869 0.32371841117145633
3014.00000 177.42971 25.630269607845037 0.4382386933589876
15345.00000 358.26249 136.9484221813822 0.4193254310032689
3675.00000 615.34577 28.417800245099187 0.518572736310809
7034.00000 671.57136 213.96383272059546 0.21378679200509138
2869.00000 140.53348 9.717601102941188 0.5878931192942645
2301.00000 500.64558 24.208685661765738 0.41484747070454747
2232.00000 348.32159 45.276991421568326 0.38701906547629145
5711.00000 729.19914 81.6406096813751 0.3712116361971955
2833.00000 353.69971 52.89270833333267 0.3741555453422211
2227.00000 546.01652 14.322870710784613 0.49193643175292795
2921.00000 371.63868 94.4504595588219 0.5048201828523996
6092.00000 763.79250 132.97859987746045 0.26625465159988415
2455.00000 203.36387 22.20617340686278 0.31580890274909107
5138.00000 452.69999 82.61265318627424 0.5663017224338134
5984.00000 359.99399 133.50975796569583 0.33688068723644504
3076.00000 439.24735 72.40240502451077 0.39972766903986384
3247.00000 246.47278 9.316804534313615 0.5031823686454343
5382.00000 710.30808 71.69911151960828 0.5601407873145631
3829.00000 323.19016 46.87758884803968 0.323577005160871
22543.00000 334.68836 1160.7606158090164 0.30697806035381076
4779.00000 519.64214 155.228936887255 0.24128855645161457
10161.00000 318.60881 248.44189644610992 0.3560427702632643
5289.00000 513.75310 33.47723651960888 0.3772184535991342
6632.00000 240.33060 136.80752144608738 0.3334298650237209
2755.00000 844.94481 41.891253063727184 0.4109665235929387
7499.00000 730.05498 129.78003982844456 0.34217823254762303
8049.00000 234.02592 210.6300551470639 0.4132169275273271
4070.00000 117.59145 16.41334252451 0.500052016067393
16802.00000 592.09297 665.5468596815098 0.10844516672512503
6848.00000 271.34560 10.548345588235291 0.45935562122668216
1513.00000 187.29543 8.3058363970589 0.521569499116488
1465.00000 451.60190 10.466528799019802 0.5538351349114663
5022.00000 797.66970 76.16856617647157 0.4034523859929544
3918.00000 305.39811 33.8365655637254 0.4732002687878369
2085.00000 438.05395 11.392264093137278 0.5409476524022324
5596.00000 513.47525 108.41049325981038 0.4318937359070162
5271.00000 173.94380 18.453339460785227 0.4043662941714147
5646.00000 468.62195 66.06847426471153 0.4862278039008497
4724.00000 553.65185 201.90171568628259 0.3431556168108513
4544.00000 457.67810 56.3651501225522 0.5206815936147888
1795.00000 248.62485 6.564828431372643 0.5775874517150676
4412.00000 74.92951 48.029151348039704 0.4986730124069388
8691.00000 669.77611 157.13339460785326 0.42995099096903866
2379.00000 492.95396 9.255575980392342 0.5960892485672816
4367.00000 332.75606 146.1044730392148 0.4210804708952289
11630.00000 365.10116 363.23736213237396 0.23136906902689894
4908.00000 648.39661 46.02208946078507 0.3696210178456268
6091.00000 424.23859 104.71360294117933 0.3718976136620106
11039.00000 237.04992 585.4482077206482 0.44983840538036296
3373.00000 1008.00090 129.95574448530087 0.4506913524224326
14357.00000 604.24860 715.8992800246424 0.2368278166189943
3018.00000 733.75249 71.97538296568844 0.3697006136843507
1932.00000 455.04414 21.460692401961364 0.5377649077125658
3933.00000 326.34048 85.57210477941638 0.4326935912466732
4426.00000 195.17910 119.09496017157313 0.5705334340841244
3969.00000 665.37539 31.340196078433618 0.4187164309000186
2594.00000 305.09622 26.979748774511034 0.3968862832762646
2836.00000 366.54505 36.61511948529406 0.440976963122714
6576.00000 416.92036 255.74730392157332 0.45296303785776043
7222.00000 427.22066 114.93921568627727 0.4062711800964384
5701.00000 887.16022 151.48766850490827 0.35609952999951977
2886.00000 451.84865 24.609344362747056 0.6061138969073423
4599.00000 754.15172 88.07748161765225 0.37427305536649297
2930.00000 348.09741 51.14541973039268 0.24109129367775725
1357.00000 121.44284 16.983655024509964 0.337398029939417
4896.00000 343.51485 98.53030024510143 0.31085523473078086
4525.00000 132.96095 7.110799632353 0.4901165385596489
3240.00000 457.47852 29.60719975490302 0.3283464011293498
2835.00000 95.71652 40.85916053921608 0.6031418290028832
2980.00000 292.99899 91.19468443628088 0.3617953379473953
2355.00000 297.85803 20.790686274510282 0.4849453692364991
4063.00000 402.40715 121.42175245099013 0.40780277930712266
2308.00000 470.00359 27.330484068628998 0.36164203235003756
2781.00000 96.76175 98.73656556372806 0.1963441809655143
2041.00000 235.43492 4.765441176470641 0.5408408878230935
3391.00000 216.56903 20.366452205883164 0.6553665550223383
9733.00000 399.34862 282.348223039242 0.2333710983541818
3095.00000 352.07547 20.573667279412412 0.38060072684123164
3778.00000 428.73167 51.04309129902264 0.45492919032822343
7496.00000 200.01724 233.92208946078634 0.4550404319145596
1898.00000 529.15271 29.091222426471983 0.5120669198571968
4555.00000 423.45710 65.49597120098231 0.392164219522014
11604.00000 346.61081 83.24391850490807 0.307976693238219
8650.00000 597.45182 42.68990502451256 0.39822165479197474
4428.00000 348.65369 34.4305759803917 0.3981587767618466
5306.00000 262.17441 37.964200367647486 0.26312411058860796
3723.00000 694.67785 111.58481924019475 0.23094157801081813
3940.00000 417.62503 66.8911151960817 0.5320092541239166
1658.00000 348.86504 3.483854166666684 0.7541546493287119
2134.00000 481.73070 77.77616421568537 0.4084302421109999
9855.00000 294.82710 375.1429687500388 0.3787581613339065
5724.00000 970.97874 74.08544730392515 0.35212935822464264
4096.00000 533.75077 102.40395220588796 0.5737452161602772
4689.00000 687.11459 142.13765318628626 0.38586627190389916
9294.00000 459.34472 143.66666666668567 0.5241431415544668
10458.00000 431.56390 225.26493566177464 0.28899090083678425
7602.00000 344.54237 110.3861825980467 0.5932654654933333
2365.00000 174.99818 99.6315870098134 0.4827999698385751
6337.00000 352.98849 89.82450980392743 0.38842997195219836
12183.00000 715.18176 544.740042892232 0.2621083377038748
2085.00000 265.01030 41.99937193627565 0.42050198539907563
7142.00000 260.08746 76.05003063725569 0.3373622287230362
6217.00000 395.40923 95.74721200981153 0.3862435467198431
1319.00000 427.84532 14.25441176470594 0.5640389573486713
2803.00000 855.26547 104.21044730392452 0.2036767687219551
6049.00000 199.33610 150.71786151961157 0.36558495960666754
5132.00000 510.33913 96.49503676470488 0.3968809677687518
4284.00000 216.92784 126.96859681372966 0.5109684178848953
2643.00000 20.62876 9.640150122549242 0.791094705796136
5688.00000 737.13031 167.59402573529636 0.4265498399333494
10814.00000 385.38993 111.250275735295 0.3199670338424513
3603.00000 656.26376 106.1433976715695 0.18240623161680752
7869.00000 476.17763 281.94094669120403 0.24925306701439076
4805.00000 808.70174 85.97866115196618 0.5121880035358622
10854.00000 314.97629 200.72879901963088 0.2788492544918044
2313.00000 240.70065 18.697778799019925 0.5924850031945028
12308.00000 311.85656 533.687745098096 0.4808401494770277
3724.00000 177.98984 84.04609375000125 0.4694272242594221
2047.00000 453.04936 15.230882352941325 0.41520637178039277
3633.00000 1041.05862 61.81374080882496 0.43756706658201516
3446.00000 200.43085 87.63662683823901 0.41241248462550684
6426.00000 709.82500 46.111381740197174 0.3650064774778593
2920.00000 246.03821 87.68014705882885 0.22837077360801183
5107.00000 842.22485 132.81311274510756 0.37203915115746633
5318.00000 385.30775 54.84371936274544 0.34471078408698735
9222.00000 147.45174 226.99116115197506 0.37168258613609756
1899.00000 77.37712 19.534420955882982 0.4275796749790946
4067.00000 209.91638 78.45519301470863 0.5892855144957662
1900.00000 182.02349 5.1646446078431785 0.6302973056383478
1916.00000 176.97346 32.8129289215691 0.3613634412348179
2297.00000 87.01728 31.298360906863884 0.5422896670062244
6490.00000 982.00898 213.21996017157375 0.4837870083320059
3155.00000 534.06316 8.868979779411974 0.5218138167366738
6808.00000 792.84949 105.91181066177106 0.4926822864654566
2591.00000 385.16043 22.98069852941244 0.7891746367123684
1938.00000 263.94830 14.184375000000095 0.7352052462514777
8951.00000 287.42655 134.1394914215799 0.444374803772302
3594.00000 124.89170 81.07749693627355 0.5524179819597579
4350.00000 518.52920 77.58322610294299 0.44751767815344784
4603.00000 775.15390 71.11035539216134 0.2378726929804655
3282.00000 207.17242 26.637745098040536 0.6041579414000571
3544.00000 325.86262 23.530422794118397 0.4970072038287338
4254.00000 798.10744 69.74250919117786 0.2953553249823423
6314.00000 265.00672 44.45903799019645 0.4115273648127439
3494.00000 1129.81135 20.187668504902092 0.4461533089081273
6653.00000 321.64784 210.0846813725606 0.3669420759561637
7684.00000 202.67232 103.97863051470702 0.3162041351599802
12200.00000 806.04528 201.28247549019147 0.18694126516448328
2277.00000 670.96565 16.653829656863174 0.4985495856608289
4140.00000 133.66174 20.834344362746158 0.437572748812177
8376.00000 660.63438 138.63826593138333 0.302150030554181
2790.00000 581.78530 21.929702818628215 0.4154438512113161
2874.00000 658.27913 53.19056372549058 0.451454004953369
6606.00000 450.06210 108.53265931372546 0.28967628545327145
3244.00000 469.65421 164.73386948529293 0.2295631301825468
4713.00000 372.74297 28.823023897060025 0.4228863771118757
6021.00000 440.46647 209.97375919119114 0.36875329643200433
2940.00000 644.44016 20.543504901961136 0.4397489555160913
4484.00000 551.53430 109.10254289216083 0.3750992189451378
2879.00000 229.09242 26.218596813726165 0.5304124321555379
9948.00000 417.77061 153.8084252451075 0.19296421995092844
2374.00000 418.49517 97.92201286764775 0.5298413276552414
6685.00000 290.66145 80.17058823529563 0.4458377961492072
8826.00000 432.09138 219.51934742649044 0.256032323869791
2255.00000 990.46086 28.389491421569616 0.49583466435684836
4114.00000 87.68987 67.1399356617658 0.23390670221503782
5986.00000 521.49920 144.59054840686673 0.5340288519054218
1954.00000 151.26699 21.909175857843625 0.6289668704005266
3731.00000 1032.82188 145.8277267156886 0.5093568755058931
7686.00000 401.61140 93.88445159314377 0.5768889944971374
3679.00000 301.79207 59.275214460783396 0.48556184863669055
10097.00000 669.66142 206.58174019608776 0.2710605819404625
2053.00000 350.57272 18.45487132352974 0.4111708744715835
5713.00000 137.53311 62.5399509803956 0.48657760515935305
2426.00000 536.32126 21.90647977941223 0.5337728512973255
8170.00000 846.57085 179.80854779413087 0.4095008741080153
3008.00000 300.27199 55.797962622549505 0.24423241599526935
12428.00000 196.74864 123.70087316177035 0.3958941490560052
3127.00000 230.91912 56.814644607843455 0.2799521251887432
7360.00000 520.02847 422.34491421571965 0.42234463381096726
12134.00000 408.67739 458.8459865196468 0.29718190729836713
3081.00000 412.97151 36.28379289215804 0.4512280302902432
2298.00000 164.29044 20.517064950981432 0.39869899311850354
2105.00000 283.56357 57.44776348039436 0.4865570978234541
1558.00000 319.03832 14.51668198529389 0.5826821477939889
7908.00000 166.19737 100.85150122549322 0.22810708084088469
2787.00000 102.36574 19.50246629902005 0.605507474835003
8142.00000 782.75843 173.00672487746434 0.26906476791759426
1371.00000 434.18456 3.140563725490243 0.7303835413700724
7625.00000 382.89261 91.17002144608223 0.4351006891229287
10909.00000 233.52767 594.1661305147653 0.43218679900999646
5609.00000 393.14264 16.787668504902413 0.5363662802963607
5382.00000 645.41973 157.17751225491924 0.3581247476104577
1291.00000 143.01230 41.90220588235254 0.40631006295730027
2344.00000 156.32598 10.456249999999985 0.5133337198133233
4617.00000 444.31009 46.132797181371814 0.5847935029628966
4842.00000 173.35817 49.37386642157149 0.47237386053303954
6299.00000 534.90171 83.01910232843814 0.24573559575621506
