139.00000 24.53957 3411.00000 167.92167 17.87609 90.45956
105.00000 57.39048 6026.00000 449.02689 6.35828 90.78759
5.00000 340.40000 1702.00000 416.30835 16.30559 74.95837
31.00000 69.03226 2140.00000 279.08312 -54.94906 81.33050
87.00000 29.51724 2568.00000 118.71814 14.20888 83.57726
160.00000 22.58125 3613.00000 141.77154 -12.95972 92.29446
76.00000 49.82895 3787.00000 384.85607 -24.96547 89.08333
28.00000 128.39286 3595.00000 448.48621 1.37113 75.21510
3.00000 716.66667 2150.00000 1009.27741 -57.40663 45.39362
98.00000 33.96939 3329.00000 254.67276 -16.68744 93.18620
280.00000 14.00714 3922.00000 84.52823 -4.83762 90.36763
292.00000 14.22260 4153.00000 101.77982 7.15649 85.83044
90.00000 30.57778 2752.00000 140.90130 14.35155 83.60782
534.00000 12.96816 6925.00000 144.58427 -10.51069 87.40871
110.00000 13.76364 1514.00000 53.72961 -1.91084 86.00759
286.00000 16.63636 4758.00000 117.37252 1.49653 90.16471
743.00000 13.29475 9878.00000 103.17931 11.01455 87.94443
107.00000 21.91589 2345.00000 156.71422 54.39219 81.60528
1517.00000 8.64403 13113.00000 127.11311 5.59462 83.60060
485.00000 22.05979 10699.00000 181.10168 -1.92830 91.10060
107.00000 36.77570 3935.00000 307.84230 -6.11929 92.95292
321.00000 16.57321 5320.00000 84.85727 8.95502 79.89984
38.00000 33.05263 1256.00000 124.80847 32.76007 79.92470
331.00000 20.18731 6682.00000 86.64307 15.26665 80.95007
165.00000 28.32121 4673.00000 141.61052 14.83837 79.36834
96.00000 25.41667 2440.00000 65.18302 25.95053 81.64283
366.00000 10.54645 3860.00000 52.71240 16.69501 84.81810
396.00000 11.12374 4405.00000 73.40019 9.04516 87.90936
63.00000 26.85714 1692.00000 160.88760 -2.15799 90.33435
52.00000 27.71154 1441.00000 143.37811 58.22116 67.14210
90.00000 22.33333 2010.00000 118.01186 -2.98085 76.54102
172.00000 29.30814 5041.00000 198.88454 13.96414 84.80243
240.00000 20.57083 4937.00000 135.93551 -1.47221 85.94026
112.00000 23.84821 2671.00000 115.42802 -25.78156 83.78726
560.00000 10.18750 5705.00000 122.77928 3.56546 88.25555
439.00000 9.95444 4370.00000 115.68281 -2.77509 88.07156
429.00000 19.59207 8405.00000 187.48533 7.51059 85.63642
268.00000 18.48881 4955.00000 158.89097 -10.02942 92.25505
445.00000 7.37303 3281.00000 42.54632 5.80104 91.21952
93.00000 30.15054 2804.00000 176.76915 -5.89882 87.17667
141.00000 16.12766 2274.00000 67.92151 2.16880 91.60768
74.00000 29.28378 2167.00000 197.67674 -1.65683 87.91006
360.00000 9.89444 3562.00000 65.39529 3.10859 88.19426
446.00000 10.98655 4900.00000 91.58527 12.61060 87.50721
159.00000 31.99371 5087.00000 141.17029 -0.51048 89.95277
78.00000 25.47436 1987.00000 160.19153 3.30511 83.35092
251.00000 16.84064 4227.00000 95.42043 4.02787 88.52877
47.00000 49.44681 2324.00000 158.76100 2.35857 72.35110
884.00000 7.25792 6416.00000 58.21921 4.44902 87.49670
1245.00000 5.87550 7315.00000 58.55392 8.13630 89.48945
278.00000 15.69424 4363.00000 197.15068 4.48989 91.42568
573.00000 9.04887 5185.00000 72.33086 6.99374 89.41219
219.00000 13.00913 2849.00000 61.36127 5.28963 89.02524
327.00000 15.77370 5158.00000 63.96131 11.33790 84.38770
501.00000 21.68263 10863.00000 148.39832 15.42116 83.71227
55.00000 57.65455 3171.00000 344.84917 23.39622 87.01145
315.00000 15.63492 4925.00000 140.41581 1.38080 86.05109
14.00000 86.00000 1204.00000 150.96925 43.13724 55.28782
376.00000 15.76862 5929.00000 162.39030 -2.79655 89.29385
10.00000 163.30000 1633.00000 338.80852 38.47531 55.25109
116.00000 12.04310 1397.00000 52.44116 33.29055 85.15310
117.00000 30.79487 3603.00000 210.85773 -27.39009 85.02300
121.00000 22.17355 2683.00000 105.11895 26.54507 82.02076
204.00000 8.41667 1717.00000 47.30147 7.20795 94.18067
374.00000 13.70588 5126.00000 172.70032 0.68801 91.17065
63.00000 23.15873 1459.00000 154.78784 43.40477 82.49696
365.00000 9.25205 3377.00000 85.00967 7.11687 85.65908
118.00000 16.40678 1936.00000 108.67205 38.25219 87.01939
72.00000 27.26389 1963.00000 147.26978 -15.53709 86.68022
300.00000 11.18667 3356.00000 88.79188 7.31872 87.52307
442.00000 10.21719 4516.00000 103.87936 6.51478 87.12548
386.00000 14.16321 5467.00000 82.87510 1.09221 90.24001
486.00000 21.31481 10359.00000 259.46486 -2.49095 88.68025
574.00000 6.75436 3877.00000 64.62360 8.41715 87.41782
523.00000 12.05354 6304.00000 93.13389 -0.56507 84.52575
725.00000 18.24138 13225.00000 154.37332 6.32804 83.90067
450.00000 10.69333 4812.00000 71.13189 10.31125 88.84887
256.00000 16.62500 4256.00000 117.18055 -10.83126 88.69095
15.00000 103.53333 1553.00000 312.09120 -56.77436 51.75743
411.00000 12.73966 5236.00000 68.36344 -8.45861 91.68985
99.00000 19.83838 1964.00000 126.52103 -20.05173 84.64345
351.00000 17.34473 6088.00000 77.55486 -0.98336 87.55523
65.00000 32.30769 2100.00000 195.07434 9.23893 84.91070
321.00000 9.84424 3160.00000 111.36374 -9.57079 90.84628
79.00000 19.83544 1567.00000 116.05874 1.89651 91.89954
127.00000 37.92913 4817.00000 171.44257 10.31708 82.22409
691.00000 11.15195 7706.00000 83.33821 -1.28926 87.45987
684.00000 12.18275 8333.00000 79.05493 1.53219 88.74461
115.00000 44.20000 5083.00000 317.47515 3.66129 87.05801
73.00000 84.28767 6153.00000 349.76816 37.68278 79.02056
319.00000 12.95611 4133.00000 90.01500 -2.87141 89.38785
210.00000 24.51429 5148.00000 143.03250 -8.46017 86.53654
241.00000 14.13278 3406.00000 84.92657 7.18143 87.09269
345.00000 15.31884 5285.00000 126.07172 3.88954 85.29315
234.00000 12.88034 3014.00000 71.53538 -0.84054 87.62935
825.00000 18.60000 15345.00000 153.97665 -0.44694 84.55405
124.00000 29.63710 3675.00000 149.44679 11.14930 85.61241
472.00000 14.90254 7034.00000 126.16091 1.79796 90.47471
75.00000 38.25333 2869.00000 230.79140 16.40883 86.20909
73.00000 31.52055 2301.00000 150.47151 -10.31888 81.46639
171.00000 13.05263 2232.00000 126.74749 -0.55770 98.72082
238.00000 23.99580 5711.00000 133.30960 5.69553 86.97215
290.00000 9.76897 2833.00000 70.54755 22.08059 85.36750
119.00000 18.71429 2227.00000 102.87638 43.11218 81.20241
63.00000 46.36508 2921.00000 253.20381 4.34264 85.52554
353.00000 17.25779 6092.00000 134.87339 1.02499 88.59586
81.00000 30.30864 2455.00000 235.26227 18.77798 91.36171
324.00000 15.85802 5138.00000 136.84074 12.42243 87.69619
818.00000 7.31540 5984.00000 49.41267 -6.87891 92.00629
282.00000 10.90780 3076.00000 73.68718 -2.80763 92.95484
189.00000 17.17989 3247.00000 74.51004 -1.62244 89.89313
37.00000 145.45946 5382.00000 559.18433 -7.96356 61.54262
323.00000 11.85449 3829.00000 82.77808 0.62350 87.98311
540.00000 41.74630 22543.00000 790.76408 -0.81209 84.25854
395.00000 12.09873 4779.00000 171.95632 -10.82296 88.63268
753.00000 13.49402 10161.00000 149.52735 3.79971 88.36860
267.00000 19.80899 5289.00000 74.93251 9.38352 86.66943
646.00000 10.26625 6632.00000 64.16489 9.94703 87.54937
79.00000 34.87342 2755.00000 135.82727 9.47059 90.97740
285.00000 26.31228 7499.00000 192.12115 -5.09892 89.21450
664.00000 12.12199 8049.00000 89.41683 -0.45844 86.44929
119.00000 34.20168 4070.00000 236.10888 3.33979 88.11972
985.00000 17.05787 16802.00000 168.89364 -1.06371 87.08093
340.00000 20.14118 6848.00000 67.97355 4.85958 84.15410
57.00000 26.54386 1513.00000 168.92301 54.04720 70.73581
64.00000 22.89062 1465.00000 108.70417 24.37052 81.48394
346.00000 14.51445 5022.00000 119.85719 -6.18797 89.59437
468.00000 8.37179 3918.00000 59.89744 5.00293 85.31406
42.00000 49.64286 2085.00000 180.02722 11.09453 84.54273
372.00000 15.04301 5596.00000 161.71087 6.15809 83.55869
233.00000 22.62232 5271.00000 158.60401 11.75061 86.17272
264.00000 21.38636 5646.00000 120.54417 -2.48397 82.29210
361.00000 13.08587 4724.00000 96.53286 12.91026 85.48917
136.00000 33.41176 4544.00000 248.39720 -5.48507 94.21868
45.00000 39.88889 1795.00000 171.41713 38.22778 77.18404
384.00000 11.48958 4412.00000 84.49923 -5.77249 89.70465
831.00000 10.45848 8691.00000 166.89917 1.32530 86.88511
39.00000 61.00000 2379.00000 255.56383 12.43633 88.93333
375.00000 11.64533 4367.00000 85.21220 3.97857 100.42482
1087.00000 10.69917 11630.00000 103.28907 7.84090 87.91930
283.00000 17.34276 4908.00000 74.14745 12.74956 86.59899
339.00000 17.96755 6091.00000 194.31434 6.76896 89.41203
707.00000 15.61386 11039.00000 85.05497 3.14353 71.76922
271.00000 12.44649 3373.00000 92.45110 24.31340 96.98539
1539.00000 9.32878 14357.00000 68.66476 -24.07838 91.20491
157.00000 19.22293 3018.00000 113.36838 -0.20449 87.17410
42.00000 46.00000 1932.00000 178.89103 -0.34311 74.91774
118.00000 33.33051 3933.00000 313.84726 5.77969 84.06224
192.00000 23.05208 4426.00000 101.20311 -3.91502 82.64144
230.00000 17.25652 3969.00000 60.85335 -7.74359 86.85241
183.00000 14.17486 2594.00000 46.21856 4.19863 84.23054
254.00000 11.16535 2836.00000 54.71030 8.76423 80.52138
529.00000 12.43100 6576.00000 66.78753 10.12694 82.37323
531.00000 13.60075 7222.00000 84.55290 3.73716 87.62237
559.00000 10.19857 5701.00000 106.36250 -2.15201 94.48741
89.00000 32.42697 2886.00000 114.91393 0.93649 83.40053
350.00000 13.14000 4599.00000 57.13838 14.30687 87.13695
243.00000 12.05761 2930.00000 95.74235 8.91176 92.48210
17.00000 79.82353 1357.00000 293.67554 -7.03901 90.63232
372.00000 13.16129 4896.00000 73.54905 -9.88911 88.96572
107.00000 42.28972 4525.00000 312.05200 14.03449 88.28420
127.00000 25.51181 3240.00000 110.57764 15.72400 88.47390
311.00000 9.11576 2835.00000 67.12962 1.37980 84.13287
207.00000 14.39614 2980.00000 91.26226 -2.81143 90.85023
77.00000 30.58442 2355.00000 200.58061 -28.16604 85.73390
489.00000 8.30879 4063.00000 41.55324 -7.94167 85.66719
108.00000 21.37037 2308.00000 113.87091 4.44675 80.06405
181.00000 15.36464 2781.00000 98.45575 6.76270 84.11026
68.00000 30.01471 2041.00000 134.95996 7.09682 84.17056
150.00000 22.60667 3391.00000 147.78795 13.88076 89.28136
771.00000 12.62387 9733.00000 68.90648 -4.46793 90.61102
191.00000 16.20419 3095.00000 100.96360 15.61050 90.77752
208.00000 18.16346 3778.00000 69.24977 -9.41777 88.60422
240.00000 31.23333 7496.00000 331.89393 -8.28254 96.02507
200.00000 9.49000 1898.00000 53.64876 4.06982 88.75042
455.00000 10.01099 4555.00000 74.27195 -6.10715 91.48432
513.00000 22.61988 11604.00000 140.77778 7.26863 85.90330
185.00000 46.75676 8650.00000 241.28846 16.47815 85.29199
482.00000 9.18672 4428.00000 59.27440 0.46797 89.61694
438.00000 12.11416 5306.00000 60.79932 0.40705 86.85767
429.00000 8.67832 3723.00000 101.74532 -39.72911 88.66482
203.00000 19.40887 3940.00000 99.98840 21.55877 80.13624
15.00000 110.53333 1658.00000 266.93616 -24.82643 71.99482
129.00000 16.54264 2134.00000 72.42789 3.05258 83.20945
636.00000 15.49528 9855.00000 113.15792 -0.83894 87.94770
345.00000 16.59130 5724.00000 134.94202 16.80224 84.13812
240.00000 17.06667 4096.00000 101.61412 11.62399 87.65255
366.00000 12.81148 4689.00000 74.61530 -10.80854 89.84367
373.00000 24.91689 9294.00000 155.75407 -3.62177 89.74263
377.00000 27.74005 10458.00000 316.04145 -2.72729 90.68479
190.00000 40.01053 7602.00000 185.12832 12.88193 86.90602
275.00000 8.60000 2365.00000 53.32985 -2.39808 97.46566
319.00000 19.86520 6337.00000 132.73203 -0.35990 89.77657
751.00000 16.22237 12183.00000 182.57435 7.53763 85.53192
175.00000 11.91429 2085.00000 84.30535 -3.18219 85.31369
466.00000 15.32618 7142.00000 99.81522 10.93963 82.26910
305.00000 20.38361 6217.00000 141.40849 6.09048 88.84095
43.00000 30.67442 1319.00000 109.71543 67.33495 44.54628
97.00000 28.89691 2803.00000 149.27105 32.51189 80.95650
349.00000 17.33238 6049.00000 153.94746 -5.59657 89.50328
397.00000 12.92695 5132.00000 68.83212 -2.41587 88.66801
133.00000 32.21053 4284.00000 151.58457 7.65076 83.06907
105.00000 25.17143 2643.00000 182.82364 -24.08720 84.54472
424.00000 13.41509 5688.00000 43.73038 12.52722 85.60895
535.00000 20.21308 10814.00000 172.24901 -5.04561 85.79833
429.00000 8.39860 3603.00000 72.67517 16.07384 87.79058
476.00000 16.53151 7869.00000 82.70366 1.70399 83.37261
121.00000 39.71074 4805.00000 362.43129 -5.88167 83.95640
511.00000 21.24070 10854.00000 205.98722 -2.52009 85.53280
57.00000 40.57895 2313.00000 210.51640 24.84557 90.06690
290.00000 42.44138 12308.00000 280.73820 14.32278 73.69692
104.00000 35.80769 3724.00000 181.39709 -8.16753 81.01878
52.00000 39.36538 2047.00000 209.16703 -60.60264 69.19817
168.00000 21.62500 3633.00000 108.91006 -13.88311 92.75683
137.00000 25.15328 3446.00000 134.46487 -1.26000 87.34656
339.00000 18.95575 6426.00000 128.50932 -6.02515 86.09223
312.00000 9.35897 2920.00000 71.48560 -0.69687 87.61245
207.00000 24.67150 5107.00000 174.11468 -16.48014 85.34284
590.00000 9.01356 5318.00000 67.81675 9.91376 87.25902
962.00000 9.58628 9222.00000 41.85538 -3.25644 86.28741
254.00000 7.47638 1899.00000 68.68871 -8.17614 92.52061
161.00000 25.26087 4067.00000 105.07410 -13.52201 80.62931
10.00000 190.00000 1900.00000 559.67348 49.61628 66.16781
155.00000 12.36129 1916.00000 121.83410 -4.59074 93.75412
114.00000 20.14912 2297.00000 95.44818 17.37447 86.46890
302.00000 21.49007 6490.00000 140.22361 -0.52882 86.92449
155.00000 20.35484 3155.00000 99.86402 5.82903 84.70892
204.00000 33.37255 6808.00000 189.16312 0.66873 81.18966
16.00000 161.93750 2591.00000 388.98803 -38.60536 62.30820
22.00000 88.09091 1938.00000 250.74560 -29.30122 77.82463
832.00000 10.75841 8951.00000 81.18646 2.04042 86.84723
263.00000 13.66540 3594.00000 144.44830 -5.31344 84.24584
415.00000 10.48193 4350.00000 90.44593 10.24909 91.95379
488.00000 9.43238 4603.00000 54.04764 11.58413 90.34839
64.00000 51.28125 3282.00000 310.59134 -10.59055 84.48149
241.00000 14.70539 3544.00000 94.62799 7.91396 89.97506
359.00000 11.84958 4254.00000 61.03175 7.03253 85.79404
425.00000 14.85647 6314.00000 101.27944 5.37742 87.27755
181.00000 19.30387 3494.00000 105.24405 3.19257 87.07837
712.00000 9.34410 6653.00000 53.53638 9.36494 87.09879
800.00000 9.60500 7684.00000 129.03095 -8.71918 91.67535
628.00000 19.42675 12200.00000 120.96289 1.77604 83.95134
134.00000 16.99254 2277.00000 81.33325 1.00398 79.33405
52.00000 79.61538 4140.00000 477.55979 -21.31180 84.23830
571.00000 14.66900 8376.00000 135.05677 4.96627 85.76497
176.00000 15.85227 2790.00000 79.50708 4.24376 88.30519
132.00000 21.77273 2874.00000 121.03534 11.18551 84.09577
623.00000 10.60353 6606.00000 126.65313 9.41626 93.48422
336.00000 9.65476 3244.00000 52.78077 -6.43208 90.21819
411.00000 11.46715 4713.00000 81.75389 8.35612 90.05726
877.00000 6.86545 6021.00000 69.68733 -4.99147 84.91598
220.00000 13.36364 2940.00000 74.80839 4.84922 86.74540
339.00000 13.22714 4484.00000 56.98837 12.05278 82.00639
178.00000 16.17416 2879.00000 137.58845 -3.09130 88.23113
1071.00000 9.28852 9948.00000 62.26786 0.16116 85.10141
123.00000 19.30081 2374.00000 117.85646 9.45405 95.13375
482.00000 13.86929 6685.00000 106.02737 -3.56846 87.17880
635.00000 13.89921 8826.00000 129.64100 -4.98827 93.06272
76.00000 29.67105 2255.00000 150.46729 22.00395 89.47166
363.00000 11.33333 4114.00000 101.71646 3.15882 87.39368
197.00000 30.38579 5986.00000 269.08420 7.16964 88.86792
75.00000 26.05333 1954.00000 156.06886 4.19798 89.08527
103.00000 36.22330 3731.00000 159.58708 0.24305 93.37062
219.00000 35.09589 7686.00000 203.84264 12.08700 84.34018
209.00000 17.60287 3679.00000 85.34086 0.66310 91.32159
490.00000 20.60612 10097.00000 199.99188 9.11514 96.65378
90.00000 22.81111 2053.00000 84.71716 -4.75038 88.73249
845.00000 6.76095 5713.00000 27.02538 -3.03744 92.28936
155.00000 15.65161 2426.00000 119.19394 8.94259 87.81067
128.00000 63.82812 8170.00000 489.33394 14.45575 84.13232
453.00000 6.64018 3008.00000 63.36872 11.87096 87.15505
623.00000 19.94864 12428.00000 246.17624 8.87968 90.07818
186.00000 16.81183 3127.00000 122.12136 -14.20864 88.77611
270.00000 27.25926 7360.00000 334.46529 11.04817 79.68387
1153.00000 10.52385 12134.00000 48.25693 5.79900 89.80613
172.00000 17.91279 3081.00000 145.88781 36.43785 83.56297
75.00000 30.64000 2298.00000 141.28304 -1.53804 94.66457
90.00000 23.38889 2105.00000 143.91909 13.11460 94.01687
116.00000 13.43103 1558.00000 67.98177 23.32933 85.89372
574.00000 13.77700 7908.00000 66.73884 7.42458 85.98512
117.00000 23.82051 2787.00000 136.05766 12.19239 86.91513
717.00000 11.35565 8142.00000 74.32296 5.25886 85.25321
43.00000 31.88372 1371.00000 139.20392 2.17515 89.12858
431.00000 17.69142 7625.00000 200.27872 13.51298 89.54036
710.00000 15.36479 10909.00000 112.07845 2.71395 71.17524
141.00000 39.78014 5609.00000 240.95322 -1.86637 89.59006
566.00000 9.50883 5382.00000 51.22788 -6.08521 84.43779
28.00000 46.10714 1291.00000 212.28911 -34.45476 96.70000
108.00000 21.70370 2344.00000 190.40207 2.50553 89.06426
85.00000 54.31765 4617.00000 268.46725 -5.15536 82.06718
96.00000 50.43750 4842.00000 230.57897 -29.54786 80.24915
321.00000 19.62305 6299.00000 92.15887 3.04044 87.06971