695.86630
816.79276
825.27016
655.13189
589.38892
770.27888
872.14417
748.43239
968.18369
891.49782
764.98698
862.82121
851.56005
1021.06238
507.37587
716.81562
1371.58567
868.15189
653.64610
754.37340
671.56348
762.98193
613.31295
735.32729
911.01269
647.51300
1217.37860
998.82084
472.12477
1163.48328
681.07805
774.82514
795.10687
565.70987
548.35245
594.84794
818.20300
378.41588
864.88641
722.24649
805.15551
857.62588
958.86793
600.04959
916.90044
467.66130
1009.52229
1044.84535
643.19027
476.24940
732.55783
906.88945
626.84747
964.99049
660.62933
1025.66517
746.85885
671.73087
610.23344
781.20216
771.89508
677.59846
778.02499
429.51347
757.93176
886.61700
576.14430
716.99252
853.92159
704.66973
777.65427
737.16094
1102.43255
376.09227
582.32580
880.60175
722.54724
747.90734
786.21595
775.14304
403.91354
645.95792
797.53170
789.01313
832.40540
945.86952
631.82558
705.42807
724.70106
624.25364
797.10450
518.88860
241.68161
801.24509
1136.91929
673.70575
1209.10531
597.08172
985.93483
290.14895
668.38375
698.59245
632.55578
651.88917
698.80740
890.93503
774.80119
1101.43560
857.67867
670.96248
1098.29223
1013.38882
682.64941
1110.99264
776.02696
1003.57755
962.21490
298.90344
758.69881
597.87803
512.91693
768.43719
1090.05274
814.55639
757.57648
337.94045
776.99967
748.84435
1050.94356
657.51832
754.36882
728.60288
1066.51396
664.26517
642.72004
762.09501
688.71435
681.38309
793.07918
1457.92193
764.63467
684.88396
643.82563
601.54043
687.84461
1024.80491
773.93532
829.80290
577.27265
716.24767
713.99774
849.36641
828.43299
811.41576
646.11655
673.61298
806.71668
1398.76892
737.85932
530.68558
1077.35221
978.42226
1309.05613
920.74061
898.34840
1098.30623
867.34883
524.34757
873.24431
701.36894
658.06059
480.38509
547.48791
769.27881
405.96046
701.82410
731.08752
794.13749
754.21070
785.29172
1007.48332
677.57013
683.42737
838.80664
1178.80412
839.78271
661.16041
1013.61508
762.82516
855.75111
491.66224
541.41547
698.11935
634.93272
714.36676
731.24259
939.02289
679.58737
682.75231
1114.59715
802.88639
718.25371
710.64297
491.00474
547.40290
1003.79425
451.35092
1034.59091
656.83913
1396.68361
746.19639
690.54554
868.19095
570.55907
829.75029
1075.13394
710.55525
752.81949
861.61284
641.35297
848.31189
651.57145
602.99085
843.65097
1007.35652
1223.20984
715.17553
967.26189
615.61644
712.10637
823.42281
1298.78940
706.54801
689.59200
877.31564
744.27507
615.94766
1003.23737
780.11749
656.73233
979.36199
648.86926
871.90062
536.62097
578.20262
887.22914
751.95253
1009.71968
782.74470
762.88261
780.16465
965.58324
572.49448
701.68553
1152.68706
635.53082
1220.11991
1163.16875
836.65787
814.44499
1105.16532
1198.94854
639.28157
722.27061
933.36045
689.41597
676.89526
1148.58950
493.64587
687.41328
727.07059
777.12965
670.99428
713.88754
1178.61489
345.31318
849.24932
903.66380
866.73424
797.66881
697.55392
663.82087
640.35079
1047.66236
588.05969
729.00211
712.59754
867.59687
649.48721
616.50499
918.87876
683.87820
