21.54037990196131 0.5722288211167127
178.43039215687878 0.46116676944363183
6.8762408088236056 0.555746060491031
26.223835784314495 0.3897401090202346
8.670358455882468 0.7039444755682734
60.81447610294134 0.31641623811208164
101.49782475490461 0.4693118369403063
30.470618872549455 0.5118171908697816
17.612852328431767 0.4140348343414243
36.950045955883645 0.5459723649874291
95.20571384804644 0.4409005391773656
67.60369178921617 0.5245202859531127
21.33760723039231 0.5484102060010125
181.55577512254834 0.237862326389145
28.076715686276497 0.5626370468200084
29.162392769608324 0.34385614579411533
303.50284926473336 0.296490405773186
38.15418198529465 0.49497163496723817
1913.0064031864474 0.09161413010436269
443.78844975495986 0.23859977106421676
86.08521752451371 0.40814389719877286
67.25557598039596 0.48540547918350063
16.051807598039172 0.5750843389439791
106.21992953431368 0.42632547894384143
87.53394607843045 0.4517753914798131
50.88895526961009 0.5887362391241383
53.3833026960798 0.22075848223839603
163.36516544117953 0.3410663049609892
5.074295343137311 0.6813587128457141
6.610110294117727 0.6555804189431147
60.24983149510123 0.5090113723942529
176.03069852942286 0.3546008098421199
51.89996936274582 0.3530410088325568
46.190058210784116 0.5154649972664916
92.09076286764932 0.3462425738860385
86.58259803922154 0.49088410972760643
97.20784313726757 0.5421084591475671
114.69874387255648 0.5057190932776736
99.25347732843827 0.26166364077157833
15.25854779411749 0.4856969244755296
22.30168504902066 0.6119490221609615
12.130484068627625 0.5345358886278277
83.07368259804134 0.4427670144199052
118.69744178921857 0.4138789897440955
43.23172487745229 0.4092699001253388
19.94987745098071 0.6163305831559217
71.46182598039697 0.33603835082456046
17.275428921568906 0.671922207541138
157.08564644608975 0.37473678197203086
265.99312193628475 0.32477742010003524
142.50683210784356 0.36939856735605864
41.17457107843105 0.4744548138844981
70.32585784314182 0.3207759980443617
19.072794117647778 0.48169090517790497
32.01732536764791 0.3542229134152856
31.497564338236693 0.7766101834939219
45.13307291666685 0.509447085411883
11.763970588235434 0.5077822252452361
81.20844056372744 0.31268499344611145
11.973498774509899 0.5308244690447474
17.64865196078467 0.4602093991690075
14.574065563725908 0.6589888973703333
13.252496936274483 0.5389029214505866
35.499586397057406 0.5044959619255941
101.1721354166685 0.2596435651114042
10.565471813725313 0.664048953623834
32.964629289216816 0.44678300491635453
37.6567248774518 0.4076994852758123
18.926577818627614 0.42704358134826215
40.924816176471076 0.5177169315913412
48.883532475489766 0.32310478413944277
117.63187806373588 0.2876559588094897
149.95977328432215 0.28425760187788385
51.20405943627467 0.2544400292253829
108.02838541666856 0.28371320347811785
637.6750153187368 0.22000899965376866
181.74113051471355 0.3723832018873082
30.326118259804954 0.4235949790887281
6.998177083333426 0.5108258268540804
220.4954810049187 0.346979862004504
43.291344975490574 0.24767235482262298
46.32207414215733 0.38770923863303897
8.529718137254967 0.5501912344463384
267.22545955882373 0.1445904268384834
67.15401348039391 0.2754802882566036
14.162009803921858 0.5921570494968911
85.81432291667329 0.4436493253739423
200.99255514707266 0.2874869193609098
66.91493566176536 0.39204074317766363
17.3784007352949 0.5061762673261725
94.11106004902342 0.247741406402609
46.453722426471025 0.35562409632027686
20.314460784313997 0.5127977215615785
123.38806678922869 0.32371841117145633
25.630269607845037 0.4382386933589876
136.9484221813822 0.4193254310032689
28.417800245099187 0.518572736310809
213.96383272059546 0.21378679200509138
9.717601102941188 0.5878931192942645
24.208685661765738 0.41484747070454747
45.276991421568326 0.38701906547629145
81.6406096813751 0.3712116361971955
52.89270833333267 0.3741555453422211
14.322870710784613 0.49193643175292795
94.4504595588219 0.5048201828523996
132.97859987746045 0.26625465159988415
22.20617340686278 0.31580890274909107
82.61265318627424 0.5663017224338134
133.50975796569583 0.33688068723644504
72.40240502451077 0.39972766903986384
9.316804534313615 0.5031823686454343
71.69911151960828 0.5601407873145631
46.87758884803968 0.323577005160871
1160.7606158090164 0.30697806035381076
155.228936887255 0.24128855645161457
248.44189644610992 0.3560427702632643
33.47723651960888 0.3772184535991342
136.80752144608738 0.3334298650237209
41.891253063727184 0.4109665235929387
129.78003982844456 0.34217823254762303
210.6300551470639 0.4132169275273271
16.41334252451 0.500052016067393
665.5468596815098 0.10844516672512503
10.548345588235291 0.45935562122668216
8.3058363970589 0.521569499116488
10.466528799019802 0.5538351349114663
76.16856617647157 0.4034523859929544
33.8365655637254 0.4732002687878369
11.392264093137278 0.5409476524022324
108.41049325981038 0.4318937359070162
18.453339460785227 0.4043662941714147
66.06847426471153 0.4862278039008497
201.90171568628259 0.3431556168108513
56.3651501225522 0.5206815936147888
6.564828431372643 0.5775874517150676
48.029151348039704 0.4986730124069388
157.13339460785326 0.42995099096903866
9.255575980392342 0.5960892485672816
146.1044730392148 0.4210804708952289
363.23736213237396 0.23136906902689894
46.02208946078507 0.3696210178456268
104.71360294117933 0.3718976136620106
585.4482077206482 0.44983840538036296
129.95574448530087 0.4506913524224326
715.8992800246424 0.2368278166189943
71.97538296568844 0.3697006136843507
21.460692401961364 0.5377649077125658
85.57210477941638 0.4326935912466732
119.09496017157313 0.5705334340841244
31.340196078433618 0.4187164309000186
26.979748774511034 0.3968862832762646
36.61511948529406 0.440976963122714
255.74730392157332 0.45296303785776043
114.93921568627727 0.4062711800964384
151.48766850490827 0.35609952999951977
24.609344362747056 0.6061138969073423
88.07748161765225 0.37427305536649297
51.14541973039268 0.24109129367775725
16.983655024509964 0.337398029939417
98.53030024510143 0.31085523473078086
7.110799632353 0.4901165385596489
29.60719975490302 0.3283464011293498
40.85916053921608 0.6031418290028832
91.19468443628088 0.3617953379473953
20.790686274510282 0.4849453692364991
121.42175245099013 0.40780277930712266
27.330484068628998 0.36164203235003756
98.73656556372806 0.1963441809655143
4.765441176470641 0.5408408878230935
20.366452205883164 0.6553665550223383
282.348223039242 0.2333710983541818
20.573667279412412 0.38060072684123164
51.04309129902264 0.45492919032822343
233.92208946078634 0.4550404319145596
29.091222426471983 0.5120669198571968
65.49597120098231 0.392164219522014
83.24391850490807 0.307976693238219
42.68990502451256 0.39822165479197474
34.4305759803917 0.3981587767618466
37.964200367647486 0.26312411058860796
111.58481924019475 0.23094157801081813
66.8911151960817 0.5320092541239166
3.483854166666684 0.7541546493287119
77.77616421568537 0.4084302421109999
375.1429687500388 0.3787581613339065
74.08544730392515 0.35212935822464264
102.40395220588796 0.5737452161602772
142.13765318628626 0.38586627190389916
143.66666666668567 0.5241431415544668
225.26493566177464 0.28899090083678425
110.3861825980467 0.5932654654933333
99.6315870098134 0.4827999698385751
89.82450980392743 0.38842997195219836
544.740042892232 0.2621083377038748
41.99937193627565 0.42050198539907563
76.05003063725569 0.3373622287230362
95.74721200981153 0.3862435467198431
14.25441176470594 0.5640389573486713
104.21044730392452 0.2036767687219551
150.71786151961157 0.36558495960666754
96.49503676470488 0.3968809677687518
126.96859681372966 0.5109684178848953
9.640150122549242 0.791094705796136
167.59402573529636 0.4265498399333494
111.250275735295 0.3199670338424513
106.1433976715695 0.18240623161680752
281.94094669120403 0.24925306701439076
85.97866115196618 0.5121880035358622
200.72879901963088 0.2788492544918044
18.697778799019925 0.5924850031945028
533.687745098096 0.4808401494770277
84.04609375000125 0.4694272242594221
15.230882352941325 0.41520637178039277
61.81374080882496 0.43756706658201516
87.63662683823901 0.41241248462550684
46.111381740197174 0.3650064774778593
87.68014705882885 0.22837077360801183
132.81311274510756 0.37203915115746633
54.84371936274544 0.34471078408698735
226.99116115197506 0.37168258613609756
19.534420955882982 0.4275796749790946
78.45519301470863 0.5892855144957662
5.1646446078431785 0.6302973056383478
32.8129289215691 0.3613634412348179
31.298360906863884 0.5422896670062244
213.21996017157375 0.4837870083320059
8.868979779411974 0.5218138167366738
105.91181066177106 0.4926822864654566
22.98069852941244 0.7891746367123684
14.184375000000095 0.7352052462514777
134.1394914215799 0.444374803772302
81.07749693627355 0.5524179819597579
77.58322610294299 0.44751767815344784
71.11035539216134 0.2378726929804655
26.637745098040536 0.6041579414000571
23.530422794118397 0.4970072038287338
69.74250919117786 0.2953553249823423
44.45903799019645 0.4115273648127439
20.187668504902092 0.4461533089081273
210.0846813725606 0.3669420759561637
103.97863051470702 0.3162041351599802
201.28247549019147 0.18694126516448328
16.653829656863174 0.4985495856608289
20.834344362746158 0.437572748812177
138.63826593138333 0.302150030554181
21.929702818628215 0.4154438512113161
53.19056372549058 0.451454004953369
108.53265931372546 0.28967628545327145
164.73386948529293 0.2295631301825468
28.823023897060025 0.4228863771118757
209.97375919119114 0.36875329643200433
20.543504901961136 0.4397489555160913
109.10254289216083 0.3750992189451378
26.218596813726165 0.5304124321555379
153.8084252451075 0.19296421995092844
97.92201286764775 0.5298413276552414
80.17058823529563 0.4458377961492072
219.51934742649044 0.256032323869791
28.389491421569616 0.49583466435684836
67.1399356617658 0.23390670221503782
144.59054840686673 0.5340288519054218
21.909175857843625 0.6289668704005266
145.8277267156886 0.5093568755058931
93.88445159314377 0.5768889944971374
59.275214460783396 0.48556184863669055
206.58174019608776 0.2710605819404625
18.45487132352974 0.4111708744715835
62.5399509803956 0.48657760515935305
21.90647977941223 0.5337728512973255
179.80854779413087 0.4095008741080153
55.797962622549505 0.24423241599526935
123.70087316177035 0.3958941490560052
56.814644607843455 0.2799521251887432
422.34491421571965 0.42234463381096726
458.8459865196468 0.29718190729836713
36.28379289215804 0.4512280302902432
20.517064950981432 0.39869899311850354
57.44776348039436 0.4865570978234541
14.51668198529389 0.5826821477939889
100.85150122549322 0.22810708084088469
19.50246629902005 0.605507474835003
173.00672487746434 0.26906476791759426
3.140563725490243 0.7303835413700724
91.17002144608223 0.4351006891229287
594.1661305147653 0.43218679900999646
16.787668504902413 0.5363662802963607
157.17751225491924 0.3581247476104577
41.90220588235254 0.40631006295730027
10.456249999999985 0.5133337198133233
46.132797181371814 0.5847935029628966
49.37386642157149 0.47237386053303954
83.01910232843814 0.24573559575621506