2791.3301930154635 0.08295536677508748
798.431357230498 0.355999588545835
697.9986366422345 0.06055651715152109
675.6323529412813 0.3162329403546362
329.8644761029914 0.16844005739810433
1569.0472732845228 0.06339050231479712
2050.8302389711894 0.05566441874962516
1571.3437346815338 0.03860568436334106
451.47804840693135 0.11137796983818062
617.8614430147555 0.19603166358998178
631.1390165441946 0.21737094088974654
1995.3722886034525 0.10102275971955164
1356.0056832111077 0.1301227332375521
1159.0684436275967 0.051889859313170986
523.8862438725946 0.1684774826901788
3114.0622395841565 0.09477071606844449
1227.2784313727439 0.1038832959436364
1175.4015318628278 0.047989145202500694
401.05715379902847 0.07982495467651579
1016.395940563817 0.0506231506310549
1196.1828125002498 0.0863334666404279
616.661335784372 0.0970944145629671
3099.0433057608366 0.06040026589522196
1685.6117187504688 0.06429540876163554
206.21792279412122 0.12128585890404686
2313.574218750696 0.06941578235546202
1121.4645986523212 0.09027125325829063
2154.1367493879743 0.07128872627414745
906.0509344363767 0.13600067802452998
1489.4893995100585 0.04806458532219605
488.5162224265183 0.11440760062852559
1155.7955116423254 0.08591962273398349
676.8846354167287 0.05918852074889012
3282.8727634817246 0.05007965334564351
1006.9351102941872 0.07602373853437583
1294.4380974266269 0.04636920921944055
917.5729779412725 0.39786166227643416
2058.828982843893 0.1589148712098069
1911.7851562504516 0.19322029315556616
419.3691023285099 0.3144480637181802
833.4193933824896 0.09280863606587593
152.52043504902826 0.15060200711112057
2077.3958486528295 0.08505099855923719
2136.043811275092 0.07492397375986397
959.4661458334501 0.11138957436860437
1031.0394607845556 0.35786777076908594
833.3419577207488 0.1167992325727881
902.2828737746103 0.06800558616518196
1921.3157475495611 0.04633736301647655
1620.3437193631248 0.0712471464674619
161.01962316177497 0.1296408752522056
258.5695006127496 0.1317116214656745
651.7321997550094 0.17639781993538836
1374.0975183828155 0.09704149616295024
479.5380667892912 0.09337485391298109
639.0359528186847 0.19332767875245402
271.687775735315 0.12440652930053311
210.69221813726085 0.11022217856059124
1073.3205269609687 0.08711013488093547
720.5423406863883 0.06666110980340213
1298.195312500366 0.1037489773090689
537.4763327206929 0.4473053416588427
3704.9628829671187 0.0579848054145356
544.4068167892682 0.071644863359495
375.46412377454664 0.1083465949461271
691.5571691177169 0.19433770624054
761.2984987745671 0.0758780438265626
1018.8226256129722 0.06274786188444118
333.5504136029634 0.08469579640913599
141.5282015931396 0.12917911748178815
662.6837162990648 0.06526225337276262
241.4712622549185 0.12315246752831607
1415.0843290444802 0.07988730800455242
920.031755514856 0.06985903096994736
362.1874540441474 0.10462920970325296
2070.567233456717 0.11127269564921384
840.5817248775163 0.06557320734239741
1308.941421568858 0.0937829563398182
1469.958440564221 0.0815407926703673
1047.1268995099733 0.1530092809069772
1271.4817555148686 0.0608730008017832
1401.7747395834879 0.054642770355746585
581.4749387255713 0.08153708123809252
1018.275628063876 0.09572370876444457
1657.5403492650994 0.07012735712705921
337.5292126225768 0.20106198678974263
1338.1061580887056 0.1833330589800823
416.08947610299003 0.11626534276488545
2145.790165441936 0.08751192988993467
642.1104319853555 0.08758039046924268
2304.3047487752847 0.1272137465326045
1416.6096507354762 0.04519830742801875
1170.7787530638577 0.08782679749975997
1348.5479166669068 0.046508839129809215
419.78042279416155 0.17440552762197162
742.6384497550218 0.12784957807613032
1219.6157322306647 0.16289308164063654
200.84554227942382 0.19672001765013064
1609.7492493875727 0.13376207355808287
645.922120098125 0.07837130267893144
1403.5917892160533 0.05461684505736114
716.3736672794706 0.06365742014156603
1570.6897671572317 0.07651141701723238
1314.7016850491964 0.06439029636228492
337.90196078435366 0.10210772704485667
953.7729013481847 0.10059070864298535
3015.2576286776084 0.06037961805918859
982.0492340688473 0.09167804654743317
1490.4706495101952 0.10851178143439048
629.4336243873598 0.0847760220809059
4247.303799020883 0.05845472842214307
506.12503063732356 0.1523486487944765
1438.7170649515 0.07677964525511013
622.278462009885 0.13475739736834508
1547.5708486522522 0.043712324035437546
355.9498774510129 0.2447631565184471
1184.652313112905 0.1927186694008265
783.9254595588748 0.05756826286340555
1586.7463848042196 0.11462800302796616
459.80016850495264 0.09987714613853943
2197.0577818634933 0.09691357807246555
782.9808517157572 0.06144192480656418
451.66692708338 0.1244574895145059
1738.0316942408683 0.23817457625169286
773.0128829658198 0.08957999492202624
308.0730085784563 0.09952917781914775
844.4891084559495 0.0575537329942421
180.7649969362846 0.18413872272218376
1366.9719056375475 0.12778106360876498
606.9304993873382 0.08132727606966837
751.0381280638336 0.18595877644547332
637.591773897067 0.1995449650838122
572.7823529412298 0.07331293536953952
1113.116758578554 0.046111165731878435
449.0303308823833 0.07153812088118043
507.50617340690707 0.08715894681513846
1955.2490502457042 0.061360046879187946
171.60220588235586 0.11755756958322847
937.9799325981153 0.06473459570611585
501.5460171569232 0.07580367957717114
198.52919730392767 0.10959656142292253
1158.3738204659344 0.15430430648527177
1871.4054227947936 0.06678868569470509
2873.985386030196 0.1428430822730276
1868.6085477945976 0.09767019531303221
75.7541053921578 0.16854762334778253
2903.243305760798 0.10047188234356688
746.1602328431715 0.060545342882359215
595.422058823608 0.10085055956418185
386.9634344362909 0.10184062465811168
870.7798713236582 0.14064890068388367
701.0592984069265 0.08426429553890262
1179.4130208335603 0.1347989156541549
1191.2624387257397 0.09003020663916093
468.9659926471184 0.16904105058405744
924.4437193628567 0.058012329805156616
2040.4948376231164 0.08063461699609688
734.8338082109024 0.10514789040339781
358.1632199755236 0.08842982877423647
291.10330882355254 0.10916057107312803
332.10586703435695 0.1115627899420334
717.3027573530404 0.10050796284365011
562.1741115196538 0.09102048989436437
447.42190563728826 0.07453434416109889
541.7659466912187 0.06641154821985047
1064.7332567404635 0.07060079714535723
909.3567095589996 0.09315784153696754
476.54790134807973 0.1364318458273905
373.09229473046264 0.21059818010343634
897.912331495259 0.11228750700405288
554.7204044118613 0.3793872649628171
700.3865042892984 0.18203729114141198
742.8921875001206 0.11010630200015463
2190.583471201705 0.23832934339172016
1779.5227022064864 0.1392936316421673
361.0479932598249 0.07788000322293206
1468.7941789219294 0.180576870903954
457.0871017157408 0.08363353982281921
879.9183210785507 0.15728137790624197
1431.822594975968 0.06018421088458573
973.0353860295407 0.07582160153171294
353.0664368872525 0.10355903373638917
1851.3776960790221 0.04130519223585407
1561.695557598424 0.05254832770860093
847.7635416668671 0.09682637561195132
822.0241115197039 0.1425949671885672
1128.571446078666 0.0902218651561441
333.2324754902246 0.10392512465529051
1080.7531096814637 0.05382875540382271
168.87838541667296 0.16518585049098314
2201.142187500656 0.1009085495587896
186.1586703431411 0.12175513583780798
1004.6064797795575 0.07576686509626848
1528.3349264708363 0.05985792451942421
101.87748161764944 0.14616729106012916
2110.275995710988 0.041127263998177004
1128.872717524844 0.08919264679300248
332.41063112747497 0.27360891861958997
835.9415441178049 0.10947236681226973
1699.9938112748623 0.0457440615407233
3345.853370099436 0.034118394962013146
1508.643060662216 0.10207225063438519
233.48246017157433 0.10655311231593897
1449.0516084560895 0.10315012135260622
282.7202818627744 0.14958158078937117
242.58733149511266 0.12024935555643831
716.9320618874065 0.1982153689569135
238.34152879902362 0.11574365359415474
724.6420343138599 0.21678282993552656
2440.587055760568 0.09426395154578988
3326.0098958339972 0.03215600071115837
1451.6541819856745 0.092225955912761
556.5601409313873 0.07180387147070783
807.503033088365 0.0704763420001973
321.46204044122777 0.41646477370499646
642.004672181453 0.1170654518890165
2076.1591911771625 0.06357188832073862
686.0888020834724 0.0771877488948692
907.3551011030453 0.0887118059708172
310.4421721814056 0.158622502167518
927.4272518383635 0.21800878330279755
259.1905484068706 0.09409708263983817
1251.539905024791 0.1412120493994915
1686.0693933828306 0.0749879298075265
660.4620098040319 0.0721850424573819
356.2822916667044 0.14429655139580208
260.5323223039375 0.12226597170310988
430.3697303922235 0.10780784792389463
1001.6568780639046 0.09342842217733364
1398.0999846817315 0.09498225266775244
900.6267003678165 0.11508872208105925
1081.943596813909 0.05190408217567462
202.41652879903157 0.18895466007498662
925.8217984070917 0.12868982890516892
3472.121246937144 0.02560675531514146
265.9242647059066 0.1284542886127041
463.3766850490936 0.1422327685289289
467.42786458337144 0.1828551172887442
269.25019914218063 0.1499714768289322
1223.6022977943942 0.1114282226012021
1168.6615196079504 0.10632950841164307
1034.9452665443057 0.1352670750982291
506.3064031863503 0.15277130729422597
1535.3456341917058 0.07929021681609506
944.310814951092 0.10372052607011539
980.2565870101056 0.23156989196482172
552.6693780637684 0.07776381789367295
540.5953890932353 0.11873343401820494
709.1704503676997 0.060600987728686426
237.91392463236286 0.10184898372119343
149.2607077205967 0.13462510545166903
2430.8867340695547 0.14266382043968368
693.8788296569437 0.13954134962582962
910.4336397060332 0.10450509822890404
1177.2559742649655 0.057119568486549525
2433.0127144616577 0.048059997113708675
1469.73759191215 0.08387244617732706
1926.1315870102505 0.0625103371985868
674.9933210785123 0.08323686644218477
850.5578737745798 0.05198413858548589
709.7569699755966 0.15703359111108373
1880.258455882801 0.2513679257043
917.8078584561275 0.0906884059092232
1474.847074142633 0.05674019303388819
1210.210952818922 0.1259229228449986
613.4080575981399 0.07206869727344908
1329.2516544120838 0.06359124891032682
2004.2825674027747 0.10075353773026022
1218.0361672796719 0.1389565591282499
357.6863357843444 0.15033573262464284
638.9055759804513 0.06343479232606034
395.450398284385 0.17351170515000314
976.2610140932218 0.04874847818826416
631.767279411874 0.09496896659174417
1436.2265318632212 0.08249387787100099
321.32956495104406 0.42399693446051356
389.2186274509931 0.10137711455735045
343.208103553957 0.13751332305036912
537.2169730393379 0.1517299365505313
416.5475183823998 0.17735226986575686
171.8935202206008 0.185169305497977
1302.8789368875737 0.13268323165001175
900.6293811275018 0.045536852450395834
2318.1166973047057 0.15097503500248333
858.6046875000756 0.12655410129133599
786.119500612869 0.12929640800425987
598.1715073530512 0.24417896461102304
1123.6029258579406 0.10908367749794137
1246.7730698531507 0.18270955341746015
644.426026348151 0.1780533949331225
762.8513480392999 0.11666574695055221
914.4378063726695 0.15437710080517833