399.687928921614 0.3952979293716189
630.3160539216567 0.3266531593815091
349.2255667892461 0.2957262141119592
686.4575061275689 0.2382222105757654
645.7426011030634 0.3820212369909674
203.98288909314266 0.46857052687454415
439.12576593142006 0.31568582456568467
290.2189950980694 0.34221807255534553
277.9018229166824 0.4387855009088433
403.64059436279115 0.32226228953860425
352.2470435049328 0.30413474857172884
612.3764705883355 0.30076517216896126
521.0702512255715 0.2492739418348547
862.5076439952229 0.21047268687718557
404.12195159318935 0.33989504574536505
1601.1575367650626 0.17127432210970062
531.5739430147423 0.3267836259878472
766.5384957108984 0.25795256042917086
502.55572916671576 0.2629555145820342
320.96479779414994 0.22422749880574963
384.80612745102167 0.2854979762507351
369.38224571081594 0.3216636351974939
348.23123468140165 0.2838455597368292
736.0891544118755 0.2520004226501293
320.84817708336755 0.31030732109832787
487.3211550245768 0.24268323906889314
349.55461090689056 0.36342660889131356
453.711228553988 0.3369355838491164
404.94114583337023 0.34504116568435866
732.5585784314517 0.26898364684205717
419.70790441181924 0.3449989300429068
664.0217064952178 0.3888099917103692
778.8694699756379 0.40580528589807324
549.9979473040155 0.2977664507662148
549.2534160539798 0.37173158356031266
809.9556832109403 0.27448540884311423
427.1696997549588 0.2598986528092958
475.4456341912867 0.40056731874608237
217.62101715687987 0.4398147434210573
1165.5684129903511 0.2689892727100082
402.793336397113 0.28902633776559267
437.1751838235871 0.34322344672058275
496.6757965686796 0.47666365744785627
783.7426623775634 0.37936448276146534
183.94937193628445 0.43253566731830007
561.7316329657613 0.296031831651735
893.1950367647723 0.24090403633220053
1035.3911917893793 0.23651664555693078
655.2011642157939 0.22610561632462783
482.78158700985585 0.2763375167901578
584.24969362757 0.39677622529860795
1020.8071384805523 0.4072667895289547
627.6176776961789 0.16964024043855644
474.05533088241367 0.39692938582683546
656.2236979167906 0.27345227731741223
536.4359221814223 0.31372813357353957
673.0300857844466 0.2472254844971736
816.4267616423195 0.37294117616086997
491.4120863971124 0.2911055324860093
825.6597886030622 0.3508532495902621
291.20223651963227 0.31537260987530513
212.1831648284454 0.39040595290619345
243.84636948531258 0.36164683166436346
463.79005821084803 0.19444140506756413
258.15459558824807 0.3870964055766083
245.24649203432767 0.37775456673396124
823.6309129903343 0.265081486038254
657.728140318694 0.29538544906630115
401.55238970593444 0.2785299756991495
316.5643841912049 0.32024442503730655
427.8092064951497 0.28826450923050406
488.499724264746 0.2967695916597417
548.308731617746 0.3080719425433155
557.5241421569651 0.30491115153130155
600.3611825981421 0.31021256957271515
1080.0555606618846 0.2963444179341687
667.4184129903332 0.38933269343308247
425.88707107847455 0.31666384715977
251.56648284316978 0.24321422496439782
724.4724417893176 0.3670308099344257
278.78186274512814 0.4249299127323922
933.7678462011451 0.3398549004433772
499.9931985294612 0.3047730217219344
259.6485753676486 0.49173778240204136
272.7812806372737 0.37117745182996403
279.1763174019883 0.3668350610461319
770.5996783089502 0.3331644910626645
450.0986672794785 0.23979091088798543
724.5405943628738 0.3122281845870716
1372.228354779753 0.19764081738368314
478.77454044126193 0.19360693252881495
546.7790441177165 0.285216944848509
150.8271139705981 0.2809713771797296
763.7695465687522 0.2865925528916838
547.5442861520008 0.25464677716768974
342.1330116421833 0.3296257303505734
248.410707720592 0.45162541839192527
456.55059742653526 0.19251123557081576
460.42314644612037 0.275297375401324
436.4765012255802 0.48061124348179024
374.78952205886117 0.3106224011519443
681.975735294204 0.2420307667610439
437.26885723044234 0.22627562876866433
661.8768382353445 0.272116270699062
246.28040747550088 0.39564544155438397
205.59082414216232 0.40393394562089313
1004.9304227943041 0.2196652364905453
428.95530024513954 0.5855367952141706
754.6081801471852 0.2862308137760695
767.1251072304866 0.32302025104563026
881.6002450981059 0.47791701277796556
1045.676700367812 0.206448268924679
706.6192095589195 0.44002869576118947
346.3972273284624 0.39510602055726474
380.54762561278466 0.22936002300203828
832.0221354168184 0.3314848312115029
626.7553308823968 0.22767099108621702
359.6186121323998 0.3308993138351914
564.9722579657806 0.3656290697326383
573.4344975490769 0.2874465997520509
581.0461856618249 0.2915649314709701
458.62487745104403 0.25304103404090145
964.6880667893491 0.3091171585159081
379.96587009808735 0.3830336484647523
567.5214154412529 0.3340993928331918
326.7771139706183 0.1997503475720316
725.6746170343929 0.2450796015614617
503.90150122554974 0.2583656968120872
825.0242187501384 0.3653360240859262
618.1762714461835 0.33706065610747155
385.1879442401999 0.40185057723875417
378.2628063725866 0.3102690715005276
267.55986519609536 0.3519177055540226
416.2971813725841 0.3364622289634159
536.7616727941888 0.3911705948933682
685.1174479167544 0.2705991946533828
169.28314950981488 0.35669195705552864
196.66547181373483 0.3527391281244268
249.41223958334874 0.3892004012713503
577.599525122574 0.41671543544984974
1027.9423406864491 0.3481136699803934
643.0407781863853 0.3945434667470288
453.73612132357545 0.3691207077086357
794.2972886030989 0.32225812062533865
453.84862132357654 0.3845805100282237
341.15065870100636 0.39263538508372736
761.3832567403243 0.3575368108760994
357.76197916670014 0.2977256867232544
354.83440563729033 0.19397486858877513
547.2613970588664 0.18049219022103402
549.0547028186885 0.29164277078416406
500.31743259812396 0.2091590926145085
867.9118259805527 0.28713346229983416
482.9849571078855 0.3433985702125734
306.9953737745337 0.3984380805871381
385.8719822304331 0.3077812828540333
260.99180453433047 0.4084609722927388
414.944010416678 0.3982799149824567
449.40049019612457 0.38735145842212726
679.4646752452193 0.30969433111169903
710.4613051471717 0.28765234947304
384.25237438732387 0.319024315388856
509.7910998774574 0.3327070596172354
793.0627144609027 0.4410254098078693
451.4792892157338 0.23998026782729687
452.19805453433844 0.34005617513776193
1134.7969056374052 0.18007998489837918
574.3396599265546 0.3036726085229213
773.0570006128713 0.2379910238845533
305.4153952206175 0.2526926559133221
675.0793351716587 0.25173631258616813
430.02149203437114 0.29136551612626554
598.8383884804764 0.3453452822070598
574.185278799104 0.25781021552151034
407.36302083338336 0.2897368454931114
338.75139399512807 0.2409115123244833
502.86902573538396 0.26564214030789035
444.8627604167299 0.30402312805980464
678.7965992647963 0.26997075770956647
171.91919424019972 0.4704169447438433
552.1738511030298 0.36964788529639253
533.9556832108404 0.2372793180039699
366.5486979167015 0.2821534075797543
495.3890931373071 0.27896452284705253
851.5085631128835 0.28976390792226514
960.8939644609405 0.30937154709485626
551.530821078485 0.36273055351772904
598.5178308824417 0.2379643450326108
393.06943933827597 0.397574383698081
408.80499387259556 0.4405321785723227
393.12879901965124 0.238239095757706
649.6454044118534 0.2072271396821528
536.7426930147368 0.3064409896317154
636.6932138481563 0.1988375034890687
179.63256740197374 0.3985675886564498
322.46960784316974 0.3142344890804918
677.8453125000684 0.323914655381353
858.3381127452736 0.3433219728714552
879.4298866423247 0.2645422124440021
307.01763174023483 0.3967487197773082
364.76668198533207 0.26118410799976843
659.232046568731 0.3516007602590834
479.25684742654903 0.24685648736976967
568.1427389706622 0.32969728422671585
1150.793030024696 0.35720359478064506
158.38134191177093 0.42185050347060105
320.56868872551905 0.27287709287724116
356.16632965688984 0.32946991965565936
650.6852634805239 0.4362918433808004
1037.2269454657828 0.38489679028311774
426.0496936274986 0.30044749820142025
644.825505514769 0.30279935106514744
3123.843229167712 0.2279758406607299
949.3599111522522 0.14510358126477518
501.1158394608262 0.34297699903337153
519.7976562500729 0.27365039036792616
499.34131433830095 0.2684671552088758
357.6055912990576 0.5259627136131717
939.6834252452306 0.3695075523958775
1121.2263327207845 0.3393310714004987
604.8698988971214 0.3213718137653276
411.1550245098442 0.3217642649124678
340.20746017160656 0.17842151520163513
264.52604166668453 0.3236721181847236
442.1416053921979 0.28782577627511896
412.7558670343547 0.46409774067376985
282.98336397061814 0.3196044699021574
606.1384037991096 0.27465891353775906
768.788664215829 0.32182941315389846
637.083379289335 0.3538944812324881
486.83465073536524 0.29754306059001584
613.5334865196513 0.37051174710446
1019.3401194854384 0.31680531456680955
852.9112438726693 0.31225084933389935
504.7211397059317 0.3571390175418733
717.8303002452432 0.322877943796737
529.7778339461607 0.3676325100225892
383.51678921573176 0.37708071575141067
496.01703431380105 0.26290581419034326
386.9892003676783 0.302893597071128
653.020113357906 0.2883272320225927
418.3372549020084 0.26056241695986854
640.0424938726376 0.4585963153573886
732.589430147161 0.27136688023919736
335.25018382355853 0.30569064817813835
307.9707414216074 0.32582943589183694
511.44171262260136 0.3439380313491354
499.5857536765222 0.40834403664784646
1588.2014705885922 0.22184720042434367
193.43765318627993 0.4203299236538525
189.21424632354413 0.4517928006448249
447.1960171569171 0.3296780157843072
192.99944852941078 0.3623344033282077
635.8060049020411 0.2517253799138818
575.9237132353413 0.4539373829898133
355.95883884807847 0.3586198165754768
217.286657475505 0.4179871702773834
187.06738664217335 0.41377850865122134
803.7220741422792 0.27441245561955857
735.7286305148032 0.21046126184631722
629.8138786765173 0.29604818246511955
661.339047181428 0.2981907756498855
451.7546875000634 0.3698517904584879
653.209589460874 0.35359781323512995
457.70076593142016 0.28795287994282337
595.9763020834209 0.3018136566271508
292.5272977941359 0.3495440203034886
338.77853860296676 0.3309963124470594
363.80168504905146 0.31231786126294175
568.9793351716703 0.1862946644981902
691.2182444853853 0.24421786739198625
1130.6748008580405 0.2515043698543805
1112.460309436457 0.1943130986033049
553.6148897059431 0.2812894763459609
295.9426776960966 0.3368595973838121
187.52849264707567 0.29047863972017046
453.8195618872979 0.3812766414990644
765.255744485403 0.3342724553771546
957.2390012256363 0.22065356772575506
682.964828431441 0.3002650672600002
375.5251838235661 0.24442920575640414
1464.0055912993703 0.18038787686342259
732.2494025736669 0.35764664336422575
250.06832107845068 0.3610225062529542
723.6521905638424 0.1692123244857699
719.5902420344656 0.3743729207215532
697.2484987746045 0.2371634796331091
1700.181357230628 0.19103635210707876
358.4042126225944 0.24014457420383672
489.5159926470905 0.25707946506159807
598.7205422794981 0.30009527441070666
490.0811427696645 0.2947606591666801