0.24537 0.48718 0.27044 0.77778 0.40784
0.59701 0.29630 0.61538 0.39877 0.68235
0.15278 0.36842 0.22778 0.55172 0.50196
0.20470 0.68627 0.59957 0.92857 0.85098
0.21429 0.37838 0.36667 0.55814 0.22353
0.23737 0.17241 0.32222 0.24706 0.58431
0.11328 0.85246 0.13934 1.00000 0.77255
0.17610 0.33333 0.19333 0.43158 0.62745
0.10569 0.71069 0.20588 0.80000 0.63529
0.56481 0.25000 0.58519 0.29524 0.74902
0.25424 0.61765 0.58521 0.78205 0.62353
0.21131 0.55827 0.23538 0.76190 0.87843
0.27536 0.37864 0.36508 0.54237 0.70980
0.22764 0.21762 0.27451 0.30695 0.63922
0.25758 0.65556 0.30556 0.89744 0.31373
0.20085 0.50794 0.53646 0.72622 0.70196
0.26667 0.24731 0.37879 0.37736 0.60000
0.14400 0.65605 0.18519 0.78351 0.71373
0.69444 0.03077 0.73333 0.04348 0.70980
0.19444 0.12389 0.57692 0.16129 0.62353
0.63333 0.17232 0.76923 0.28205 0.43922
0.26000 0.23171 0.32407 0.28767 0.51765
0.19512 0.47826 0.24253 0.78571 0.54902
0.11847 0.79310 0.14080 0.98137 0.69020
0.08974 0.40909 0.11979 0.51250 0.63137
0.19298 0.43478 0.52381 0.63529 0.46275
0.21667 0.66265 0.23611 0.82812 0.68627
0.23077 0.40784 0.27652 0.59341 0.66667
0.19312 0.31343 0.20430 0.44361 0.63922
0.16468 0.37008 0.19318 0.53448 0.72549
0.26667 0.56800 0.33333 0.71154 0.49804
0.10606 0.20134 0.63194 0.29213 0.92549
0.19136 0.13281 0.19608 0.17822 0.59216
0.36111 0.21429 0.60417 0.39773 0.60000
0.17568 0.39161 0.81863 0.53333 0.79608
0.16379 0.28704 0.18750 0.40940 0.59608
0.60648 0.42857 0.61232 0.62577 0.75686
0.41667 0.40741 0.59375 0.72419 0.58431
0.56989 0.20960 0.59314 0.57321 0.69412
0.25000 0.20000 0.45833 0.37500 0.21176
0.07895 0.15152 0.11728 0.23596 0.56471
0.17045 0.43011 0.19608 0.53793 0.50588
0.09314 0.76923 0.14693 1.00000 0.62745
0.12431 0.75534 0.14719 0.89889 0.93333
0.23077 0.30769 0.32222 0.48750 0.38824
0.59662 0.13725 0.61111 0.74757 0.69020
0.29167 0.36232 0.36905 0.53202 0.43137
0.23148 0.33981 0.25000 0.45000 0.41176
0.21505 0.58621 0.24638 0.79688 0.53725
0.20492 0.42373 0.23737 0.55556 0.57647
0.18950 0.44056 0.20930 0.52809 0.53333
0.17376 0.32237 0.19444 0.40517 0.56863
0.22222 0.63953 0.27778 0.91111 0.33333
0.54444 0.21429 0.56818 0.35714 0.33333
0.29111 0.61224 0.31707 0.74359 0.52941
0.45175 0.32418 0.50321 0.43269 0.76078
0.61111 0.13223 0.75000 0.16495 0.74902
0.21212 0.30000 0.23737 0.39437 0.39608
0.55556 0.25352 0.57292 0.34118 0.71765
0.42636 0.37179 0.46000 0.48000 0.53333
0.23333 0.33333 0.40741 0.50000 0.45098
0.16667 0.25510 0.16667 0.52381 0.24706
0.34314 0.21622 0.60417 0.50000 0.57647
0.16102 0.28125 0.18750 0.39286 0.56078
0.26190 0.38158 0.40741 0.49275 0.50980
0.59829 0.54000 0.60458 0.66667 0.46667
0.31026 0.42143 0.32407 0.51799 0.50196
0.27778 0.23377 0.32500 0.32222 0.68235
0.11574 0.50385 0.12560 0.60215 0.50588
0.18382 0.26733 0.19333 0.32919 0.56863
0.22222 0.23944 0.26812 0.30435 0.57647
0.23224 0.76175 0.25676 0.96591 0.49020
0.33333 0.54545 0.38462 0.75904 0.42353
0.14286 0.60114 0.18519 0.76812 0.53725
0.22511 0.72549 0.23881 0.89831 0.45882
0.12016 0.70175 0.17134 0.97317 0.71765
0.18950 0.39416 0.21212 0.55263 0.59608
0.10833 0.27815 0.12667 0.48352 0.79608
0.14312 0.50725 0.16000 0.69880 0.67059
0.10256 0.78947 0.11299 0.91892 0.40392
0.16875 0.38265 0.18954 0.51485 0.73725
0.13333 0.38356 0.14695 0.48872 0.90196
0.34615 0.43939 0.37805 0.54667 0.65098
0.10819 0.45000 0.13131 0.64583 0.77255
0.21250 0.30357 0.27132 0.43750 0.51765
0.15741 0.32903 0.17063 0.39429 0.61961
0.19444 0.28916 0.36667 0.69231 0.43529
0.13636 0.44231 0.15152 0.55556 0.47843
0.23851 0.70968 0.27567 0.91429 0.74902
0.43519 0.55042 0.47154 0.75385 0.67843
0.29524 0.30848 0.50758 0.52941 0.70588
0.22222 0.09756 0.44444 0.14563 0.62745
0.17730 0.38511 0.19006 0.51515 0.62353
0.19444 0.35973 0.21069 0.47619 0.64706
0.29825 0.43023 0.32857 0.57576 0.54118
0.44444 0.26786 0.53333 0.40426 0.47843
0.25676 0.67857 0.33333 1.00000 0.55294
0.23958 0.45000 0.27500 0.63636 0.29804
0.27778 0.48425 0.61304 0.61379 0.81569
0.14379 0.32812 0.21111 0.46032 0.61569
0.20306 0.63576 0.28056 0.81159 0.60000
0.17413 0.45669 0.20085 0.58763 0.50980
0.33333 0.38000 0.57738 0.55556 0.56863
0.27652 0.38129 0.31034 0.50000 0.56471
0.28571 0.41791 0.33333 0.54888 0.51765
0.30556 0.29464 0.57870 0.42574 0.53333
0.09524 0.44248 0.12963 0.72165 0.90196
0.32222 0.24490 0.60417 0.37159 0.59608
0.19231 0.54286 0.22619 0.78130 0.41961
0.57292 0.23333 0.65217 0.32766 0.41176
0.17157 0.36735 0.22222 0.66667 0.39216
0.53675 0.33333 0.59091 0.47368 0.60392
0.36594 0.41584 0.43939 0.58571 0.62353
0.41667 0.37500 0.53604 0.56190 0.61176
0.28824 0.52252 0.31173 0.63393 0.65490
0.18960 0.76364 0.22115 1.00000 0.44314
0.60317 0.18039 0.62121 0.24138 0.98431
0.22308 0.52663 0.24848 0.61719 0.67451
0.26190 0.33028 0.79688 0.53846 0.42353
0.18687 0.41379 0.23148 0.53191 0.36471
0.11203 0.72024 0.16667 0.94483 0.68627
0.16667 0.35714 0.18333 0.49612 0.63922
0.20430 0.32743 0.23413 0.41727 0.61176
0.19420 0.73892 0.22436 1.00000 0.58431
0.11446 0.41176 0.16667 0.56818 0.45490
0.27333 0.42632 0.29592 0.52308 0.55294
0.42500 0.29310 0.66146 0.43590 0.42353
0.23333 0.31481 0.40909 0.42857 0.48627
0.10714 0.58431 0.17500 0.80829 0.83137
0.12500 0.55682 0.22917 0.81481 0.53725
0.23889 0.29921 0.50000 0.45455 0.71765
0.60577 0.28934 0.61364 0.31132 0.77255
0.17347 0.36134 0.18750 0.45714 0.58039
0.15891 0.29487 0.18841 0.39200 0.66667
0.13194 0.78082 0.15778 0.88375 0.65882
0.19281 0.42391 0.20502 0.47778 0.69804
0.08591 0.84055 0.10569 0.96491 0.75294
0.19136 0.20000 0.19444 0.24242 0.58431
0.18229 0.36054 0.20833 0.51392 0.60392
0.22163 0.43023 0.26812 0.57025 0.63922
0.19231 0.19672 0.20290 0.26606 0.46275
0.19048 0.45000 0.48333 0.62667 0.57255
0.08403 0.58974 0.68750 0.85185 0.78431
0.51111 0.19310 0.58278 0.44444 0.93725
0.22031 0.73077 0.24031 0.90230 0.73333
0.19048 0.20870 0.20588 0.27586 0.48235
0.11458 0.48315 0.14706 0.82143 0.46275
0.23333 0.08589 0.61111 0.12727 0.59608
0.27957 0.19355 0.37879 0.27941 0.52941
0.16667 0.35965 0.18687 0.42373 0.49412
0.38889 0.32000 0.47222 0.53333 0.37255
0.25758 0.33333 0.35185 0.60784 0.45098
0.53333 0.51111 0.57292 0.67857 0.34118
0.16667 0.34862 0.19048 0.46939 0.55294
0.27976 0.17431 0.31250 0.24167 0.66275
0.29012 0.14894 0.63889 0.22368 0.52549
0.10444 0.82102 0.12500 1.00000 0.49020
0.37500 0.42593 0.43496 0.50877 0.70588
0.32500 0.41667 0.36752 0.55000 0.44314
0.09167 0.45455 0.12092 0.53247 0.46667
0.21667 0.44444 0.29825 0.58333 0.46275
0.19298 0.33654 0.19919 0.42105 0.60000
0.18659 0.44792 0.25000 0.52542 0.70980
0.22222 0.14953 0.51111 0.27574 0.65490
0.25794 0.56731 0.28571 0.70588 0.47843
0.26812 0.41667 0.31250 0.59184 0.45490
0.44444 0.24324 0.59091 0.54762 0.43137
0.23333 0.34188 0.33333 0.46552 0.45098
0.34685 0.31683 0.41892 0.53061 0.56078
0.55676 0.36957 0.59701 0.64706 0.53333
0.56250 0.27885 0.61111 0.50000 0.21176
0.20833 0.46091 0.59772 0.70588 0.55686
0.29762 0.22340 0.54545 0.38534 0.50588
0.13687 0.56744 0.45833 0.75000 0.36863
0.52299 0.34545 0.58333 0.71875 0.50588
0.36458 0.12295 0.44118 0.16269 0.55686
0.28788 0.35000 0.57500 0.56693 0.81961
0.18095 0.52113 0.21667 0.66667 0.38824
0.24405 0.33333 0.50000 0.51515 0.63529
0.13333 0.85714 0.15439 1.00000 0.63529
0.17593 0.32258 0.21429 0.46269 0.37255
0.11983 0.48404 0.13333 0.55111 0.89020
0.19281 0.30769 0.19504 0.41748 0.65098
0.21032 0.58889 0.24806 0.81395 0.48627
0.23106 0.17742 0.56818 0.34043 0.57647
0.19048 0.12712 0.20833 0.20794 0.52549
0.24872 0.44361 0.56250 0.56143 0.60000
0.23958 0.61538 0.25379 0.79032 0.30980
0.23737 0.18315 0.27778 0.27273 0.60392
0.19271 0.58621 0.30952 0.81553 0.43137
0.25794 0.55844 0.31008 0.78947 0.55294
0.18827 0.25472 0.19444 0.33144 0.62745
0.12092 0.41379 0.13842 0.48684 0.61961
0.20000 0.11688 0.88889 0.19008 0.50196
0.16102 0.33146 0.19271 0.40123 0.63529
0.15854 0.52055 0.20398 0.80769 0.45098
0.14642 0.75266 0.19444 0.93750 0.65490
0.59091 0.32203 0.60345 0.36000 0.77255
0.40909 0.29851 0.51515 0.44828 0.42353
0.18950 0.42365 0.19444 0.55556 0.60784
0.16312 0.35714 0.19811 0.57143 0.71373
0.19309 0.64493 0.29012 0.94286 0.71373
0.18571 0.60526 0.19298 0.77273 0.36863
0.26190 0.58182 0.28571 0.78571 0.46667
0.38021 0.39474 0.43519 0.47826 0.49804
0.17974 0.56562 0.19828 0.68889 0.47843
0.30556 0.28571 0.57749 0.50595 0.78431
0.17083 0.34483 0.19608 0.41667 0.45098
0.40833 0.45833 0.48485 0.71642 0.33725
0.12791 0.73577 0.58054 0.87705 0.93725
0.19167 0.65574 0.20225 0.83871 0.72549
0.55556 0.27919 0.61111 0.40741 0.58824
0.13522 0.55300 0.16667 0.68096 0.80784
0.19697 0.26667 0.28788 0.38636 0.33333
0.69697 0.41613 0.73016 0.58333 0.27059
0.25641 0.57237 0.30303 0.79167 0.48627
0.15686 0.61538 0.20930 0.86364 0.57647
0.19504 0.39583 0.21914 0.47761 0.59608
0.18750 0.29496 0.20000 0.41304 0.53725
0.26000 0.52174 0.28571 0.72500 0.43137
0.22464 0.25758 0.56177 0.41589 0.79608
0.17063 0.28704 0.17778 0.33636 0.51765
0.25203 0.57447 0.31034 0.89744 0.48235
0.47619 0.74528 0.50000 1.00000 0.48627
0.23512 0.59722 0.24848 0.71622 0.44314
0.23977 0.75000 0.31034 0.96479 0.47843
0.09524 0.45455 0.12179 0.57576 0.29804
0.26923 0.32239 0.31061 0.40741 0.50980
0.25703 0.64348 0.28744 0.83750 0.60000
0.42222 0.18947 0.62366 0.28900 0.71765
0.24468 0.42308 0.51515 0.70588 0.43137
0.26667 0.31818 0.32407 0.41304 0.54902
0.21839 0.47917 0.23810 0.62791 0.26275
0.33333 0.50000 0.40404 0.69091 0.54902
0.62195 0.18519 0.64394 0.31646 0.66667
0.19608 0.52874 0.21250 0.65789 0.34118
0.25862 0.47500 0.29412 0.62069 0.42353
0.15556 0.40290 0.17484 0.59227 0.74118
0.20588 0.17647 0.28788 0.28000 0.37647
0.24468 0.43478 0.50000 0.56164 0.61961
0.23360 0.76322 0.25516 0.91946 0.61569
0.15873 0.47059 0.58608 0.62500 0.63529
0.38462 0.22437 0.54348 0.34091 0.48627
0.32857 0.28571 0.44444 0.38028 0.64706
0.27642 0.20000 0.30303 0.27660 0.57255
0.44444 0.18557 0.57143 0.30928 0.63922
0.15873 0.20667 0.18827 0.27500 0.60392
0.45556 0.28571 0.48438 0.43939 0.46667
0.14286 0.27778 0.16959 0.38686 0.69412
0.17593 0.29730 0.19136 0.36364 0.61961
0.19048 0.70370 0.19444 0.83567 0.29804
0.24731 0.60670 0.32639 0.77778 0.58431
0.35185 0.27095 0.53448 0.35172 0.72549
0.54444 0.28713 0.59649 0.42105 0.55686
0.21726 0.59574 0.26736 0.73689 0.76078
0.14311 0.54657 0.21839 0.75370 0.66667
0.26282 0.29040 0.38462 0.48148 0.63137
0.09122 0.44025 0.11167 0.64516 0.83137
0.19017 0.37692 0.19444 0.44156 0.59216
0.17568 0.34426 0.19298 0.42017 0.69412
0.42157 0.36667 0.50758 0.60806 0.35686
0.11752 0.43922 0.16875 0.69444 0.99608
0.56190 0.33333 0.59829 0.43854 0.69020
0.07323 0.28125 0.08772 0.38272 0.60784
0.29675 0.35526 0.40152 0.47850 0.65490
0.37356 0.21311 0.45833 0.31343 0.57255
0.29487 0.29545 0.38571 0.45570 0.58431
0.08929 0.80000 0.14352 1.00000 0.60784
0.29825 0.25000 0.45833 0.41176 0.55294
0.27350 0.26562 0.38235 0.38095 0.65098
0.23958 0.27707 0.26667 0.35780 0.58824
0.14957 0.51083 0.20430 0.66667 0.53333
0.18229 0.35714 0.19318 0.47059 0.60784
0.15564 0.87302 0.18408 0.98374 0.58824
0.31034 0.36765 0.38889 0.50000 0.63922
0.20000 0.25000 0.23333 0.51515 0.29020
0.21471 0.58647 0.23043 0.69412 0.68627
0.01344 0.77640 0.04520 0.84354 0.81961
0.29412 0.35000 0.35185 0.61538 0.56863
0.59804 0.33551 0.60833 0.41860 0.76863
0.33333 0.32143 0.44444 0.71429 0.30980
0.23148 0.34902 0.31818 0.50000 0.90196
0.27222 0.29762 0.32051 0.35659 0.59608
0.23016 0.35714 0.27778 0.59606 0.81569
0.18333 0.34483 0.19512 0.40588 0.69020
0.12179 0.35762 0.15278 0.51587 0.58824
0.30952 0.19469 0.48148 0.40000 0.32157
0.54902 0.28099 0.56884 0.35388 0.65882
0.22121 0.51327 0.47596 0.62651 0.92549
0.29412 0.33080 0.36667 0.46299 0.28627
0.23423 0.57143 0.24667 0.70588 0.57647
0.13596 0.77835 0.58466 0.93939 0.78431