0.11667 0.16038 0.61966 0.22430 0.77255
0.06818 0.11321 0.52778 0.22018 0.80000
0.54861 0.18812 0.58333 0.36000 0.58039
0.23333 0.13462 0.57317 0.28091 0.57647
0.06284 0.14563 0.07407 0.25962 0.59216
0.63194 0.06855 0.91667 0.10300 0.56078
0.63333 0.11811 0.69231 0.22936 0.69020
0.07071 0.14220 0.16667 0.27201 0.70588
0.06838 0.13559 0.09091 0.21368 0.98039
0.54264 0.29730 0.55952 0.56098 0.63137
0.19048 0.14058 0.60417 0.22872 0.68627
0.07292 0.10204 0.11667 0.19075 0.79216
0.23148 0.19022 0.39583 0.30769 0.78431
0.44444 0.26984 0.60321 0.42791 0.84706
0.07692 0.08333 0.70000 0.16800 0.45882
0.17857 0.27273 0.55882 0.52941 0.64706
0.29167 0.19118 0.50704 0.38208 0.85098
0.61852 0.18000 0.66667 0.27933 0.74510
0.04444 0.11765 0.07353 0.20282 0.57255
0.18519 0.24648 0.40278 0.39344 0.68627
0.23333 0.10000 0.63889 0.19481 0.63529
0.59091 0.07018 0.73810 0.13333 0.60000
0.07143 0.14211 0.56522 0.20370 0.70980
0.11111 0.09868 0.46667 0.19780 0.73333
0.59314 0.29839 0.61224 0.51376 0.65098
0.08025 0.13043 0.24561 0.24000 0.76471
0.60784 0.11111 0.63333 0.23810 0.91765
0.46914 0.16667 0.51042 0.23438 0.93333
0.07143 0.15789 0.07692 0.23636 0.44706
0.25556 0.14912 0.44444 0.40476 0.82745
0.63194 0.10417 0.72222 0.16667 0.60000
0.07143 0.13725 0.09444 0.29114 0.81176
0.07292 0.08046 0.09568 0.20207 0.74118
0.06250 0.13095 0.07895 0.19835 0.53333
0.07143 0.15049 0.07692 0.26364 0.53725
0.06306 0.15814 0.07323 0.23723 0.67451
0.27778 0.21875 0.52525 0.47619 0.62745
0.06212 0.47154 0.12038 0.68478 0.49020
0.59722 0.30851 0.61404 0.35484 0.91765
0.10417 0.11250 0.90741 0.19355 0.60392
0.25000 0.14894 0.33333 0.19767 0.67843
0.60985 0.23158 0.63333 0.40196 0.70980
0.07692 0.11111 0.08772 0.18462 0.83529
0.07692 0.15476 0.11667 0.27103 0.52157
0.61538 0.22642 0.63580 0.32283 0.76863
0.60417 0.13571 0.61667 0.24161 0.47843
0.12500 0.21337 0.23810 0.53846 0.85882
0.59195 0.08271 0.66667 0.17094 0.90980
0.07692 0.13768 0.09936 0.23457 0.58824
0.03333 0.16667 0.05263 0.24242 0.47451
0.68750 0.10204 0.76667 0.16393 0.64706
0.06250 0.10465 0.91667 0.15464 0.92549
0.09322 0.21805 0.26923 0.45333 0.63529
0.69298 0.11029 0.90909 0.14943 0.93333
0.07692 0.19718 0.11667 0.28000 0.69804
0.30556 0.12554 0.52424 0.28111 0.83137
0.12865 0.29940 0.62500 0.45070 0.83529
0.06838 0.10753 0.20455 0.22995 0.66275
0.07407 0.12838 0.56250 0.25951 0.64314
0.62069 0.17551 0.64444 0.34783 0.83137
0.13333 0.21469 0.61585 0.33987 0.74510
0.11667 0.15385 0.54545 0.21277 0.69412
0.57946 0.40992 0.60377 0.66667 0.48235
0.12500 0.15439 0.59105 0.38095 0.52549
0.48148 0.13300 0.63095 0.22222 0.77647
0.56190 0.12500 0.66667 0.23913 0.70196
0.04861 0.12245 0.13333 0.20312 0.52549
0.19444 0.10345 0.58140 0.18431 0.58824
0.61111 0.15254 0.69697 0.24638 0.74118
0.66667 0.12174 0.78571 0.20548 0.59216
0.17083 0.19231 0.88272 0.40909 0.78039
0.53333 0.13366 0.65333 0.22892 0.65490
0.19298 0.21569 0.54167 0.32979 0.90196
0.16667 0.18349 0.30556 0.33333 0.43529
0.07692 0.14474 0.07692 0.20370 0.52941
0.62444 0.26058 0.64368 0.40385 0.80784
0.68750 0.14679 0.86667 0.20000 0.67843
0.22464 0.13178 0.60784 0.19231 0.66275
0.52193 0.36986 0.53571 0.51220 0.67451
0.62000 0.12903 0.66667 0.23842 0.80000
0.61852 0.25888 0.63194 0.60465 0.40784
0.04861 0.16529 0.07317 0.25000 0.65490
0.35000 0.17910 0.61502 0.34934 0.80392
0.41667 0.13253 0.64368 0.24457 0.70588
0.57407 0.10538 0.63333 0.18605 0.87451
0.53431 0.22830 0.55952 0.42105 0.79216
0.07692 0.16964 0.08333 0.27059 0.66275
0.17593 0.12632 0.27778 0.22581 0.64706
0.07692 0.17791 0.09091 0.25192 0.72549
0.07407 0.30000 0.44444 0.47541 0.75686
0.50000 0.28993 0.55496 0.62745 0.61176
0.06349 0.17778 0.07692 0.30328 0.51373
0.27778 0.21739 0.56190 0.33333 0.41961
0.07143 0.09130 0.11594 0.15512 0.71765
0.57377 0.08451 0.61538 0.22613 0.83922
0.20000 0.12887 0.63333 0.21154 0.64314
0.55333 0.05085 0.59804 0.21622 0.98039
0.15789 0.24490 0.22464 0.32633 0.60784
0.69048 0.16774 0.72059 0.23704 0.69020
0.04485 0.45455 0.09524 0.69231 0.33333
0.13333 0.15556 0.61111 0.24000 0.65882
0.07692 0.17273 0.08772 0.33333 0.65490
0.08051 0.26804 0.09444 0.38596 0.83137
0.68750 0.09434 0.90741 0.15385 0.57647
0.48148 0.11905 0.63580 0.19149 0.61961
0.53333 0.09626 0.63580 0.30357 0.83922
0.27778 0.20788 0.59091 0.32377 0.75294
0.03333 0.09009 0.07692 0.12712 0.99608
0.54545 0.17143 0.58772 0.42857 0.64706
0.14646 0.36139 0.20290 0.46154 0.73333
0.62333 0.32292 0.73810 0.48341 0.83922
0.59524 0.12755 0.63194 0.32143 0.83529
0.08333 0.11538 0.14167 0.28302 0.56078
0.36111 0.32895 0.55303 0.38462 0.80000
0.15351 0.25263 0.23611 0.33632 0.71765
0.58772 0.29412 0.62121 0.54839 0.98824
0.19231 0.16296 0.21111 0.29652 0.75294
0.61458 0.23077 0.68750 0.50000 0.32157
0.36111 0.33871 0.54598 0.41489 0.73725
0.06250 0.19580 0.07692 0.28736 0.63922
0.07692 0.19565 0.08333 0.28774 0.53333
0.27778 0.21026 0.69444 0.32353 0.77255
0.45833 0.20635 0.59091 0.41586 0.98039
0.61167 0.21429 0.64646 0.30337 0.75294
0.11475 0.20000 0.59430 0.29299 0.81176
0.21111 0.13725 0.43939 0.21127 0.42353
0.12821 0.46535 0.26923 0.58462 0.72157
0.65741 0.15464 0.74561 0.24409 0.73725
0.08333 0.11364 0.13580 0.17073 0.96863
0.04472 0.14286 0.06439 0.22518 0.65098
0.16146 0.16571 0.62366 0.22917 0.69020
0.05952 0.23129 0.07143 0.26786 0.75294
0.50000 0.09259 0.53333 0.16667 0.86275
0.06173 0.12500 0.60569 0.30476 0.62745
0.07143 0.10744 0.11224 0.23016 0.58431
0.71212 0.08527 0.78788 0.11111 0.58824
0.66667 0.06286 0.90741 0.11111 0.54510
0.68391 0.17323 0.70513 0.20886 0.59608
0.61905 0.21839 0.65333 0.27941 0.56471
0.40741 0.11345 0.50901 0.18750 0.91373
0.04545 0.10417 0.12500 0.16393 0.75686
0.04000 0.15152 0.05319 0.22901 0.73725
0.07407 0.14103 0.10417 0.20282 0.55294
0.05556 0.16129 0.07692 0.25140 0.64706
0.06250 0.10738 0.58333 0.24658 0.65490
0.63095 0.34615 0.66667 0.50526 1.00000
0.41667 0.09434 0.94444 0.14179 0.72941
0.54000 0.16346 0.58333 0.37500 0.60392
0.57895 0.07643 0.80556 0.14563 0.59608
0.64706 0.09554 0.93939 0.14286 0.63137
0.06838 0.11712 0.07692 0.22378 0.62353
0.50000 0.32361 0.66667 0.56818 0.67059
0.76667 0.10891 0.86667 0.14286 0.70196
0.66667 0.23404 0.73333 0.45455 0.54118
0.07407 0.11570 0.60897 0.25000 0.69020
0.14286 0.17091 0.59091 0.24269 0.69804
0.21032 0.12500 0.62057 0.21854 0.77647
0.52778 0.06356 0.55263 0.14286 0.89020
0.66667 0.06633 0.69444 0.15068 0.78039
0.07407 0.16393 0.09091 0.25000 0.49412
0.62022 0.31343 0.64646 0.51963 0.78039
0.44444 0.35417 0.52047 0.43137 0.96471
0.50000 0.11111 0.53483 0.24324 0.85882
0.06173 0.11111 0.10976 0.28261 0.96863
0.59524 0.14179 0.64286 0.24460 0.69020
0.55031 0.13333 0.60753 0.21818 0.80784
0.25287 0.15068 0.44340 0.35484 0.72549
0.07333 0.12987 0.30556 0.24742 0.50196
0.86667 0.07843 0.94444 0.11875 0.74510
0.15344 0.11820 0.53448 0.19816 0.66667
0.08333 0.13784 0.23403 0.22388 0.79608
0.07143 0.13433 0.13333 0.21127 0.43922
0.06589 0.18056 0.07895 0.30645 0.50588
0.62025 0.21429 0.65333 0.33333 0.78431
0.13889 0.31481 0.57692 0.52830 0.46275
0.27778 0.07333 0.77778 0.13043 0.61176
0.64894 0.42529 0.69271 0.63333 0.53725
0.08333 0.13699 0.10976 0.24000 0.73725
0.61667 0.20611 0.66667 0.32609 0.60784
0.36667 0.11504 0.64706 0.17241 0.83137
0.69231 0.11765 0.78571 0.13889 0.89020
0.06818 0.14286 0.07692 0.21179 0.64314
0.64286 0.10638 0.94444 0.17949 0.56078
0.69333 0.23239 0.72222 0.32967 0.60784
0.59815 0.41259 0.62727 0.68667 0.84314
0.04861 0.17409 0.07317 0.26012 0.86667
0.07143 0.13194 0.10417 0.24359 0.54118
0.60088 0.21429 0.68280 0.38419 0.81569
0.12121 0.22642 0.76667 0.29839 0.74902
0.07143 0.10989 0.12500 0.19149 0.90196
0.07143 0.18000 0.07870 0.27692 0.46667
0.53333 0.07143 0.80556 0.15385 0.52549
0.13333 0.17241 0.66667 0.24176 0.66275
0.41667 0.20000 0.61905 0.41255 0.67451
0.62063 0.28947 0.66667 0.48837 0.69412
0.52778 0.20561 0.60163 0.27041 0.66667
0.65196 0.16667 0.69444 0.26506 0.85882
0.16667 0.11111 0.80556 0.22778 0.66667
0.05556 0.17783 0.07292 0.28000 0.73333
0.52424 0.33842 0.55556 0.45455 0.91373
0.63194 0.15741 0.67593 0.25373 0.69804
0.07143 0.12698 0.07895 0.20749 0.64314
0.16667 0.32075 0.55952 0.71070 0.71373
0.03333 0.14493 0.05556 0.21084 0.44706
0.07692 0.15464 0.09314 0.30476 0.50980
0.57407 0.10465 0.59091 0.18889 0.89804
0.60204 0.21739 0.92857 0.38298 0.54902
0.71212 0.09827 0.92157 0.18182 0.96471
0.10317 0.12727 0.18750 0.35714 0.65098
0.41667 0.13580 0.57471 0.27972 0.99608
0.60976 0.31667 0.66667 0.53333 0.54902
0.56522 0.06193 0.73333 0.10345 0.59216
0.07639 0.22222 0.16667 0.49209 0.93333
0.46032 0.11712 0.69444 0.26087 0.60000
0.50000 0.06796 0.73333 0.12048 0.57255
0.48333 0.12987 0.54248 0.18487 0.84706
0.19697 0.19643 0.61333 0.26667 0.74902
0.04444 0.09615 0.07692 0.18286 0.60392
0.06250 0.09756 0.55667 0.16049 0.89804
0.06589 0.12920 0.07895 0.28161 0.61569
0.07692 0.11446 0.09314 0.17105 0.74902
0.57333 0.05085 0.73333 0.11250 0.54902
0.19136 0.08756 0.63333 0.15385 0.58824
0.63333 0.14789 0.65789 0.21379 0.63529
0.65079 0.15556 0.70588 0.23881 0.87059
0.57051 0.14902 0.64286 0.23333 0.99608
0.50000 0.18455 0.57456 0.28571 0.71373
0.48333 0.13750 0.53030 0.19608 0.76863
0.06838 0.20575 0.07895 0.31852 0.66667
0.13095 0.12200 0.70000 0.25532 0.65098
0.14957 0.22511 0.86957 0.43383 0.85882
0.38889 0.16228 0.51389 0.25571 0.88627
0.07143 0.08197 0.91667 0.25000 0.60882
0.05000 0.13710 0.07471 0.21333 0.69020
0.20667 0.29703 0.58000 0.58235 0.67451
0.09936 0.16667 0.94444 0.25904 0.78039
0.11538 0.08955 0.95833 0.20149 0.60000
0.50617 0.37037 0.56439 0.43556 0.87843
0.60078 0.16129 0.67857 0.29670 0.59608
0.45833 0.06875 0.91667 0.12308 0.54118
0.63333 0.17143 0.66129 0.22464 0.72941
0.09804 0.15951 0.33333 0.22222 0.66275
0.08889 0.11628 0.41667 0.22936 0.96863
0.07317 0.22078 0.07895 0.31250 0.57647
0.04472 0.28302 0.57292 0.34161 0.63922
0.31250 0.16667 0.53333 0.31343 0.81569
0.50000 0.11864 0.60417 0.18462 0.47059
0.08333 0.14563 0.11667 0.25000 0.99608
0.58333 0.22833 0.61594 0.34123 0.77647
0.62000 0.07500 0.83333 0.10965 0.55686
0.58081 0.25000 0.61538 0.37778 0.76863
0.41667 0.09929 0.50000 0.18349 0.69020
0.06818 0.12299 0.09722 0.25434 0.60784
0.11683 0.20225 0.63889 0.41401 0.73333
0.62094 0.45495 0.62698 0.53052 0.87059
0.53333 0.07186 0.93939 0.11250 0.53333
0.50000 0.30000 0.55039 0.39370 0.99608
0.46667 0.23256 0.56098 0.39496 0.99608
0.60345 0.16667 0.62500 0.23729 0.61176
0.60897 0.19643 0.65789 0.36434 0.67843
0.55936 0.17120 0.61538 0.27907 0.82353
0.21429 0.17822 0.48077 0.36066 0.82353
0.07143 0.13542 0.07692 0.20833 0.59216
0.04444 0.13514 0.06481 0.20896 0.75686
0.64646 0.17518 0.67857 0.23200 0.66275
0.65909 0.15833 0.70833 0.19792 0.54902
0.59804 0.06250 0.73810 0.14414 0.62353
0.10417 0.14721 0.83333 0.22581 1.00000
0.15217 0.20690 0.36111 0.35955 0.58039
0.41667 0.28829 0.61111 0.42424 0.69412
0.38462 0.07212 0.62500 0.15476 0.61176
0.57870 0.33702 0.62083 0.56287 0.84706
0.75000 0.08333 0.93939 0.13095 0.58824
0.50000 0.11039 0.62222 0.23903 0.63137
0.55914 0.06299 0.59804 0.10241 0.88235
0.16667 0.15942 0.57143 0.26761 0.38824
0.54861 0.05263 0.86667 0.14161 0.61176
0.19697 0.28205 0.54444 0.36458 0.78824
0.11538 0.06627 0.23333 0.11802 0.68235
0.06173 0.13514 0.20000 0.22917 0.79608
0.44444 0.12571 0.62000 0.27061 0.61569
0.12076 0.13529 0.50000 0.26020 0.67059
0.07353 0.19595 0.07692 0.28485 0.67843
0.42157 0.22115 0.53901 0.51875 0.72941
0.43939 0.21387 0.50000 0.45263 0.54510
0.10417 0.16667 0.91667 0.26190 0.71765
0.06439 0.20000 0.08025 0.29762 0.69020
0.14167 0.37353 0.19298 0.64583 0.74118
0.58974 0.32143 0.60784 0.49078 0.53333
0.06481 0.14815 0.23958 0.26087 0.66667
0.68571 0.23077 0.70202 0.27193 0.66275
0.12222 0.26471 0.58333 0.34951 0.71765
