3411.00000 566.22693 21.54037990196131
6026.00000 354.17199 178.43039215687878
1702.00000 505.97749 6.8762408088236056
2140.00000 190.16109 26.223835784314495
2568.00000 36.16768 8.670358455882468
3613.00000 373.67506 60.81447610294134
3787.00000 195.80992 101.49782475490461
3595.00000 464.73154 30.470618872549455
2150.00000 334.34117 17.612852328431767
3329.00000 440.38940 36.950045955883645
3922.00000 598.76552 95.20571384804644
4153.00000 145.19957 67.60369178921617
2752.00000 431.65780 21.33760723039231
6925.00000 486.27752 181.55577512254834
1514.00000 395.78870 28.076715686276497
4758.00000 499.56614 29.162392769608324
9878.00000 369.64364 303.50284926473336
2345.00000 139.80598 38.15418198529465
13113.00000 520.11766 1913.0064031864474
10699.00000 477.07956 443.78844975495986
3935.00000 117.81641 86.08521752451371
5320.00000 442.51830 67.25557598039596
1256.00000 436.84609 16.051807598039172
6682.00000 372.50221 106.21992953431368
4673.00000 259.56146 87.53394607843045
2440.00000 398.14248 50.88895526961009
3860.00000 406.93412 53.3833026960798
4405.00000 531.45497 163.36516544117953
1692.00000 189.49931 5.074295343137311
1441.00000 96.92669 6.610110294117727
2010.00000 214.21082 60.24983149510123
5041.00000 395.44471 176.03069852942286
4937.00000 184.01062 51.89996936274582
2671.00000 522.56877 46.190058210784116
5705.00000 303.59462 92.09076286764932
4370.00000 378.30020 86.58259803922154
8405.00000 492.80494 97.20784313726757
4955.00000 471.91297 114.69874387255648
3281.00000 556.56882 99.25347732843827
2804.00000 394.58775 15.25854779411749
2274.00000 212.69378 22.30168504902066
2167.00000 153.17005 12.130484068627625
3562.00000 432.91766 83.07368259804134
4900.00000 187.71093 118.69744178921857
5087.00000 712.54524 43.23172487745229
1987.00000 166.29598 19.94987745098071
4227.00000 675.88914 71.46182598039697
2324.00000 494.30141 17.275428921568906
6416.00000 227.74781 157.08564644608975
7315.00000 478.15806 265.99312193628475
4363.00000 304.17257 142.50683210784356
5185.00000 511.67597 41.17457107843105
2849.00000 682.87083 70.32585784314182
5158.00000 439.85400 19.072794117647778
10863.00000 236.27169 32.01732536764791
3171.00000 46.73889 31.497564338236693
4925.00000 240.30934 45.13307291666685
1204.00000 663.74850 11.763970588235434
5929.00000 267.80255 81.20844056372744
1633.00000 664.88437 11.973498774509899
1397.00000 892.59302 17.64865196078467
3603.00000 35.80859 14.574065563725908
2683.00000 400.44267 13.252496936274483
1717.00000 672.08993 35.499586397057406
5126.00000 609.92083 101.1721354166685
1459.00000 328.24762 10.565471813725313
3377.00000 143.15844 32.964629289216816
1936.00000 297.33663 37.6567248774518
1963.00000 148.76070 18.926577818627614
3356.00000 151.93346 40.924816176471076
4516.00000 291.83029 48.883532475489766
5467.00000 499.83209 117.63187806373588
10359.00000 654.83943 149.95977328432215
3877.00000 322.70047 51.20405943627467
6304.00000 276.81662 108.02838541666856
13225.00000 395.04112 637.6750153187368
4812.00000 198.13019 181.74113051471355
4256.00000 540.75386 30.326118259804954
1553.00000 52.96769 6.998177083333426
5236.00000 764.54639 220.4954810049187
1964.00000 196.61788 43.291344975490574
6088.00000 699.17789 46.32207414215733
2100.00000 204.24102 8.529718137254967
3160.00000 217.76775 267.22545955882373
1567.00000 1126.62092 67.15401348039391
4817.00000 292.78392 14.162009803921858
7706.00000 261.47300 85.81432291667329
8333.00000 618.71553 200.99255514707266
5083.00000 265.93676 66.91493566176536
6153.00000 925.90434 17.3784007352949
4133.00000 286.17423 94.11106004902342
5148.00000 606.87940 46.453722426471025
3406.00000 227.01387 20.314460784313997
5285.00000 426.15342 123.38806678922869
3014.00000 177.42971 25.630269607845037
15345.00000 358.26249 136.9484221813822
3675.00000 615.34577 28.417800245099187
7034.00000 671.57136 213.96383272059546
2869.00000 140.53348 9.717601102941188
2301.00000 500.64558 24.208685661765738
2232.00000 348.32159 45.276991421568326
5711.00000 729.19914 81.6406096813751
2833.00000 353.69971 52.89270833333267
2227.00000 546.01652 14.322870710784613
2921.00000 371.63868 94.4504595588219
6092.00000 763.79250 132.97859987746045
2455.00000 203.36387 22.20617340686278
5138.00000 452.69999 82.61265318627424
5984.00000 359.99399 133.50975796569583
3076.00000 439.24735 72.40240502451077
3247.00000 246.47278 9.316804534313615
5382.00000 710.30808 71.69911151960828
3829.00000 323.19016 46.87758884803968
22543.00000 334.68836 1160.7606158090164
4779.00000 519.64214 155.228936887255
10161.00000 318.60881 248.44189644610992
5289.00000 513.75310 33.47723651960888
6632.00000 240.33060 136.80752144608738
2755.00000 844.94481 41.891253063727184
7499.00000 730.05498 129.78003982844456
8049.00000 234.02592 210.6300551470639
4070.00000 117.59145 16.41334252451
16802.00000 592.09297 665.5468596815098
6848.00000 271.34560 10.548345588235291
1513.00000 187.29543 8.3058363970589
1465.00000 451.60190 10.466528799019802
5022.00000 797.66970 76.16856617647157
3918.00000 305.39811 33.8365655637254
2085.00000 438.05395 11.392264093137278
5596.00000 513.47525 108.41049325981038
5271.00000 173.94380 18.453339460785227
5646.00000 468.62195 66.06847426471153
4724.00000 553.65185 201.90171568628259
4544.00000 457.67810 56.3651501225522
1795.00000 248.62485 6.564828431372643
4412.00000 74.92951 48.029151348039704
8691.00000 669.77611 157.13339460785326
2379.00000 492.95396 9.255575980392342
4367.00000 332.75606 146.1044730392148
11630.00000 365.10116 363.23736213237396
4908.00000 648.39661 46.02208946078507
6091.00000 424.23859 104.71360294117933
11039.00000 237.04992 585.4482077206482
3373.00000 1008.00090 129.95574448530087
14357.00000 604.24860 715.8992800246424
3018.00000 733.75249 71.97538296568844
1932.00000 455.04414 21.460692401961364
3933.00000 326.34048 85.57210477941638
4426.00000 195.17910 119.09496017157313
3969.00000 665.37539 31.340196078433618
2594.00000 305.09622 26.979748774511034
2836.00000 366.54505 36.61511948529406
6576.00000 416.92036 255.74730392157332
7222.00000 427.22066 114.93921568627727
5701.00000 887.16022 151.48766850490827
2886.00000 451.84865 24.609344362747056
4599.00000 754.15172 88.07748161765225
2930.00000 348.09741 51.14541973039268
1357.00000 121.44284 16.983655024509964
4896.00000 343.51485 98.53030024510143
4525.00000 132.96095 7.110799632353
3240.00000 457.47852 29.60719975490302
2835.00000 95.71652 40.85916053921608
2980.00000 292.99899 91.19468443628088
2355.00000 297.85803 20.790686274510282
4063.00000 402.40715 121.42175245099013
2308.00000 470.00359 27.330484068628998
2781.00000 96.76175 98.73656556372806
2041.00000 235.43492 4.765441176470641
3391.00000 216.56903 20.366452205883164
9733.00000 399.34862 282.348223039242
3095.00000 352.07547 20.573667279412412
3778.00000 428.73167 51.04309129902264
7496.00000 200.01724 233.92208946078634
1898.00000 529.15271 29.091222426471983
4555.00000 423.45710 65.49597120098231
11604.00000 346.61081 83.24391850490807
8650.00000 597.45182 42.68990502451256
4428.00000 348.65369 34.4305759803917
5306.00000 262.17441 37.964200367647486
3723.00000 694.67785 111.58481924019475
3940.00000 417.62503 66.8911151960817
1658.00000 348.86504 3.483854166666684
2134.00000 481.73070 77.77616421568537
9855.00000 294.82710 375.1429687500388
5724.00000 970.97874 74.08544730392515
4096.00000 533.75077 102.40395220588796
4689.00000 687.11459 142.13765318628626
9294.00000 459.34472 143.66666666668567
10458.00000 431.56390 225.26493566177464
7602.00000 344.54237 110.3861825980467
2365.00000 174.99818 99.6315870098134
6337.00000 352.98849 89.82450980392743
12183.00000 715.18176 544.740042892232
2085.00000 265.01030 41.99937193627565
7142.00000 260.08746 76.05003063725569
6217.00000 395.40923 95.74721200981153
1319.00000 427.84532 14.25441176470594
2803.00000 855.26547 104.21044730392452
6049.00000 199.33610 150.71786151961157
5132.00000 510.33913 96.49503676470488
4284.00000 216.92784 126.96859681372966
2643.00000 20.62876 9.640150122549242
5688.00000 737.13031 167.59402573529636
10814.00000 385.38993 111.250275735295
3603.00000 656.26376 106.1433976715695
7869.00000 476.17763 281.94094669120403
4805.00000 808.70174 85.97866115196618
10854.00000 314.97629 200.72879901963088
2313.00000 240.70065 18.697778799019925
12308.00000 311.85656 533.687745098096
3724.00000 177.98984 84.04609375000125
2047.00000 453.04936 15.230882352941325
3633.00000 1041.05862 61.81374080882496
3446.00000 200.43085 87.63662683823901
6426.00000 709.82500 46.111381740197174
2920.00000 246.03821 87.68014705882885
5107.00000 842.22485 132.81311274510756
5318.00000 385.30775 54.84371936274544
9222.00000 147.45174 226.99116115197506
1899.00000 77.37712 19.534420955882982
4067.00000 209.91638 78.45519301470863
1900.00000 182.02349 5.1646446078431785
1916.00000 176.97346 32.8129289215691
2297.00000 87.01728 31.298360906863884
6490.00000 982.00898 213.21996017157375
3155.00000 534.06316 8.868979779411974
6808.00000 792.84949 105.91181066177106
2591.00000 385.16043 22.98069852941244
1938.00000 263.94830 14.184375000000095
8951.00000 287.42655 134.1394914215799
3594.00000 124.89170 81.07749693627355
4350.00000 518.52920 77.58322610294299
4603.00000 775.15390 71.11035539216134
3282.00000 207.17242 26.637745098040536
3544.00000 325.86262 23.530422794118397
4254.00000 798.10744 69.74250919117786
6314.00000 265.00672 44.45903799019645
3494.00000 1129.81135 20.187668504902092
6653.00000 321.64784 210.0846813725606
7684.00000 202.67232 103.97863051470702
12200.00000 806.04528 201.28247549019147
2277.00000 670.96565 16.653829656863174
4140.00000 133.66174 20.834344362746158
8376.00000 660.63438 138.63826593138333
2790.00000 581.78530 21.929702818628215
2874.00000 658.27913 53.19056372549058
6606.00000 450.06210 108.53265931372546
3244.00000 469.65421 164.73386948529293
4713.00000 372.74297 28.823023897060025
6021.00000 440.46647 209.97375919119114
2940.00000 644.44016 20.543504901961136
4484.00000 551.53430 109.10254289216083
2879.00000 229.09242 26.218596813726165
9948.00000 417.77061 153.8084252451075
2374.00000 418.49517 97.92201286764775
6685.00000 290.66145 80.17058823529563
8826.00000 432.09138 219.51934742649044
2255.00000 990.46086 28.389491421569616
4114.00000 87.68987 67.1399356617658
5986.00000 521.49920 144.59054840686673
1954.00000 151.26699 21.909175857843625
3731.00000 1032.82188 145.8277267156886
7686.00000 401.61140 93.88445159314377
3679.00000 301.79207 59.275214460783396
10097.00000 669.66142 206.58174019608776
2053.00000 350.57272 18.45487132352974
5713.00000 137.53311 62.5399509803956
2426.00000 536.32126 21.90647977941223
8170.00000 846.57085 179.80854779413087
3008.00000 300.27199 55.797962622549505
12428.00000 196.74864 123.70087316177035
3127.00000 230.91912 56.814644607843455
7360.00000 520.02847 422.34491421571965
12134.00000 408.67739 458.8459865196468
3081.00000 412.97151 36.28379289215804
2298.00000 164.29044 20.517064950981432
2105.00000 283.56357 57.44776348039436
1558.00000 319.03832 14.51668198529389
7908.00000 166.19737 100.85150122549322
2787.00000 102.36574 19.50246629902005
8142.00000 782.75843 173.00672487746434
1371.00000 434.18456 3.140563725490243
7625.00000 382.89261 91.17002144608223
10909.00000 233.52767 594.1661305147653
5609.00000 393.14264 16.787668504902413
5382.00000 645.41973 157.17751225491924
1291.00000 143.01230 41.90220588235254
2344.00000 156.32598 10.456249999999985
4617.00000 444.31009 46.132797181371814
4842.00000 173.35817 49.37386642157149
6299.00000 534.90171 83.01910232843814
