23752.00000 617.79165 2791.3301930154635
14793.00000 723.21582 798.431357230498
21561.00000 349.32188 697.9986366422345
17244.00000 448.04352 675.6323529412813
8415.00000 254.85814 329.8644761029914
17565.00000 459.86835 1569.0472732845228
28009.00000 612.97137 2050.8302389711894
26412.00000 315.81109 1571.3437346815338
18863.00000 433.45077 451.47804840693135
19333.00000 358.62808 617.8614430147555
11933.00000 280.64503 631.1390165441946
34166.00000 782.11305 1995.3722886034525
17625.00000 990.61639 1356.0056832111077
19670.00000 426.17179 1159.0684436275967
16125.00000 242.62679 523.8862438725946
28600.00000 606.83191 3114.0622395841565
16215.00000 792.36312 1227.2784313727439
28139.00000 383.95884 1175.4015318628278
15123.00000 315.76632 401.05715379902847
13184.00000 215.81999 1016.395940563817
13342.00000 586.85045 1196.1828125002498
15296.00000 278.11097 616.661335784372
32110.00000 629.33290 3099.0433057608366
29663.00000 513.68970 1685.6117187504688
8597.00000 213.65770 206.21792279412122
22496.00000 639.43832 2313.574218750696
27492.00000 785.63929 1121.4645986523212
28848.00000 691.97882 2154.1367493879743
21378.00000 373.21536 906.0509344363767
25775.00000 463.36700 1489.4893995100585
12984.00000 315.02419 488.5162224265183
17400.00000 682.20985 1155.7955116423254
15769.00000 220.52512 676.8846354167287
32715.00000 756.17328 3282.8727634817246
24575.00000 369.19909 1006.9351102941872
22383.00000 283.73185 1294.4380974266269
14741.00000 464.35964 917.5729779412725
22273.00000 1100.48572 2058.828982843893
26622.00000 811.77192 1911.7851562504516
10450.00000 261.61927 419.3691023285099
20609.00000 574.42069 833.4193933824896
5908.00000 181.79764 152.52043504902826
30757.00000 758.92457 2077.3958486528295
32053.00000 402.80601 2136.043811275092
13024.00000 384.48261 959.4661458334501
15642.00000 737.45733 1031.0394607845556
13337.00000 609.05538 833.3419577207488
13014.00000 337.97511 902.2828737746103
28651.00000 556.05682 1921.3157475495611
20355.00000 495.30199 1620.3437193631248
2712.00000 231.21859 161.01962316177497
9797.00000 317.47369 258.5695006127496
10697.00000 512.33774 651.7321997550094
26244.00000 516.78128 1374.0975183828155
14470.00000 396.28977 479.5380667892912
12370.00000 571.26642 639.0359528186847
13025.00000 244.99823 271.687775735315
4742.00000 122.97467 210.69221813726085
23766.00000 594.42989 1073.3205269609687
21174.00000 437.45136 720.5423406863883
19824.00000 549.77316 1298.195312500366
8805.00000 453.96902 537.4763327206929
28331.00000 892.29198 3704.9628829671187
12300.00000 182.00582 544.4068167892682
8599.00000 264.85333 375.46412377454664
11728.00000 298.08064 691.5571691177169
16222.00000 294.09700 761.2984987745671
28694.00000 697.54306 1018.8226256129722
11725.00000 267.91477 333.5504136029634
4284.00000 116.19490 141.5282015931396
20389.00000 233.52725 662.6837162990648
7538.00000 439.70509 241.4712622549185
15294.00000 550.58885 1415.0843290444802
22275.00000 469.33337 920.031755514856
8805.00000 434.61299 362.1874540441474
32674.00000 842.32302 2070.567233456717
15098.00000 228.15217 840.5817248775163
27617.00000 793.07102 1308.941421568858
17823.00000 754.24355 1469.958440564221
13909.00000 339.08930 1047.1268995099733
20233.00000 605.37510 1271.4817555148686
27740.00000 657.83861 1401.7747395834879
18200.00000 467.83553 581.4749387255713
18560.00000 862.18417 1018.275628063876
22620.00000 488.12379 1657.5403492650994
10590.00000 168.03008 337.5292126225768
20862.00000 722.31556 1338.1061580887056
15745.00000 289.88143 416.08947610299003
26240.00000 979.92537 2145.790165441936
24483.00000 553.29445 642.1104319853555
30398.00000 972.73772 2304.3047487752847
21405.00000 377.24793 1416.6096507354762
21178.00000 420.99380 1170.7787530638577
22471.00000 479.21144 1348.5479166669068
12087.00000 501.00133 419.78042279416155
17145.00000 584.75961 742.6384497550218
11455.00000 823.15053 1219.6157322306647
3975.00000 525.65833 200.84554227942382
20606.00000 356.01626 1609.7492493875727
18269.00000 585.95163 645.922120098125
20349.00000 480.67795 1403.5917892160533
19214.00000 210.16573 716.3736672794706
23288.00000 472.16696 1570.6897671572317
27303.00000 299.77535 1314.7016850491964
10557.00000 370.77256 337.90196078435366
20605.00000 300.24631 953.7729013481847
28210.00000 1052.94611 3015.2576286776084
19470.00000 534.09723 982.0492340688473
21783.00000 522.16393 1490.4706495101952
12678.00000 415.69223 629.4336243873598
21587.00000 655.30516 4247.303799020883
11060.00000 677.41208 506.12503063732356
25721.00000 671.07915 1438.7170649515
14690.00000 545.19585 622.278462009885
25690.00000 376.89609 1547.5708486522522
7981.00000 704.76923 355.9498774510129
17860.00000 1068.21271 1184.652313112905
18323.00000 237.97747 783.9254595588748
19781.00000 377.63173 1586.7463848042196
11671.00000 240.90943 459.80016850495264
24910.00000 608.44194 2197.0577818634933
16296.00000 206.30372 782.9808517157572
11106.00000 378.18771 451.66692708338
27042.00000 995.10974 1738.0316942408683
19003.00000 403.77915 773.0128829658198
7165.00000 267.12616 308.0730085784563
9920.00000 270.80589 844.4891084559495
6450.00000 553.67459 180.7649969362846
23449.00000 829.68632 1366.9719056375475
17138.00000 422.47410 606.9304993873382
11691.00000 897.93085 751.0381280638336
20914.00000 407.70051 637.591773897067
23234.00000 316.98401 572.7823529412298
23252.00000 380.25834 1113.116758578554
17522.00000 302.17811 449.0303308823833
12439.00000 380.73874 507.50617340690707
21628.00000 528.24152 1955.2490502457042
4643.00000 110.45092 171.60220588235586
13593.00000 224.83788 937.9799325981153
17927.00000 394.56811 501.5460171569232
7945.00000 110.35867 198.52919730392767
13756.00000 742.01166 1158.3738204659344
21292.00000 760.24789 1871.4054227947936
28988.00000 880.50762 2873.985386030196
21777.00000 906.48758 1868.6085477945976
1416.00000 98.33337 75.7541053921578
30091.00000 871.44145 2903.243305760798
7700.00000 162.93938 746.1602328431715
14993.00000 412.72325 595.422058823608
13851.00000 203.28297 386.9634344362909
12326.00000 387.07481 870.7798713236582
12907.00000 374.95329 701.0592984069265
13482.00000 519.22486 1179.4130208335603
16185.00000 572.54486 1191.2624387257397
5538.00000 641.74789 468.9659926471184
15791.00000 240.31697 924.4437193628567
23054.00000 447.41628 2040.4948376231164
16654.00000 463.69430 734.8338082109024
17428.00000 214.79331 358.1632199755236
5866.00000 153.47767 291.10330882355254
11777.00000 469.31138 332.10586703435695
15634.00000 327.77455 717.3027573530404
11829.00000 563.94604 562.1741115196538
13155.00000 211.44707 447.42190563728826
20863.00000 249.99528 541.7659466912187
18256.00000 582.41223 1064.7332567404635
16245.00000 668.83311 909.3567095589996
16477.00000 355.23029 476.54790134807973
10791.00000 679.62768 373.09229473046264
11208.00000 499.85611 897.912331495259
11623.00000 718.46982 554.7204044118613
11572.00000 683.92714 700.3865042892984
13376.00000 542.35717 742.8921875001206
22418.00000 798.04878 2190.583471201705
27457.00000 931.33998 1779.5227022064864
16231.00000 140.40742 361.0479932598249
12343.00000 929.64061 1468.7941789219294
16065.00000 340.91257 457.0871017157408
14562.00000 822.93936 879.9183210785507
28577.00000 588.41409 1431.822594975968
11897.00000 388.29121 973.0353860295407
8698.00000 320.43110 353.0664368872525
33680.00000 549.92502 1851.3776960790221
25635.00000 523.57863 1561.695557598424
18029.00000 590.15890 847.7635416668671
8403.00000 457.80010 822.0241115197039
19919.00000 659.21083 1128.571446078666
5958.00000 360.39573 333.2324754902246
16466.00000 254.88921 1080.7531096814637
7481.00000 321.31296 168.87838541667296
25311.00000 854.59303 2201.142187500656
4937.00000 152.79852 186.1586703431411
10819.00000 308.67935 1004.6064797795575
10746.00000 316.71130 1528.3349264708363
3661.00000 128.08785 101.87748161764944
22437.00000 291.87547 2110.275995710988
16994.00000 805.22009 1128.872717524844
8491.00000 571.91650 332.41063112747497
19512.00000 413.21687 835.9415441178049
28745.00000 423.06644 1699.9938112748623
39020.00000 825.61750 3345.853370099436
20091.00000 876.68687 1508.643060662216
13403.00000 182.81226 233.48246017157433
22216.00000 372.41361 1449.0516084560895
8755.00000 269.03017 282.7202818627744
15936.00000 264.60642 242.58733149511266
13525.00000 788.95455 716.9320618874065
10950.00000 136.05421 238.34152879902362
11556.00000 597.51903 724.6420343138599
26599.00000 420.98627 2440.587055760568
28447.00000 561.02651 3326.0098958339972
19324.00000 753.53632 1451.6541819856745
21114.00000 442.57830 556.5601409313873
19400.00000 289.38657 807.503033088365
7563.00000 429.11122 321.46204044122777
17657.00000 537.47291 642.004672181453
27507.00000 588.58455 2076.1591911771625
14922.00000 377.37565 686.0888020834724
20311.00000 465.22340 907.3551011030453
7576.00000 553.39980 310.4421721814056
9238.00000 695.23538 927.4272518383635
9836.00000 111.76920 259.1905484068706
22623.00000 676.43406 1251.539905024791
26015.00000 650.94628 1686.0693933828306
15337.00000 335.11112 660.4620098040319
10283.00000 516.89376 356.2822916667044
11362.00000 141.29344 260.5323223039375
11642.00000 455.97635 430.3697303922235
20097.00000 656.07006 1001.6568780639046
22069.00000 801.06819 1398.0999846817315
15192.00000 572.27220 900.6267003678165
17197.00000 430.92722 1081.943596813909
6815.00000 181.55956 202.41652879903157
18151.00000 707.93926 925.8217984070917
40865.00000 467.76913 3472.121246937144
5594.00000 260.70702 265.9242647059066
13018.00000 439.53551 463.3766850490936
8783.00000 391.88808 467.42786458337144
6171.00000 385.28760 269.25019914218063
20556.00000 699.93076 1223.6022977943942
30644.00000 433.34837 1168.6615196079504
21515.00000 628.91355 1034.9452665443057
14276.00000 271.75154 506.3064031863503
25031.00000 559.76279 1535.3456341917058
12387.00000 459.97721 944.310814951092
17241.00000 633.01086 980.2565870101056
12773.00000 145.76441 552.6693780637684
11647.00000 451.05636 540.5953890932353
24792.00000 318.99902 709.1704503676997
4270.00000 144.32476 237.91392463236286
2018.00000 211.21561 149.2607077205967
31590.00000 810.93497 2430.8867340695547
14391.00000 436.16331 693.8788296569437
17682.00000 571.45295 910.4336397060332
18700.00000 669.69862 1177.2559742649655
37271.00000 653.72324 2433.0127144616577
25484.00000 739.88098 1469.73759191215
24393.00000 585.84409 1926.1315870102505
17111.00000 226.77208 674.9933210785123
25200.00000 330.64459 850.5578737745798
11855.00000 894.76815 709.7569699755966
21326.00000 1559.42191 1880.258455882801
20904.00000 612.30108 917.8078584561275
29536.00000 420.30029 1474.847074142633
18310.00000 550.25884 1210.210952818922
15897.00000 485.09297 613.4080575981399
19919.00000 629.44829 1329.2516544120838
29403.00000 753.55014 2004.2825674027747
21068.00000 747.00149 1218.0361672796719
14438.00000 588.28521 357.6863357843444
17749.00000 274.16320 638.9055759804513
9800.00000 780.16949 395.450398284385
27369.00000 266.81780 976.2610140932218
15142.00000 382.14220 631.767279411874
28435.00000 799.04493 1436.2265318632212
13318.00000 364.92535 321.32956495104406
14026.00000 273.11125 389.2186274509931
11163.00000 289.85864 343.208103553957
11717.00000 817.10575 537.2169730393379
14132.00000 582.61434 416.5475183823998
6761.00000 441.71754 171.8935202206008
19116.00000 1185.64639 1302.8789368875737
26064.00000 185.05409 900.6293811275018
25654.00000 1428.54444 2318.1166973047057
24663.00000 385.17766 858.6046875000756
11876.00000 312.22441 786.119500612869
10999.00000 482.05629 598.1715073530512
23960.00000 392.88799 1123.6029258579406
19237.00000 702.77443 1246.7730698531507
13430.00000 328.42311 644.426026348151
19873.00000 430.94322 762.8513480392999
21042.00000 297.72528 914.4378063726695
