12159.00000 448.28030 399.687928921614
7631.00000 975.85818 630.3160539216567
6617.00000 992.27514 349.2255667892461
16544.00000 666.64783 686.4575061275689
9100.00000 546.77160 645.7426011030634
5760.00000 481.44918 203.98288909314266
11820.00000 442.50416 439.12576593142006
8771.00000 724.60065 290.2189950980694
5042.00000 835.27656 277.9018229166824
7946.00000 966.98222 403.64059436279115
9811.00000 405.10102 352.2470435049328
11097.00000 719.01867 612.3764705883355
13629.00000 838.20299 521.0702512255715
18449.00000 830.59796 862.5076439952229
5718.00000 531.45887 404.12195159318935
14673.00000 967.83551 1601.1575367650626
13422.00000 610.89760 531.5739430147423
14350.00000 732.35378 766.5384957108984
7733.00000 709.84250 502.55572916671576
9692.00000 710.07525 320.96479779414994
10984.00000 378.63803 384.80612745102167
9092.00000 429.72039 369.38224571081594
7861.00000 570.27415 348.23123468140165
12763.00000 542.73724 736.0891544118755
9364.00000 832.45144 320.84817708336755
12792.00000 748.94051 487.3211550245768
10050.00000 582.52079 349.55461090689056
9215.00000 999.85133 453.711228553988
5802.00000 585.61133 404.94114583337023
17066.00000 663.81734 732.5585784314517
7433.00000 608.42354 419.70790441181924
8883.00000 865.22862 664.0217064952178
10527.00000 617.86003 778.8694699756379
9012.00000 728.90881 549.9979473040155
7716.00000 561.73659 549.2534160539798
13056.00000 642.13072 809.9556832109403
8193.00000 902.85215 427.1696997549588
16179.00000 455.85011 475.4456341912867
6630.00000 580.47839 217.62101715687987
10381.00000 945.05526 1165.5684129903511
9627.00000 426.61560 402.793336397113
12044.00000 625.28381 437.1751838235871
8063.00000 588.67872 496.6757965686796
9105.00000 716.53125 783.7426623775634
5678.00000 660.38245 183.94937193628445
14876.00000 376.38089 561.7316329657613
16262.00000 952.94158 893.1950367647723
18332.00000 922.69369 1035.3911917893793
9989.00000 710.38191 655.2011642157939
8060.00000 630.72618 482.78158700985585
7846.00000 822.61299 584.24969362757
10077.00000 982.30686 1020.8071384805523
12459.00000 589.02272 627.6176776961789
6400.00000 857.76415 474.05533088241367
10897.00000 766.05008 656.2236979167906
12903.00000 899.51068 536.4359221814223
13057.00000 902.93963 673.0300857844466
10943.00000 583.31685 816.4267616423195
13450.00000 372.06267 491.4120863971124
11793.00000 987.26141 825.6597886030622
8721.00000 356.88352 291.20223651963227
6513.00000 553.99990 212.1831648284454
5376.00000 1106.73834 243.84636948531258
10423.00000 428.56060 463.79005821084803
9514.00000 494.94868 258.15459558824807
6994.00000 827.36468 245.24649203432767
10165.00000 545.41021 823.6309129903343
14012.00000 495.33248 657.728140318694
10242.00000 574.35509 401.55238970593444
9605.00000 438.94629 316.5643841912049
10552.00000 922.09169 427.8092064951497
8649.00000 490.82119 488.499724264746
14600.00000 632.64284 548.308731617746
12234.00000 545.70553 557.5241421569651
8510.00000 671.48549 600.3611825981421
13785.00000 482.11265 1080.0555606618846
8863.00000 824.34911 667.4184129903332
13286.00000 687.23071 425.88707107847455
7946.00000 579.60103 251.56648284316978
13534.00000 915.26248 724.4724417893176
7544.00000 256.33561 278.78186274512814
11327.00000 477.85000 933.7678462011451
12137.00000 435.85163 499.9931985294612
8013.00000 248.47374 259.6485753676486
8803.00000 755.01177 272.7812806372737
7266.00000 1011.28678 279.1763174019883
11748.00000 559.34917 770.5996783089502
7800.00000 875.91883 450.0986672794785
9968.00000 692.15799 724.5405943628738
22711.00000 864.86249 1372.228354779753
12078.00000 298.66840 478.77454044126193
8353.00000 513.16579 546.7790441177165
7239.00000 258.49405 150.8271139705981
11490.00000 594.16897 763.7695465687522
13854.00000 671.88515 547.5442861520008
8006.00000 299.78918 342.1330116421833
6730.00000 1013.49670 248.410707720592
17511.00000 645.18454 456.55059742653526
13388.00000 659.04537 460.42314644612037
12169.00000 389.73253 436.4765012255802
10954.00000 363.08870 374.78952205886117
9973.00000 706.14852 681.975735294204
9295.00000 592.57821 437.26885723044234
8620.00000 449.53522 661.8768382353445
7463.00000 611.01327 246.28040747550088
6076.00000 786.65162 205.59082414216232
15249.00000 596.17120 1004.9304227943041
6801.00000 654.85337 428.95530024513954
13448.00000 1039.18434 754.6081801471852
12653.00000 402.39800 767.1251072304866
10371.00000 391.45887 881.6002450981059
21075.00000 805.25977 1045.676700367812
8819.00000 769.60743 706.6192095589195
9143.00000 559.28449 346.3972273284624
14270.00000 426.05954 380.54762561278466
11690.00000 1223.29772 832.0221354168184
13181.00000 582.31872 626.7553308823968
8303.00000 252.80238 359.6186121323998
11296.00000 523.47100 564.9722579657806
10585.00000 520.54335 573.4344975490769
8716.00000 532.50567 581.0461856618249
12095.00000 752.85878 458.62487745104403
10440.00000 944.02713 964.6880667893491
9110.00000 611.69024 379.96587009808735
9007.00000 833.09231 567.5214154412529
9028.00000 204.56603 326.7771139706183
16832.00000 327.03477 725.6746170343929
14230.00000 418.72317 503.90150122554974
8778.00000 903.16594 825.0242187501384
10003.00000 554.12403 618.1762714461835
7514.00000 230.11402 385.1879442401999
6370.00000 592.56409 378.2628063725866
9434.00000 519.09582 267.55986519609536
12326.00000 385.62930 416.2971813725841
7708.00000 507.31406 536.7616727941888
13693.00000 470.39891 685.1174479167544
8632.00000 600.67160 169.28314950981488
4870.00000 421.53898 196.66547181373483
7496.00000 416.49114 249.41223958334874
12687.00000 654.29992 577.599525122574
8572.00000 925.47112 1027.9423406864491
9947.00000 604.01018 643.0407781863853
6937.00000 714.81914 453.73612132357545
10693.00000 592.33005 794.2972886030989
13184.00000 407.96154 453.84862132357654
5187.00000 1367.91402 341.15065870100636
11369.00000 752.37275 761.3832567403243
9377.00000 404.17560 357.76197916670014
10440.00000 346.32298 354.83440563729033
9244.00000 336.41340 547.2613970588664
8413.00000 654.75371 549.0547028186885
8935.00000 527.12830 500.31743259812396
12595.00000 708.93744 867.9118259805527
6655.00000 1203.76572 482.9849571078855
9992.00000 328.29555 306.9953737745337
9240.00000 693.66904 385.8719822304331
9617.00000 390.81389 260.99180453433047
10697.00000 680.93093 414.944010416678
13218.00000 782.94349 449.40049019612457
8551.00000 693.84435 679.4646752452193
12309.00000 759.96516 710.4613051471717
8904.00000 1044.71177 384.25237438732387
12330.00000 484.84525 509.7910998774574
9830.00000 806.11200 793.0627144609027
11716.00000 689.81943 451.4792892157338
11612.00000 698.04896 452.19805453433844
19612.00000 741.37198 1134.7969056374052
7341.00000 629.25535 574.3396599265546
11920.00000 622.82009 773.0570006128713
9320.00000 415.11520 305.4153952206175
10864.00000 540.53317 675.0793351716587
6250.00000 608.97440 430.02149203437114
7802.00000 752.63709 598.8383884804764
11758.00000 754.52559 574.185278799104
15267.00000 302.36977 407.36302083338336
12392.00000 511.68809 338.75139399512807
10438.00000 822.18534 502.86902573538396
6915.00000 732.43175 444.8627604167299
12232.00000 623.33566 678.7965992647963
6337.00000 670.13796 171.91919424019972
7694.00000 688.52862 552.1738511030298
9464.00000 721.68873 533.9556832108404
9351.00000 510.18777 366.5486979167015
11199.00000 755.29737 495.3890931373071
17204.00000 995.08236 851.5085631128835
12669.00000 478.63275 960.8939644609405
7421.00000 837.98646 551.530821078485
15173.00000 822.57198 598.5178308824417
5877.00000 833.16730 393.06943933827597
6600.00000 861.38979 408.80499387259556
5956.00000 642.41773 393.12879901965124
14028.00000 353.14131 649.6454044118534
8382.00000 365.45224 536.7426930147368
17112.00000 893.09006 636.6932138481563
10887.00000 512.89268 179.63256740197374
11613.00000 387.23289 322.46960784316974
11466.00000 676.35239 677.8453125000684
12204.00000 640.18212 858.3381127452736
12961.00000 743.35826 879.4298866423247
7928.00000 927.06860 307.01763174023483
10837.00000 606.17995 364.76668198533207
9442.00000 776.06617 659.232046568731
12449.00000 662.12348 479.25684742654903
7221.00000 632.74100 568.1427389706622
11982.00000 520.00556 1150.793030024696
5429.00000 934.69637 158.38134191177093
12212.00000 363.86410 320.56868872551905
7356.00000 608.82923 356.16632965688984
8700.00000 942.88492 650.6852634805239
11444.00000 1033.44406 1037.2269454657828
10871.00000 849.79754 426.0496936274986
13702.00000 358.73202 644.825505514769
22932.00000 1294.44892 3123.843229167712
17858.00000 658.07160 949.3599111522522
10608.00000 912.08556 501.1158394608262
12571.00000 690.01349 519.7976562500729
17116.00000 388.71001 499.34131433830095
7264.00000 591.86128 357.6055912990576
8256.00000 980.53028 939.6834252452306
11545.00000 786.85363 1121.2263327207845
9840.00000 487.47260 604.8698988971214
8900.00000 317.33923 411.1550245098442
13080.00000 410.06315 340.20746017160656
8535.00000 374.95528 264.52604166668453
11483.00000 685.06425 442.1416053921979
6283.00000 898.68190 412.7558670343547
7123.00000 510.05889 282.98336397061814
10531.00000 805.55355 606.1384037991096
11237.00000 626.12463 768.788664215829
8204.00000 929.52471 637.083379289335
12355.00000 974.84819 486.83465073536524
14723.00000 734.26674 613.5334865196513
9399.00000 784.75986 1019.3401194854384
11296.00000 643.19751 852.9112438726693
10175.00000 289.57183 504.7211397059317
9951.00000 911.58738 717.8303002452432
6710.00000 662.71811 529.7778339461607
7257.00000 780.57782 383.51678921573176
9161.00000 836.95249 496.01703431380105
10514.00000 380.88584 386.9892003676783
14191.00000 690.05593 653.020113357906
11981.00000 420.89907 418.3372549020084
7781.00000 972.47993 640.0424938726376
9226.00000 699.87262 732.589430147161
9293.00000 375.90754 335.25018382355853
7183.00000 885.22821 307.9707414216074
6607.00000 1109.77548 511.44171262260136
7156.00000 790.60974 499.5857536765222
19219.00000 664.28090 1588.2014705885922
5973.00000 502.39745 193.43765318627993
5523.00000 849.91459 189.21424632354413
9792.00000 630.99748 447.1960171569171
9889.00000 268.17314 192.99944852941078
8339.00000 565.77033 635.8060049020411
9253.00000 466.83436 575.9237132353413
12102.00000 452.59826 355.95883884807847
7670.00000 767.81896 217.286657475505
5939.00000 816.15045 187.06738664217335
14891.00000 504.13540 803.7220741422792
17595.00000 525.77537 735.7286305148032
16830.00000 620.26696 629.8138786765173
13688.00000 726.73856 661.339047181428
7339.00000 725.92693 451.7546875000634
9748.00000 555.78263 653.209589460874
13581.00000 601.18550 457.70076593142016
13045.00000 542.80248 595.9763020834209
7890.00000 339.14277 292.5272977941359
7399.00000 746.22691 338.77853860296676
9449.00000 355.00485 363.80168504905146
16517.00000 587.91469 568.9793351716703
15640.00000 605.20676 691.2182444853853
14354.00000 768.65725 1130.6748008580405
15622.00000 458.95832 1112.460309436457
13462.00000 382.55322 553.6148897059431
10029.00000 502.02170 295.9426776960966
6060.00000 312.64964 187.52849264707567
10045.00000 693.16425 453.8195618872979
13208.00000 655.11893 765.255744485403
11261.00000 528.64007 957.2390012256363
7698.00000 860.33545 682.964828431441
10652.00000 418.66416 375.5251838235661
22254.00000 706.45510 1464.0055912993703
10068.00000 735.54917 732.2494025736669
10854.00000 352.49352 250.06832107845068
14089.00000 509.85124 723.6521905638424
7950.00000 938.67266 719.5902420344656
9884.00000 812.30239 697.2484987746045
18311.00000 744.02779 1700.181357230628
10496.00000 749.74344 358.4042126225944
8465.00000 243.19766 489.5159926470905
11513.00000 521.88841 598.7205422794981
10750.00000 314.71905 490.0811427696645
