0.9971066858351102 0.002876694740491986
0.9538636761607772 0.0012741192117738925
0.9988184813435564 0.0013238873861240656
0.9899680840380476 0.001065894526181404
0.977500952137122 0.009430612038301252
0.9869049093380259 0.0006750200822325559
0.9661136822522913 0.0013612701873602744
0.9950509095090091 0.0010058881208925548
0.9960389526835076 0.0010615465046121175
0.9935934030837343 0.013719249990802181
0.986730343398047 0.0020106286353585717
0.964041770608271 0.002402908342794853
0.9955158216109727 0.0015989718497693248
0.9722080595700898 0.00044463771070626126
0.9935317839093166 0.002516471631066123
0.9956011900141094 0.0007475573500501768
0.933541481835299 0.0011582643478846816
0.981622430490259 0.01214110025760153
0.6985208208981171 0.00022630010280011702
0.9204723550778958 0.0005385783487724838
0.9456630433940577 0.001571046447167216
0.9854090519008685 0.0021916536054720596
0.9972979854431027 0.0016518537322634521
0.9763384869901941 0.0013275398744247852
0.9737019755581378 0.0020266136981944884
0.9887988477183655 0.00296790006022347
0.989224638714465 0.0003715042882770508
0.9780314570991384 0.001698247725484306
0.9969198526647524 0.004562336277475991
0.9957010904914001 0.015332118543649319
0.9738432438151673 0.0022983814724957105
0.9644660143046626 0.0006882799171295052
0.9787532256052989 0.0007879019168559767
0.9935623504020625 0.0017891268673333378
0.9750669843993672 0.0027896542899293088
0.9831338078470396 0.0023209566191867673
0.9823378413741799 0.006665104767398215
0.9807758767792139 0.001618625592470529
0.9854246090644914 0.00037828890555915404
0.9969744284859492 0.0018660789175888128
0.9913495168505573 0.003976730939197257
0.993950627399972 0.0035159028378509037
0.9853383376415262 0.0011120004738263255
0.9469772472780748 0.0026136124496137243
0.995026326493555 0.0010866954059886717
0.9901729623961024 0.003173009043058886
0.9909562663718616 0.000630235624331955
0.9967850319907553 0.0017608427863908273
0.9408149181952478 0.0013252495894382392
0.953143725759919 0.0005484989669313714
0.9691202544815334 0.001017150996236473
0.9939568252908001 0.0017802339441636375
0.9916323543883827 0.0007213190380130522
0.9963179122497184 0.0010348784121492257
0.9873339455762082 0.001115219661796259
0.9499552485961671 0.03587537555042139
0.9771335170330905 0.0022516801915504533
0.9985554445726342 0.0008692597151262034
0.9769660079843453 0.0007452615505456309
0.9983848661084309 0.0052409724756553935
0.9984014961643697 0.003974565024194761
0.9658962457689783 0.01653147543819568
0.9973088358795419 0.0013053234060743507
0.9956112355427554 0.002605021064989873
0.9879242868606147 0.0008065629289591883
0.9970739277869521 0.0038572280455534216
0.9828422242798731 0.0015931584916633607
0.9894224371160195 0.0013498960830120002
0.9905885799560058 0.001471240943049251
0.9792886345011951 0.003949861977477255
0.9872199604720515 0.00084539241123463
0.982063827912137 0.000656872976289368
0.9819152879505951 0.0005598920787678978
0.9890290764330819 0.00043676074950890406
0.9706658165884307 0.0006561288683289828
0.8747065840972759 0.0005606042729215141
0.9258398210851939 0.002792261483714225
0.9956255278765098 0.0011883062694863443
0.9916145349397738 0.0031477396435941785
0.9777304565049137 0.0030630223304671344
0.9842370038576547 0.0006299308005410096
0.9942509822208684 0.010239938914157665
0.9970415066907806 0.0020906415951797205
0.9025789953115376 0.0004604263628321929
0.9950856594705761 0.0009791719230587417
0.9958441704963577 0.0022159611321744
0.9752449886544055 0.005439593099897206
0.97192931760177 0.0010034809750533013
0.9798069683616858 0.001569407344643624
0.9983858098960279 0.002003097446182019
0.9739405014071675 0.0004746300016445005
0.9935158848083996 0.0005763035194548558
0.9922922598580892 0.0016837965200058314
0.9755394257021011 0.0006367013382027088
0.9875066682253281 0.002827959892980288
0.965891101745134 0.061652533191306404
0.9964164109907314 0.001552981589675457
0.9760172635364145 0.000546814340300392
0.9945642832010568 0.0036272211305823586
0.99604333535094 0.0007827365732983172
0.9899267852345016 0.0010167340047998819
0.9911439674346368 0.0005243798724875341
0.9872219010067904 0.0009850508687313934
0.9979113078774203 0.002494127272826327
0.9819802906276172 0.0021355405673299122
0.9869310736010912 0.00035568759423964614
0.9919471002261542 0.0007815002652600762
0.9866837430500355 0.013258460373751899
0.9700286166925315 0.0007272100686937993
0.9878324721250589 0.0014317363429554256
0.9959934956097978 0.0024146361976163386
0.9908297093614449 0.0072038815214924366
0.9890907088336266 0.0006178166947885132
0.7490053507097422 0.002556829573512451
0.9772663521532994 0.000393446204021603
0.939185445105518 0.0017784233049263384
0.994360223702169 0.0008756536229306885
0.9542112995969104 0.0017012566577833453
0.9959819998298705 0.0007320240083819375
0.9848978438073043 0.0022923258275820784
0.9277534140346378 0.0026979706150805994
0.9887424806377181 0.004055645101944045
0.9057011875493364 0.00015860692852524787
0.99530742332563 0.0017504292641726882
0.9966428190614676 0.002837646320112831
0.998152317667643 0.0013471213417390738
0.992162208524789 0.0005900988492633155
0.9920637621759925 0.0019589976098435876
0.9977427594994314 0.0021967219169760706
0.9821422112545377 0.0010069215650609638
0.9891542343235161 0.0013755030413857728
0.9887680524116138 0.004424673254239844
0.9694458913566429 0.0006955682328464772
0.9903500167394862 0.006500799581666626
0.9981135275820044 0.0018176751758263354
0.9520658203631837 0.0028216748675766005
0.9791949907137477 0.0067282295740369895
0.9986575453306668 0.002376150962069906
0.9667303247405136 0.0014943423155682057
0.9165119863325409 0.0005138412763047547
0.9942905552874681 0.0006058080688617534
0.9826297390179852 0.0007338897928005847
0.8074675932445358 0.009406195981189464
0.9909287196979816 0.0202742217348817
0.9018166151924947 0.0004776269662659957
0.9930622351225937 0.0009516053161271804
0.9952880068121595 0.0016924028055614996
0.9790301900589208 0.0015170452348179171
0.958771447742739 0.010312452715940765
0.9961258825976084 0.0009668641051897342
0.9925674760622288 0.0009247930248809928
0.9906645701840162 0.0011907260869843655
0.9471511600493439 0.0016838650408271439
0.9817071878257696 0.034012691229412174
0.9859294883101207 0.0006524073898861644
0.9952870177982198 0.004025963266644896
0.9891382492839703 0.011184837285577804
0.98864172070353 0.00035979555827386365
0.989103840742284 0.0014455470430168062
0.9768814462061228 0.0009705013405679074
0.9945021315220123 0.002432803132358983
0.9950523396802133 0.0006612383627242381
0.9682942070901227 0.0030709396532434463
0.9754388918622293 0.0009675277246511022
0.9950502649767233 0.001699678332289579
0.9734725587460723 0.0012267148884293093
0.9949718830395813 0.0008674286604388761
0.9179382470968122 0.000999499610276161
0.9975458189924064 0.0025449231421658977
0.9928046202023021 0.008121759457938965
0.9415806616092129 0.0003503958860849791
0.994948860961529 0.0008048219838450271
0.9906022107837527 0.004280775657574599
0.9009094128842825 0.003429315633748364
0.995494411229865 0.0011949308484117548
0.9884232474342628 0.002122003246573084
0.9790703722224561 0.0005229093734233438
0.9937598997342775 0.001972824618799043
0.9925146081977023 0.0013785384903042357
0.9863694533113203 0.0007001933882851903
0.9875735171053551 0.00033018060117355247
0.9862272090619293 0.002850693787395889
0.9989045541587164 0.005539591025499557
0.9880733635694179 0.0012124643175476424
0.8956645849357364 0.0008631083287907762
0.9936183164861105 0.001112803833524313
0.983282382029914 0.0030257644858649904
0.9842599164826642 0.0033945079951603475
0.976744666414072 0.005470738863771633
0.9621207788332417 0.0007086606375856157
0.9685106501177678 0.007011800411801087
0.9545765087194337 0.002537817274869342
0.9796180973063072 0.0011018017831557092
0.9383665919261678 0.0004954694830791233
0.9888075765090861 0.0010527239795467488
0.9754413654423497 0.000822158103629097
0.9801735727595138 0.000771513238223123
0.9965188308803158 0.0034160278742701206
0.9906769829981794 0.00041565352061853443
0.9402282503477261 0.0012825506753713037
0.9854171417244074 0.0009286626913327407
0.9494902826742411 0.006125881806652066
0.9631364969186482 0.03547284247645257
0.9818062240231857 0.0011592445241539635
0.9790019649401798 0.0012724508940371723
0.987226416622032 0.00029073478349674455
0.9461541656127922 0.0008955571615716682
0.9906038623751314 0.0021548660202056914
0.9525434679851796 0.0005764627365005904
0.9946129683475193 0.0026500543801889227
0.8656961120041536 0.004011034527360547
0.953858460013297 0.00321345181521995
0.9974258353680014 0.000914239997086522
0.995106663669905 0.001358951860462452
0.9690574250834031 0.003168834787476926
0.9953557482550637 0.0014640608057524126
0.9726907860210374 0.00048317093429364174
0.9875682059849487 0.0013108733579408702
0.9888803761232866 0.001177157087080439
0.8683701871279431 0.0030152926505510034
0.9764873203744171 0.002316387078249698
0.9748376053866598 0.00936853416879986
0.9975874512046916 0.004213540188306474
0.9862328138783979 0.0009111671198427551
0.9709124122512451 0.00298431689809826
0.9829424293411216 0.00200938423153821
0.9986111125659693 0.001086645423334816
0.9888015065853042 0.006056949860405306
0.993674106236114 0.017434918008736495
0.9942112297555974 0.007522310449819612
0.9658079928364462 0.006003328328497679
0.947659146814666 0.004666110122721638
0.9879917428178311 0.0018516261868182155
0.9924476950765198 0.0003770575253883733
0.9899075055090781 0.00667855913572181
0.9941228289602072 0.0012199317964394917
0.9930059231416808 0.0004436394655901625
0.9864010106874971 0.002328712378314614
0.9985881216823548 0.0034582699046417794
0.9393054750454474 0.0007526271868469507
0.9569761630919172 0.0006746143544926902
0.9804245414259553 0.0002636867759320388
0.9979136938964159 0.0019635805264201062
0.9886698782254354 0.0031415730043360146
0.9816183092145023 0.0005619656549239409
0.996804027088358 0.0007009547437811231
0.9941948809205098 0.0018127238425049068
0.9807683819792788 0.000573571486364971
0.974646020129504 0.0013262311736697025
0.9940855383214999 0.0026888050165878043
0.9634945867829101 0.0009488792668762488
0.9975504655027875 0.0013217378973458577
0.9840068417623359 0.0012442395578025317
0.9916916095019439 0.0017887952922628952
0.9701689126763307 0.0002443468914450532
0.9821129461402793 0.0014272022357311753
0.9802640569274363 0.009279055831891985
0.9596592024846157 0.0004893991718931755
0.9976398456329727 0.0022542172218917404
0.933477651341872 0.0020598602588248493
0.9785428116897935 0.007717514536739716
0.988217291131937 0.0033653487484531608
0.9888692544360003 0.002729665718826336
0.9790598592665527 0.0020375510996373195
0.9854957502341779 0.0014018175007058527
0.9773272272767887 0.0006093237501802935
0.9959699900763918 0.0008237675216188378
0.9616965414204528 0.004899421172708589
0.9970021337133544 0.0017701961131611644
0.9823316604063949 0.013320675167567363
0.9877356817101391 0.000444872488383376
0.9471289731549267 0.00200942576641965
0.9830362513247586 0.0011386086105704722
0.9372185316867447 0.0015529811203547962
0.8987833664470608 0.0009209145586661468
0.9918085332284652 0.006127617589238589
0.9898014950021667 0.0018861280629745077
0.9868155246022627 0.002579985035240654
0.9956738317449997 0.0043396146276372515
0.9431547381873852 0.0005439456175585661
0.9884062356753214 0.0025210700352254175
0.9819961749560827 0.001689294729265501
0.9993837625096764 0.0036653197632071366
0.9801355783231437 0.001242035862483775
0.8017110683153931 0.009667015911662354
0.9957562432116349 0.008224738391259246
0.9766168289778829 0.0005856522703485316
0.9807951676342667 0.0016177806978911616
0.994772677431792 0.001822047719401802
0.991615338633643 0.0036483953550017208
0.9783018170804315 0.002739581409118851
0.9873240312228091 0.00043115494847984675