0.6249498605144443 0.00010634079478148698
0.9096286038035198 0.0006853501826975452
0.8197248094164147 0.000104537782005434
0.8778156620715982 0.0050317521262114775
0.8781226915526232 0.0006695380645371932
0.7409983147059324 0.0002605393940281927
0.7154101887487754 0.00010010364008887034
0.6014624863085481 6.447832752127128e-05
0.9102340577210667 0.00013866314563518793
0.8600017474021033 0.0004155691602238678
0.8174173133100333 0.0003373820925620313
0.8045922966739848 0.0002531240097334497
0.8940785232519071 0.0005939410604547874
0.7799030036243937 6.288768235925151e-05
0.7880490509911362 0.0025916313455918963
0.558312212067042 0.0001243087375499834
0.8764293643986537 0.001586099791096534
0.7460586582224998 8.119705593251164e-05
0.9021913040663256 0.00012064439890156905
0.6399639486440681 0.00010339029290869265
0.8361247097597367 0.0001845032231070036
0.8145842932628853 0.00012405483505447274
0.5821807912113854 6.677142843198862e-05
0.71859410362257 5.903831402736915e-05
0.9189091294599229 0.0002340464755142542
0.7021578510278843 0.0001068759377027802
0.8834497448510127 0.00018223757745693738
0.7524792313449722 6.830270452621798e-05
0.8227880594403155 0.0017596720659200727
0.7381213063393709 6.035745716792179e-05
0.8574263227938066 0.0006436475191337484
0.8721950754826697 9.482436893263447e-05
0.7621789912678179 0.00011840632584223961
0.6400184140168786 8.574289617426367e-05
0.7955734021750573 7.910799219351184e-05
0.6376004943762993 8.055690250595698e-05
0.8418651480221666 0.002551679248216419
0.8460130141803415 0.002223197705286278
0.8172178560191315 0.0005143795871404934
0.8480728428888782 0.0238330338598028
0.8782279969908966 0.000134269599958623
0.9275134785999319 0.000357924024676505
0.7928986382535017 0.00030217482740252437
0.5870195121907578 9.522176623026671e-05
0.7808647467065659 0.0005597267605541084
0.8907060340170696 0.0029707582232511415
0.8899734033515049 0.00017294549703709326
0.7793882602463086 0.00013246705650332672
0.7108227335467059 5.9864318448744006e-05
0.7391376230370929 9.523420322864812e-05
0.9462768075088379 0.0003296278587262027
0.9290722543813271 0.00026401166318241657
0.8911609693015646 0.002896829536905521
0.7666336208300232 0.0005825059444172379
0.8982093739885808 0.0001382772466945885
0.9092544574987315 0.0005073490458146582
0.9146985976926768 0.00021535753882976537
0.8472924316380128 0.00030355721150668134
0.854675839511647 8.049401353296637e-05
0.8655893423704917 9.1905546206707e-05
0.7917128256165162 0.00023745186646991924
0.8966955697398835 0.10445269287300256
0.6600211476617905 0.00013407682648356337
0.7600659197004332 0.00015409828194842343
0.8805066660867638 0.00016909917928959972
0.7930758116225094 0.0007588996579221356
0.7624438275728137 0.00015706391941358827
0.8817372510672726 6.207000838020526e-05
0.8906846575472473 0.00013817563876428396
0.9046543611813544 0.0003115850593071105
0.7634739017597375 0.0001415113355966433
0.9547336280545473 0.00022839655834002394
0.7749858370370898 0.00016157549924480745
0.8278221898889816 0.00011951298403861508
0.9343826058174699 0.00019102326084776208
0.8178645342760257 0.0004878389152459714
0.7054819615747703 0.00011284475828859258
0.8678169964403404 0.0006755620303051243
0.8432973828317882 0.00010328704235604343
0.7363872654711419 0.00036550895107196295
0.8366501172651001 5.820620843696538e-05
0.8397310658214436 7.25910050371403e-05
0.8995240223802696 9.420709488989816e-05
0.9081176024174966 0.0002339849945033899
0.7224674505765285 9.338543168495052e-05
0.8410546737051259 0.0007069489076845766
0.8427328323673785 0.0049352635460987926
0.8754202381169534 0.00016684280272320342
0.8289145641477248 0.00013063259924072897
0.90492818575529 0.00010796546569379855
0.8126816789215537 0.00037575070191623455
0.6978881329343231 6.692958950584579e-05
0.7675111599095783 0.00011942791966282836
0.7743379681879383 5.633502683013001e-05
0.9365598136402883 0.0014881127873372568
0.8893432140594159 0.0010779665104011043
0.8745599907211762 0.001068313874358228
0.9690097945774829 0.001884690181699037
0.6411025623616184 0.00019426708815434843
0.9057167704452548 0.00011522527017855391
0.7562582390770345 7.150053840471368e-05
0.7165217106077535 0.0001223036822151122
0.7224040347167384 0.00014005679343598735
0.6363301365445124 0.00010456711454880714
0.9186893640611 0.0001679597859748404
0.7315264071342881 0.0001270035769746987
0.7814426842281761 9.813953298464638e-05
0.8493933853043651 9.182623100943479e-05
0.7427892697933831 0.0010980232822480989
0.8705614393932191 0.00015741285934960198
0.4630931857598433 0.00018098355256273421
0.9374305115891207 0.0002416008960647708
0.8195632265729823 0.00027015014319907026
0.9057414006766065 0.00044618928492041825
0.675470318244291 5.915212429564868e-05
0.9583753458936503 0.011304174509017127
0.9139327300028054 0.0017646875788464025
0.7406914682876795 0.00010996758777424162
0.6322961282124383 0.000238162183340175
0.8233655020122941 0.00017813207735615548
0.6862914296173199 0.00015348793038597746
0.7130060660906965 0.00012372853984200736
0.9050305882146334 0.00014821053651247178
0.8535782079981843 0.025793431101290735
0.8328876012577557 0.00014141934874072968
0.9032750625982898 0.00018140089598960347
0.729839474532247 0.00011157724042436938
0.9741122932121973 0.0004593161847307332
0.8701764289723071 0.000436283567693462
0.8768461432818188 0.0001417730992137465
0.9352585679206341 0.0013016264496381062
0.8667000942691471 0.0007315922333433598
0.8521839356304151 0.00010427038654003833
0.7652179476598622 7.033333783882036e-05
0.8632903136004368 0.00011332158811365468
0.8932406820571905 0.00012255969665365707
0.710127465449873 6.357183460088789e-05
0.8802703302750411 0.00029204383624236726
0.6786451480465886 0.00012127328863149584
0.8930364824142395 9.777287619246529e-05
0.8482421115777461 0.000287945845272846
0.868740710596084 0.00018766632725408702
0.8132399378697954 7.921945585834287e-05
0.7412507085684735 0.0004028863551206263
0.8321830424137523 0.00011688772140675716
0.9354719546863591 0.00045679264735918614
0.7276295513519366 0.00024416737627994454
0.6359834310461129 0.00012659139607516313
0.8852861910500212 0.0001687325224974857
0.8298043918295155 0.00024806097808684863
0.7933957020492683 0.0009316297367608289
0.8361068090711441 0.00020631290774595387
0.8017663941194813 0.0007440170293963812
0.8285337275480635 0.00011271463912620715
0.9453800561089895 0.009556678147192127
0.6867406572128675 0.00010848770229601062
0.5872746501350642 0.0002657792422460158
0.8775810483140399 0.00012867447597531722
0.8492543406777182 0.0001817091223553643
0.8319844090097123 0.00025245851298929834
0.9377364093369814 0.00018274315317437016
0.8284760498267341 0.00013675653031596397
0.9139632277093552 0.00013557137823346174
0.8326591547323337 0.00013260855669247336
0.8027477090926014 0.00011235115024871055
0.84607531736473 0.00012590653985253337
0.8849369653245243 0.0002767389364216281
0.8750342066689266 0.0005757959491245134
0.9568348515849312 0.002209490607766841
0.8327566715947582 0.0001631361078823105
0.9362836203332023 0.018720905402222016
0.9174898548065309 0.00017444145674893897
0.8843063330162593 0.00018288782127830728
0.7724991728008116 0.022414156317213142
0.8450836158673709 0.002183197619870004
0.7933106865003584 0.00018537275702258855
0.8618723069999058 0.0013218540542168716
0.8762621413994336 0.0001530691789967582
0.9163841135756324 0.0005669564111836789
0.7930845099036727 0.00014325216338088588
0.7880587041203746 0.00014293056137527744
0.9156089803106378 0.00019394231823399266
0.7339665392576301 4.962784746252504e-05
0.7430377365141362 7.747381753714076e-05
0.8857722159561113 0.000209464278875832
0.8682515438920082 0.003339305204504588
0.8590119007971301 0.0001595213998974738
0.9193929942981103 0.00023483434762930854
0.6594212519374306 0.00011509867092135385
0.9538396861301426 0.0002471055584841372
0.7972013251229285 0.0002171936387149859
0.9033037341343941 0.0002587975102724948
0.7493881093740951 0.00011633052041284362
0.6286332058286227 0.00014429675391541187
0.9359510283650212 0.0003781935161281146
0.35591411277962154 7.117799775777899e-05
0.8786020746721549 0.00016620124133471186
0.9514850570546419 0.0017595124968839897
0.8248611508582175 0.00030818893743537
0.6822096245065177 5.871753333303801e-05
0.6697104920331753 4.597101794532934e-05
0.8641047781331075 9.614503736546201e-05
0.8778879976521407 0.0001979266162654204
0.6627918911112809 9.207696559016981e-05
0.9129210935792161 0.0003223120877486901
0.9195851406515715 0.00018068154469590706
0.9196474609736012 0.0006968017249611818
0.8422757826791304 0.0002804918593509647
0.8970630682747289 0.005056335965471913
0.5346353297422038 0.0001259439681779072
0.5227263480176758 3.9499202905738485e-05
0.8450908634046317 0.00010291698298884325
0.899753496620861 9.254487832204227e-05
0.7474104385880312 0.00017525349887980563
0.935860116940536 0.004821087207669813
0.9022789288260877 0.0002078014756570225
0.6995373725421048 6.28014446817452e-05
0.8583645534870915 0.00011389920455777616
0.8287288244760382 0.00011660413437741814
0.9553300592018189 0.0009531856362339399
0.8931412114276481 0.003774964575675047
0.8104563456240054 0.0002557269796322311
0.8443906010340378 0.0041096503035192985
0.7901090694626534 0.00014594254425887102
0.8249814155012519 0.00013114087355235095
0.9384299994956667 0.0010534975373800684
0.8214554393525698 0.00031468445317004166
0.9263075821770482 0.00019156239299501914
0.8727000139463622 0.00020495668827050608
0.8615835683192757 0.00016133931360540972
0.8674026873822268 0.000518598193529198
0.79425503858482 7.229580232063415e-05
0.8934934394261217 0.0037272768999608136
0.8876179775970028 0.0006240530281710573
0.41257024275770837 4.1157664908035564e-05
0.9120815063743827 0.0003011484230448891
0.908534254787686 0.00021974603930895547
0.907904218416421 0.000604079091425583
0.9442213626253289 0.0004820939606311379
0.857879292936232 0.00011620098790131994
0.758513964703673 8.128845613767117e-05
0.8545529010958955 0.0002547963166962256
0.8454223474472352 0.0007063177886817457
0.7866552737920154 0.00015071952494239498
0.8454677135615732 0.0014749516271164507
0.8785635612526858 0.006022730515308989
0.7041146593773295 0.00017006199069324198
0.9039131507082313 0.0001767491066012912
0.8299422342399547 9.249161042328698e-05
0.8724808695372278 0.00021936847081055724
0.9360845407012799 0.00036936559387463786
0.7495193067499872 0.0018366297480236252
0.8736473694155852 0.00016882040279739353
0.8721324799735496 0.00024205179592141115
0.8574226158952784 7.270340734334928e-05
0.68739707145704 0.00016864558083908645
0.835370179755404 0.0003309664786754475
0.7495652790174223 7.897059856037149e-05
0.7705795665766091 0.00013662535518198796
0.8022289487884071 7.561213967434949e-05
0.9358466181160157 0.0011907401666046496
0.9053499972087613 0.0041960391023
0.882393468886091 9.254065443582268e-05
0.7165739065191258 9.65217845525452e-05
0.8209274245855251 0.0001831519314989029
0.8963759678969664 8.654285329712554e-05
0.8260436670907028 8.092179934551982e-05
0.796825199295573 0.000496014364405682
0.86428410740663 0.0007656346445416148
0.9538079538354842 0.0003511238024813698
0.8120800814205403 0.00010251700442739872
0.9583707135573745 0.000274471413488981
0.7145965110050629 8.313065719165635e-05
0.8583133942533929 0.00013059165101022663
0.849897726359552 0.00014435424570048792
0.9165456327048135 0.10085665880651258
0.8802831863501828 0.00017792745353353324
0.906948389800434 0.00027432439878137896
0.948455473436502 0.00079367080682657
0.9378930826602445 0.00042141173354305926
0.9663603013296199 0.0011743929055228882
0.9129638444453575 0.00040148625416022775
0.6121552519786122 9.352259065774575e-05
0.8705163863830698 0.0007838517965973274
0.825262553375162 0.00102829466412412
0.8086639174677703 0.000194517705404933
0.8894370058702294 0.006223384588786042
0.766211917235854 0.00017023739930265111
0.8584563121043601 0.0006519092059697521
0.8206217857543356 0.0018299468560016667
0.8464509975721316 9.899123271399249e-05
0.7578886802877813 0.00020392277478176808