0.9286466639690142 0.002447785960854209
0.9514699660667493 0.022494254693401175
0.972793912664631 0.02929003218695657
0.9195317767935752 0.0040609580468614235
0.9121914695490508 0.005773237991775078
0.9670958716638696 0.002763712001919556
0.9222520058849139 0.0007127609751587096
0.9691253268314929 0.015177582150836326
0.9756886613246973 0.017302241283214816
0.9683103174833106 0.00821786941358371
0.9303696344446148 0.0006959887441881922
0.9363787817521856 0.013692480055752338
0.9487718146145918 0.0005090553785280638
0.9163935705844575 0.0012191896830920927
0.9413389136935708 0.0037920232095993048
0.8662434345417186 0.00029096322534482606
0.9324878445691895 0.0010673866139976863
0.915131961200894 0.0003018126291572154
0.9455182548668193 0.010146563572869027
0.961996928814885 0.000341564913247052
0.9211283603066612 0.0006821431970654129
0.9326663075750768 0.000946689299188135
0.9488801233259138 0.0009991997143527088
0.8936857723290526 0.000919679071939826
0.9707296853958465 0.008840943438785758
0.9461904759330512 0.0008912587706660071
0.9562220695688459 0.00430877462619613
0.9652166148179291 0.0015756692560033644
0.9472329313796648 0.005353249473235681
0.9143581704911399 0.0004145239830384208
0.9468800812799845 0.002091548322760451
0.9431483249103867 0.01226306180503546
0.9087274156342828 0.008072345855375869
0.9414427079786356 0.0082584204814955
0.9260548499071771 0.005994514837856037
0.8994753539130693 0.0012172445834770823
0.962612439585651 0.0013942894794447495
0.9022841372332919 0.05129972487953205
0.9705575589693037 0.003768578880982536
0.9052728650601346 0.00449548447787659
0.9282523761805601 0.0006295179156611328
0.9458663926152021 0.0010125997588068569
0.9408243897991319 0.032330094997086604
0.9177233408146072 0.009370441370771193
0.9793555430440504 0.02821157406312642
0.8718669337109792 0.001291723431004385
0.9262025238547336 0.0008153364100123679
0.9145454240657599 0.011730180892156595
0.9286109284496594 0.006652298530953464
0.9402432906501923 0.005696738132007148
0.9466693114531519 0.006287016731096829
0.922476936420264 0.019608258955395922
0.9138208519972508 0.0004469716425172945
0.9601829766712016 0.01033480176738982
0.9330732320218982 0.004881206601917252
0.9523700159418217 0.0008991446489559257
0.9396102390061805 0.0006774864798096394
0.8945476707139717 0.004433970849178725
0.8945646708450729 0.001131375088044687
0.9316752357722556 0.001679440285324947
0.9353923783134367 0.0007234952780709838
0.968458955161979 0.001452325793790439
0.9825251303661314 0.001016749023062493
0.9056433021171699 0.0003480606636420285
0.9575597659286778 0.00178707394128773
0.9767619820180233 0.009702291462983344
0.8861053348070789 0.004666152830906904
0.8953541246553921 0.001868994807060687
0.9464989556095758 0.0009312971057182213
0.9457244865594281 0.00409770573986839
0.9631249514882925 0.0028786697593031025
0.9221379642174257 0.0007946180133169604
0.9377716593834757 0.005800428672830164
0.9136697297615562 0.0007903313554290908
0.930626319120389 0.004872244336615558
0.813867772325609 0.0013734164415804243
0.9386583142086837 0.004608590647791345
0.9506712045253227 0.0015313459056842296
0.9659924009714546 0.0006484148787432076
0.9365882514272462 0.0012493626624979698
0.9053192886335797 0.0025175894356292672
0.8556118575671751 0.004242716799879587
0.9037990766197088 0.0009121233607571114
0.9140048027703788 0.0062761302509476615
0.9718987313342731 0.009549472079925712
0.9789784965830318 0.030729033027606274
0.8956516593470932 0.005583932679326737
0.9606356474726645 0.0011080559507237815
0.9203598095603723 0.005347898396013829
0.8692439191538972 0.004105187063721443
0.8740934933486294 0.0006096173102750035
0.9191870339233933 0.0042801718765032555
0.943393507831032 0.001078939060209822
0.9054900256664976 0.0074050607648300385
0.9379721534174246 0.0007675012502704752
0.9086589272781207 0.001486937960309732
0.9819865860742596 0.10873516958340888
0.9419086203631012 0.0005971480460866647
0.9478440453476841 0.012575956269075097
0.8890347978472193 0.08001530912373363
0.918924590842295 0.0006998548907347804
0.9276888463458492 0.012448152148328078
0.9439441968316389 0.0005657691471581933
0.8899510087861146 0.007661959638233591
0.9673857245723249 0.002370323641673574
0.979980461240527 0.0018756509478025302
0.8679658175857111 0.00048273833794394976
0.9544919250406078 0.07148504061409106
0.9441496489839023 0.005660241290911857
0.8461020729960856 0.001084878900242691
0.8207820971770095 0.002349775725720153
0.8990907625382223 0.00032354581452318426
0.932108391440493 0.019159789241222563
0.9517688372878206 0.0022291970317162074
0.9300760492100244 0.0002859161506017
0.9465212789069095 0.0012393917096942984
0.9142420076233038 0.0004228964295583827
0.8720025482493644 0.0017943302258670124
0.9090760604699034 0.0014586163337120181
0.916437294968982 0.004561834221664314
0.9159007515959257 0.003721252464873271
0.9521808956929055 0.0015061825726963868
0.9210343039400799 0.0025376538339378814
0.95190332205536 0.002266898736363353
0.9458980007952416 0.0017535827472453613
0.8575086900535989 0.0004039050156865812
0.8261656322643283 0.0005797341363977277
0.9051310336261905 0.00037125003379109806
0.933260979481804 0.009127559581204378
0.9171869086527379 0.0072006337049624605
0.8598437977217442 0.002216042911305158
0.9513572863892202 0.0037609413906693474
0.9607294598755999 0.0006727552578937056
0.912195247951591 0.0024019300438086976
0.9216552740752332 0.005561544791593186
0.8887721896432439 0.004809306319610435
0.9780378652119712 0.01027633684591891
0.963604105544759 0.003404024880192019
0.9547453757370279 0.006858083922238136
0.9329042841220553 0.0028970511736023997
0.9158865346836998 0.005594611367738296
0.9208062183698369 0.006386046096116841
0.9523668570893155 0.014962797535243662
0.8990493634153381 0.005065565860900793
0.9142196494919153 0.0028961032631310566
0.9809286157778581 0.009669835825052115
0.9239478069441039 0.00592781509816073
0.9270611387772316 0.0012958235339174573
0.9187108060145497 0.00029212502872246236
0.8708439936298136 0.0006806613169740177
0.9382706984864647 0.015577154632536644
0.9275715058436924 0.0006461170846256694
0.9075908507534413 0.010538769596959959
0.9687653687465796 0.03146746408476989
0.9274622434903121 0.0020311759646605546
0.9558499612001796 0.0008035206748908387
0.9475303945717775 0.001992014789985049
0.9522264511220002 0.0018137542360886951
0.95363751063399 0.0018640729236128655
0.9246688868239403 0.005060786298954431
0.9305113593052293 0.011641724031738973
0.9703083264984257 0.0009009295928852631
0.9190318451792593 0.001049607103487884
0.9288458364573812 0.04054140272072034
0.9510570005911996 0.009768004338590491
0.9472191500419207 0.0011549538770395473
0.8801915067686731 0.0013898688304982663
0.9299084603131913 0.0034131880147523982
0.9070931921675863 0.005963564898043301
0.9419957718526247 0.001172463410819902
0.9009949776412004 0.00218656429186696
0.9452791906056683 0.0036946229740372457
0.9393757616749061 0.008496207208280634
0.9362033949412559 0.0003637739897967376
0.8770983794375206 0.0009663178159022265
0.9475354810598698 0.0018126571989666412
0.9520514860864366 0.005967495928175567
0.954717106287545 0.007280397455495366
0.9156644096390604 0.005577355384461451
0.979206409630075 0.0035577534547637547
0.9414290318599473 0.0023806964503212008
0.9429745551519545 0.008856231443061895
0.944610996734627 0.006764866976682235
0.9498770207979944 0.01106007553622929
0.9347846417244269 0.01984584117568937
0.8545874190899057 0.003348284834673412
0.9504431632160576 0.015906274686271343
0.944898192340359 0.0039245963325792365
0.9637216968873327 0.0016269310434611967
0.9650312589496095 0.005626220703125799
0.9521142495471182 0.0036055026114887342
0.8508225976287244 0.00043521175655848526
0.878134097020144 0.001134202745225559
0.9402128932195518 0.0009179691019916151
0.9685595953384597 0.002508694400516136
0.9359692501497707 0.001120175336334552
0.9238121058149151 0.0032799612453752024
0.8986767143213922 0.005102676573464824
0.9086088401386918 0.002987783300745712
0.9732672742989247 0.004203123028854026
0.9533810065407233 0.0004535575024856059
0.9360133269261471 0.009944746874702625
0.9389247364099459 0.0006873036127562263
0.9307645585186333 0.005252388584207699
0.8334668840070332 0.010513614007760045
0.9868117433021382 0.0014171978438282922
0.924294592786223 0.00104510878196636
0.9572114787036011 0.0017327654412142336
0.947026941115925 0.014764369567149722
0.9253308126291538 0.09560360226162203
0.9608986020538239 0.0022629109184272387
0.8604435725892012 0.0027070358962758227
0.8088090143052008 0.0034071378843571047
0.8806599712378664 0.00022711754211897174
0.9585879941544893 0.020843991136975056
0.9450038041020361 0.005379672345636194
0.8983239696342477 0.0007272010342704217
0.9568650057484406 0.025852348213244405
0.9285940094929156 0.009273892482948918
0.8912283217645207 0.006475437139375172
0.911118436279407 0.008372590249433164
0.8994596530517098 0.0027752357022390504
0.9338710207677453 0.0002273689806806018
0.9465562651709839 0.003019053317272086
0.9502805220806392 0.006451009818565801
0.9653236490908303 0.003298978237224597
0.9565710485904613 0.0007138471005744104
0.9427945569254924 0.0010471856433677145
0.9058470594646494 0.005506421550794886
0.9470728530348188 0.004598427742825337
0.9611500837696958 0.0028883212220443518
0.9356393812677292 0.0016246462729931927
0.9040813761812182 0.004783042312266198
0.9010324082204234 0.007929909019369885
0.864516223832891 0.00286388897336731
0.938853105063835 0.0018746665476468865
0.9392593530918192 0.0060125379258072105
0.9605477943007706 0.0016396983262898595
0.9547456213487637 0.012271507700242143
0.9221368109100433 0.006390200405568612
0.9298216904678979 0.02124308467690927
0.9224352333476866 0.0010296792775015705
0.9517157145213998 0.02982510224621475
0.9181926624687609 0.0032479311639839067
0.9299040034462887 0.0010074076639697124
0.9728739391776482 0.0018286617386122017
0.9649217317753528 0.009936627978686904
0.9548666201598626 0.04224994875018986
0.8004134176150024 0.0002933654433166162
0.9698790221865231 0.0015708568416068615
0.9826018341590314 0.002918880335050607
0.9483227052425124 0.015303618223200617
0.939708294533384 0.0014464347631093246
0.9144013387103942 0.00047545495009430894
0.8937051604884386 0.002316214368234479
0.9397152854515485 0.00875915198819449
0.9776408047826445 0.0014881979690430308
0.9833786288480595 0.019266956979065913
0.8793829081858441 0.004305520473835582
0.8891978442530072 0.00019678792693178493
0.9185105098022444 0.000892620856649459
0.9269206442060524 0.0007308792178791791
0.9528647619644373 0.01270204889458388
0.9126073337919944 0.0057274421477783175
0.9430508145835961 0.013313357519308799
0.9164361441816532 0.004288490351143795
0.9295419691980781 0.002198961163337194
0.966836064199415 0.06023362913209456
0.9176192535071088 0.0007855406471146714
0.9232639530711286 0.0006015942730111951
0.9087293700256664 0.00042426684598475135
0.8817416067020084 0.0004339103302742202
0.811720294159141 0.0012805747179204063
0.884458619074719 0.00058685936317355
0.9562114691882347 0.0029398730496912836
0.9496712757308388 0.0008733686178023151
0.949722702375923 0.013468188410859516
0.9055337832926381 0.0007570373934084428
0.8693899031404182 0.007513005580413242
0.9416263261326615 0.005257379692457166
0.9252674030612246 0.0006413994730095187
0.8309686104628269 0.00022636076249991197
0.9238848555728022 0.0073208903276405415
0.9466728963136485 0.0010822412006124226
0.8768634018539997 0.0002218778112311351
0.9416897310678084 0.010608922950311555
0.9349979884917545 0.009844286433556011
0.8174246464329464 0.0008758217570694351
0.9617607881407991 0.0031998240328999037
0.8361742929129274 0.0015820256181516166
0.9147591463358148 0.006800028483075298
0.8764720967803453 0.0008667042639478934
