139.00007 3411.00000
105.00008 6026.00000
5.00000  1702.00000 
31.00000 2140.00000 
87.00000 2568.00000 
160.00005 3613.00000
76.00000 3787.00000 
28.000006 3595.00000
3.00000  2150.00000 
98.00000 3329.00000 
280.00004 3922.00000
292.00000 4153.00000
90.00000 2752.00000 
534.00006 6925.00000
110.00004 1514.00000
286.00006 4758.00000
743.00005 9878.00000
107.00009 2345.00000
1517.0003 13113.0000
485.00009 10699.0000
107.00000 3935.00000
321.00001 5320.0000
38.00000 1256.00000 
331.00001 6682.00000
165.00001 4673.00000
96.00000 2440.00000
366.00005 3860.00000
396.00004 4405.0000
63.00000 1692.00000 
52.00000 1441.00000 
90.00000 2010.00000 
172.00004 5041.00000
240.00003 4937.00000
112.00001 2671.00000
560.00000 5705.00000
439.0000 4370.00000 
429.00007 8405.00000
268.00001 4955.00000
445.0000 3281.00000
93.00000 2804.00000 
141.00006 2274.0000
74.00000 2167.00000 
360.0000 3562.00000
446.00005 4900.00000
159.00001 5087.00000
78.00000 1987.00000
251.00004 4227.0000
47.00000 2324.00000
884.0000 6416.00000
1245.0000 7315.0000
278.00004 4363.00000
573.0000 5185.00000
219.00003 2849.0000
327.00000 5158.00000
501.00003 10863.0000
55.00000 3171.00000 
315.00002 4925.00000
14.00000 1204.00000 
376.00002 5929.00000
10.000000 1633.00000
116.00000 1397.00000
117.00007 3603.00000
121.00005 2683.00000
204.0000 1717.00000
374.00008 5126.00000
63.00000 1459.00000 
365.0000 3377.00000
118.00008 1936.00000
72.00000 1963.00000 
300.00007 3356.0000
442.00009 4516.00000
386.00001 5467.0000
486.00001 10359.0000
574.0000 3877.00000
523.00004 6304.00000
725.00008 13225.0000
450.00003 4812.00000
256.00000 4256.00000
15.000003 1553.00000
411.00006 5236.00000
99.00000 1964.00000 
351.00003 6088.00000
65.00000 2100.00000
321.0000 3160.00000 
79.00000 1567.00000
127.00003 4817.00000
691.00005 7706.00000
684.00005 8333.0000
115.00000 5083.00000
73.00000 6153.00000 
319.00001 4133.00000
210.00009 5148.00000
241.00008 3406.0000
345.00004 5285.00000
234.00004 3014.00000
825.00000 15345.0000
124.00000 3675.00000
472.00004 7034.00000
75.00000 2869.00000 
73.00000 2301.00000 
171.00003 2232.00000
238.00000 5711.00000
290.0000 2833.00000
119.00009 2227.00000
63.00000 2921.00000
353.00009 6092.00000
81.00000 2455.00000 
324.00002 5138.00000
818.0000 5984.00000
282.00000 3076.00000
189.00009 3247.00000
37.000006 5382.00000
323.00009 3829.0000
540.00000 22543.0000
395.00003 4779.00000
753.00002 10161.0000
267.00009 5289.0000
646.00005 6632.0000
79.00000 2755.00000
285.00008 7499.00000
664.00009 8049.00000
119.00008 4070.00000
985.00007 16802.0000
340.00008 6848.0000
57.00000 1513.00000 
64.00000 1465.00000 
346.00005 5022.00000
468.0000 3918.00000
42.00000 2085.00000 
372.00001 5596.00000
233.00002 5271.00000
264.00006 5646.00000
361.00007 4724.00000
136.00006 4544.00000
45.00000 1795.00000 
384.00008 4412.00000
831.00008 8691.00000
39.00000 2379.00000 
375.00003 4367.00000
1087.00017 11630.000
283.00006 4908.00000
339.00005 6091.00000
707.00006 11039.0000
271.00009 3373.00000
1539.0008 14357.0000
157.00003 3018.00000
42.00000 1932.00000 
118.00001 3933.00000
192.00008 4426.00000
230.00002 3969.00000
183.00006 2594.0000
254.00005 2836.0000
529.00000 6576.00000
531.00005 7222.0000
559.00007 5701.00000
89.00000 2886.00000
350.00000 4599.00000
243.00001 2930.0000
17.00000 1357.00000 
372.00009 4896.00000
107.00002 4525.00000
127.00001 3240.00000
311.0000 2835.00000
207.00004 2980.00000
77.00000 2355.00000 
489.0000 4063.00000
108.00007 2308.00000
181.00004 2781.0000
68.00000 2041.00000
150.00007 3391.00000
771.00007 9733.00000
191.00009 3095.00000
208.00006 3778.00000
240.00003 7496.00000
200.0000 1898.00000
455.00009 4555.00000
513.00008 11604.0000
185.00006 8650.00000
482.0000 4428.00000
438.00006 5306.0000
429.0000 3723.00000 
203.00007 3940.00000
15.000003 1658.00000
129.00004 2134.0000
636.00008 9855.00000
345.00000 5724.00000
240.00007 4096.00000
366.00008 4689.00000
373.00009 9294.00000
377.00005 10458.0000
190.00003 7602.00000
275.0000 2365.00000
319.00000 6337.00000
751.00007 12183.0000
175.00009 2085.00000
466.00008 7142.00000
305.00001 6217.00000
43.00000 1319.00000 
97.00000 2803.00000 
349.00008 6049.00000
397.00005 5132.00000
133.00003 4284.00000
105.00003 2643.00000
424.00009 5688.00000
535.00008 10814.0000
429.0000 3603.00000
476.00001 7869.0000
121.00004 4805.00000
511.00000 10854.0000
57.00000 2313.00000 
290.00008 12308.0000
104.00009 3724.00000
52.00000 2047.00000 
168.00000 3633.00000
137.00008 3446.00000
339.00005 6426.00000
312.0000 2920.00000
207.00000 5107.00000
590.0000 5318.00000
962.0000 9222.00000
254.0000 1899.00000
161.00007 4067.00000
10.000000 1900.00000
155.00009 1916.00000
114.00002 2297.00000
302.00007 6490.00000
155.00004 3155.0000
204.00005 6808.00000
16.000000 2591.00000
22.00000 1938.00000 
832.00001 8951.0000
263.00000 3594.00000
415.00003 4350.00000
488.0000 4603.00000
64.00000 3282.00000 
241.00009 3544.0000
359.00008 4254.0000
425.00007 6314.00000
181.00007 3494.00000
712.0000 6653.00000
800.0000 7684.00000 
628.00005 12200.0000
134.00004 2277.0000
52.00000 4140.00000 
571.00000 8376.00000
176.00007 2790.0000
132.00003 2874.00000
623.00003 6606.00000
336.0000 3244.00000
411.00005 4713.0000
877.0000 6021.00000
220.00004 2940.0000
339.00004 4484.00000
178.00006 2879.00000
1071.0002 9948.0000
123.00001 2374.00000
482.00009 6685.00000
635.00001 8826.00000
76.00000 2255.00000 
363.00003 4114.00000
197.00009 5986.00000
75.00000 1954.00000
103.00000 3731.00000
219.00009 7686.00000
209.00007 3679.0000
490.00002 10097.0000
90.00000 2053.00000
845.0000 5713.00000
155.00001 2426.00000
128.00002 8170.00000
453.0000 3008.00000
623.00004 12428.0000
186.00003 3127.00000
270.00006 7360.00000
1153.00085 12134.000
172.00009 3081.00000
75.00000 2298.00000 
90.00000 2105.00000 
116.00003 1558.00000
574.00000 7908.0000
117.00001 2787.00000
717.00005 8142.0000
43.00000 1371.00000
431.00002 7625.00000
710.00009 10909.0000
141.00004 5609.00000
566.0000 5382.00000
28.00000 1291.00000 
108.00000 2344.00000
85.00000 4617.00000 
96.00000 4842.00000 
321.00005 6299.0000