1872.00003 23752.0000
930.00000 14793.00000
2116.00001 21561.0000
1400.00004 17244.0000
516.00000 8415.00000 
2146.0000 17565.00000
1541.00006 28009.0000
2263.00003 26412.0000
1292.00005 18863.0000
1233.00004 19333.0000
1712.0000 11933.00000
913.00000 34166.00000
964.00000 17625.00000
2099.0000 19670.00000
1764.0000 16125.00000
1078.00001 28600.0000
1799.0000 16215.00000
2222.00002 28139.000
1562.0000 15123.0000
2519.0000 13184.0000
1142.00001 13342.0000
2273.0000 15296.0000
1098.00008 32110.000
1483.00002 29663.000
1446.0000 8597.00000
1404.00009 22496.0000
918.00000 27492.0000
1215.00001 28848.0000
1412.00003 21378.000
1621.00008 25775.000
2269.0000 12984.0000
1259.00009 17400.000
2128.0000 15769.0000
1313.00002 32715.0000
1527.00005 24575.000
2250.0000 22383.0000
1098.00002 14741.0000
839.00000 22273.0000
682.00000 26622.0000
942.00000 10450.0000
1219.00008 20609.0000
730.00000 5908.00000 
960.00000 30757.0000
1194.00006 32053.000
1737.0000 13024.0000
729.00000 15642.0000
934.00000 13337.0000
1608.0000 13014.0000
1456.00008 28651.000
961.00000 20355.0000
391.00000 2712.00000 
1129.0000 9797.00000
1727.0000 10697.0000
1023.00006 26244.000
1546.0000 14470.0000
1569.0000 12370.0000
1157.00006 13025.000
765.00000 4742.00000 
1473.00002 23766.0000
2461.0000 21174.0000
1034.00005 19824.0000
783.00000 8805.00000
2010.00002 28331.0000
1775.0000 12300.0000
1528.0000 8599.00000
1201.0000 11728.0000
2291.0000 16222.0000
882.00000 28694.0000
1830.0000 11725.0000
689.00000 4284.00000 
1616.00006 20389.0000
1423.0000 7538.00000
1577.0000 15294.0000
1546.00005 22275.000
1958.0000 8805.00000
675.00000 32674.0000
2006.0000 15098.0000
1041.00000 27617.0000
1233.00009 17823.0000
1101.00006 13909.000
1810.00005 20233.000
1210.00002 27740.0000
1804.00009 18200.000
1555.00009 18560.000
1141.00002 22620.0000
868.00000 10590.0000
1344.00002 20862.0000
1170.00006 15745.000
908.00000 26240.0000
1150.00007 24483.000
813.00000 30398.0000
2253.0000 21405.0000
1305.00005 21178.000
1981.00006 22471.0000
1590.0000 12087.0000
1795.0000 17145.0000
1681.0000 11455.0000
619.00000 3975.00000 
1435.00008 20606.0000
1614.00008 18269.000
2004.00009 20349.000
2104.0000 19214.0000
1060.00001 23288.0000
1690.00002 27303.000
1333.0000 10557.0000
1226.00009 20605.0000
1047.00005 28210.000
1289.00003 19470.0000
1717.00006 21783.000
1944.0000 12678.0000
1861.00008 21587.000
1250.0000 11060.0000
1331.00007 25721.0000
1578.0000 14690.0000
2118.00007 25690.000
1363.0000 7981.00000
796.00000 17860.0000
1939.0000 18323.0000
676.00000 19781.0000
1590.0000 11671.0000
1583.00004 24910.000
2183.0000 16296.0000
1173.0000 11106.0000
899.00000 27042.0000
1281.00000 19003.000
1349.0000 7165.00000
2128.0000 9920.00000
846.00000 6450.00000 
1466.00003 23449.0000
2261.0000 17138.0000
1189.0000 11691.0000
277.00000 20914.000004
1522.00004 23234.000
2323.00007 23252.000
2395.0000 17522.0000
1299.0000 12439.0000
1578.00006 21628.0000
848.00000 4643.00000 
1913.0000 13593.0000
1633.00005 17927.000
1321.0000 7945.00000
1301.00001 13756.0000
1617.00009 21292.000
940.00000 28988.0000
996.00000 21777.0000
110.00000 1416.00000
930.00000 30091.0000
1987.0000 7700.00000
1194.0000 14993.0000
1623.0000 13851.0000
1765.0000 12326.0000
1956.0000 12907.0000
1023.00009 13482.000
1725.0000 16185.0000
1124.0000 5538.00000
2294.0000 15791.0000
1799.00000 23054.000
1760.0000 16654.0000
1799.0000 17428.0000
980.00000 5866.00000 
1122.00003 11777.000
1665.0000 15634.0000
1108.00009 11829.0000
1744.0000 13155.0000
2354.0000 20863.0000
2407.0000 18256.0000
1770.0000 16245.0000
1744.0000 16477.0000
1159.0000 10791.0000
1357.0000 11208.0000
255.00000 11623.0000
1977.0000 11572.0000
2038.0000 13376.0000
831.00000 22418.0000
1086.00009 27457.000
1831.0000 16231.0000
635.00000 12343.0000
1299.00001 16065.000
1263.00009 14562.000
1575.00003 28577.000
1441.0000 11897.0000
893.00000 8698.00000 
992.00000 33680.0000
1388.00002 25635.000
1335.00007 18029.000
628.00000 8403.00000
1341.00004 19919.000
1713.0000 5958.00000
1656.0000 16466.0000
1056.0000 7481.00000
654.00000 25311.0000
915.00000 4937.00000 
1512.0000 10819.0000
1273.0000 10746.0000
733.00000 3661.00000 
2309.0000 22437.0000
1437.00003 16994.000
686.00000 8491.00000
1225.00006 19512.000
1488.00008 28745.000
912.00000 39020.00000
1129.00009 20091.0000
2048.0000 13403.0000
2631.0000 22216.0000
1215.0000 8755.00000
1356.00001 15936.000
680.00000 13525.0000
1242.0000 10950.0000
815.00000 11556.0000
1332.00002 26599.000
1756.00009 28447.000
1685.00005 19324.000
1408.00004 21114.000
1464.00007 19400.0000
319.00000 7563.00000
1790.0000 17657.0000
1874.00003 27507.0000
2045.0000 14922.0000
1440.00006 20311.000
926.00000 7576.00000 
1755.0000 9238.00000
1392.0000 9836.00000
1707.00008 22623.000
1597.00002 26015.000
1960.0000 15337.0000
1526.0000 10283.0000
1434.0000 11362.0000
1540.0000 11642.0000
1776.00008 20097.000
1471.00002 22069.0000
1009.00009 15192.000
2577.0000 17197.0000
898.00000 6815.00000 
947.00000 18151.0000
1105.00000 40865.0000
573.00000 5594.00000 
958.00000 13018.0000
1153.0000 8783.00000
649.00000 6171.00000 
1208.00006 20556.000
1603.00006 30644.000
1617.00000 21515.000
937.00000 14276.0000
1868.00009 25031.000
1956.0000 12387.0000
1033.00002 17241.000
1634.0000 12773.0000
822.00000 11647.0000
1499.00003 24792.000
844.00000 4270.00000 
388.00000 2018.00000 
637.00000 31590.00000
1627.0000 14391.0000
1683.00004 17682.000
2467.0000 18700.0000
1136.00008 37271.000
1356.00001 25484.000
1314.00003 24393.000
1797.0000 17111.0000
1793.00006 25200.000
1437.0000 11855.0000
473.00000 21326.0000
1242.00002 20904.0000
961.00000 29536.0000
1083.00004 18310.000
1564.00002 15897.000
2108.0000 19919.0000
974.00000 29403.0000
1237.00003 21068.000
1238.00006 14438.000
1363.00001 17749.000
633.00000 9800.00000
1779.00009 27369.000
1301.00004 15142.000
1012.00003 28435.0000
868.00000 13318.0000
1840.0000 14026.0000
790.00000 11163.0000
818.00000 11717.00000
863.00000 14132.0000
885.00000 6761.00000 
1317.00001 19116.000
2274.00004 26064.0000
550.00000 25654.00000
1440.00008 24663.0000
929.00000 11876.00000
642.00000 10999.00000
1305.00005 23960.0000
1869.00007 19237.0000
952.00000 13430.00000
1787.00007 19873.0000
1971.00000 21042.0000