410.00000 12159.0000
777.00000 7631.00000 
680.00000 6617.00000 
613.00000 16544.0000
580.00000 9100.00000
378.00000 5760.00000
321.00000 11820.0000
256.00000 8771.00000
356.00000 5042.00000
450.00000 7946.00000
636.00000 9811.00000
767.00000 11097.0000
608.00000 13629.0000
858.00000 18449.0000
645.00000 5718.00000 
376.00000 14673.0000
345.00000 13422.0000
595.00000 14350.0000
675.00000 7733.00000
403.00000 9692.00000
596.00000 10984.0000
496.00000 9092.00000
361.00000 7861.00000
473.00000 12763.0000
661.00000 9364.00000
267.00000 12792.0000
424.00000 10050.0000
537.00000 9215.00000
528.00000 5802.00000
426.00000 17066.0000
441.00000 7433.00000
482.00000 8883.00000
591.00000 10527.0000
723.00000 9012.00000
639.00000 7716.00000
572.00000 13056.0000
725.00000 8193.00000
388.00000 16179.0000
369.00000 6630.00000
549.00000 10381.0000
510.00000 9627.00000
262.00000 12044.0000
442.00000 8063.00000
637.00000 9105.00000
399.00000 5678.00000
404.00000 14876.0000
449.00000 16262.0000
686.00000 18332.0000
701.00000 9989.00000
691.00000 8060.00000
591.00000 7846.00000
656.00000 10077.0000
534.00000 12459.0000
344.00000 6400.00000
717.00000 10897.0000
324.00000 12903.0000
468.00000 13057.0000
571.00000 10943.0000
502.00000 13450.0000
378.00000 11793.0000
568.00000 8721.00000
492.00000 6513.00000
369.00000 5376.00000
491.00000 10423.0000
440.00000 9514.00000
461.00000 6994.00000
583.00000 10165.0000
618.00000 14012.0000
505.00000 10242.0000
453.00000 9605.00000
436.00000 10552.0000
389.00000 8649.00000
601.00000 14600.0000
573.00000 12234.0000
547.00000 8510.00000
316.00000 13785.0000
632.00000 8863.00000
479.00000 13286.0000
535.00000 7946.00000
361.00000 13534.0000
436.00000 7544.00000
577.00000 11327.0000
453.00000 12137.0000
153.00000 8013.00000
376.00000 8803.00000
408.00000 7266.00000
650.00000 11748.0000
515.00000 7800.00000
420.00000 9968.00000
489.00000 22711.0000
556.00000 12078.0000
717.00000 8353.00000
346.00000 7239.00000
610.00000 11490.0000
514.00000 13854.0000
273.00000 8006.00000
539.00000 6730.00000
535.00000 17511.0000
537.00000 13388.0000
317.00000 12169.0000
432.00000 10954.0000
781.00000 9973.00000
531.00000 9295.00000
630.00000 8620.00000
412.00000 7463.00000
229.00000 6076.00000
472.00000 15249.0000
300.00000 6801.00000
683.00000 13448.0000
571.00000 12653.0000
126.00000 10371.0000
456.00000 21075.0000
596.00000 8819.00000
436.00000 9143.00000
680.00000 14270.0000
454.00000 11690.0000
287.00000 13181.0000
467.00000 8303.00000
273.00000 11296.0000
712.00000 10585.0000
707.00000 8716.00000
665.00000 12095.0000
222.00000 10440.0000
384.00000 9110.00000
445.00000 9007.00000
404.00000 9028.00000
576.00000 16832.0000
509.00000 14230.0000
379.00000 8778.00000
626.00000 10003.0000
427.00000 7514.00000
381.00000 6370.00000
307.00000 9434.00000
324.00000 12326.0000
489.00000 7708.00000
611.00000 13693.0000
488.00000 8632.00000
328.00000 4870.00000
425.00000 7496.00000
355.00000 12687.0000
509.00000 8572.00000
515.00000 9947.00000
685.00000 6937.00000
591.00000 10693.0000
373.00000 13184.0000
424.00000 5187.00000
614.00000 11369.0000
634.00000 9377.00000
712.00000 10440.0000
357.00000 9244.00000
785.00000 8413.00000
488.00000 8935.00000
828.00000 12595.0000
431.00000 6655.00000
395.00000 9992.00000
393.00000 9240.00000
382.00000 9617.00000
279.00000 10697.0000
439.00000 13218.0000
534.00000 8551.00000
506.00000 12309.0000
403.00000 8904.00000
420.00000 12330.0000
773.00000 9830.00000
723.00000 11716.0000
345.00000 11612.0000
695.00000 19612.0000
674.00000 7341.00000
792.00000 11920.0000
578.00000 9320.00000
540.00000 10864.0000
757.00000 6250.00000 
518.00000 7802.00000
397.00000 11758.0000
422.00000 15267.0000
680.00000 12392.0000
560.00000 10438.0000
468.00000 6915.00000
752.00000 12232.0000
165.00000 6337.00000
430.00000 7694.00000
675.00000 9464.00000
551.00000 9351.00000
662.00000 11199.0000
374.00000 17204.0000
658.00000 12669.0000
677.00000 7421.00000
462.00000 15173.0000
426.00000 5877.00000
492.00000 6600.00000
553.00000 5956.00000
638.00000 14028.0000
295.00000 8382.00000
647.00000 17112.0000
613.00000 10887.0000
532.00000 11613.0000
459.00000 11466.0000
678.00000 12204.0000
780.00000 12961.0000
358.00000 7928.00000
605.00000 10837.0000
467.00000 9442.00000
256.00000 12449.0000
522.00000 7221.00000
751.00000 11982.0000
254.00000 5429.00000
368.00000 12212.0000
421.00000 7356.00000
560.00000 8700.00000
385.00000 11444.0000
495.00000 10871.0000
621.00000 13702.0000
408.00000 22932.0000
677.00000 17858.0000
482.00000 10608.0000
712.00000 12571.0000
456.00000 17116.0000
435.00000 7264.00000
495.00000 8256.00000
876.00000 11545.0000
605.00000 9840.00000
611.00000 8900.00000
537.00000 13080.0000
551.00000 8535.00000
381.00000 11483.0000
278.00000 6283.00000
421.00000 7123.00000
510.00000 10531.0000
911.00000 11237.0000
591.00000 8204.00000
495.00000 12355.0000
414.00000 14723.0000
533.00000 9399.00000
498.00000 11296.0000
568.00000 10175.0000
542.00000 9951.00000
366.00000 6710.00000
376.00000 7257.00000
862.00000 9161.00000
646.00000 10514.0000
601.00000 14191.0000
896.00000 11981.0000
690.00000 7781.00000
602.00000 9226.00000
565.00000 9293.00000
361.00000 7183.00000
582.00000 6607.00000
299.00000 7156.00000
681.00000 19219.0000
353.00000 5973.00000
274.00000 5523.00000
592.00000 9792.00000
327.00000 9889.00000
330.00000 8339.00000
267.00000 9253.00000
523.00000 12102.0000
407.00000 7670.00000
491.00000 5939.00000
567.00000 14891.0000
615.00000 17595.0000
308.00000 16830.0000
446.00000 13688.0000
422.00000 7339.00000
439.00000 9748.00000
631.00000 13581.0000
431.00000 13045.0000
418.00000 7890.00000
702.00000 7399.00000
281.00000 9449.00000
699.00000 16517.0000
559.00000 15640.0000
765.00000 14354.0000
748.00000 15622.0000
369.00000 13462.0000
462.00000 10029.0000
464.00000 6060.00000
531.00000 10045.0000
275.00000 13208.0000
704.00000 11261.0000
751.00000 7698.00000
545.00000 10652.0000
461.00000 22254.0000
573.00000 10068.0000
454.00000 10854.0000
703.00000 14089.0000
727.00000 7950.00000
690.00000 9884.00000
526.00000 18311.0000
611.00000 10496.0000
540.00000 8465.00000
895.00000 11513.0000
685.00000 10750.0000
