139.00000 24.53957 3411.00000 1107.97274 2.03131127450984
105.00000 57.39048 6026.00000 1059.34414 4.92346813725503
5.00000 340.40000 1702.00000 407.20784 1.52771139705883
31.00000 69.03226 2140.00000 1192.92223 2.82665441176473
87.00000 29.51724 2568.00000 520.24953 1.00261948529413
160.00000 22.58125 3613.00000 738.92380 3.809482230392124
76.00000 49.82895 3787.00000 1343.00930 3.70735294117652
28.00000 128.39286 3595.00000 877.54621 1.91960784313727
3.00000 716.66667 2150.00000 1052.97138 2.48653492647059
98.00000 33.96939 3329.00000 729.67592 2.34584865196081
280.00000 14.00714 3922.00000 704.60739 4.76971507352929
292.00000 14.22260 4153.00000 989.42197 3.35923713235293
90.00000 30.57778 2752.00000 425.12735 1.83337928921570
534.00000 12.96816 6925.00000 1287.31877 7.55274203431347
110.00000 13.76364 1514.00000 375.34931 2.06063112745104
286.00000 16.63636 4758.00000 851.40379 3.490548406862753
743.00000 13.29475 9878.00000 805.13010 8.99031862745075
107.00000 21.91589 2345.00000 1344.99747 2.91806066176469
1517.00000 8.64403 13113.00000 813.44653 26.0948529411780
485.00000 22.05979 10699.00000 689.12224 10.71749387254896
107.00000 36.77570 3935.00000 924.21405 3.851363357843166
321.00000 16.57321 5320.00000 432.73184 3.363449754902053
38.00000 33.05263 1256.00000 1700.16669 1.79892769607843
331.00000 20.18731 6682.00000 1076.94501 4.78993566176452
165.00000 28.32121 4673.00000 1072.22890 3.66825980392156
96.00000 25.41667 2440.00000 703.77661 2.30479473039220
366.00000 10.54645 3860.00000 810.91191 5.06332720588219
396.00000 11.12374 4405.00000 1196.94961 7.12726715686261
63.00000 26.85714 1692.00000 307.45670 1.08051470588236
52.00000 27.71154 1441.00000 1697.34549 1.19028799019609
90.00000 22.33333 2010.00000 242.09364 2.79336703431377
172.00000 29.30814 5041.00000 865.77902 5.09087009803914
240.00000 20.57083 4937.00000 990.96415 3.65156250000001
112.00000 23.84821 2671.00000 1196.58211 2.82458639705875
560.00000 10.18750 5705.00000 1048.23561 5.31603860294076
439.00000 9.95444 4370.00000 1087.24160 4.43284313725500
429.00000 19.59207 8405.00000 379.67018 4.54662990196114
268.00000 18.48881 4955.00000 765.59126 4.10545343137270
445.00000 7.37303 3281.00000 618.15071 5.85117953431329
93.00000 30.15054 2804.00000 576.50349 2.06632965686275
141.00000 16.12766 2274.00000 806.62772 1.99773284313733
74.00000 29.28378 2167.00000 946.59124 1.77506127450982
360.00000 9.89444 3562.00000 902.59115 3.92368259803925
446.00000 10.98655 4900.00000 732.81522 5.08095894607825
159.00000 31.99371 5087.00000 599.46697 3.12985600490205
78.00000 25.47436 1987.00000 1067.10362 1.73599877450981
251.00000 16.84064 4227.00000 823.01988 4.27723651960798
47.00000 49.44681 2324.00000 491.69158 1.37671568627452
884.00000 7.25792 6416.00000 521.39509 6.57146139705896
1245.00000 5.87550 7315.00000 1220.45576 8.94796262254852
278.00000 15.69424 4363.00000 1486.07254 5.10058210784293
573.00000 9.04887 5185.00000 1034.62792 3.44087009803916
219.00000 13.00913 2849.00000 929.65705 4.51115196078435
327.00000 15.77370 5158.00000 364.10898 2.24534313725485
501.00000 21.68263 10863.00000 311.91057 3.29134497549022
55.00000 57.65455 3171.00000 512.48921 1.43604473039219
315.00000 15.63492 4925.00000 357.79829 2.71508884803918
14.00000 86.00000 1204.00000 632.81410 1.58578431372550
376.00000 15.76862 5929.00000 902.38886 4.75871629901951
10.00000 163.30000 1633.00000 487.62066 1.54353553921570
116.00000 12.04310 1397.00000 819.77858 2.51277573529408
117.00000 30.79487 3603.00000 663.01149 1.45543811274513
121.00000 22.17355 2683.00000 512.71456 1.81404718137257
204.00000 8.41667 1717.00000 970.31711 2.70997242647059
374.00000 13.70588 5126.00000 1700.22277 5.63304227941167
63.00000 23.15873 1459.00000 522.68476 1.43887867647058
365.00000 9.25205 3377.00000 931.15009 2.763832720588213
118.00000 16.40678 1936.00000 889.33131 3.18769914215689
72.00000 27.26389 1963.00000 1032.08107 2.39526654411763
300.00000 11.18667 3356.00000 903.51803 2.97389705882347
442.00000 10.21719 4516.00000 1112.67843 4.36328124999994
386.00000 14.16321 5467.00000 1114.36626 5.44113051470595
486.00000 21.31481 10359.00000 925.82246 6.63964460784268
574.00000 6.75436 3877.00000 1321.89437 4.84352022058803
523.00000 12.05354 6304.00000 1201.16372 5.44759497549027
725.00000 18.24138 13225.00000 965.39429 13.31940870098026
450.00000 10.69333 4812.00000 770.37438 6.42945772058796
256.00000 16.62500 4256.00000 779.47084 2.90975796568624
15.00000 103.53333 1553.00000 1672.17390 1.52066482843138
411.00000 12.73966 5236.00000 1055.38952 7.35062806372567
99.00000 19.83838 1964.00000 1360.89917 4.19229473039206
351.00000 17.34473 6088.00000 647.20599 3.66634497549014
65.00000 32.30769 2100.00000 1064.50789 1.58235294117647
321.00000 9.84424 3160.00000 904.09996 9.76994485294062
79.00000 19.83544 1567.00000 827.87339 4.76256127450962
127.00000 37.92913 4817.00000 664.22324 1.74053308823533
691.00000 11.15195 7706.00000 687.26636 5.11508884803927
684.00000 12.18275 8333.00000 694.20196 8.18486519607835
115.00000 44.20000 5083.00000 1219.18514 3.74410232843135
73.00000 84.28767 6153.00000 806.87378 2.05652573529419
319.00000 12.95611 4133.00000 654.79278 5.81822916666633
210.00000 24.51429 5148.00000 807.38145 3.702037377451026
241.00000 14.13278 3406.00000 623.24765 2.26412377450979
345.00000 15.31884 5285.00000 536.98565 5.81757046568593
234.00000 12.88034 3014.00000 344.09744 2.60661764705891
825.00000 18.60000 15345.00000 272.79546 6.13472732843117
124.00000 29.63710 3675.00000 962.54420 2.59390318627454
472.00000 14.90254 7034.00000 1436.30215 7.68291973039177
75.00000 38.25333 2869.00000 1327.73197 1.50510110294118
73.00000 31.52055 2301.00000 1132.70208 2.767723651960737
171.00000 13.05263 2232.00000 1121.89075 3.382598039215665
238.00000 23.99580 5711.00000 1059.97218 4.33432904411769
290.00000 9.76897 2833.00000 707.16895 3.64258578431366
119.00000 18.71429 2227.00000 758.70142 2.09113051470592
63.00000 46.36508 2921.00000 1270.56933 2.89868259803923
353.00000 17.25779 6092.00000 1300.53059 6.02363664215701
81.00000 30.30864 2455.00000 839.76877 3.007705269607837
324.00000 15.85802 5138.00000 1508.75366 4.13339460784310
818.00000 7.31540 5984.00000 980.98693 6.52158394607854
282.00000 10.90780 3076.00000 1277.60720 4.30454963235290
189.00000 17.17989 3247.00000 391.44575 1.72758884803920
37.00000 145.45946 5382.00000 606.98565 2.55039828431376
323.00000 11.85449 3829.00000 882.45609 4.11852022058828
540.00000 41.74630 22543.00000 1005.98322 19.5356158088251
395.00000 12.09873 4779.00000 1731.65309 6.73788296568624
753.00000 13.49402 10161.00000 505.50166 8.40859375000058
267.00000 19.80899 5289.00000 548.10071 3.22754289215686
646.00000 10.26625 6632.00000 1062.86572 5.98374693627422
79.00000 34.87342 2755.00000 708.51587 3.31603860294121
285.00000 26.31228 7499.00000 554.12335 6.01999080882355
664.00000 12.12199 8049.00000 994.43261 7.17031249999980
119.00000 34.20168 4070.00000 901.16078 2.08322610294118
985.00000 17.05787 16802.00000 748.46184 16.50629595588293
340.00000 20.14118 6848.00000 248.81458 1.975245098039236
57.00000 26.54386 1513.00000 1153.78233 1.66799938725490
64.00000 22.89062 1465.00000 740.46383 1.61711090686276
346.00000 14.51445 5022.00000 1150.80638 4.27282475490182
468.00000 8.37179 3918.00000 1321.05559 3.23215379901955
42.00000 49.64286 2085.00000 1609.06355 1.67617953431373
372.00000 15.04301 5596.00000 643.78118 4.40170036764705
233.00000 22.62232 5271.00000 167.18377 2.47098651960777
264.00000 21.38636 5646.00000 1099.61085 3.62408088235318
361.00000 13.08587 4724.00000 1077.83876 6.22319240196059
136.00000 33.41176 4544.00000 627.04846 3.19934129901976
45.00000 39.88889 1795.00000 1221.91047 1.34601715686274
384.00000 11.48958 4412.00000 1032.29761 3.03249080882354
831.00000 10.45848 8691.00000 571.87825 6.12904411764695
39.00000 61.00000 2379.00000 1268.33036 1.53575367647062
375.00000 11.64533 4367.00000 1186.83891 5.11412377450973
1087.00000 10.69917 11630.00000 756.82620 10.27847732843034
283.00000 17.34276 4908.00000 754.25883 3.61780024509803
339.00000 17.96755 6091.00000 1543.95026 4.96029411764692
707.00000 15.61386 11039.00000 784.70971 11.05828737745056
271.00000 12.44649 3373.00000 1622.99131 5.48837316176411
1539.00000 9.32878 14357.00000 563.06554 16.5225030637269
157.00000 19.22293 3018.00000 1328.30369 3.76147365196089
42.00000 46.00000 1932.00000 384.83709 1.62735906862747
118.00000 33.33051 3933.00000 770.14042 3.49569546568639
192.00000 23.05208 4426.00000 1299.04132 3.73674938725501
230.00000 17.25652 3969.00000 677.13905 3.08933823529432
183.00000 14.17486 2594.00000 283.60221 2.71124387254896
254.00000 11.16535 2836.00000 315.81521 2.90314031862745
529.00000 12.43100 6576.00000 1161.61124 6.87656249999955
531.00000 13.60075 7222.00000 1524.95117 5.60214460784302
559.00000 10.19857 5701.00000 808.08805 6.00810355392124
89.00000 32.42697 2886.00000 507.04525 1.95343137254915
350.00000 13.14000 4599.00000 552.80377 4.58841911764706
243.00000 12.05761 2930.00000 978.98457 4.90396752450961
17.00000 79.82353 1357.00000 723.84220 2.50335477941177
372.00000 13.16129 4896.00000 669.00079 5.18333333333292
107.00000 42.28972 4525.00000 363.02234 1.62222732843137
127.00000 25.51181 3240.00000 850.01176 3.39623161764700
311.00000 9.11576 2835.00000 1495.59880 2.51933210784316
207.00000 14.39614 2980.00000 694.82564 4.62893688725486
77.00000 30.58442 2355.00000 1434.85196 2.32113970588238
489.00000 8.30879 4063.00000 1310.66212 5.72083333333296
108.00000 21.37037 2308.00000 509.09459 2.925612745097986
181.00000 15.36464 2781.00000 614.59940 6.22284007352948
68.00000 30.01471 2041.00000 453.38802 1.32631740196078
150.00000 22.60667 3391.00000 845.40878 1.95821078431381
771.00000 12.62387 9733.00000 766.32615 9.48544730392132
191.00000 16.20419 3095.00000 374.47191 2.759819240196034
208.00000 18.16346 3778.00000 772.99349 3.739047181372753
240.00000 31.23333 7496.00000 1046.30054 6.05888480392123
200.00000 9.49000 1898.00000 606.26169 2.50663296568622
455.00000 10.01099 4555.00000 992.08820 4.65136335784312
513.00000 22.61988 11604.00000 424.00264 5.2349111519605
185.00000 46.75676 8650.00000 450.77448 3.290548406862954
482.00000 9.18672 4428.00000 1352.63517 3.53198529411760
438.00000 12.11416 5306.00000 1392.92833 4.13999693627449
429.00000 8.67832 3723.00000 1409.82166 6.21931678921551
203.00000 19.40887 3940.00000 396.47442 3.02962622549024
15.00000 110.53333 1658.00000 568.39248 0.65431985294118
129.00000 16.54264 2134.00000 1328.73618 4.33075980392151
636.00000 15.49528 9855.00000 1185.76875 9.17130821078418
345.00000 16.59130 5724.00000 784.73364 4.32475490196085
240.00000 17.06667 4096.00000 687.29059 3.54892769607841
366.00000 12.81148 4689.00000 1105.81715 6.20582107843160
373.00000 24.91689 9294.00000 823.96512 5.38207720588255
377.00000 27.74005 10458.00000 1417.73750 7.24073223039179
190.00000 40.01053 7602.00000 250.27689 3.42061887254908
275.00000 8.60000 2365.00000 646.09997 4.73195465686284
319.00000 19.86520 6337.00000 788.77570 4.85710784313719
751.00000 16.22237 12183.00000 1104.35171 12.5928308823516
175.00000 11.91429 2085.00000 1184.53589 3.428998161764783
466.00000 15.32618 7142.00000 667.61528 4.58939950980382
305.00000 20.38361 6217.00000 998.47121 4.76482843137250
43.00000 30.67442 1319.00000 350.46241 1.54978553921571
97.00000 28.89691 2803.00000 1184.68591 6.75952818627449
349.00000 17.33238 6049.00000 781.81929 5.49938725490175
397.00000 12.92695 5132.00000 1475.80739 4.65683210784310
133.00000 32.21053 4284.00000 609.40550 3.95333946078436
105.00000 25.17143 2643.00000 622.50378 0.93123468137257
424.00000 13.41509 5688.00000 1109.52467 5.81072303921533
535.00000 20.21308 10814.00000 1265.55793 5.89886642156827
429.00000 8.39860 3603.00000 816.24164 6.54382659313692
476.00000 16.53151 7869.00000 614.01851 8.49450061274505
121.00000 39.71074 4805.00000 1129.41518 3.34229473039235
511.00000 21.24070 10854.00000 973.14322 7.79071691176522
57.00000 40.57895 2313.00000 1359.14209 1.65629595588239
290.00000 42.44138 12308.00000 815.10891 9.56672794117646
104.00000 35.80769 3724.00000 1941.41131 3.18448223039216
52.00000 39.36538 2047.00000 868.41884 2.406127450980407
168.00000 21.62500 3633.00000 1121.99665 3.220787377451066
137.00000 25.15328 3446.00000 1639.45703 4.33877144607842
339.00000 18.95575 6426.00000 1424.25859 4.00764399509812
312.00000 9.35897 2920.00000 944.50158 5.68587622549014
207.00000 24.67150 5107.00000 1089.31776 4.89010416666682
590.00000 9.01356 5318.00000 1050.62787 4.21697303921563
962.00000 9.58628 9222.00000 277.63570 7.82526041666683
254.00000 7.47638 1899.00000 377.69832 2.62807904411763
161.00000 25.26087 4067.00000 1395.57212 3.11521139705890
10.00000 190.00000 1900.00000 747.67185 1.19742647058822
155.00000 12.36129 1916.00000 963.47563 3.54996936274511
114.00000 20.14912 2297.00000 800.21383 2.64024203431370
302.00000 21.49007 6490.00000 1008.06068 5.33996629901924
155.00000 20.35484 3155.00000 505.47723 1.67498468137259
204.00000 33.37255 6808.00000 1008.71527 3.81064644607864
16.00000 161.93750 2591.00000 459.19754 1.17242647058826
22.00000 88.09091 1938.00000 413.86237 0.95943627450983
832.00000 10.75841 8951.00000 770.23757 6.37754289215705
263.00000 13.66540 3594.00000 1954.75681 3.28368566176464
415.00000 10.48193 4350.00000 1006.46460 4.23212316176479
488.00000 9.43238 4603.00000 608.96865 5.63713235294074
64.00000 51.28125 3282.00000 736.84742 1.90655637254907
241.00000 14.70539 3544.00000 772.64767 2.53523284313728
359.00000 11.84958 4254.00000 639.54105 4.80004595588234
425.00000 14.85647 6314.00000 831.88496 3.39280024509801
181.00000 19.30387 3494.00000 922.64864 2.60124080882350
712.00000 9.34410 6653.00000 1037.59740 7.43863357843119
800.00000 9.60500 7684.00000 858.56635 5.53334865196061
628.00000 19.42675 12200.00000 978.77367 8.62968749999964
134.00000 16.99254 2277.00000 562.53108 2.06075367647065
52.00000 79.61538 4140.00000 1017.73360 2.55646446078420
571.00000 14.66900 8376.00000 715.82257 5.88419117647036
176.00000 15.85227 2790.00000 662.24651 2.72927389705880
132.00000 21.77273 2874.00000 1156.19650 2.89111519607837
623.00000 10.60353 6606.00000 1135.57849 5.53308823529397
336.00000 9.65476 3244.00000 1323.72560 7.59967830882329
411.00000 11.46715 4713.00000 1089.36033 3.01165747549012
877.00000 6.86545 6021.00000 904.12094 7.57578125000042
220.00000 13.36364 2940.00000 807.66694 2.62454044117646
339.00000 13.22714 4484.00000 776.93502 4.59764093137255
178.00000 16.17416 2879.00000 404.04356 2.43128063725491
1071.00000 9.28852 9948.00000 542.07722 7.988449754902234
123.00000 19.30081 2374.00000 1644.49683 3.32994791666662
482.00000 13.86929 6685.00000 1182.61088 4.40710784313714
635.00000 13.89921 8826.00000 703.56728 8.13913909313723
76.00000 29.67105 2255.00000 721.74776 2.495925245098066
363.00000 11.33333 4114.00000 445.45998 5.58993566176465
197.00000 30.38579 5986.00000 1192.04376 4.78512561274492
75.00000 26.05333 1954.00000 1076.84918 1.73779105392159
103.00000 36.22330 3731.00000 1274.77712 3.82625612745100
219.00000 35.09589 7686.00000 816.81136 3.93359375000021
209.00000 17.60287 3679.00000 1057.69471 3.29132965686272
490.00000 20.60612 10097.00000 1377.45398 7.44270833333344
90.00000 22.81111 2053.00000 1150.35844 2.57117034313723
845.00000 6.76095 5713.00000 275.88375 3.922640931372705
155.00000 15.65161 2426.00000 1248.30697 2.19707414215688
128.00000 63.82812 8170.00000 906.29985 5.47555147058824
453.00000 6.64018 3008.00000 1387.12992 5.00761335784296
623.00000 19.94864 12428.00000 598.34267 6.14615502450974
186.00000 16.81183 3127.00000 1539.03314 4.47285539215685
270.00000 27.25926 7360.00000 775.35347 7.651593137255126
1153.00000 10.52385 12134.00000 1283.03501 11.96587009803773
172.00000 17.91279 3081.00000 437.03774 2.86446078431364
75.00000 30.64000 2298.00000 549.54554 2.53930759803915
90.00000 23.38889 2105.00000 1422.32690 3.58863357843151
116.00000 13.43103 1558.00000 471.83281 1.89137561274510
574.00000 13.77700 7908.00000 210.19106 6.09335171568618
117.00000 23.82051 2787.00000 1509.70568 1.70791973039217
717.00000 11.35565 8142.00000 807.44359 7.61649816176510
43.00000 31.88372 1371.00000 386.32876 0.78832720588236
431.00000 17.69142 7625.00000 1170.06679 4.57890624999994
710.00000 15.36479 10909.00000 799.88121 11.16956188725436
141.00000 39.78014 5609.00000 439.43146 1.89204963235298
566.00000 9.50883 5382.00000 614.86359 6.16323529411753
28.00000 46.10714 1291.00000 1638.13590 3.35778186274508
108.00000 21.70370 2344.00000 979.55945 1.94724264705882
85.00000 54.31765 4617.00000 1350.27704 2.47140012254897
96.00000 50.43750 4842.00000 591.35366 2.89702818627454
321.00000 19.62305 6299.00000 475.86726 5.43791360294077
