1872.00000 12.68803 23752.00000 504.25928 35.352619485305
930.00000 15.90645 14793.00000 780.03942 15.006081495096
2116.00000 10.18951 21561.00000 326.20930 19.8079810049059
1400.00000 12.31714 17244.00000 1425.18225 15.940012254903
516.00000 16.30814 8415.00000 234.25623 10.4263020833323
2146.00000 8.18500 17565.00000 746.64907 27.2251225490232
1541.00000 18.17586 28009.00000 726.54608 32.243780637261
2263.00000 11.67123 26412.00000 693.84420 29.666773897061
1292.00000 14.59985 18863.00000 698.91635 14.334574142155
1233.00000 15.67964 19333.00000 880.42879 15.7808363970578
1712.00000 6.97021 11933.00000 1088.65540 16.0622702205884
913.00000 37.42169 34166.00000 1465.64560 31.308532475494
964.00000 18.28320 17625.00000 970.29796 22.294071691180
2099.00000 9.37113 19670.00000 715.22008 24.92239583333586
1764.00000 9.14116 16125.00000 288.55406 14.074448529411
1078.00000 26.53061 28600.00000 718.58701 36.745143995108
1799.00000 9.01334 16215.00000 758.93068 22.926164215690
2222.00000 12.66382 28139.00000 828.87552 26.26865808823694
1562.00000 9.68182 15123.00000 929.55929 14.6073988970579
2519.00000 5.23382 13184.00000 706.19090 23.445389093139
1142.00000 11.68301 13342.00000 472.65497 21.372702205886
2273.00000 6.72943 15296.00000 543.73180 17.383210784314
1098.00000 29.24408 32110.00000 623.51835 38.599647671583
1483.00000 20.00202 29663.00000 626.25424 29.2098498774574
1446.00000 5.94537 8597.00000 403.81268 10.2740502450976
1404.00000 16.02279 22496.00000 506.69473 31.8956341911862
918.00000 29.94771 27492.00000 1147.08565 22.975045955887
1215.00000 23.74321 28848.00000 923.05007 31.184819240204
1412.00000 15.14023 21378.00000 874.33744 20.4590533088268
1621.00000 15.90068 25775.00000 648.68821 27.4115808823555
2269.00000 5.72234 12984.00000 790.35389 16.0138020833329
1259.00000 13.82049 17400.00000 932.20573 21.5572763480399
2128.00000 7.41024 15769.00000 669.43409 19.0457261029432
1313.00000 24.91622 32715.00000 588.69629 40.741268382370
1527.00000 16.09365 24575.00000 753.92037 22.758057598039
2250.00000 9.94800 22383.00000 654.24709 26.2751685049045
1098.00000 13.42532 14741.00000 1028.96284 15.627787990194
839.00000 26.54708 22273.00000 631.41278 26.191697303930
682.00000 39.03519 26622.00000 934.38708 26.7899969362806
942.00000 11.09342 10450.00000 180.82662 11.494500612744
1219.00000 16.90648 20609.00000 464.87747 19.058639705885
730.00000 8.09315 5908.00000 579.89267 8.4587622549018
960.00000 32.03854 30757.00000 479.36011 31.195726102952
1194.00000 26.84506 32053.00000 1145.24120 33.4722120098117
1737.00000 7.49799 13024.00000 365.34797 19.9980392156907
729.00000 21.45679 15642.00000 785.12401 16.7928308823544
934.00000 14.27944 13337.00000 603.37681 17.683440563726
1608.00000 8.09328 13014.00000 453.56133 20.0783088235326
1456.00000 19.67788 28651.00000 757.73095 31.1904411764785
961.00000 21.18106 20355.00000 813.62020 26.157720588241
391.00000 6.93606 2712.00000 634.02465 9.2225949754895
1129.00000 8.67759 9797.00000 600.81895 10.645419730391
1727.00000 6.19398 10697.00000 396.21385 15.5811887254896
1023.00000 25.65396 26244.00000 306.35011 25.0550857843224
1546.00000 9.35964 14470.00000 1003.24709 15.0855851715689
1569.00000 7.88400 12370.00000 1056.95468 15.3052236519592
1157.00000 11.25756 13025.00000 885.45517 11.2073835784301
765.00000 6.19869 4742.00000 348.57310 10.234650735293
1473.00000 16.13442 23766.00000 902.40002 22.441666666669
2461.00000 8.60382 21174.00000 746.56538 19.5621017156893
1034.00000 19.17215 19824.00000 384.60827 22.175306372555
783.00000 11.24521 8805.00000 230.20883 11.194745710784
2010.00000 14.09502 28331.00000 640.17590 43.030867034332
1775.00000 6.92958 12300.00000 569.60987 16.607582720589
1528.00000 5.62762 8599.00000 589.15857 13.333333333332
1201.00000 9.76520 11728.00000 465.72543 14.450612745097
2291.00000 7.08075 16222.00000 725.76814 19.927420343139
882.00000 32.53288 28694.00000 808.77238 23.2447150735338
1830.00000 6.40710 11725.00000 338.88740 13.5369332107839
689.00000 6.21771 4284.00000 610.66269 8.5090533088232
1616.00000 12.61696 20389.00000 672.72588 18.470174632354
1423.00000 5.29726 7538.00000 795.27478 11.0775735294107
1577.00000 9.69816 15294.00000 601.53153 23.313556985300
1546.00000 14.40815 22275.00000 556.64712 21.314016544121
1958.00000 4.49694 8805.00000 789.15793 13.7870863970576
675.00000 48.40593 32674.00000 596.70168 30.1497089460884
2006.00000 7.52642 15098.00000 757.23430 20.4946231617661
1041.00000 26.52930 27617.00000 752.26852 24.156587009805
1233.00000 14.45499 17823.00000 658.31831 24.364292279417
1101.00000 12.63306 13909.00000 243.07778 18.636213235296
1810.00000 11.17845 20233.00000 883.90748 25.190916053922
1210.00000 22.92562 27740.00000 986.79370 27.4220741421565
1804.00000 10.08869 18200.00000 1059.52695 17.3098651960792
1555.00000 11.93569 18560.00000 709.03708 22.2460631127487
1141.00000 19.82472 22620.00000 634.55746 26.8495098039281
868.00000 12.20046 10590.00000 717.28668 11.1339307598033
1344.00000 15.52232 20862.00000 398.61938 23.945220588243
1170.00000 13.45726 15745.00000 387.81255 13.9384957107835
908.00000 28.89868 26240.00000 1222.95155 29.713265931381
1150.00000 21.28957 24483.00000 1110.29612 18.1094822303938
813.00000 37.38991 30398.00000 956.73677 31.768137254911
2253.00000 9.50067 21405.00000 714.68965 27.090778186277
1305.00000 16.22835 21178.00000 672.14939 22.7210018382367
1981.00000 11.34326 22471.00000 771.34348 26.85625000000315
1590.00000 7.60189 12087.00000 908.81121 14.0694240196062
1795.00000 9.55153 17145.00000 536.20979 18.8928921568662
1681.00000 6.81440 11455.00000 723.46360 20.5911611519654
619.00000 6.42165 3975.00000 378.76747 9.1351256127446
1435.00000 14.35958 20606.00000 1147.68346 25.8357077205927
1614.00000 11.31908 18269.00000 526.44295 18.0958026960804
2004.00000 10.15419 20349.00000 777.63982 26.942095588241
2104.00000 9.13213 19214.00000 569.02909 19.239414828433
1060.00000 21.96981 23288.00000 669.39007 26.351133578436
1690.00000 16.15562 27303.00000 740.30796 26.3214460784342
1333.00000 7.91973 10557.00000 755.06453 12.643474264704
1226.00000 16.80669 20605.00000 560.19348 20.504090073533
1047.00000 26.94365 28210.00000 811.49148 37.254319852953
1289.00000 15.10473 19470.00000 701.82878 21.1674019607887
1717.00000 12.68666 21783.00000 473.74973 25.2770833333408
1944.00000 6.52160 12678.00000 450.03050 17.776271446080
1861.00000 11.59968 21587.00000 425.33393 43.323498774523
1250.00000 8.84800 11060.00000 619.00452 13.614031862743
1331.00000 19.32457 25721.00000 867.00327 26.777420343144
1578.00000 9.30925 14690.00000 886.80574 16.2287071078438
2118.00000 12.12937 25690.00000 1261.09330 29.1753216911806
1363.00000 5.85547 7981.00000 604.32093 11.363357843136
796.00000 22.43719 17860.00000 1027.88603 19.649157475491
1939.00000 9.44972 18323.00000 1147.56039 19.873897058824
676.00000 29.26183 19781.00000 385.91959 23.1568933823576
1590.00000 7.34025 11671.00000 302.79626 14.450873161764
1583.00000 15.73594 24910.00000 648.37166 30.5283394607925
2183.00000 7.46496 16296.00000 789.36051 20.2147058823558
1173.00000 9.46803 11106.00000 796.26409 13.800873161763
899.00000 30.08009 27042.00000 890.35803 26.4300091911856
1281.00000 14.83450 19003.00000 322.58406 18.3903645833364
1349.00000 5.31134 7165.00000 856.17744 12.2117953431365
2128.00000 4.66165 9920.00000 434.31643 20.849126838237
846.00000 7.62411 6450.00000 560.00056 8.9023437499996
1466.00000 15.99523 23449.00000 742.26003 25.353339460787
2261.00000 7.57983 17138.00000 384.88313 17.8525275735327
1189.00000 9.83263 11691.00000 850.26183 15.769898897057
277.00000 75.50181 20914.00000 953.24579 14.164966299017
1522.00000 15.26544 23234.00000 535.98107 17.3543198529422
2323.00000 10.00947 23252.00000 688.00989 24.79822303921835
2395.00000 7.31608 17522.00000 564.52116 15.6708026960773
1299.00000 9.57583 12439.00000 849.62419 15.323330269606
1578.00000 13.70596 21628.00000 461.85390 29.66844362745746
848.00000 5.47524 4643.00000 639.68880 9.4902573529407
1913.00000 7.10559 13593.00000 767.23167 21.573192401963
1633.00000 10.97795 17927.00000 647.18948 16.1503370098034
1321.00000 6.01438 7945.00000 427.64830 10.2724264705873
1301.00000 10.57341 13756.00000 717.81212 20.479488357847
1617.00000 13.16759 21292.00000 581.18837 28.9131433823599
940.00000 30.83830 28988.00000 1128.19110 34.436182598046
996.00000 21.86446 21777.00000 1291.04687 27.065134803925
110.00000 12.87273 1416.00000 447.76269 6.2696997549018
930.00000 32.35591 30091.00000 470.87651 34.232919730404
1987.00000 3.87519 7700.00000 649.82367 19.85579044117715
1194.00000 12.55695 14993.00000 566.36476 15.506617647057
1623.00000 8.53420 13851.00000 447.04283 13.5744332107838
1765.00000 6.98357 12326.00000 315.60290 19.108578431375
1956.00000 6.59867 12907.00000 498.31917 18.5295189951002
1023.00000 13.17889 13482.00000 392.21258 19.550306372552
1725.00000 9.38261 16185.00000 529.22391 22.5454350490243
1124.00000 4.92705 5538.00000 891.51805 14.5830269607834
2294.00000 6.88361 15791.00000 540.17178 21.84687500000316
1799.00000 12.81490 23054.00000 369.32283 30.1013020833418
1760.00000 9.46250 16654.00000 1355.30139 17.972870710786
1799.00000 9.68760 17428.00000 617.73005 13.633685661763
980.00000 5.98571 5866.00000 238.07193 11.6006127450973
1122.00000 10.49643 11777.00000 500.17746 12.140364583332
1665.00000 9.38979 15634.00000 715.94108 17.8035539215701
1108.00000 10.67599 11829.00000 935.25914 15.7489889705887
1744.00000 7.54300 13155.00000 646.65909 15.3780330882349
2354.00000 8.86279 20863.00000 735.89739 17.492693014707
2407.00000 7.58455 18256.00000 573.61328 23.042141544123
1770.00000 9.17797 16245.00000 442.68002 20.3958639705934
1744.00000 9.44782 16477.00000 441.01544 15.082184436273
1159.00000 9.31061 10791.00000 811.51105 12.1228707107834
1357.00000 8.25940 11208.00000 508.11094 19.419684436278
255.00000 45.58039 11623.00000 330.16857 10.805484068627
1977.00000 5.85331 11572.00000 772.84231 16.3455116421568
2038.00000 6.56330 13376.00000 491.92088 18.5545036764733
831.00000 26.97714 22418.00000 401.22505 26.7165287990286
1086.00000 25.28269 27457.00000 609.46146 27.598345588244
1831.00000 8.86455 16231.00000 651.56362 14.0721660539206
635.00000 19.43780 12343.00000 740.53548 20.359926470591
1299.00000 12.36721 16065.00000 378.75819 15.1827818627441
1263.00000 11.52969 14562.00000 818.10161 17.8893075980397
1575.00000 18.14413 28577.00000 645.92166 27.1860447303993
1441.00000 8.25607 11897.00000 307.35455 20.136121323533
893.00000 9.74020 8698.00000 940.26533 12.3625765931367
992.00000 33.95161 33680.00000 742.47154 31.5272977941247
1388.00000 18.46902 25635.00000 642.04522 27.6169117647123
1335.00000 13.50487 18029.00000 637.47126 18.9372855392192
628.00000 13.38057 8403.00000 675.18736 16.524938725489
1341.00000 14.85384 19919.00000 823.97076 22.122028186279
1713.00000 3.47811 5958.00000 375.81422 12.9747549019591
1656.00000 9.94324 16466.00000 746.55702 23.5111366421591
1056.00000 7.08428 7481.00000 477.31550 8.8477787990191
654.00000 38.70183 25311.00000 895.68849 28.436121323537
915.00000 5.39563 4937.00000 683.27678 9.6852941176467
1512.00000 7.15542 10819.00000 531.51649 20.6281709558858
1273.00000 8.44148 10746.00000 474.06232 24.6245710784351
733.00000 4.99454 3661.00000 620.25711 7.3447916666665
2309.00000 9.71719 22437.00000 382.99948 32.7526194852964
1437.00000 11.82603 16994.00000 705.17306 21.3310508578478
686.00000 12.37755 8491.00000 807.39427 9.0499999999993
1225.00000 15.92816 19512.00000 490.60085 18.7341911764733
1488.00000 19.31788 28745.00000 747.91933 29.892340686279
912.00000 42.78509 39020.00000 787.53240 43.1397058823706
1129.00000 17.79539 20091.00000 929.79003 24.0793351715729
2048.00000 6.54443 13403.00000 350.04725 11.2430606617647
2631.00000 8.44394 22216.00000 728.43422 27.136504289220
1215.00000 7.20576 8755.00000 753.27127 11.0822610294107
1356.00000 11.75221 15936.00000 488.31370 10.9252604166651
680.00000 19.88971 13525.00000 678.30925 14.993060661764
1242.00000 8.81643 10950.00000 377.39644 10.8786305147054
815.00000 14.17914 11556.00000 424.07744 14.681832107843
1332.00000 19.96922 26599.00000 1185.99400 33.961136642164
1756.00000 16.19989 28447.00000 1208.83613 42.344209558831
1685.00000 11.46825 19324.00000 751.97926 25.410064338241
1408.00000 14.99574 21114.00000 849.97766 17.3154411764703
1464.00000 13.25137 19400.00000 261.73719 19.639705882357
319.00000 23.70846 7563.00000 279.20177 7.7761029411770
1790.00000 9.86425 17657.00000 749.98714 17.956939338237
1874.00000 14.67823 27507.00000 743.68805 32.658394607852
2045.00000 7.29682 14922.00000 732.55323 18.453446691179
1440.00000 14.10486 20311.00000 526.78641 20.483746936276
926.00000 8.18143 7576.00000 702.88357 11.087852328429
1755.00000 5.26382 9238.00000 765.59943 18.628569240198
1392.00000 7.06609 9836.00000 501.82383 11.6498008578427
1707.00000 13.25308 22623.00000 678.84460 23.513495710789
1597.00000 16.28992 26015.00000 708.18921 27.648284313733
1960.00000 7.82500 15337.00000 615.90647 18.321875000003
1526.00000 6.73853 10283.00000 675.08970 12.8191789215678
1434.00000 7.92329 11362.00000 126.96606 10.7601715686268
1540.00000 7.55974 11642.00000 728.15788 14.257138480391
1776.00000 11.31588 20097.00000 983.67193 21.3768535539254
1471.00000 15.00272 22069.00000 941.16406 25.3172947303974
1009.00000 15.05649 15192.00000 546.31893 18.5293045343155
2577.00000 6.67326 17197.00000 662.27321 23.483425245102
898.00000 7.58909 6815.00000 209.79578 9.0210324754897
947.00000 19.16684 18151.00000 964.67720 18.960033700983
1105.00000 36.98190 40865.00000 830.56670 46.067447916680
573.00000 9.76265 5594.00000 338.39341 10.515042892155
958.00000 13.58873 13018.00000 611.40359 13.177879901959
1153.00000 7.61752 8783.00000 955.84552 13.984512867645
649.00000 9.50847 6171.00000 391.42992 10.485125612743
1208.00000 17.01656 20556.00000 861.43461 22.732720588240
1603.00000 19.11666 30644.00000 1225.53761 24.590257352942
1617.00000 13.30550 21515.00000 693.67568 21.992631740200
937.00000 15.23586 14276.00000 576.42610 13.4958026960777
1868.00000 13.39989 25031.00000 882.66402 27.3172334558896
1956.00000 6.33282 12387.00000 764.52110 20.8755208333369
1033.00000 16.69022 17241.00000 776.61082 18.2116421568662
1634.00000 7.81701 12773.00000 637.59676 16.2267922794115
822.00000 14.16910 11647.00000 594.13815 14.593213848038
1499.00000 16.53903 24792.00000 715.00582 19.41089154411926
844.00000 5.05924 4270.00000 689.04398 11.1312959558813
388.00000 5.20103 2018.00000 336.24779 8.6542738970585
637.00000 49.59184 31590.00000 937.14774 32.363020833345
1627.00000 8.84511 14391.00000 924.77284 17.497395833333
1683.00000 10.50624 17682.00000 706.34107 20.7202512254944
2467.00000 7.58006 18700.00000 1416.85191 25.29178921568925
1136.00000 32.80898 37271.00000 663.27986 37.4107230392295
1356.00000 18.79351 25484.00000 788.16186 25.8464767156916
1314.00000 18.56393 24393.00000 697.62374 29.605698529416
1797.00000 9.52198 17111.00000 732.39175 18.005208333335
1793.00000 14.05466 25200.00000 856.10691 21.797181372550
1437.00000 8.24983 11855.00000 543.70313 16.1821844362743
473.00000 45.08668 21326.00000 953.86442 24.157475490201
1242.00000 16.83092 20904.00000 909.75974 20.836504289219
961.00000 30.73465 29536.00000 434.10906 27.8603707107929
1083.00000 16.90674 18310.00000 1093.89310 20.566559436278
1564.00000 10.16432 15897.00000 699.01675 17.4032169117668
2108.00000 9.44924 19919.00000 722.97909 25.7129901960832
974.00000 30.18789 29403.00000 458.38243 30.216850490207
1237.00000 17.03153 21068.00000 685.71037 22.492846200985
1238.00000 11.66236 14438.00000 906.67478 12.960263480391
1363.00000 13.02201 17749.00000 727.56124 18.619087009806
633.00000 15.48183 9800.00000 514.40776 11.9065870098024
1779.00000 15.38449 27369.00000 718.81780 23.377650122551
1301.00000 11.63874 15142.00000 719.68801 16.887193627452
1012.00000 28.09783 28435.00000 889.27618 25.7284007353009
868.00000 15.34332 13318.00000 337.57937 9.8206188725493
1840.00000 7.62283 14026.00000 1073.34230 13.672150735293
790.00000 14.13038 11163.00000 268.15412 11.6672640931352
818.00000 14.32396 11717.00000 756.84452 14.203431372548
863.00000 16.37543 14132.00000 698.05293 11.9558823529406
885.00000 7.63955 6761.00000 274.32978 8.4689797794115
1317.00000 14.51481 19116.00000 1141.18966 23.1245863970625
2274.00000 11.46174 26064.00000 812.43285 23.36164215686434
550.00000 46.64364 25654.00000 938.36777 27.1041973039293
1440.00000 17.12708 24663.00000 815.36182 20.3383272058849
929.00000 12.78364 11876.00000 550.81984 16.9600949754907
642.00000 17.13240 10999.00000 286.65071 13.2151348039214
1305.00000 18.36015 23960.00000 821.92434 22.3536917892187
1869.00000 10.29267 19237.00000 1226.65064 23.231770833336
952.00000 14.10714 13430.00000 328.38757 15.497809436273
1787.00000 11.12087 19873.00000 880.99934 19.1410845588251
1971.00000 10.67580 21042.00000 1134.70551 20.635171568629
