410.00000 29.65610 12159.00000 695.86630 9.2736825980390
777.00000 9.82111 7631.00000 816.79276 12.8958333333321
680.00000 9.73088 6617.00000 825.27016 9.8102175245094
613.00000 26.98858 16544.00000 655.13189 14.1441482843124
580.00000 15.68966 9100.00000 589.38892 12.3159773284304
378.00000 15.23810 5760.00000 770.27888 6.49094669117615
321.00000 36.82243 11820.00000 872.14417 10.02702205882267
256.00000 34.26172 8771.00000 748.43239 8.74414828431383
356.00000 14.16292 5042.00000 968.18369 7.0758118872549
450.00000 17.65778 7946.00000 891.49782 9.38615196078445
636.00000 15.42610 9811.00000 764.98698 9.6259344362739
767.00000 14.46806 11097.00000 862.82121 13.31403186274426
608.00000 22.41612 13629.00000 851.56005 12.4254901960777
858.00000 21.50233 18449.00000 1021.06238 16.81790747548857
645.00000 8.86512 5718.00000 507.37587 9.82768075980405
376.00000 39.02394 14673.00000 716.81562 20.31568627451162
345.00000 38.90435 13422.00000 1371.58567 11.380867034312
595.00000 24.11765 14350.00000 868.15189 13.75029105392086
675.00000 11.45630 7733.00000 653.64610 11.8636642156852
403.00000 24.04963 9692.00000 754.37340 9.10147058823493
596.00000 18.42953 10984.00000 671.56348 10.5371629901951
496.00000 18.33065 9092.00000 762.98193 9.4126991421564
361.00000 21.77562 7861.00000 613.31295 9.4369332107839
473.00000 26.98309 12763.00000 735.32729 13.6219975490193
661.00000 14.16641 9364.00000 911.01269 9.1777420343137
267.00000 47.91011 12792.00000 647.51300 11.57866115196014
424.00000 23.70283 10050.00000 1217.37860 9.02752757352936
537.00000 17.16015 9215.00000 998.82084 10.6999234068624
528.00000 10.98864 5802.00000 472.12477 9.65153186274496
426.00000 40.06103 17066.00000 1163.48328 13.44129901960717
441.00000 16.85488 7433.00000 681.07805 10.0340379901968
482.00000 18.42946 8883.00000 774.82514 11.6841758578432
591.00000 17.81218 10527.00000 795.10687 13.35473345588224
723.00000 12.46473 9012.00000 565.70987 12.5963848039218
639.00000 12.07512 7716.00000 548.35245 11.14015012254866
572.00000 22.82517 13056.00000 594.84794 15.04937193627423
725.00000 11.30069 8193.00000 818.20300 10.559344362744
388.00000 41.69845 16179.00000 378.41588 11.54397977941237
369.00000 17.96748 6630.00000 864.88641 6.4936580882351
549.00000 18.90893 10381.00000 722.24649 16.180055147058
510.00000 18.87647 9627.00000 805.15551 10.77060355392167
262.00000 45.96947 12044.00000 857.62588 10.07221200980375
442.00000 18.24208 8063.00000 958.86793 9.60968137254907
637.00000 14.29356 9105.00000 600.04959 12.93619791666634
399.00000 14.23058 5678.00000 916.90044 6.13714767156857
404.00000 36.82178 14876.00000 467.66130 11.846645220587
449.00000 36.21826 16262.00000 1009.52229 15.7354166666643
686.00000 26.72303 18332.00000 1044.84535 18.2513327205888
701.00000 14.24964 9989.00000 643.19027 14.3083946078423
691.00000 11.66425 8060.00000 476.24940 11.5485600490188
591.00000 13.27580 7846.00000 732.55783 11.68900122549095
656.00000 15.36128 10077.00000 906.88945 14.5119791666667
534.00000 23.33146 12459.00000 626.84747 13.3846200980384
344.00000 18.60465 6400.00000 964.99049 9.0543504901962
717.00000 15.19805 10897.00000 660.62933 13.97709865196023
324.00000 39.82407 12903.00000 1025.66517 10.89937193627357
468.00000 27.89957 13057.00000 746.85885 14.0635110294126
571.00000 19.16462 10943.00000 671.73087 13.56946997549097
502.00000 26.79283 13450.00000 610.23344 11.7878829656853
378.00000 31.19841 11793.00000 781.20216 13.4130974264691
568.00000 15.35387 8721.00000 771.89508 8.70355392156863
492.00000 13.23780 6513.00000 677.59846 7.29918811274525
369.00000 14.56911 5376.00000 778.02499 7.12225796568646
491.00000 21.22811 10423.00000 429.51347 11.65215992647013
440.00000 21.62273 9514.00000 757.93176 7.6143382352938
461.00000 15.17137 6994.00000 886.61700 7.75494791666634
583.00000 17.43568 10165.00000 576.14430 14.754932598038
618.00000 22.67314 14012.00000 716.99252 13.44477634803815
505.00000 20.28119 10242.00000 853.92159 10.4961397058815
453.00000 21.20309 9605.00000 704.66973 8.6873927696077
436.00000 24.20183 10552.00000 777.65427 10.61674325980306
389.00000 22.23393 8649.00000 737.16094 10.581433823528
601.00000 24.29285 14600.00000 1102.43255 12.9800551470595
573.00000 21.35079 12234.00000 376.09227 12.26087622548955
547.00000 15.55759 8510.00000 582.32580 12.32928921568515
316.00000 43.62342 13785.00000 880.60175 15.8202359068617
632.00000 14.02373 8863.00000 722.54724 12.57886029411847
479.00000 27.73695 13286.00000 747.90734 10.524234068626
535.00000 14.85234 7946.00000 786.21595 8.77472426470632
361.00000 37.49030 13534.00000 775.14304 12.686963848038
436.00000 17.30275 7544.00000 403.91354 7.5027573529415
577.00000 19.63085 11327.00000 645.95792 15.2874846813722
453.00000 26.79249 12137.00000 797.53170 11.4016237745084
153.00000 52.37255 8013.00000 789.01313 6.31989889705846
376.00000 23.41223 8803.00000 832.40540 8.15208333333333
408.00000 17.80882 7266.00000 945.86952 7.8509803921570
650.00000 18.07385 11748.00000 631.82558 14.044837622548
515.00000 15.14563 7800.00000 705.42807 11.20099571078343
420.00000 23.73333 9968.00000 724.70106 13.0210477941176
489.00000 46.44376 22711.00000 624.25364 23.161902573533
556.00000 21.72302 12078.00000 797.10450 11.89898897058795
717.00000 11.64993 8353.00000 518.88860 12.140655637254
346.00000 20.92197 7239.00000 241.68161 6.8262867647055
610.00000 18.83607 11490.00000 801.24509 14.4252757352938
514.00000 26.95331 13854.00000 1136.91929 12.22599571078274
273.00000 29.32601 8006.00000 673.70575 8.4498008578430
539.00000 12.48609 6730.00000 1209.10531 7.27112438725487
535.00000 32.73084 17511.00000 597.08172 13.07562806372476
537.00000 24.93110 13388.00000 985.93483 12.148268995096
317.00000 38.38801 12169.00000 290.14895 9.7544730392163
432.00000 25.35648 10954.00000 668.38375 9.2064644607846
781.00000 12.76953 9973.00000 698.59245 14.2712009803919
531.00000 17.50471 9295.00000 632.55578 11.19829963235233
630.00000 13.68254 8620.00000 651.88917 12.324938725489
412.00000 18.11408 7463.00000 698.80740 7.15430453431347
229.00000 26.53275 6076.00000 890.93503 6.23809742647013
472.00000 32.30720 15249.00000 774.80119 15.9696691176463
300.00000 22.67000 6801.00000 1101.43560 7.6852328431375
683.00000 19.68960 13448.00000 857.67867 14.0647058823525
571.00000 22.15937 12653.00000 670.96248 13.3876378676466
126.00000 82.30952 10371.00000 1098.29223 10.5266544117646
456.00000 46.21711 21075.00000 1013.38882 17.459635416666
596.00000 14.79698 8819.00000 682.64941 12.26099877450947
436.00000 20.97018 9143.00000 1110.99264 8.31643688725534
680.00000 20.98529 14270.00000 776.02696 11.2688572303918
454.00000 25.74890 11690.00000 1003.57755 13.1932138480389
287.00000 45.92683 13181.00000 962.21490 13.0553308823512
467.00000 17.77944 8303.00000 298.90344 9.5422640931369
273.00000 41.37729 11296.00000 758.69881 11.0959405637253
712.00000 14.86657 10585.00000 597.87803 12.5130208333329
707.00000 12.32815 8716.00000 512.91693 12.5749540441171
665.00000 18.18797 12095.00000 768.43719 11.35257352941045
222.00000 47.02703 10440.00000 1090.05274 13.8042126225481
384.00000 23.72396 9110.00000 814.55639 9.1782781862744
445.00000 20.24045 9007.00000 757.57648 10.8081801470588
404.00000 22.34653 9028.00000 337.94045 10.2775428921566
576.00000 29.22222 16832.00000 776.99967 14.4941329656857
509.00000 27.95678 14230.00000 748.84435 11.7387561274492
379.00000 23.16095 8778.00000 1050.94356 12.6181832107842
626.00000 15.97923 10003.00000 657.51832 12.50136335784355
427.00000 17.59719 7514.00000 754.36882 8.09250919117617
381.00000 16.71916 6370.00000 728.60288 9.0878063725489
307.00000 30.72964 9434.00000 1066.51396 8.2554534313727
324.00000 38.04321 12326.00000 664.26517 10.1245098039209
489.00000 15.76278 7708.00000 642.72004 10.801562499999
611.00000 22.41080 13693.00000 762.09501 14.330744485293
488.00000 17.68852 8632.00000 688.71435 6.29957107843134
328.00000 14.84756 4870.00000 681.38309 6.5836090686272
425.00000 17.63765 7496.00000 793.07918 7.4787837009803
355.00000 35.73803 12687.00000 1457.92193 11.39566482842974
509.00000 16.84086 8572.00000 764.63467 14.2287990196084
515.00000 19.31456 9947.00000 684.88396 11.632996323529
685.00000 10.12701 6937.00000 643.82563 10.9106617647057
591.00000 18.09306 10693.00000 601.54043 14.23733149509865
373.00000 35.34584 13184.00000 687.84461 10.5719975490187
424.00000 12.23349 5187.00000 1024.80491 7.5664062500001
614.00000 18.51629 11369.00000 773.93532 12.7272212009804
634.00000 14.79022 9377.00000 829.80290 10.1207720588224
712.00000 14.66292 10440.00000 577.27265 10.98544730392013
357.00000 25.89356 9244.00000 716.24767 12.44525122548902
785.00000 10.71720 8413.00000 713.99774 12.2979319852936
488.00000 18.30943 8935.00000 849.36641 11.4346813725485
828.00000 15.21135 12595.00000 828.43299 16.328339460784
431.00000 15.44084 6655.00000 811.41576 9.8859068627450
395.00000 25.29620 9992.00000 646.11655 8.3476102941175
393.00000 23.51145 9240.00000 673.61298 9.7238204656858
382.00000 25.17539 9617.00000 806.71668 7.3073069852941
279.00000 38.34050 10697.00000 1398.76892 9.0705116421561
439.00000 30.10934 13218.00000 737.85932 9.91917892156826
534.00000 16.01311 8551.00000 530.68558 12.71446078431303
506.00000 24.32609 12309.00000 1077.35221 13.372365196077
403.00000 22.09429 8904.00000 978.42226 9.6360447303921
420.00000 29.35714 12330.00000 1309.05613 10.8223192401944
773.00000 12.71669 9830.00000 920.74061 13.8199754901953
723.00000 16.20470 11716.00000 898.34840 12.38710171568587
345.00000 33.65797 11612.00000 1098.30623 9.96726409313613
695.00000 28.21871 19612.00000 867.34883 19.6087316176488
674.00000 10.89169 7341.00000 524.34757 11.5356464460783
792.00000 15.05051 11920.00000 873.24431 15.5640165441183
578.00000 16.12457 9320.00000 701.36894 9.9918045343135
540.00000 20.11852 10864.00000 658.06059 14.08818933823413
757.00000 8.25627 6250.00000 480.38509 10.65589767156854
518.00000 15.06178 7802.00000 547.48791 11.4329350490198
397.00000 29.61713 11758.00000 769.27881 12.19590992646934
422.00000 36.17773 15267.00000 405.96046 11.3534620098034
680.00000 18.22353 12392.00000 701.82410 10.3850949754893
560.00000 18.63929 10438.00000 731.08752 11.43694852941135
468.00000 14.77564 6915.00000 794.13749 10.04692095588264
752.00000 16.26596 12232.00000 754.21070 14.21056985294047
165.00000 38.40606 6337.00000 785.29172 5.2858302696075
430.00000 17.89302 7694.00000 1007.48332 10.28509497549053
675.00000 14.02074 9464.00000 677.57013 12.678875612744
551.00000 16.97096 9351.00000 683.42737 10.2317861519603
662.00000 16.91692 11199.00000 838.80664 12.00073529411653
374.00000 46.00000 17204.00000 1178.80412 15.6666207107834
658.00000 19.25380 12669.00000 839.78271 16.12310049019626
677.00000 10.96160 7421.00000 661.16041 10.63661151960704
462.00000 32.84199 15173.00000 1013.61508 13.6160539215678
426.00000 13.79577 5877.00000 762.82516 8.4320925245100
492.00000 13.41463 6600.00000 855.75111 9.2131127450979
553.00000 10.77034 5956.00000 491.66224 10.606035539215
638.00000 21.98746 14028.00000 541.41547 14.2850183823518
295.00000 28.41356 8382.00000 698.11935 10.3889552696064
647.00000 26.44822 17112.00000 634.93272 14.7978707107837
613.00000 17.76020 10887.00000 714.36676 6.77604166666698
532.00000 21.82895 11613.00000 731.24259 9.4166666666664
459.00000 24.98039 11466.00000 939.02289 12.014522058822
678.00000 18.00000 12204.00000 679.58737 15.019914215686
780.00000 16.61667 12961.00000 682.75231 16.3745557598041
358.00000 22.14525 7928.00000 1114.59715 8.0261182598044
605.00000 17.91240 10837.00000 802.88639 10.1304381127443
467.00000 20.21842 9442.00000 718.25371 11.9719669117644
256.00000 48.62891 12449.00000 710.64297 10.74149816176467
522.00000 13.83333 7221.00000 491.00474 11.5427083333325
751.00000 15.95473 11982.00000 547.40290 16.88696384803906
254.00000 21.37402 5429.00000 1003.79425 5.6218137254899
368.00000 33.18478 12212.00000 451.35092 10.07711397058716
421.00000 17.47268 7356.00000 1034.59091 9.04886642156836
560.00000 15.53571 8700.00000 656.83913 11.4945465686274
385.00000 29.72468 11444.00000 1396.68361 15.4871783088224
495.00000 21.96162 10871.00000 746.19639 10.14696691176425
621.00000 22.06441 13702.00000 690.54554 13.3796109068614
408.00000 56.20588 22932.00000 868.19095 31.7371017156959
677.00000 26.37814 17858.00000 570.55907 19.3628216911808
482.00000 22.00830 10608.00000 829.75029 10.85242034313653
712.00000 17.65590 12571.00000 1075.13394 13.03938419117516
456.00000 37.53509 17116.00000 710.55525 12.095909926469
435.00000 16.69885 7264.00000 752.81949 8.2778645833336
495.00000 16.67879 8256.00000 861.61284 13.4235600490205
876.00000 13.17922 11545.00000 641.35297 16.5976256127457
605.00000 16.26446 9840.00000 848.31189 12.5898131127446
611.00000 14.56628 8900.00000 651.57145 11.1598039215678
537.00000 24.35754 13080.00000 602.99085 11.2960631127443
551.00000 15.49002 8535.00000 843.65097 8.4569852941176
381.00000 30.13911 11483.00000 1007.35652 10.41099877450996
278.00000 22.60072 6283.00000 1223.20984 7.84869791666695
421.00000 16.91924 7123.00000 715.17553 8.2283394607842
510.00000 20.64902 10531.00000 967.26189 12.15736825980306
911.00000 12.33480 11237.00000 615.61644 14.68483455882346
591.00000 13.88156 8204.00000 712.10637 12.0686427696081
495.00000 24.95960 12355.00000 823.42281 11.46663602941084
414.00000 35.56280 14723.00000 1298.78940 12.311029411763
533.00000 17.63415 9399.00000 706.54801 14.69149816176455
498.00000 22.68273 11296.00000 689.59200 14.26145833333235
568.00000 17.91373 10175.00000 877.31564 10.9365808823523
542.00000 18.35978 9951.00000 744.27507 13.317984068627
366.00000 18.33333 6710.00000 615.94766 10.2630361519602
376.00000 19.30053 7257.00000 1003.23737 8.24558823529407
862.00000 10.62761 9161.00000 780.11749 12.25916053921526
646.00000 16.27554 10514.00000 656.73233 10.201577818626
601.00000 23.61231 14191.00000 979.36199 14.0210631127437
896.00000 13.37165 11981.00000 648.86926 11.49816176470454
690.00000 11.27681 7781.00000 871.90062 11.8090992647056
602.00000 15.32558 9226.00000 536.62097 13.1743872549016
565.00000 16.44779 9293.00000 578.20262 9.20162377450945
361.00000 19.89751 7183.00000 887.22914 8.33063725490244
582.00000 11.35223 6607.00000 751.95253 10.0553462009804
299.00000 23.93311 7156.00000 1009.71968 9.8703431372551
681.00000 28.22173 19219.00000 782.74470 22.28164828431667
353.00000 16.92068 5973.00000 762.88261 6.1252757352939
274.00000 20.15693 5523.00000 780.16465 6.0230085784313
592.00000 16.54054 9792.00000 965.58324 10.5729473039212
327.00000 30.24159 9889.00000 572.49448 6.4988357843135
330.00000 25.26970 8339.00000 701.68553 11.6209865196078
267.00000 34.65543 9253.00000 1152.68706 9.5986825980388
523.00000 23.13958 12102.00000 635.53082 9.2877297794116
407.00000 18.84521 7670.00000 1220.11991 6.7130974264704
491.00000 12.09572 5939.00000 1163.16875 6.57939644607844
567.00000 26.26279 14891.00000 836.65787 14.95206801470557
615.00000 28.60976 17595.00000 814.44499 15.30847120097822
308.00000 54.64286 16830.00000 1105.16532 12.66228553921455
446.00000 30.69058 13688.00000 1198.94854 12.7961856617625
422.00000 17.39100 7339.00000 639.28157 10.0512561274509
439.00000 22.20501 9748.00000 722.27061 11.84096200980395
631.00000 21.52298 13581.00000 933.36045 12.34365808823437
431.00000 30.26682 13045.00000 689.41597 11.7732383578428
418.00000 18.87560 7890.00000 676.89526 8.4235906862744
702.00000 10.53989 7399.00000 1148.58950 10.9178768382344
281.00000 33.62633 9449.00000 493.64587 8.48728553921545
699.00000 23.62947 16517.00000 687.41328 14.3160079656852
559.00000 27.97853 15640.00000 727.07059 14.61306678921425
765.00000 18.76340 14354.00000 777.12965 18.2146905637275
748.00000 20.88503 15622.00000 670.99428 19.692754289218
369.00000 36.48238 13462.00000 713.88754 11.7870404411759
462.00000 21.70779 10029.00000 1178.61489 8.4036764705884
464.00000 13.06034 6060.00000 345.31318 6.75447303921556
531.00000 18.91714 10045.00000 849.24932 10.887699142155
275.00000 48.02909 13208.00000 903.66380 12.304120710783
704.00000 15.99574 11261.00000 866.73424 17.40101102941206
751.00000 10.25033 7698.00000 797.66881 12.651930147058
545.00000 19.54495 10652.00000 697.55392 10.49531249999814
461.00000 48.27332 22254.00000 663.82087 22.81515012255259
573.00000 17.57068 10068.00000 640.35079 13.45148590686275
454.00000 23.90749 10854.00000 1047.66236 8.3755821078431
703.00000 20.04125 14089.00000 588.05969 14.4795496323529
727.00000 10.93535 7950.00000 729.00211 13.3450827205882
690.00000 14.32464 9884.00000 712.59754 14.3803002450961
526.00000 34.81179 18311.00000 867.59687 22.31401654411876
611.00000 17.17840 10496.00000 649.48721 10.6378829656852
540.00000 15.67593 8465.00000 616.50499 11.27022058823407
895.00000 12.86369 11513.00000 918.87876 13.23628982843066
685.00000 15.69343 10750.00000 683.87820 11.044439338234
