29.63280 -9.93158 14.05741 504.25928 504.25928 504.25928
41.96403 0.19023 -8.33385 780.03942 780.03942 780.03942
31.26856 6.46607 11.94929 326.20930 326.20930 326.20930
54.36580 -1.73962 26.44770 1425.18225 1425.18225 1425.18225
18.08856 -3.79056 10.54950 234.25623 234.25623 234.25623
50.39113 -6.07772 8.69063 746.64907 746.64907 746.64907
45.37013 5.94265 40.15253 726.54608 726.54608 726.54608
51.42988 -7.03973 21.57372 693.84420 693.84420 693.84420
41.91223 -0.29391 34.70530 698.91635 698.91635 698.91635
50.73929 -4.08342 -10.30482 880.42879 880.42879 880.42879
43.79277 -8.87390 6.00112 1088.65540 1088.65540 1088.65540
60.94477 -18.41776 36.58576 1465.64560 1465.64560 1465.64560
45.97694 -12.36367 14.52150 970.29796 970.29796 970.29796
48.60300 -6.74979 10.90945 715.22008 715.22008 715.22008
18.43439 -9.65865 13.25451 288.55406 288.55406 288.55406
38.00802 -4.96670 5.14038 718.58701 718.58701 718.58701
43.36486 -7.51362 8.58291 758.93068 758.93068 758.93068
52.63802 -4.26023 39.39041 828.87552 828.87552 828.87552
60.63249 0.71231 -1.06187 929.55929 929.55929 929.55929
54.17226 -0.00014 4.05561 706.19090 706.19090 706.19090
34.62318 2.76175 0.17379 472.65497 472.65497 472.65497
41.61416 -8.84767 10.49738 543.73180 543.73180 543.73180
36.23741 -6.39243 11.28075 623.51835 623.51835 623.51835
43.03958 3.84816 36.90082 626.25424 626.25424 626.25424
46.40344 6.38344 19.96287 403.81268 403.81268 403.81268
34.28037 -0.81577 10.63596 506.69473 506.69473 506.69473
45.70765 -17.69537 34.54364 1147.08565 1147.08565 1147.08565
47.78568 -12.49744 20.55640 923.05007 923.05007 923.05007
55.49422 -7.75727 17.20397 874.33744 874.33744 874.33744
49.08993 1.84785 16.83431 648.68821 648.68821 648.68821
36.13325 -16.55648 20.96984 790.35389 790.35389 790.35389
60.33627 4.75719 8.08488 932.20573 932.20573 932.20573
52.75066 -3.52225 8.15938 669.43409 669.43409 669.43409
38.65740 0.27940 3.83653 588.69629 588.69629 588.69629
54.26992 10.72730 7.25184 753.92037 753.92037 753.92037
50.35699 -4.54657 16.49050 654.24709 654.24709 654.24709
45.68021 3.89189 -21.45127 1028.96284 1028.96284 1028.96284
27.65117 -1.82902 0.23611 631.41278 631.41278 631.41278
45.43590 -0.02026 -8.32436 934.38708 934.38708 934.38708
15.57708 -3.71996 2.83991 180.82662 180.82662 180.82662
37.73852 2.02627 3.97800 464.87747 464.87747 464.87747
43.97478 -6.42569 25.64877 579.89267 579.89267 579.89267
37.86844 12.24614 21.72505 479.36011 479.36011 479.36011
58.46809 4.17403 33.06444 1145.24120 1145.24120 1145.24120
29.19609 -6.19092 9.61135 365.34797 365.34797 365.34797
41.75280 2.57309 -9.60923 785.12401 785.12401 785.12401
34.88715 -10.55205 12.43164 603.37681 603.37681 603.37681
34.60584 -9.22130 13.92787 453.56133 453.56133 453.56133
38.60957 -13.28067 25.40854 757.73095 757.73095 757.73095
46.73975 -12.37290 23.05205 813.62020 813.62020 813.62020
47.09492 -7.77550 22.76369 634.02465 634.02465 634.02465
46.37010 -5.94208 17.22794 600.81895 600.81895 600.81895
23.23092 -8.04197 14.35484 396.21385 396.21385 396.21385
21.91549 -2.04107 -2.54966 306.35011 306.35011 306.35011
38.92283 -25.61361 27.47718 1003.24709 1003.24709 1003.24709
52.46201 -14.55450 5.86512 1056.95468 1056.95468 1056.95468
57.28121 2.35812 -3.95459 885.45517 885.45517 885.45517
34.63158 -7.60818 13.28116 348.57310 348.57310 348.57310
49.24508 -4.86581 -8.46670 902.40002 902.40002 902.40002
41.12441 -16.88235 5.83085 746.56538 746.56538 746.56538
26.82800 -0.31683 5.84791 384.60827 384.60827 384.60827
15.53458 -0.25041 6.77026 230.20883 230.20883 230.20883
36.51517 -3.76576 2.41756 640.17590 640.17590 640.17590
48.60238 -4.19422 17.23587 569.60987 569.60987 569.60987
39.28147 -12.57437 12.78376 589.15857 589.15857 589.15857
27.11951 1.44950 -17.58708 465.72543 465.72543 465.72543
37.38531 -20.14521 18.41745 725.76814 725.76814 725.76814
47.26592 -9.73841 11.41406 808.77238 808.77238 808.77238
37.89720 1.15661 22.98301 338.88740 338.88740 338.88740
51.27726 -6.19688 17.74057 610.66269 610.66269 610.66269
49.55742 -7.33214 12.57287 672.72588 672.72588 672.72588
37.18576 -16.63072 25.12489 795.27478 795.27478 795.27478
27.98118 -15.50135 12.49659 601.53153 601.53153 601.53153
37.48034 -2.13803 27.74892 556.64712 556.64712 556.64712
39.43492 -15.87424 26.21402 789.15793 789.15793 789.15793
42.66389 12.16920 21.39233 596.70168 596.70168 596.70168
50.33651 -9.48884 23.65879 757.23430 757.23430 757.23430
51.88870 0.70260 15.79283 752.26852 752.26852 752.26852
43.47666 -2.43792 24.81447 658.31831 658.31831 658.31831
27.74581 6.48668 23.56363 243.07778 243.07778 243.07778
54.97401 -5.81492 20.33068 883.90748 883.90748 883.90748
63.45565 -1.20131 25.78106 986.79370 986.79370 986.79370
46.25588 -24.64907 19.81121 1059.52695 1059.52695 1059.52695
49.01741 2.55457 18.86391 709.03708 709.03708 709.03708
41.33384 -7.83117 11.60149 634.55746 634.55746 634.55746
55.97709 -6.13343 24.16000 717.28668 717.28668 717.28668
25.91268 -1.57154 5.81588 398.61938 398.61938 398.61938
36.40713 -2.09165 19.45162 387.81255 387.81255 387.81255
46.56283 -19.13916 30.48278 1222.95155 1222.95155 1222.95155
46.13073 -25.24436 6.65079 1110.29612 1110.29612 1110.29612
45.80149 -8.16939 10.10500 956.73677 956.73677 956.73677
51.38103 -2.55858 4.25546 714.68965 714.68965 714.68965
47.39793 -7.48338 23.58085 672.14939 672.14939 672.14939
49.27170 -9.95788 21.66454 771.34348 771.34348 771.34348
44.17705 -18.85711 18.98608 908.81121 908.81121 908.81121
33.07767 -6.45093 1.15748 536.20979 536.20979 536.20979
32.51555 -11.34324 12.61991 723.46360 723.46360 723.46360
24.99441 -7.59001 11.09523 378.76747 378.76747 378.76747
51.85014 -7.27239 6.79493 1147.68346 1147.68346 1147.68346
39.78370 -0.43875 13.43081 526.44295 526.44295 526.44295
39.50516 -4.43248 25.32052 777.63982 777.63982 777.63982
42.84250 -8.34278 23.61910 569.02909 569.02909 569.02909
41.22458 -0.48840 5.19206 669.39007 669.39007 669.39007
43.53641 -13.46925 15.29779 740.30796 740.30796 740.30796
36.70825 -17.12370 19.23979 755.06453 755.06453 755.06453
41.74297 -0.12358 5.20129 560.19348 560.19348 560.19348
52.15327 8.35049 17.30815 811.49148 811.49148 811.49148
41.25423 -4.87405 3.96598 701.82878 701.82878 701.82878
26.60338 -7.11399 18.87093 473.74973 473.74973 473.74973
32.42609 -2.44946 -2.42328 450.03050 450.03050 450.03050
28.86048 -2.36266 9.80897 425.33393 425.33393 425.33393
34.53702 -3.92803 -5.76655 619.00452 619.00452 619.00452
40.89662 -17.43003 12.57475 867.00327 867.00327 867.00327
42.58480 -13.05227 1.78134 886.80574 886.80574 886.80574
49.92446 -27.09253 29.44107 1261.09330 1261.09330 1261.09330
30.17341 -7.62408 18.92818 604.32093 604.32093 604.32093
50.61673 0.08906 -7.18175 1027.88603 1027.88603 1027.88603
55.91012 -19.46654 34.20058 1147.56039 1147.56039 1147.56039
28.87584 3.11299 1.02269 385.91959 385.91959 385.91959
27.57078 -2.60613 7.76682 302.79626 302.79626 302.79626
37.45146 4.72377 17.74103 648.37166 648.37166 648.37166
56.60206 -5.88760 22.38296 789.36051 789.36051 789.36051
50.24612 -10.10375 20.30293 796.26409 796.26409 796.26409
34.07698 -10.22292 23.68350 890.35803 890.35803 890.35803
30.69126 1.77651 13.35157 322.58406 322.58406 322.58406
44.65165 -19.60296 22.41280 856.17744 856.17744 856.17744
31.79314 -5.71740 2.42117 434.31643 434.31643 434.31643
37.66357 -5.72276 8.36962 560.00056 560.00056 560.00056
49.12237 7.85933 21.50479 742.26003 742.26003 742.26003
32.46443 6.52351 18.25151 384.88313 384.88313 384.88313
45.79782 -5.96375 6.81881 850.26183 850.26183 850.26183
50.39934 0.89720 -16.73065 953.24579 953.24579 953.24579
44.94107 -3.25718 19.27783 535.98107 535.98107 535.98107
52.61407 -3.18297 17.44349 688.00989 688.00989 688.00989
43.19693 3.03017 39.73359 564.52116 564.52116 564.52116
52.07789 -10.92728 26.28621 849.62419 849.62419 849.62419
45.74755 16.88363 37.23178 461.85390 461.85390 461.85390
53.30639 -5.15243 13.36064 639.68880 639.68880 639.68880
52.37194 -7.98974 22.17586 767.23167 767.23167 767.23167
43.76672 -2.97464 19.36005 647.18948 647.18948 647.18948
42.06369 -4.62687 10.79617 427.64830 427.64830 427.64830
36.87819 -3.32473 5.99118 717.81212 717.81212 717.81212
45.37079 16.84777 17.65657 581.18837 581.18837 581.18837
52.34055 -3.31859 -7.56386 1128.19110 1128.19110 1128.19110
48.29276 -17.99641 34.25979 1291.04687 1291.04687 1291.04687
43.22199 -5.28726 12.81798 447.76269 447.76269 447.76269
29.32829 1.27528 9.75887 470.87651 470.87651 470.87651
51.99463 -0.73042 2.56903 649.82367 649.82367 649.82367
41.88030 -5.46095 6.57016 566.36476 566.36476 566.36476
40.95648 -5.61582 18.98981 447.04283 447.04283 447.04283
23.44768 -6.75340 4.40641 315.60290 315.60290 315.60290
33.99008 -9.71444 12.34590 498.31917 498.31917 498.31917
23.02194 -7.37289 -2.35552 392.21258 392.21258 392.21258
40.27648 -2.14214 15.72509 529.22391 529.22391 529.22391
50.54291 -8.91781 10.60633 891.51805 891.51805 891.51805
43.54527 -2.43805 4.73617 540.17178 540.17178 540.17178
29.10614 4.67872 25.96398 369.32283 369.32283 369.32283
53.02453 -27.39243 16.68956 1355.30139 1355.30139 1355.30139
35.30547 -18.78286 16.10494 617.73005 617.73005 617.73005
34.79724 3.48450 17.72300 238.07193 238.07193 238.07193
32.22250 -7.55235 16.64831 500.17746 500.17746 500.17746
50.43455 -7.38545 19.43733 715.94108 715.94108 715.94108
51.65878 -9.03885 26.81426 935.25914 935.25914 935.25914
52.25620 1.43951 5.84728 646.65909 646.65909 646.65909
36.34982 -19.66291 25.01394 735.89739 735.89739 735.89739
32.59324 -11.82343 15.31001 573.61328 573.61328 573.61328
28.14090 -3.14298 -0.07026 442.68002 442.68002 442.68002
31.41713 -6.53659 7.83809 441.01544 441.01544 441.01544
41.10957 -13.58887 9.91905 811.51105 811.51105 811.51105
28.64106 -3.66339 -7.56312 508.11094 508.11094 508.11094
17.54348 -0.86761 -2.51726 330.16857 330.16857 330.16857
41.27798 -4.85943 8.97569 772.84231 772.84231 772.84231
33.99493 -3.83458 1.61302 491.92088 491.92088 491.92088
23.03800 0.93282 7.59880 401.22505 401.22505 401.22505
31.84335 -3.87414 -1.30596 609.46146 609.46146 609.46146
49.71291 -6.35184 4.11602 651.56362 651.56362 651.56362
32.99490 -2.89059 -5.71330 740.53548 740.53548 740.53548
26.82426 -6.55654 17.75810 378.75819 378.75819 378.75819
44.41423 -7.16029 7.78320 818.10161 818.10161 818.10161
39.38597 1.87641 36.86015 645.92166 645.92166 645.92166
28.33403 -0.58044 8.93900 307.35455 307.35455 307.35455
69.25944 1.67392 34.72249 940.26533 940.26533 940.26533
49.22739 -7.74943 18.65457 742.47154 742.47154 742.47154
34.42412 -11.99737 22.59624 642.04522 642.04522 642.04522
40.92684 -5.19909 7.67246 637.47126 637.47126 637.47126
49.17676 -2.61701 6.67006 675.18736 675.18736 675.18736
41.48245 -9.04041 12.42497 823.97076 823.97076 823.97076
22.80584 -10.31103 14.35960 375.81422 375.81422 375.81422
52.74136 -7.40110 10.67179 746.55702 746.55702 746.55702
32.77663 -5.45122 16.89227 477.31550 477.31550 477.31550
39.63502 -14.83668 21.19560 895.68849 895.68849 895.68849
53.05999 -6.49422 17.59578 683.27678 683.27678 683.27678
49.58800 0.50934 22.30825 531.51649 531.51649 531.51649
42.87381 2.48768 3.02699 474.06232 474.06232 474.06232
52.73238 -4.47890 20.86358 620.25711 620.25711 620.25711
33.07149 -3.74636 15.42696 382.99948 382.99948 382.99948
35.03550 -2.89607 28.03944 705.17306 705.17306 705.17306
43.97304 -1.35049 -13.27266 807.39427 807.39427 807.39427
30.99348 -9.75570 5.27362 490.60085 490.60085 490.60085
48.51202 -9.59219 23.95937 747.91933 747.91933 747.91933
47.68638 -4.00904 17.06192 787.53240 787.53240 787.53240
46.11890 -9.63777 24.91373 929.79003 929.79003 929.79003
28.93590 -7.98960 22.36511 350.04725 350.04725 350.04725
35.20242 -18.62212 24.20909 728.43422 728.43422 728.43422
40.58573 -19.62181 12.04637 753.27127 753.27127 753.27127
36.82509 -8.32399 25.72537 488.31370 488.31370 488.31370
33.95725 -2.14420 -5.10678 678.30925 678.30925 678.30925
37.94985 -4.33491 15.50681 377.39644 377.39644 377.39644
23.17102 -8.05185 6.61575 424.07744 424.07744 424.07744
54.76567 3.97280 16.80782 1185.99400 1185.99400 1185.99400
54.72530 -14.11492 37.92152 1208.83613 1208.83613 1208.83613
41.21028 -3.95324 -3.12982 751.97926 751.97926 751.97926
58.44143 -1.19992 37.52781 849.97766 849.97766 849.97766
25.63370 -3.79480 8.31812 261.73719 261.73719 261.73719
16.28484 6.11874 -7.42935 279.20177 279.20177 279.20177
37.22578 -16.13006 21.24138 749.98714 749.98714 749.98714
40.04315 -3.66893 24.94394 743.68805 743.68805 743.68805
48.05159 -11.19945 23.20575 732.55323 732.55323 732.55323
38.98657 -5.82709 14.28494 526.78641 526.78641 526.78641
35.89642 -14.46629 18.40411 702.88357 702.88357 702.88357
43.82759 -2.22912 -1.39067 765.59943 765.59943 765.59943
46.80411 -5.51014 17.65152 501.82383 501.82383 501.82383
32.08463 -13.24482 17.61871 678.84460 678.84460 678.84460
34.46245 -16.48096 0.68061 708.18921 708.18921 708.18921
33.13455 -15.38728 24.47053 615.90647 615.90647 615.90647
30.00462 -13.99672 19.94199 675.08970 675.08970 675.08970
21.66334 1.53329 11.45902 126.96606 126.96606 126.96606
43.06416 -13.81185 17.05848 728.15788 728.15788 728.15788
40.90605 -19.14595 27.28779 983.67193 983.67193 983.67193
50.19579 -5.67811 2.23114 941.16406 941.16406 941.16406
32.72015 -5.27069 12.93266 546.31893 546.31893 546.31893
41.86271 -12.03128 14.27955 662.27321 662.27321 662.27321
19.12719 -6.80549 12.13123 209.79578 209.79578 209.79578
36.63230 -21.42804 18.77720 964.67720 964.67720 964.67720
48.84185 2.26906 -10.72649 830.56670 830.56670 830.56670
28.30983 -7.69757 17.31883 338.39341 338.39341 338.39341
31.76563 -12.45463 17.97007 611.40359 611.40359 611.40359
59.00242 -4.43415 23.97176 955.84552 955.84552 955.84552
34.34986 -2.10241 5.67658 391.42992 391.42992 391.42992
42.59751 -9.82859 14.45510 861.43461 861.43461 861.43461
43.12436 -24.43571 37.63695 1225.53761 1225.53761 1225.53761
36.45752 -0.01715 6.52513 693.67568 693.67568 693.67568
37.96659 -9.99645 6.20199 576.42610 576.42610 576.42610
47.85460 -12.02601 11.05402 882.66402 882.66402 882.66402
48.25689 -9.64891 10.04074 764.52110 764.52110 764.52110
44.28385 -7.09139 4.03546 776.61082 776.61082 776.61082
53.52841 -2.69533 12.87462 637.59676 637.59676 637.59676
38.41537 -9.99579 1.91966 594.13815 594.13815 594.13815
56.16970 -1.13603 16.98627 715.00582 715.00582 715.00582
54.36318 -6.36615 20.70269 689.04398 689.04398 689.04398
24.69359 -8.45730 21.53106 336.24779 336.24779 336.24779
37.43514 -14.26178 22.01299 937.14774 937.14774 937.14774
52.02408 -9.70119 5.11320 924.77284 924.77284 924.77284
41.37857 -3.95114 -1.89995 706.34107 706.34107 706.34107
53.01141 -20.13393 37.53869 1416.85191 1416.85191 1416.85191
42.04806 -1.30447 25.63228 663.27986 663.27986 663.27986
43.03197 -9.60175 12.42635 788.16186 788.16186 788.16186
55.28776 8.73930 23.89436 697.62374 697.62374 697.62374
51.99155 -9.71788 24.52752 732.39175 732.39175 732.39175
57.52730 -8.68665 24.82319 856.10691 856.10691 856.10691
28.25998 -6.43233 1.43711 543.70313 543.70313 543.70313
46.21509 5.29924 20.14936 953.86442 953.86442 953.86442
46.56464 -5.39840 -8.95242 909.75974 909.75974 909.75974
42.91669 6.68558 9.52390 434.10906 434.10906 434.10906
47.64065 -19.28745 18.18189 1093.89310 1093.89310 1093.89310
43.30156 -10.26598 5.69662 699.01675 699.01675 699.01675
41.02607 -9.69103 11.61878 722.97909 722.97909 722.97909
36.21065 12.61973 21.51337 458.38243 458.38243 458.38243
38.43402 -7.29394 8.48727 685.71037 685.71037 685.71037
52.34766 -9.35341 10.93734 906.67478 906.67478 906.67478
48.97266 -11.56742 15.83449 727.56124 727.56124 727.56124
33.93900 -1.88383 12.90456 514.40776 514.40776 514.40776
51.62821 -8.75397 23.57037 718.81780 718.81780 718.81780
41.02247 -4.49490 36.65508 719.68801 719.68801 719.68801
41.02027 -14.21108 14.79407 889.27618 889.27618 889.27618
20.29160 -6.74223 11.06739 337.57937 337.57937 337.57937
53.00936 -14.53965 36.77046 1073.34230 1073.34230 1073.34230
40.60336 45.11394 30.94219 268.15412 268.15412 268.15412
39.94378 -11.80434 11.65199 756.84452 756.84452 756.84452
37.36493 0.11414 -14.92405 698.05293 698.05293 698.05293
21.17192 -3.29097 3.20060 274.32978 274.32978 274.32978
49.47579 -10.62300 20.17793 1141.18966 1141.18966 1141.18966
50.24522 -15.38061 16.60367 812.43285 812.43285 812.43285
40.59190 -7.11889 12.80665 938.36777 938.36777 938.36777
53.79058 -1.78235 13.00048 815.36182 815.36182 815.36182
48.56740 0.46768 16.44475 550.81984 550.81984 550.81984
21.20737 -3.13913 2.50010 286.65071 286.65071 286.65071
47.73504 -6.10724 -9.27031 821.92434 821.92434 821.92434
54.10822 -10.69299 13.94793 1226.65064 1226.65064 1226.65064
22.00887 -9.24509 9.69011 328.38757 328.38757 328.38757
41.84889 -18.35972 28.43226 880.99934 880.99934 880.99934
49.04126 3.71294 17.53353 1134.70551 1134.70551 1134.70551