170.28996 162.93315 159.29713 3753.89850
36.21829 68.81288 124.68517 4054.17983
123.73183 86.48473 35.95525 3884.87667
106.80484 149.47498 160.22702 1889.69999
88.32230 84.91957 114.19582 546.15803
111.31799 124.13623 103.76909 2553.77302
63.61217 142.73582 151.13597 3628.88412
205.18556 155.82755 68.20349 6099.53155
180.37560 164.30605 166.74146 2404.25000
82.52151 95.25150 123.74597 3167.90074
54.01733 78.53693 105.62247 4318.64392
133.57077 139.68430 162.72565 1294.97412
115.09534 94.25848 80.07445 2746.35028
143.36847 157.76360 170.36493 3907.22102
134.65968 68.44411 13.86108 4587.28713
155.48465 139.36082 135.47125 3214.10257
97.12157 114.29674 122.72134 2967.91344
96.97989 138.51193 185.25322 2660.37904
144.82840 136.81526 129.71817 3294.79707
92.95869 104.57184 97.95541 3135.08513
131.20651 120.93523 135.75572 2251.61648
124.91354 31.28769 20.84500 4862.44405
110.91481 153.93407 205.39195 4839.68185
103.46176 136.22612 153.00165 2851.94499
156.49037 152.70930 168.33525 1755.50473
62.37907 84.14221 115.35106 3156.64596
151.17114 116.81679 140.18088 3251.28594
139.04762 158.62398 148.79375 3464.84526
157.42433 81.72406 54.62074 3387.49063
136.98001 180.63113 213.53433 1815.88815
89.81256 42.39140 52.20741 1652.75561
85.97458 108.21927 130.49883 3496.80443
133.56500 146.06137 154.96747 1475.38438
145.71570 161.69887 156.00769 3540.54468
92.54276 118.17310 158.36371 2807.45549
126.12967 124.47787 158.01537 2507.78460
66.19189 53.63834 70.83121 2862.73833
94.06271 109.31116 125.52650 3312.20551
99.13071 98.06277 82.03371 3870.70754
118.49223 110.58354 101.03682 2649.07053
35.22078 79.21967 127.93994 2811.53707
159.48109 156.98369 121.68555 1532.69244
116.01013 123.52425 140.27914 3194.25300
79.11186 102.55968 119.38148 1963.52608
118.71571 105.41270 74.37173 4378.70463
99.94710 123.47862 162.07246 2103.83941
70.55583 98.36249 117.63936 4858.04376
170.00650 98.03027 59.97350 4956.58460
85.99477 89.91217 105.21379 1674.33112
86.63698 135.78857 140.07565 5107.12452
73.98869 148.03981 184.84384 5023.04494
144.78299 149.09653 149.31671 3615.06671
85.53867 109.05711 123.90114 5069.51969
130.01964 72.72122 70.48903 3387.08354
137.50291 94.86517 64.92001 2299.14655
105.11206 100.11269 106.86029 662.20983
148.05957 79.52231 58.51642 3304.12296
121.93706 110.74139 101.61888 4328.46325
149.22136 145.29903 137.78990 2032.40970
89.91902 75.60576 41.97435 3933.11080
106.29936 105.33907 119.13492 5430.42950
88.03967 109.10666 123.87909 626.66380
112.30667 99.64499 104.13020 2453.44274
118.80103 113.43073 145.14157 4806.50493
85.94815 158.23436 154.39912 5545.37590
204.13419 113.09500 53.67915 6057.61446
137.64998 142.69345 155.74573 1042.02593
121.02245 111.95866 147.04475 2422.59552
138.31544 147.62471 164.43619 1214.01162
106.37199 127.70316 148.18867 1501.02882
116.90730 132.70059 164.29774 2903.57024
93.01407 131.98726 155.99498 3925.29936
128.58125 134.27948 133.90240 4227.90805
122.41489 154.32503 179.31459 3338.82674
101.93674 140.45538 170.38477 2733.49657
99.25839 127.64357 144.22806 2845.60439
87.59782 107.23869 118.87257 2138.80142
130.81651 122.69502 127.51889 3387.58505
172.15685 197.49330 209.65302 783.30163
104.70894 125.85593 142.27785 5487.47108
155.11024 169.66399 184.75423 1883.47695
110.26752 100.77016 73.21411 3999.85837
158.26787 155.15497 168.60692 1579.59531
160.29468 151.74608 147.89771 1632.88562
138.62563 103.35910 114.92256 7996.94376
83.05957 100.33299 113.97241 2017.71557
145.68730 120.36487 137.55518 1952.55983
78.17119 93.73863 111.80391 4049.09448
107.73517 122.33508 173.82521 2737.73953
144.74516 87.13213 14.72981 7414.85745
98.69179 105.70880 112.16447 2326.51677
63.98553 92.53207 121.97591 4460.41719
116.81982 105.57294 118.91505 1732.54445
54.72456 76.07227 90.34386 3008.56597
100.29295 87.03001 67.39325 1292.15245
48.96400 46.42589 60.01755 2154.75882
107.85321 118.20107 132.48737 4254.36844
141.02954 167.21272 172.42546 4757.99301
125.62054 149.80321 185.51768 1969.39949
66.00580 110.13754 145.42862 4679.30799
99.19937 143.05252 145.74960 2852.77419
119.33112 136.77531 143.49060 5105.46666
112.24365 114.93182 127.41083 2167.83097
157.88290 124.71199 108.11070 4008.43737
231.82458 186.57782 78.10689 6427.50271
96.84669 124.58217 153.05865 6078.90476
172.85745 153.46054 147.19925 1616.67530
189.35942 190.47755 197.30176 3153.27259
103.86295 125.51115 147.52533 2825.76268
75.51582 108.78296 159.69009 5028.22695
121.57938 77.38742 12.32616 3632.94946
161.34560 114.75563 71.98372 5214.74003
132.96526 140.56763 133.43018 2417.21930
134.90973 149.42578 144.81372 2444.52928
95.33673 168.72856 165.01785 5274.08214
151.62154 117.21703 95.57727 2392.56171
104.31018 94.86057 94.26108 3037.07918
92.86954 128.58611 152.23328 2413.18664
143.09346 113.59384 105.69077 5544.24900
94.69510 90.78290 68.95786 4312.46356
103.55066 127.73576 154.71988 2110.79687
63.97800 119.69183 139.47073 1693.18470
94.90509 99.46808 56.80608 3673.11118
115.01138 40.21425 32.72066 3027.78921
126.26715 142.59125 173.14755 2005.04330
125.90779 123.30605 125.00040 2896.26433
87.86348 130.23640 119.65120 5895.49030
122.98361 154.51057 179.57285 3079.86651
105.46097 126.27293 195.54385 4826.25430
119.90480 101.13663 54.66849 3700.60542
95.48337 57.74934 44.32668 1496.28370
60.39709 76.13731 132.78865 4002.15430
87.64853 100.83104 126.67953 5088.97568
124.59412 105.75285 106.98430 3245.91885
144.73729 159.55176 177.61893 1937.04117
137.87938 148.74745 166.24872 694.03761
110.70410 82.87585 57.85672 4279.71321
165.84349 166.82722 176.70003 3690.74155
136.45677 147.88022 162.43355 2383.80044
95.73227 110.87622 128.79201 2449.91917
123.47401 107.67603 107.24326 3977.53989
118.18283 170.13245 181.27834 4123.66226
110.28278 116.89687 140.04039 1701.27564
111.66113 149.96262 164.12718 8250.87015
85.81822 89.04221 89.53316 3821.93203
116.44519 144.25545 153.82962 5942.84862
125.76488 62.45021 26.69681 4279.75181
104.23001 109.08293 123.28340 2810.73817
138.68179 162.56097 177.13310 1972.79950
78.23441 87.19751 106.23851 4091.91915
141.65347 84.13998 28.11983 3783.92280
72.27753 65.90913 61.52785 2035.64811
97.96962 120.66046 145.09288 3756.42018
186.96037 191.02745 197.28528 3077.33128
102.09691 110.63405 108.99568 5692.88007
41.63850 69.69452 88.75957 3144.42450
134.75197 79.24103 44.82797 5807.25912
128.68735 139.10393 152.84634 2395.04984
119.51564 129.20433 127.38641 775.88201
138.27020 109.86444 106.65392 2743.03781
134.33275 93.34555 47.56322 2344.86333
87.66365 114.76550 128.74295 3460.39029
96.31987 153.50787 182.19945 2739.96505
99.05061 100.51573 121.31648 2507.03269
122.34810 158.92111 190.27756 2799.55511
54.20967 86.10155 146.76234 4955.48824
87.50687 84.55629 69.74872 2586.99252
125.63863 113.10165 109.62898 1032.67902
80.54875 59.04951 66.96205 1971.20872
108.27460 126.84433 136.66669 1524.28160
78.49924 103.61331 125.25119 3110.41365
156.70341 95.35681 68.49158 4026.76608
84.68515 103.35149 114.77136 3422.52923
105.60185 133.24814 157.45741 1914.11730
178.72098 97.17528 25.09546 7471.46277
114.56642 137.50150 142.35739 3082.61871
99.85031 85.80754 76.74541 2071.42311
104.18233 73.66737 58.99918 3762.21481
98.79300 152.40643 173.26196 3634.46315
51.28250 149.05251 137.44922 3529.46196
130.94740 160.63367 133.16002 4915.94839
55.68173 70.63290 77.66843 2483.53238
134.01428 78.84598 64.05008 3666.00487
170.86699 172.06390 181.63911 3603.59800
81.09236 123.89745 142.57240 3691.17437
130.70140 111.83389 58.80708 6103.54280
134.10057 99.30261 43.53119 4449.11629
106.24196 130.71419 151.15024 4997.71340
78.80667 105.83189 122.89912 3547.55025
86.49960 138.58812 168.76138 5142.71009
89.93890 51.99875 22.94695 2478.03816
107.60220 101.42282 126.40895 1346.90759
69.44370 91.01648 126.14427 2787.29809
113.25908 137.56393 132.98610 4898.03554
140.93126 149.28780 158.07283 1892.83909
112.81792 119.21622 115.51338 1821.96531
72.09407 101.93445 138.69725 4009.38013
160.26198 87.55368 62.85457 4470.22167
102.13335 127.88951 142.92906 6044.83339
127.33528 128.19907 139.35861 1476.72612
163.15858 178.63058 189.55032 3491.51322
64.60089 89.47742 114.91914 1853.51860
109.64145 111.89893 126.67099 338.59878
125.15488 142.60295 146.63100 5019.99948
166.23648 173.51225 171.74693 2612.71138
134.61111 128.84483 125.47911 3956.37078
47.70534 69.33348 94.66843 3562.32810
57.28610 101.57539 143.29834 6607.09758
90.75847 110.73602 143.85158 2867.06012
163.41704 175.76709 185.94670 1676.54953
117.62260 123.89160 138.70290 2198.81335
67.56718 83.57574 187.84312 4327.91597
133.41263 129.28642 117.85622 3145.87042
122.66689 136.53737 145.14571 6503.73010
85.37347 137.53990 193.56740 3940.25132
139.74963 161.65411 178.56548 5259.69535
122.88879 137.28531 147.63898 1945.62285
75.22314 109.81845 131.37158 5328.23647
98.59079 125.43771 156.12201 3442.48842
121.87289 95.50291 71.94234 1271.38222
129.44083 101.75914 78.51134 1132.72930
139.05078 162.12407 188.87007 2197.05664
43.20837 91.54771 122.64111 2396.77896
133.06921 137.14214 159.70366 1593.45213
65.82187 92.98323 135.78906 1604.25623
144.69685 136.05446 104.67865 6288.42562
111.58852 95.83914 89.63893 3350.43196
72.54407 91.57721 135.48024 5619.96767
104.47157 50.89706 50.97105 3279.18313
79.82388 47.16083 63.30908 1965.02306
154.43097 128.46884 146.23390 2180.61082
121.30486 167.81451 228.83148 3232.16974
145.04001 147.16678 147.96097 3318.27328
94.66409 93.27168 78.19737 4245.34618
94.42842 105.76038 123.61185 1944.39344
111.13004 120.93571 130.82405 2155.15380
150.08829 113.34053 78.57234 5342.08573
102.45186 119.52823 139.01602 1977.45309
114.59950 115.01976 117.96675 6687.51984
57.59117 92.20746 129.96623 4202.64564
63.07961 109.91774 131.67653 2575.31070
145.10922 135.51503 143.93779 4928.10344
101.83990 90.32220 65.03439 3996.57530
69.16159 103.59650 156.05156 2263.60006
135.68771 98.48787 30.61241 5542.05412
93.74446 99.98175 109.01346 3464.10268
72.67522 117.62921 153.06331 5930.31533
124.47821 148.35046 158.36076 3081.27114
155.86203 166.67757 172.95387 4023.18480
105.09808 131.01714 161.62700 3243.10373
152.24834 145.37109 144.18513 2878.27336
136.21138 126.14339 116.93275 3949.52524
47.55934 86.06624 115.78207 4752.70308
210.01239 134.73401 65.68613 4948.63126
179.96056 123.58566 85.13455 4107.85761
105.00011 145.77007 197.48830 4972.07876
62.47511 119.49231 164.67990 4016.60551
112.51677 116.58890 109.72229 2982.82397
154.03479 114.36226 82.81923 7056.53598
112.34807 95.86325 105.69354 744.41300
135.25002 150.07787 162.86703 3589.00571
100.78030 124.32597 163.32668 2013.64764
158.14833 153.59589 154.94669 6600.64967
64.44720 91.43610 123.91589 3401.92873
168.94179 162.25162 146.37300 2661.57402
112.69141 146.63562 144.66992 5572.33143
137.94203 148.66855 159.86116 2860.78872
67.43756 42.88214 59.72025 1182.00162
141.05415 160.68938 164.46136 3867.86466
105.66797 112.08081 130.52974 5573.36716
124.53783 159.33578 184.11418 3369.89307
107.68668 111.47195 117.88223 1183.73626
174.48592 188.28955 202.26369 1864.58669
127.04327 123.82404 126.45688 3325.22054
74.53691 132.96944 134.62135 4497.08643
65.63443 64.70366 79.92198 2726.19632
85.20189 100.90303 105.68402 1133.46527
89.35643 146.73856 179.93010 3734.72107
180.52014 103.82227 34.96565 5576.87516
160.00525 66.66493 34.12326 4156.88035
92.13454 138.13264 188.98238 3156.48532
146.74338 122.17828 113.98628 5116.99865
161.21870 107.93988 86.38000 3439.11078
55.00034 111.02838 155.89595 4643.77408
112.50117 118.81444 141.84282 1673.26004
94.00439 38.33446 38.29066 3081.04206
150.48311 83.32300 8.41843 6929.22309
207.03197 207.34686 214.17694 1256.49548
41.25623 103.54306 151.43637 3209.39450
151.29941 166.84343 182.69749 2988.80017
77.26303 95.70154 115.60265 1405.34873
103.08630 91.70561 73.93561 3285.57002