64.36729 76.61153 48.68619 3745.09269
93.18840 103.10199 116.23691 4650.47201
90.58871 69.86557 56.38519 2430.81469
132.96974 131.89310 69.53397 5038.73803
44.97781 46.59697 27.74258 1289.17259
117.36215 124.58180 107.30038 3234.49726
136.15744 104.56889 32.92416 5378.26621
125.54025 126.50211 86.60811 2300.94639
113.99016 98.96564 38.86246 3320.73166
104.55170 125.30110 140.13522 2646.73599
79.80681 109.19028 92.51663 3201.43819
138.68527 157.88411 80.75409 6112.06730
100.55301 118.45377 87.91881 6564.27336
112.79497 120.33496 98.53036 2651.79804
36.38347 49.07895 22.32898 1166.10523
82.11740 94.77052 83.57561 4321.11468
98.46716 109.35985 91.61235 5137.76546
139.88522 127.36725 54.39519 3778.19982
148.05186 147.27089 149.57776 2111.05744
133.31090 130.12453 123.71362 1562.00800
88.39749 82.97263 83.45695 3488.75023
91.07724 103.19023 81.99348 1714.22823
81.98103 90.91920 68.79025 4112.74530
126.09042 100.06357 35.21806 4397.54432
132.00496 105.97107 77.24301 1823.49104
87.08008 83.54996 66.12473 3923.59743
100.58296 118.96143 47.09857 5111.88357
107.08740 121.53590 79.85181 4618.55532
131.34241 137.64153 104.41632 3094.75780
131.22144 116.29370 90.01566 3618.33521
68.46033 93.17537 49.11255 2146.31423
161.80338 145.13974 133.71434 4589.65598
126.50876 128.26767 113.01413 1513.07298
96.92694 93.80330 87.82602 4630.64491
149.67279 123.90074 119.84859 3276.69617
123.61247 122.64758 92.72804 2116.47725
90.88458 110.00256 146.01324 3835.79805
63.54372 70.16080 68.21617 6776.24648
97.52209 112.03853 124.66621 5745.17380
35.35121 41.84995 35.43130 1333.53044
97.82610 90.56165 85.58032 3457.63263
108.36171 106.78767 59.34375 1597.11833
117.91605 83.19704 55.50470 5367.28405
155.21483 138.82095 76.66362 5565.32226
66.18030 72.99709 54.81914 2247.48360
94.00053 101.60094 116.31560 4834.30155
74.50203 89.20090 63.77563 3713.43297
76.37511 86.70576 60.21185 2170.12616
84.70815 98.61493 48.39755 3400.46788
105.69791 118.01059 72.59148 3321.23431
112.39528 115.42021 73.67384 2028.57437
112.19077 113.59261 81.83572 2033.53151
51.98306 60.33601 32.31151 3077.78542
48.55237 55.74295 58.54489 2990.09864
62.42001 103.52596 44.38335 2710.26459
101.65662 134.90947 117.31967 3917.25263
139.45427 137.27071 145.83392 2013.76175
77.93315 85.00313 60.69409 823.44063
101.96246 122.91072 134.07013 3976.86986
70.36418 106.71115 88.56302 2590.03648
68.69687 65.78229 56.43877 3415.27209
42.92108 39.25124 27.82323 2510.43073
84.22183 91.51059 85.53761 5649.17371
119.92772 117.52756 86.66405 1398.72991
79.26248 99.15199 72.34714 1840.30696
47.59003 65.92848 92.70976 2165.79649
64.20564 97.67583 58.02773 1675.43347
105.99571 119.60925 95.58389 4237.95977
104.45802 88.86353 52.33850 1872.95709
123.65634 124.90446 92.05508 954.49421
114.42856 121.94760 97.18143 1488.02462
74.12390 95.74844 43.22052 3554.38839
46.69763 74.84535 46.63803 3136.00991
100.95543 89.96846 40.83592 3220.98685
82.00116 100.87436 47.90204 3788.02076
129.95695 94.72803 67.38007 6014.71991
118.36240 124.49149 78.86671 1962.55497
138.50676 125.91956 99.77028 5248.19355
116.01318 106.47702 63.11301 4980.88269
86.47311 62.68060 28.00201 2593.48597
136.57152 136.29477 98.76512 4527.78994
169.85469 155.79410 109.68646 4783.87241
77.76352 122.11763 76.79950 2938.52415
134.80878 117.93648 87.84312 5920.59915
93.10976 103.14888 79.89662 3008.52285
139.56372 136.85471 92.40965 1484.97659
64.56004 63.90297 53.75484 4073.93387
94.37074 87.34528 54.76442 1854.57148
98.36084 122.24648 57.47588 6825.40613
59.75151 123.16032 99.73982 3828.43788
103.76535 116.54008 94.19939 6436.62737
122.67314 125.30704 116.68187 2279.61460
116.11246 117.10030 73.48537 2771.61201
116.02365 123.19415 81.65202 3248.47054
84.28563 114.32214 73.77261 3982.37417
68.32098 84.01797 78.98184 3515.63338
64.33328 84.75807 57.40147 5235.74186
55.74066 64.45493 43.49776 3358.02703
109.92873 128.72990 111.70515 3811.84483
103.91798 96.10452 74.08183 3584.85788
96.36143 94.35513 49.70250 3679.45015
101.59438 105.23271 61.32834 1663.29146
98.11292 99.07323 89.31004 3135.19724
89.33853 109.86456 78.34500 2299.40846
68.82295 95.11560 54.38451 1935.45451
100.94637 99.44211 90.57825 2043.05580
149.95442 122.95831 98.82823 7101.65285
92.17503 102.18356 92.88474 3436.06929
63.82269 67.65984 31.62151 2725.50741
71.61505 79.75244 82.38557 2659.66438
72.67055 71.50703 54.59015 3882.55538
70.20009 86.76427 94.35963 4583.76792
74.49071 107.29120 77.43097 3847.90117
74.55623 109.28307 100.14113 4080.15581
87.19423 131.47591 67.10251 2965.04754
70.43625 76.18250 38.97798 4575.49119
118.93921 125.97603 137.53275 7001.57431
120.60025 143.00317 72.19774 2388.85252
74.20679 67.88799 67.25867 2259.33422
64.86510 67.25343 54.53633 1612.82693
102.15100 88.00667 58.78958 4663.70210
140.03230 138.53603 97.07549 2103.72340
116.63745 125.39651 85.33693 2415.93470
78.63130 87.47195 37.35268 5793.83693
83.95648 72.67520 52.78659 2516.39232
85.49870 114.96542 67.47049 1728.50749
66.68529 78.59550 71.95848 1749.32691
86.36734 93.69797 78.26154 3866.62179
142.34595 114.06471 82.75818 6548.24527
95.60783 71.50165 48.47522 3020.69355
105.53712 115.25575 102.09958 6488.92898
106.77670 122.79840 150.53285 2918.34750
113.58421 108.39673 75.25027 2117.40039
133.25124 127.88443 97.28270 2783.07478
125.78520 99.22060 30.89384 3425.53267
123.23804 130.19261 79.26155 2620.01014
150.45990 98.02585 42.24438 5118.64093
127.94954 129.73071 104.78107 825.13872
125.25766 128.94385 86.44685 1948.06378
109.70274 104.86435 72.14729 2690.72556
99.13713 101.55444 81.84332 704.28908
83.40884 92.04935 80.70064 5236.78359
142.54037 98.19589 80.98505 5791.57239
111.94334 131.27580 142.18764 6289.70756
106.07820 125.79195 51.66237 6238.45730
102.06577 104.51654 81.11484 700.19702
80.05025 71.74030 56.26599 5422.74909
125.21269 124.94116 120.18990 1020.39939
95.84959 103.05051 90.37541 2881.04306
99.84225 99.49170 65.80345 1318.67178
47.68091 59.98903 49.72636 2044.53076
72.45264 85.61217 60.50710 2304.09976
40.10858 61.15904 60.63155 2927.08548
103.96762 97.87134 71.54622 3759.52424
114.42844 127.08676 104.32823 4277.71027
102.42929 105.04768 95.51384 1317.53957
89.10501 67.13995 24.49068 3042.69812
83.59035 140.51570 98.27486 3504.30978
60.10590 91.65292 56.84529 1385.26857
97.30107 79.84273 54.21165 1150.93255
74.71927 80.76204 49.56192 2566.59988
120.97675 124.32503 87.71823 2347.50311
125.84088 129.23615 76.65596 3442.40529
131.21187 124.33997 115.50009 1493.55186
66.81508 94.47496 42.91106 1644.18091
68.93896 84.34593 53.30231 3384.63217
62.97620 70.83044 69.15207 3960.76114
68.20927 78.69202 63.00896 2091.86339
81.01338 105.80672 83.37854 4765.14810
49.81047 72.48932 82.64034 3489.99838
40.50781 45.21046 48.78737 4400.97458
94.95250 102.54900 86.03973 5453.26749
76.20520 84.31360 80.16820 3478.18084
62.64632 56.83144 44.64771 4858.31803
69.15013 80.41379 80.84616 5933.12145
110.29294 121.87529 111.76997 927.20107
65.63707 84.43063 92.81099 6489.44882
63.96402 67.35840 35.19485 1767.54314
100.14622 112.06868 96.66264 6007.30158
114.40059 92.30363 26.90074 4558.52251
72.60324 68.54842 54.82431 2409.48657
193.47984 167.48363 106.35756 3464.38653
118.30368 122.58228 87.38751 3588.65435
75.33238 88.01807 43.75288 3010.00732
94.83591 101.59532 86.71783 3906.87700
118.97083 119.83752 107.93484 3304.43837
90.29533 104.81612 78.01714 4013.76743
47.11832 59.89601 31.94510 2221.41920
121.27629 130.24141 108.52545 1717.85474
77.03070 80.70264 49.54546 2547.68749
83.81885 103.21495 59.41417 5689.71218
127.67239 129.77103 96.63489 1133.42308
133.03096 117.81619 81.32695 2483.36561
108.42441 101.28081 97.88159 1987.05119
131.99152 127.60286 89.98718 1136.19421
80.86470 80.46843 53.52052 2027.33515
95.20215 86.18327 33.67978 5104.40634
90.91469 108.61914 128.83684 3753.57789
60.14973 79.44644 66.17601 2432.09182
115.14867 120.86201 75.40544 3086.10509
120.21288 117.97127 86.63634 5224.57630
110.36812 116.70090 67.82042 6425.17829
68.47682 71.97438 31.73306 1226.51712
66.03625 91.83990 41.79279 2333.38306
67.85985 105.36552 75.64780 1548.85099
88.18716 90.83611 44.47476 1832.05620
70.53180 85.59334 93.38373 5398.78610
92.16928 91.36621 64.41115 929.63959
46.69830 60.84824 45.79697 3360.03083
132.08015 130.50645 99.39517 5429.09272
129.32111 138.83144 60.01047 4503.50077
89.49142 103.17439 104.91135 4494.88110
160.25078 140.94246 73.97820 4114.45960
61.14981 63.71158 49.17847 1614.37839
44.88115 38.68932 53.15657 2754.83439
74.29767 96.45834 52.96429 3751.48207
102.39972 97.91443 49.47728 3912.47631
111.09825 120.18108 75.75545 2664.97700
93.37674 96.48201 69.98445 2630.37838
72.90225 92.68805 55.34229 4050.10808
98.80716 108.30725 110.16576 4908.88878
113.38817 113.35548 81.67445 875.44717
65.07405 83.31084 46.73663 3996.74144
46.14778 91.28366 82.57002 4489.97314
67.47672 85.59810 37.63979 1950.73494
58.60905 78.00519 35.16426 3311.38421
60.87971 51.16585 34.93254 800.53342
90.85806 109.58099 74.39426 2836.88077
81.13417 107.11905 49.58597 4240.69908
113.00255 125.78841 118.53906 4854.62729
77.63922 81.45500 55.98656 3326.95229
88.72717 105.76886 76.70848 2719.38152
43.37370 49.67546 27.84308 986.52504
59.81055 98.43649 55.38110 3684.13459
111.87573 117.83128 135.68910 2999.61492
65.29488 70.94122 40.19220 1701.25704
65.61766 81.78105 45.75360 2366.13954
148.99048 144.81700 99.84961 3526.92213
82.79857 83.41406 73.96713 2543.03381
93.44334 107.96727 77.39464 4341.02185
80.22963 113.56754 31.25031 3052.60419
87.28189 88.57327 77.30453 4364.08682
75.95230 95.18161 79.73871 1630.91876
101.17883 121.28453 96.48637 3674.21051
106.27580 120.82932 99.60207 3225.65061
96.35513 110.79257 99.73055 3909.34077
132.46323 129.18283 106.28914 1064.86643
75.17554 97.17981 89.26613 2997.76979
145.06233 135.55562 106.79446 2604.32541
133.05699 132.83018 94.38275 1236.64917
57.51326 62.68562 23.74800 1514.27162
78.75125 97.86110 50.43707 4465.51765
110.33444 130.75569 117.04179 3030.64362
89.68585 102.37947 102.60895 3598.45969
114.87959 137.80453 56.15515 4567.97791
113.00079 101.10887 56.45038 4338.96734
95.94173 109.26187 83.42017 4610.22535
161.09769 128.50491 92.41579 4841.93235
123.52281 128.70285 82.17088 1835.52956
140.31587 142.84978 95.64920 2560.05600
59.17078 73.65878 68.56943 5782.22613
134.65175 112.23383 79.59441 9019.05897
92.39734 116.75407 127.04834 3846.09622
119.77843 99.07869 87.53755 2732.81492
90.33473 123.83780 82.18478 3332.06665
89.64998 109.33067 94.99092 3057.12865
89.87094 103.66766 79.47437 3835.18795
114.13239 79.01686 51.81969 5258.39885
85.98204 97.17552 79.38173 4372.74024
117.99020 131.45840 109.25372 4489.61287
107.68869 122.57372 90.36639 1828.50996
87.42422 83.96953 62.58638 5068.30339
123.80170 127.54971 83.19366 2109.99006
107.04865 99.21718 28.71768 3607.40508
83.60002 106.51831 73.62781 4208.63360
46.22173 53.82497 31.95665 1571.85005
122.02275 132.43037 59.95227 3014.35552
169.21324 54.01070 48.36385 5370.45890
84.79002 102.92387 78.51927 5494.23560
75.82652 92.16562 115.65025 3958.24392
48.16859 53.31848 46.62238 2748.49005
116.90608 127.53847 85.17914 7053.20894
103.75403 127.10178 91.14439 1240.29219
97.30734 104.77737 78.80179 8816.76271
133.04221 130.43355 108.30835 3103.82744
126.64484 115.60097 89.38493 2602.02277
48.97145 54.39317 48.73611 2676.48110
93.91861 118.89214 130.75114 2799.92499
115.66151 137.51118 107.22252 5754.63927
44.84225 58.17752 38.30231 1587.75302
85.19170 108.22389 50.00052 2680.56061
113.59531 115.80600 82.18706 4390.18829