122.49968 118.52426 116.99110 3081.76403
128.08363 120.45586 116.91263 6483.25315
102.54947 110.07991 114.46831 6468.08438
107.39221 106.51697 105.31982 4287.10143
123.98030 111.20935 103.94850 3718.94842
125.56525 124.51595 128.38272 3277.33394
120.70331 126.58452 139.51154 3048.81699
130.90604 121.01311 118.24040 4757.27927
152.84891 143.22676 138.48578 5822.85553
92.64085 112.09908 118.24530 6417.71676
127.96169 125.28661 125.46611 2936.06042
144.16206 135.62608 129.33266 4915.94805
109.06938 120.35860 109.68428 5132.76280
119.92476 126.38284 131.14699 5778.97290
102.01268 96.40054 93.43953 3472.48913
104.99777 101.34290 93.42799 5939.17430
146.96483 169.69339 159.74188 4369.79238
111.31688 116.90077 130.63278 4719.91313
120.07928 111.06638 107.10062 4633.32148
113.04837 115.95395 93.31697 4086.18776
122.09764 119.16264 117.08981 2554.06288
124.21548 125.41257 127.10594 2880.82800
116.05408 107.83530 105.81148 3545.88027
132.49896 125.34378 118.36993 3572.99431
102.26903 114.08511 130.56493 5485.65066
117.04193 107.94121 101.76645 4629.31650
154.89891 158.44836 169.29112 3945.21134
117.90724 130.39626 125.18243 6541.40928
100.44334 91.84021 86.59464 3870.53479
137.98792 151.90269 140.56258 4777.85219
107.50688 108.03630 113.73451 3909.21863
133.86456 121.90274 112.67708 5851.86570
140.03131 131.74927 123.43074 4326.37321
105.92397 98.04646 94.45706 4718.12841
115.67923 105.00711 97.68307 3780.67684
120.51613 107.66444 101.21407 4114.04168
94.99030 108.98679 102.48183 5935.44346
84.23657 60.82362 38.40024 2796.29836
98.72108 112.44901 133.35126 4222.09123
115.17149 107.96144 109.00485 6092.45939
124.77069 132.04199 115.72186 2792.08568
109.71596 117.62637 128.30258 3995.06598
159.38736 150.53699 142.57477 4265.75074
114.40950 104.92151 98.14246 4854.18821
118.55942 123.39645 138.25746 4352.60801
82.19296 86.53979 91.94884 2347.07908
152.79007 144.38014 126.00237 6422.52591
134.63396 137.25311 142.86012 6006.10139
118.11488 110.21133 102.85316 4581.37493
100.91872 90.13719 87.36131 4057.98966
117.13336 111.73900 111.83092 5304.01059
136.92369 129.98154 128.02965 6533.94924
106.18022 102.78291 97.24135 3968.21104
145.88031 134.08870 139.54630 5838.59474
123.12752 111.90787 102.67046 5002.97706
143.78638 138.21570 133.44106 5713.66915
116.40308 107.03870 99.27460 5597.69289
128.08994 117.62439 112.28191 3862.29824
127.29182 116.81895 113.41025 2530.97648
101.19424 101.62642 109.89854 6461.59221
133.07874 126.68549 126.59770 2618.86045
119.09540 114.65248 111.83412 3607.86609
72.63892 89.42958 103.56488 6976.44099
86.83038 83.93842 82.59930 2601.56404
121.13232 120.75778 123.99413 3431.30410
126.09911 125.38292 128.60124 5160.61178
119.48485 107.87187 104.85674 3608.06623
118.94279 119.43364 115.82164 3438.97177
126.07043 125.67958 134.91783 3809.20638
123.02855 117.05902 122.49861 2892.34374
139.16568 116.90987 112.49493 5873.09451
129.81387 121.78738 125.75900 3296.69959
150.11597 153.37788 141.24078 4445.01469
73.67044 71.78711 62.05125 3198.46312
112.51633 103.88457 98.24081 4370.01217
113.03952 113.41917 132.96396 3419.50282
120.66779 112.06726 111.51205 5276.68774
120.81053 117.02914 117.76138 4482.45012
94.57422 113.48529 109.31696 3735.16421
109.87813 108.28485 111.71222 5966.00922
65.44347 67.26476 80.84436 1530.34983
136.51093 122.17206 113.73996 3333.54649
121.25990 119.73026 127.02112 3164.61224
133.88152 128.79185 137.96841 1727.73649
118.62006 121.11676 124.73488 4953.32407
109.45584 120.51149 123.07492 6691.19878
128.67262 116.69333 106.86626 3791.87304
111.31007 109.19962 101.56230 5883.59044
134.58218 123.40269 113.03369 4632.72709
116.50946 100.31859 92.74469 5374.04706
81.83900 114.37044 119.34261 2449.24094
116.79823 103.61818 96.31989 3473.31284
57.52525 58.33897 55.79875 1394.26369
139.94234 131.95647 127.51704 4076.52869
147.72560 151.92787 157.11937 4414.50827
128.02867 120.97931 123.59186 2049.57299
145.93866 150.48740 155.09991 6827.55262
104.74860 104.31230 84.00203 3836.07786
130.94225 129.00717 148.78464 4254.34271
66.61581 43.28175 26.68338 2320.13903
123.90601 118.27190 117.30188 2626.16696
132.53506 119.75500 108.67505 4848.63611
136.06253 119.62567 106.20323 4030.91154
127.31654 117.47777 117.82469 3012.23890
117.61713 113.07892 116.49335 4038.38909
132.15331 127.81000 132.95695 5287.35179
120.78250 118.10187 117.29576 4116.17317
168.66722 160.81232 155.57674 4760.85451
104.86165 111.03082 115.33908 6738.15728
114.60388 115.53040 98.21623 3078.73031
116.38036 123.01546 155.16016 3317.38577
129.34152 133.88931 142.41708 5169.28425
120.76848 112.36308 105.00851 5264.24459
133.61478 146.51888 133.43980 3974.44278
136.08719 133.79692 105.06233 2790.01154
109.29817 113.65164 119.82072 7844.61439
141.26494 143.70753 124.87595 3566.07933
58.94139 56.30603 63.06145 1500.56403
99.06805 111.87924 102.90483 3562.42884
131.45833 115.98172 105.91693 3590.12930
113.49138 102.27580 92.96341 3567.11745
131.46623 119.61977 112.70416 4854.17372
126.37753 136.58466 132.64523 6926.45233
110.38687 114.71091 127.11293 4151.34010
121.39543 115.35681 107.29709 5258.39807
83.36313 84.05730 74.38802 1127.49206
147.60117 137.64653 96.70720 2812.75727
129.36632 120.92519 127.66914 3087.96844
152.94507 147.93681 142.06676 6239.55257
132.46014 119.63977 113.90273 3805.88202
135.43874 130.13356 130.45030 1770.93306
149.20576 130.66164 121.28369 4039.86273
140.74693 150.41246 149.74422 3540.53573
129.97621 118.47159 118.78615 2612.24326
122.88081 116.66911 105.84583 3414.67538
127.26736 123.45018 130.15860 3044.72290
116.20695 113.30499 115.40199 3856.92327
109.41974 107.24292 121.80269 2851.15702
115.06837 118.79417 132.92642 2808.10343
170.94954 182.17744 177.53058 4433.30809
121.34293 115.37589 112.99170 6052.24854
137.67319 122.01480 116.56923 4149.44642
116.83290 109.62375 104.08443 4821.93427
125.01300 111.71062 104.73346 4019.18151
135.00325 123.41533 121.59315 2893.28024
103.83766 108.44118 126.91234 8590.43853
130.39902 122.03442 121.58092 4945.65874
109.32343 120.21278 128.03287 3136.96247
113.96104 109.00412 110.32480 2266.82532
128.99255 124.16968 128.02446 2215.14894
130.01294 121.05661 114.59157 4521.35436
102.92139 92.53720 106.90523 3859.52731
129.11484 121.95717 131.60716 4644.46214
94.98047 95.89189 109.01009 7621.59015
131.49652 121.20374 118.30371 2391.74516
120.85735 112.00819 107.96754 4447.60999
133.00549 129.86479 132.53902 2858.66567
164.58604 174.89027 177.26268 4361.20764
111.04492 110.11035 115.14270 4955.70967
104.00037 95.90659 88.51797 4539.41230
113.03009 122.42760 150.65761 5115.23925
95.74414 115.98466 111.82150 6977.05665
160.21017 171.70453 169.20990 3350.84644
148.69550 140.01878 130.29106 5713.50424
122.80226 126.55804 134.46361 4542.12703
137.31758 146.18471 150.21010 4326.61019
123.92056 127.26125 114.10046 4927.26428
106.01262 96.55774 91.74811 4111.03232
147.38145 135.67325 139.26619 4164.12386
122.49966 120.58234 109.92917 2928.95020
128.30507 117.91405 109.23726 3665.33235
97.63019 90.33270 86.55507 3932.51858
106.59746 96.30583 89.91646 4992.96374
102.23569 103.63568 116.27274 4914.82066
75.06006 78.37022 76.88676 1784.71411
121.98653 118.12263 116.54364 3316.66391
80.12456 78.97177 105.56781 5341.27874
138.60434 128.94954 119.47519 4902.50529
107.06149 108.41673 120.19589 4090.20685
125.34981 120.98004 124.98251 4470.28798
144.51344 140.21432 149.80833 4629.25874
123.22159 114.37819 108.65962 4730.22156
121.24353 115.51869 119.27290 3294.26677
111.60948 107.41148 129.65840 4799.47615
103.14796 119.63582 150.30324 6801.11916
167.32283 147.13123 136.89214 3438.49895
113.41084 106.62796 100.99991 5584.43120
129.38742 129.62630 140.24132 5519.36407
123.50063 115.42715 112.99176 5548.15157
139.36095 129.74187 125.24600 5745.74928
102.36536 92.98967 87.13707 4174.21908
109.51180 104.58279 103.62689 2268.91623
127.62354 118.64951 124.72214 2393.14079
93.61856 92.62726 93.02104 5429.43106
87.06599 91.47047 114.11140 3554.30565
123.09779 121.87605 121.34161 2714.24625
131.45282 127.00786 140.78738 4417.61514
125.93970 114.97327 112.29521 4264.70984
131.17912 116.50414 109.19020 4905.71032
111.68474 133.16672 132.65474 6084.54223
126.24702 122.10645 126.68117 4214.72753
125.97351 117.35928 110.90251 5165.80457
93.58412 96.84312 95.87260 4552.44962
102.01059 92.02612 89.08124 4115.26253
118.55342 107.50853 98.14223 3599.74272
133.11224 135.01938 137.70369 6155.05873
97.17143 88.65088 93.24023 2272.76389
160.16992 149.20815 156.64145 4252.81520
107.59906 100.33578 89.06444 6169.04727
154.74335 163.69901 168.34554 7092.22206
87.66872 95.17062 110.91034 5389.16351
128.00049 122.93852 123.39961 2339.68930
128.96901 115.90117 105.86432 8360.08551
99.01003 95.68164 94.33676 4096.19738
120.81012 118.91029 121.20389 5997.86429
134.27959 145.39941 145.38795 4810.50935
127.62959 119.58855 122.06311 2858.33278
137.15224 127.68459 122.46942 4167.05817
129.89655 124.39246 122.56064 6538.68325
117.18031 106.88083 102.15916 5215.71303
149.89815 141.76210 134.68375 3436.20037
124.67415 120.40359 119.99149 2087.52578
115.49614 111.78619 109.41368 2629.60370
123.99309 128.27191 138.54741 2584.79234
137.01816 134.52315 148.88910 4447.77863
139.17480 148.06177 156.61200 6193.01723
114.35121 115.61359 112.55638 3579.70945
122.79211 133.59866 129.07339 5273.98129
129.03444 113.73012 103.52722 4211.24438
113.57674 108.04111 100.56921 5912.94773
147.10371 122.35410 114.43202 6305.27849
149.70979 163.93472 157.90706 4949.39676
124.31865 114.52559 111.41556 5281.61722
132.46501 119.01065 115.10141 4361.67614
108.69806 124.00769 123.36772 2463.38679
126.46864 115.68561 106.79825 5795.03637
115.24104 107.24879 102.02634 4320.13034
97.90076 122.62834 125.89200 5376.40130
106.35080 108.97546 117.21863 5397.70698
124.67723 119.43820 119.28189 2482.85598
128.70535 131.09375 145.36293 4575.43179
129.63437 120.61067 113.11229 2850.30276
134.40767 127.37581 121.95839 6669.70211
110.30396 98.43452 90.36838 4547.69894
131.55023 112.78868 110.90561 2713.58266
102.65280 116.68057 113.79926 5952.27970
96.86864 100.46198 100.88210 7189.52943
159.60567 149.79869 139.62105 5694.51963
108.56038 108.88829 116.99652 4389.86644
123.93398 122.85089 126.98331 3393.58253
99.33047 105.18774 113.40947 5524.39746
129.87578 138.90144 136.07079 4423.89631
129.18039 117.21619 110.73116 1796.44544
130.92290 118.23694 108.72304 3955.66994
108.49503 115.30803 154.03395 4141.84953
120.45183 114.63658 115.02002 2913.12155
116.14317 144.22986 151.22421 5570.77659
139.44374 148.31314 147.29364 5800.67930
118.42136 123.98775 134.13239 3334.05572
112.35579 115.72702 126.64453 3547.30841
138.80064 147.34322 152.40434 4013.75026
138.73114 155.35602 143.32364 4847.27067
117.31216 109.05641 103.70297 4840.08125
140.83447 127.08992 121.48073 3837.97294
125.69905 127.35107 143.88220 3959.22763
113.94853 110.13077 118.41945 3489.85133
126.83812 121.87154 123.40445 2139.31149
171.84319 163.78499 156.41443 5324.19412
112.70682 101.37482 95.60945 2522.00254
118.24124 110.21761 106.99529 3958.41593
117.18236 117.00998 116.40402 3851.32215
112.86467 104.57343 106.93375 5597.68742
126.02361 117.95566 120.47945 2976.42347
123.52776 118.78043 123.15431 2666.89495
164.77339 164.24017 165.66301 3457.84931
81.77293 79.40720 72.85017 1853.57962
125.40384 127.06389 127.76602 4547.45996
117.57756 126.82292 116.33411 4305.15007
141.79980 138.79689 133.63458 3693.99429
135.20332 122.94673 119.96602 5773.60341
116.08536 114.91028 118.47165 2785.82529
119.11598 109.82065 102.41487 4466.90924
125.12447 111.94189 102.93756 4900.99994
120.54440 143.54918 142.28935 2868.99934
89.78543 89.00797 78.91016 3245.50907
120.65919 111.71573 102.69286 6034.32967
131.73570 117.63892 109.53622 5415.90318
136.50578 127.95770 90.57236 5117.42380
80.66365 90.55351 103.35130 4727.91605
139.39012 124.94061 116.96240 1789.79924
124.20128 120.56136 146.37605 3462.83072
123.03148 118.69672 111.84496 2523.68717
