139.00000 90.45956 0.5722288211167127 0.9971066858351102 0.002876694740491986 0.11926 0.07143 0.04861 0.07143
105.00000 90.78759 0.46116676944363183 0.9538636761607772 0.0012741192117738925 0.53588 0.60382 0.58750 0.62500
5.00000 74.95837 0.555746060491031 0.9988184813435564 0.0013238873861240656 0.12210 0.09649 0.08046 0.10504
31.00000 81.33050 0.3897401090202346 0.9899680840380476 0.001065894526181404 0.50293 0.53333 0.43333 0.56000
87.00000 83.57726 0.7039444755682734 0.977500952137122 0.009430612038301252 0.68519 0.64286 0.62403 0.71505
160.00000 92.29446 0.31641623811208164 0.9869049093380259 0.0006750200822325559 0.28942 0.27536 0.25758 0.32222
76.00000 89.08333 0.4693118369403063 0.9661136822522913 0.0013612701873602744 0.48607 0.52465 0.44363 0.53801
28.00000 75.21510 0.5118171908697816 0.9950509095090091 0.0010058881208925548 0.10284 0.09317 0.08046 0.12433
3.00000 45.39362 0.4140348343414243 0.9960389526835076 0.0010615465046121175 0.64218 0.86111 0.05172 0.91667
98.00000 93.18620 0.5459723649874291 0.9935934030837343 0.013719249990802181 0.61695 0.62195 0.60078 0.62931
280.00000 90.36763 0.4409005391773656 0.986730343398047 0.0020106286353585717 0.54018 0.59034 0.56349 0.60271
292.00000 85.83044 0.5245202859531127 0.964041770608271 0.002402908342794853 0.66790 0.63131 0.61475 0.69444
90.00000 83.60782 0.5484102060010125 0.9955158216109727 0.0015989718497693248 0.17517 0.07111 0.06061 0.16667
534.00000 87.40871 0.237862326389145 0.9722080595700898 0.00044463771070626126 0.47374 0.58578 0.31250 0.59701
110.00000 86.00759 0.5626370468200084 0.9935317839093166 0.002516471631066123 0.06968 0.06696 0.05946 0.07111
286.00000 90.16471 0.34385614579411533 0.9956011900141094 0.0007475573500501768 0.34310 0.10377 0.04167 0.68391
743.00000 87.94443 0.296490405773186 0.933541481835299 0.0011582643478846816 0.47135 0.57317 0.26536 0.59957
107.00000 81.60528 0.49497163496723817 0.981622430490259 0.01214110025760153 0.57427 0.58678 0.57738 0.60889
1517.00000 83.60060 0.09161413010436269 0.6985208208981171 0.00022630010280011702 0.15463 0.07471 0.05882 0.11111
485.00000 91.10060 0.23859977106421676 0.9204723550778958 0.0005385783487724838 0.37682 0.52941 0.14167 0.56039
107.00000 92.95292 0.40814389719877286 0.9456630433940577 0.001571046447167216 0.36823 0.57377 0.05243 0.60584
321.00000 79.89984 0.48540547918350063 0.9854090519008685 0.0021916536054720596 0.63416 0.97727 0.06852 0.98384
38.00000 79.92470 0.5750843389439791 0.9972979854431027 0.0016518537322634521 0.58320 0.59314 0.57255 0.60290
331.00000 80.95007 0.42632547894384143 0.9763384869901941 0.0013275398744247852 0.51247 0.56190 0.53213 0.57143
165.00000 79.36834 0.4517753914798131 0.9737019755581378 0.0020266136981944884 0.68046 0.69271 0.65196 0.81818
96.00000 81.64283 0.5887362391241383 0.9887988477183655 0.00296790006022347 0.55954 0.59583 0.58333 0.60784
366.00000 84.81810 0.22075848223839603 0.989224638714465 0.0003715042882770508 0.82330 0.89394 0.75000 0.93939
396.00000 87.90936 0.3410663049609892 0.9780314570991384 0.001698247725484306 0.41646 0.50617 0.27273 0.53431
63.00000 90.33435 0.6813587128457141 0.9969198526647524 0.004562336277475991 0.04818 0.04213 0.02752 0.05556
52.00000 67.14210 0.6555804189431147 0.9957010904914001 0.015332118543649319 0.57346 0.57062 0.56854 0.57407
90.00000 76.54102 0.5090113723942529 0.9738432438151673 0.0022983814724957105 0.79381 0.91270 0.89912 0.93791
172.00000 84.80243 0.3546008098421199 0.9644660143046626 0.0006882799171295052 0.53583 0.56667 0.52830 0.62500
240.00000 85.94026 0.3530410088325568 0.9787532256052989 0.0007879019168559767 0.45100 0.56322 0.16667 0.57333
112.00000 83.78726 0.5154649972664916 0.9935623504020625 0.0017891268673333378 0.43111 0.44444 0.40000 0.50000
560.00000 88.25555 0.3462425738860385 0.9750669843993672 0.0027896542899293088 0.60506 0.59756 0.59387 0.60452
439.00000 88.07156 0.49088410972760643 0.9831338078470396 0.0023209566191867673 0.60625 0.66234 0.65152 0.71111
429.00000 85.63642 0.5421084591475671 0.9823378413741799 0.006665104767398215 0.78291 0.83333 0.71171 0.88889
268.00000 92.25505 0.5057190932776736 0.9807758767792139 0.001618625592470529 0.59136 0.58631 0.56627 0.62719
445.00000 91.21952 0.26166364077157833 0.9854246090644914 0.00037828890555915404 0.29101 0.19048 0.11039 0.48077
93.00000 87.17667 0.4856969244755296 0.9969744284859492 0.0018660789175888128 0.29957 0.19231 0.07407 0.50000
141.00000 91.60768 0.6119490221609615 0.9913495168505573 0.003976730939197257 0.57322 0.58740 0.58091 0.59365
74.00000 87.91006 0.5345358886278277 0.993950627399972 0.0035159028378509037 0.23603 0.22222 0.10795 0.34722
360.00000 88.19426 0.4427670144199052 0.9853383376415262 0.0011120004738263255 0.55101 0.59829 0.56731 0.62366
446.00000 87.50721 0.4138789897440955 0.9469772472780748 0.0026136124496137243 0.48582 0.58333 0.40741 0.58861
159.00000 89.95277 0.4092699001253388 0.995026326493555 0.0010866954059886717 0.11569 0.11494 0.10884 0.12185
78.00000 83.35092 0.6163305831559217 0.9901729623961024 0.003173009043058886 0.58640 0.60417 0.59649 0.60714
251.00000 88.52877 0.33603835082456046 0.9909562663718616 0.000630235624331955 0.49442 0.56173 0.44118 0.57865
47.00000 72.35110 0.671922207541138 0.9967850319907553 0.0017608427863908273 0.13488 0.04227 0.02336 0.08939
884.00000 87.49670 0.37473678197203086 0.9408149181952478 0.0013252495894382392 0.51984 0.62403 0.41667 0.64242
1245.00000 89.48945 0.32477742010003524 0.953143725759919 0.0005484989669313714 0.35401 0.50901 0.08772 0.53814
278.00000 91.42568 0.36939856735605864 0.9691202544815334 0.001017150996236473 0.53902 0.55930 0.54518 0.57479
573.00000 89.41219 0.4744548138844981 0.9939568252908001 0.0017802339441636375 0.42570 0.49167 0.16667 0.58333
219.00000 89.02524 0.3207759980443617 0.9916323543883827 0.0007213190380130522 0.45778 0.55655 0.41667 0.57895
327.00000 84.38770 0.48169090517790497 0.9963179122497184 0.0010348784121492257 0.59946 0.90789 0.04911 0.96847
501.00000 83.71227 0.3542229134152856 0.9873339455762082 0.001115219661796259 0.07178 0.07353 0.05952 0.08095
55.00000 87.01145 0.7766101834939219 0.9499552485961671 0.03587537555042139 0.46629 0.61966 0.08772 0.63333
315.00000 86.05109 0.509447085411883 0.9771335170330905 0.0022516801915504533 0.13105 0.05357 0.03407 0.06604
14.00000 55.28782 0.5077822252452361 0.9985554445726342 0.0008692597151262034 0.22929 0.08974 0.06383 0.38889
376.00000 89.29385 0.31268499344611145 0.9769660079843453 0.0007452615505456309 0.29991 0.18571 0.08333 0.58333
10.00000 55.25109 0.5308244690447474 0.9983848661084309 0.0052409724756553935 0.12650 0.12153 0.11022 0.13889
116.00000 85.15310 0.4602093991690075 0.9984014961643697 0.003974565024194761 0.52233 0.64167 0.20000 0.67708
117.00000 85.02300 0.6589888973703333 0.9658962457689783 0.01653147543819568 0.51705 0.56838 0.52778 0.58454
121.00000 82.02076 0.5389029214505866 0.9973088358795419 0.0013053234060743507 0.48312 0.69565 0.01667 0.80556
204.00000 94.18067 0.5044959619255941 0.9956112355427554 0.002605021064989873 0.66994 0.68468 0.63580 0.74242
374.00000 91.17065 0.2596435651114042 0.9879242868606147 0.0008065629289591883 0.45232 0.51111 0.39744 0.54874
63.00000 82.49696 0.664048953623834 0.9970739277869521 0.0038572280455534216 0.09067 0.05214 0.03723 0.07463
365.00000 85.65908 0.44678300491635453 0.9828422242798731 0.0015931584916633607 0.62384 0.62222 0.60638 0.66667
118.00000 87.01939 0.4076994852758123 0.9894224371160195 0.0013498960830120002 0.68115 0.68280 0.65459 0.71591
72.00000 86.68022 0.42704358134826215 0.9905885799560058 0.001471240943049251 0.61228 0.61667 0.58571 0.64216
300.00000 87.52307 0.5177169315913412 0.9792886345011951 0.003949861977477255 0.54814 0.57407 0.55667 0.60215
442.00000 87.12548 0.32310478413944277 0.9872199604720515 0.00084539241123463 0.56116 0.59375 0.58519 0.62083
386.00000 90.24001 0.2876559588094897 0.982063827912137 0.000656872976289368 0.56032 0.56604 0.55637 0.57108
486.00000 88.68025 0.28425760187788385 0.9819152879505951 0.0005598920787678978 0.37600 0.45833 0.17857 0.56667
574.00000 87.41782 0.2544400292253829 0.9890290764330819 0.00043676074950890406 0.58107 0.58333 0.54225 0.62092
523.00000 84.52575 0.28371320347811785 0.9706658165884307 0.0006561288683289828 0.56904 0.57306 0.56410 0.57831
725.00000 83.90067 0.22000899965376866 0.8747065840972759 0.0005606042729215141 0.55132 0.56284 0.52963 0.58095
450.00000 88.84887 0.3723832018873082 0.9258398210851939 0.002792261483714225 0.45271 0.58130 0.21171 0.59053
256.00000 88.69095 0.4235949790887281 0.9956255278765098 0.0011883062694863443 0.48993 0.63333 0.06667 0.81250
15.00000 51.75743 0.5108258268540804 0.9916145349397738 0.0031477396435941785 0.53841 0.55128 0.51515 0.58696
411.00000 91.68985 0.346979862004504 0.9777304565049137 0.0030630223304671344 0.50711 0.57527 0.55263 0.58743
99.00000 84.64345 0.24767235482262298 0.9842370038576547 0.0006299308005410096 0.48982 0.58667 0.54487 0.59770
351.00000 87.55523 0.38770923863303897 0.9942509822208684 0.010239938914157665 0.20855 0.12500 0.10856 0.21429
65.00000 84.91070 0.5501912344463384 0.9970415066907806 0.0020906415951797205 0.62650 0.69048 0.62057 0.76923
321.00000 90.84628 0.1445904268384834 0.9025789953115376 0.0004604263628321929 0.42085 0.22222 0.12500 0.82222
79.00000 91.89954 0.2754802882566036 0.9950856594705761 0.0009791719230587417 0.65774 0.83333 0.33333 0.94444
127.00000 82.22409 0.5921570494968911 0.9958441704963577 0.0022159611321744 0.49786 0.56621 0.40196 0.59583
691.00000 87.45987 0.4436493253739423 0.9752449886544055 0.005439593099897206 0.88626 0.88889 0.87745 0.90278
684.00000 88.74461 0.2874869193609098 0.97192931760177 0.0010034809750533013 0.53355 0.58740 0.57407 0.61404
115.00000 87.05801 0.39204074317766363 0.9798069683616858 0.001569407344643624 0.61662 0.62560 0.61979 0.64461
73.00000 79.02056 0.5061762673261725 0.9983858098960279 0.002003097446182019 0.07928 0.06469 0.03488 0.08800
319.00000 89.38785 0.247741406402609 0.9739405014071675 0.0004746300016445005 0.34066 0.47222 0.07895 0.57801
210.00000 86.53654 0.35562409632027686 0.9935158848083996 0.0005763035194548558 0.58551 0.58861 0.58059 0.59568
241.00000 87.09269 0.5127977215615785 0.9922922598580892 0.0016837965200058314 0.56133 0.62162 0.58333 0.69231
345.00000 85.29315 0.32371841117145633 0.9755394257021011 0.0006367013382027088 0.51640 0.56090 0.50000 0.60452
234.00000 87.62935 0.4382386933589876 0.9875066682253281 0.002827959892980288 0.17028 0.10976 0.09444 0.16667
825.00000 84.55405 0.4193254310032689 0.965891101745134 0.061652533191306404 0.63056 0.66667 0.61966 0.66667
124.00000 85.61241 0.518572736310809 0.9964164109907314 0.001552981589675457 0.37577 0.56173 0.06536 0.59319
472.00000 90.47471 0.21378679200509138 0.9760172635364145 0.000546814340300392 0.49420 0.54348 0.52020 0.55864
75.00000 86.20909 0.5878931192942645 0.9945642832010568 0.0036272211305823586 0.55126 0.59815 0.58491 0.60544
73.00000 81.46639 0.41484747070454747 0.99604333535094 0.0007827365732983172 0.53823 0.57983 0.53646 0.58788
171.00000 98.72082 0.38701906547629145 0.9899267852345016 0.0010167340047998819 0.48730 0.51075 0.47312 0.53556
238.00000 86.97215 0.3712116361971955 0.9911439674346368 0.0005243798724875341 0.48902 0.54000 0.44444 0.57692
290.00000 85.36750 0.3741555453422211 0.9872219010067904 0.0009850508687313934 0.65163 0.64286 0.61538 0.68750
119.00000 81.20241 0.49193643175292795 0.9979113078774203 0.002494127272826327 0.37294 0.11518 0.06870 0.69048
63.00000 85.52554 0.5048201828523996 0.9819802906276172 0.0021355405673299122 0.11560 0.11333 0.08266 0.15542
353.00000 88.59586 0.26625465159988415 0.9869310736010912 0.00035568759423964614 0.42833 0.57790 0.11224 0.58796
81.00000 91.36171 0.31580890274909107 0.9919471002261542 0.0007815002652600762 0.27360 0.05952 0.04815 0.71212
324.00000 87.69619 0.5663017224338134 0.9866837430500355 0.013258460373751899 0.52333 0.64167 0.54301 0.69444
818.00000 92.00629 0.33688068723644504 0.9700286166925315 0.0007272100686937993 0.52462 0.56931 0.55060 0.61574
282.00000 92.95484 0.39972766903986384 0.9878324721250589 0.0014317363429554256 0.53017 0.59195 0.58273 0.60667
189.00000 89.89313 0.5031823686454343 0.9959934956097978 0.0024146361976163386 0.10863 0.10494 0.09216 0.11667
37.00000 61.54262 0.5601407873145631 0.9908297093614449 0.0072038815214924366 0.12397 0.08333 0.07143 0.08924
323.00000 87.98311 0.323577005160871 0.9890907088336266 0.0006178166947885132 0.32490 0.38462 0.12000 0.52778
540.00000 84.25854 0.30697806035381076 0.7490053507097422 0.002556829573512451 0.40840 0.40196 0.33333 0.53205
395.00000 88.63268 0.24128855645161457 0.9772663521532994 0.000393446204021603 0.45238 0.52333 0.40341 0.53974
753.00000 88.36860 0.3560427702632643 0.939185445105518 0.0017784233049263384 0.22792 0.07576 0.03704 0.11985
267.00000 86.66943 0.3772184535991342 0.994360223702169 0.0008756536229306885 0.44330 0.61667 0.07377 0.64444
646.00000 87.54937 0.3334298650237209 0.9542112995969104 0.0017012566577833453 0.52294 0.55769 0.53005 0.58170
79.00000 90.97740 0.4109665235929387 0.9959819998298705 0.0007320240083819375 0.33330 0.07333 0.03958 0.72464
285.00000 89.21450 0.34217823254762303 0.9848978438073043 0.0022923258275820784 0.20945 0.15909 0.11240 0.28788
664.00000 86.44929 0.4132169275273271 0.9277534140346378 0.0026979706150805994 0.57441 0.58333 0.56349 0.60588
119.00000 88.11972 0.500052016067393 0.9887424806377181 0.004055645101944045 0.54305 0.54789 0.53922 0.55618
985.00000 87.08093 0.10844516672512503 0.9057011875493364 0.00015860692852524787 0.22008 0.18699 0.10569 0.23765
340.00000 84.15410 0.45935562122668216 0.99530742332563 0.0017504292641726882 0.29949 0.02336 0.01535 0.95690
57.00000 70.73581 0.521569499116488 0.9966428190614676 0.002837646320112831 0.60169 0.60932 0.60317 0.61310
64.00000 81.48394 0.5538351349114663 0.998152317667643 0.0013471213417390738 0.44561 0.55455 0.07407 0.63889
346.00000 89.59437 0.4034523859929544 0.992162208524789 0.0005900988492633155 0.40747 0.47059 0.25641 0.51990
468.00000 85.31406 0.4732002687878369 0.9920637621759925 0.0019589976098435876 0.56919 0.57910 0.54444 0.60354
42.00000 84.54273 0.5409476524022324 0.9977427594994314 0.0021967219169760706 0.62814 0.61370 0.60606 0.67228
372.00000 83.55869 0.4318937359070162 0.9821422112545377 0.0010069215650609638 0.14156 0.12963 0.10078 0.16923
233.00000 86.17272 0.4043662941714147 0.9891542343235161 0.0013755030413857728 0.09730 0.04274 0.03167 0.05556
264.00000 82.29210 0.4862278039008497 0.9887680524116138 0.004424673254239844 0.58569 0.64067 0.59455 0.64815
361.00000 85.48917 0.3431556168108513 0.9694458913566429 0.0006955682328464772 0.47899 0.60586 0.23889 0.63043
136.00000 94.21868 0.5206815936147888 0.9903500167394862 0.006500799581666626 0.48423 0.63830 0.09663 0.75000
45.00000 77.18404 0.5775874517150676 0.9981135275820044 0.0018176751758263354 0.59157 0.59195 0.58667 0.59896
384.00000 89.70465 0.4986730124069388 0.9520658203631837 0.0028216748675766005 0.60616 0.60458 0.58081 0.63333
831.00000 86.88511 0.42995099096903866 0.9791949907137477 0.0067282295740369895 0.27622 0.11111 0.03333 0.55952
39.00000 88.93333 0.5960892485672816 0.9986575453306668 0.002376150962069906 0.61697 0.62195 0.53333 0.73810
375.00000 100.42482 0.4210804708952289 0.9667303247405136 0.0014943423155682057 0.46001 0.59697 0.19697 0.61972
1087.00000 87.91930 0.23136906902689894 0.9165119863325409 0.0005138412763047547 0.54178 0.58889 0.57917 0.59829
283.00000 86.59899 0.3696210178456268 0.9942905552874681 0.0006058080688617534 0.55497 0.67593 0.15641 0.75000
339.00000 89.41203 0.3718976136620106 0.9826297390179852 0.0007338897928005847 0.51985 0.52976 0.51916 0.54321
707.00000 71.76922 0.44983840538036296 0.8074675932445358 0.009406195981189464 0.64071 0.64216 0.60985 0.65333
271.00000 96.98539 0.4506913524224326 0.9909287196979816 0.0202742217348817 0.38767 0.46131 0.26562 0.56838
1539.00000 91.20491 0.2368278166189943 0.9018166151924947 0.0004776269662659957 0.39926 0.53877 0.06970 0.57292
157.00000 87.17410 0.3697006136843507 0.9930622351225937 0.0009516053161271804 0.37748 0.48750 0.10088 0.57864
42.00000 74.91774 0.5377649077125658 0.9952880068121595 0.0016924028055614996 0.19553 0.05556 0.02885 0.07738
118.00000 84.06224 0.4326935912466732 0.9790301900589208 0.0015170452348179171 0.49740 0.57071 0.46914 0.64319
192.00000 82.64144 0.5705334340841244 0.958771447742739 0.010312452715940765 0.41856 0.56209 0.14286 0.58073
230.00000 86.85241 0.4187164309000186 0.9961258825976084 0.0009668641051897342 0.57692 0.60976 0.58519 0.62719
183.00000 84.23054 0.3968862832762646 0.9925674760622288 0.0009247930248809928 0.08249 0.07623 0.06931 0.08743
254.00000 80.52138 0.440976963122714 0.9906645701840162 0.0011907260869843655 0.35614 0.16667 0.08140 0.62222
529.00000 82.37323 0.45296303785776043 0.9471511600493439 0.0016838650408271439 0.44428 0.55769 0.18254 0.61879
531.00000 87.62237 0.4062711800964384 0.9817071878257696 0.034012691229412174 0.46290 0.57407 0.33333 0.62500
559.00000 94.48741 0.35609952999951977 0.9859294883101207 0.0006524073898861644 0.44753 0.54545 0.21429 0.57456
89.00000 83.40053 0.6061138969073423 0.9952870177982198 0.004025963266644896 0.54133 0.56090 0.51667 0.58571
350.00000 87.13695 0.37427305536649297 0.9891382492839703 0.011184837285577804 0.06803 0.06250 0.04568 0.07483
243.00000 92.48210 0.24109129367775725 0.98864172070353 0.00035979555827386365 0.57653 0.60317 0.57829 0.62121
17.00000 90.63232 0.337398029939417 0.989103840742284 0.0014455470430168062 0.41299 0.44444 0.28571 0.52941
372.00000 88.96572 0.31085523473078086 0.9768814462061228 0.0009705013405679074 0.35948 0.13333 0.05556 0.68910
107.00000 88.28420 0.4901165385596489 0.9945021315220123 0.002432803132358983 0.09868 0.10043 0.08030 0.11538
127.00000 88.47390 0.3283464011293498 0.9950523396802133 0.0006612383627242381 0.47509 0.55556 0.53333 0.56322
311.00000 84.13287 0.6031418290028832 0.9682942070901227 0.0030709396532434463 0.47550 0.55556 0.53968 0.57489
207.00000 90.85023 0.3617953379473953 0.9754388918622293 0.0009675277246511022 0.57322 0.63111 0.62069 0.64815
77.00000 85.73390 0.4849453692364991 0.9950502649767233 0.001699678332289579 0.57583 0.57613 0.57111 0.58095
489.00000 85.66719 0.40780277930712266 0.9734725587460723 0.0012267148884293093 0.47238 0.60041 0.55820 0.61039
108.00000 80.06405 0.36164203235003756 0.9949718830395813 0.0008674286604388761 0.36045 0.54000 0.10638 0.56667
181.00000 84.11026 0.1963441809655143 0.9179382470968122 0.000999499610276161 0.26381 0.08667 0.07895 0.61520
68.00000 84.17056 0.5408408878230935 0.9975458189924064 0.0025449231421658977 0.57057 0.59896 0.58081 0.68750
150.00000 89.28136 0.6553665550223383 0.9928046202023021 0.008121759457938965 0.48626 0.53604 0.45679 0.59091
771.00000 90.61102 0.2333710983541818 0.9415806616092129 0.0003503958860849791 0.55695 0.58046 0.54902 0.59155
191.00000 90.77752 0.38060072684123164 0.994948860961529 0.0008048219838450271 0.05759 0.05182 0.03933 0.07381
208.00000 88.60422 0.45492919032822343 0.9906022107837527 0.004280775657574599 0.44566 0.57310 0.14286 0.58442
240.00000 96.02507 0.4550404319145596 0.9009094128842825 0.003429315633748364 0.51762 0.58676 0.53865 0.59387
200.00000 88.75042 0.5120669198571968 0.995494411229865 0.0011949308484117548 0.07815 0.06545 0.05721 0.07870
455.00000 91.48432 0.392164219522014 0.9884232474342628 0.002122003246573084 0.49507 0.53333 0.50000 0.55172
513.00000 85.90330 0.307976693238219 0.9790703722224561 0.0005229093734233438 0.33749 0.13889 0.05926 0.61728
185.00000 85.29199 0.39822165479197474 0.9937598997342775 0.001972824618799043 0.39291 0.10658 0.04167 0.88889
482.00000 89.61694 0.3981587767618466 0.9925146081977023 0.0013785384903042357 0.54003 0.54455 0.51829 0.56878
438.00000 86.85767 0.26312411058860796 0.9863694533113203 0.0007001933882851903 0.45503 0.48611 0.45265 0.49094
429.00000 88.66482 0.23094157801081813 0.9875735171053551 0.00033018060117355247 0.36502 0.43333 0.19298 0.49573
203.00000 80.13624 0.5320092541239166 0.9862272090619293 0.002850693787395889 0.51624 0.55172 0.53333 0.57292
15.00000 71.99482 0.7541546493287119 0.9989045541587164 0.005539591025499557 0.35853 0.43939 0.06019 0.62500
129.00000 83.20945 0.4084302421109999 0.9880733635694179 0.0012124643175476424 0.69904 0.76667 0.58081 0.85000
636.00000 87.94770 0.3787581613339065 0.8956645849357364 0.0008631083287907762 0.45789 0.55392 0.19681 0.58333
345.00000 84.13812 0.35212935822464264 0.9936183164861105 0.001112803833524313 0.13776 0.12153 0.11420 0.14124
240.00000 87.65255 0.5737452161602772 0.983282382029914 0.0030257644858649904 0.10007 0.08796 0.07479 0.11224
366.00000 89.84367 0.38586627190389916 0.9842599164826642 0.0033945079951603475 0.53759 0.57801 0.56122 0.58772
373.00000 89.74263 0.5241431415544668 0.976744666414072 0.005470738863771633 0.50699 0.55556 0.50000 0.59146
377.00000 90.68479 0.28899090083678425 0.9621207788332417 0.0007086606375856157 0.49790 0.57349 0.45238 0.57984
190.00000 86.90602 0.5932654654933333 0.9685106501177678 0.007011800411801087 0.06929 0.06667 0.04902 0.07639
275.00000 97.46566 0.4827999698385751 0.9545765087194337 0.002537817274869342 0.73925 0.70513 0.62963 0.86667
319.00000 89.77657 0.38842997195219836 0.9796180973063072 0.0011018017831557092 0.60026 0.60417 0.59524 0.61364
751.00000 85.53192 0.2621083377038748 0.9383665919261678 0.0004954694830791233 0.36912 0.46171 0.13333 0.51780
175.00000 85.31369 0.42050198539907563 0.9888075765090861 0.0010527239795467488 0.36165 0.23810 0.13333 0.61275
466.00000 82.26910 0.3373622287230362 0.9754413654423497 0.000822158103629097 0.34593 0.48958 0.11538 0.54545
305.00000 88.84095 0.3862435467198431 0.9801735727595138 0.000771513238223123 0.58097 0.59058 0.56984 0.61594
43.00000 44.54628 0.5640389573486713 0.9965188308803158 0.0034160278742701206 0.05699 0.04195 0.03528 0.04861
97.00000 80.95650 0.2036767687219551 0.9906769829981794 0.00041565352061853443 0.50017 0.56173 0.53241 0.58524
349.00000 89.50328 0.36558495960666754 0.9402282503477261 0.0012825506753713037 0.55189 0.63333 0.58333 0.65789
397.00000 88.66801 0.3968809677687518 0.9854171417244074 0.0009286626913327407 0.56753 0.57317 0.55882 0.58333
133.00000 83.06907 0.5109684178848953 0.9494902826742411 0.006125881806652066 0.55639 0.58475 0.57692 0.59314
105.00000 84.54472 0.791094705796136 0.9631364969186482 0.03547284247645257 0.55466 0.62179 0.61232 0.64706
424.00000 85.60895 0.4265498399333494 0.9818062240231857 0.0011592445241539635 0.47626 0.55000 0.38889 0.56838
535.00000 85.79833 0.3199670338424513 0.9790019649401798 0.0012724508940371723 0.38905 0.41667 0.21212 0.54487
429.00000 87.79058 0.18240623161680752 0.987226416622032 0.00029073478349674455 0.43668 0.26667 0.13333 0.81250
476.00000 83.37261 0.24925306701439076 0.9461541656127922 0.0008955571615716682 0.49127 0.58788 0.52899 0.59859
121.00000 83.95640 0.5121880035358622 0.9906038623751314 0.0021548660202056914 0.65286 0.58796 0.56631 0.70430
511.00000 85.53280 0.2788492544918044 0.9525434679851796 0.0005764627365005904 0.65041 0.60972 0.59701 0.70588
57.00000 90.06690 0.5924850031945028 0.9946129683475193 0.0026500543801889227 0.52468 0.58333 0.47222 0.59524
290.00000 73.69692 0.4808401494770277 0.8656961120041536 0.004011034527360547 0.58063 0.61232 0.60345 0.63333
104.00000 81.01878 0.4694272242594221 0.953858460013297 0.00321345181521995 0.64521 0.64269 0.63485 0.65989
52.00000 69.19817 0.41520637178039277 0.9974258353680014 0.000914239997086522 0.34850 0.19136 0.09430 0.60043
168.00000 92.75683 0.43756706658201516 0.995106663669905 0.001358951860462452 0.55741 0.56522 0.54861 0.57895
137.00000 87.34656 0.41241248462550684 0.9690574250834031 0.003168834787476926 0.55668 0.60067 0.52987 0.60559
339.00000 86.09223 0.3650064774778593 0.9953557482550637 0.0014640608057524126 0.54601 0.57292 0.52299 0.59226
312.00000 87.61245 0.22837077360801183 0.9726907860210374 0.00048317093429364174 0.49200 0.56019 0.53333 0.58772
207.00000 85.34284 0.37203915115746633 0.9875682059849487 0.0013108733579408702 0.50620 0.56790 0.48870 0.60112
590.00000 87.25902 0.34471078408698735 0.9888803761232866 0.001177157087080439 0.57614 0.58333 0.57310 0.60417
962.00000 86.28741 0.37168258613609756 0.8683701871279431 0.0030152926505510034 0.08461 0.07870 0.07333 0.08333
254.00000 92.52061 0.4275796749790946 0.9764873203744171 0.002316387078249698 0.10302 0.08081 0.06019 0.14286
161.00000 80.62931 0.5892855144957662 0.9748376053866598 0.00936853416879986 0.50102 0.58676 0.56863 0.59662
10.00000 66.16781 0.6302973056383478 0.9975874512046916 0.004213540188306474 0.55170 0.57451 0.54248 0.58416
155.00000 93.75412 0.3613634412348179 0.9862328138783979 0.0009111671198427551 0.64543 0.64327 0.62195 0.69048
114.00000 86.46890 0.5422896670062244 0.9709124122512451 0.00298431689809826 0.57624 0.60000 0.58743 0.61228
302.00000 86.92449 0.4837870083320059 0.9829424293411216 0.00200938423153821 0.21238 0.15873 0.11111 0.23333
155.00000 84.70892 0.5218138167366738 0.9986111125659693 0.001086645423334816 0.31501 0.07843 0.04444 0.60345
204.00000 81.18966 0.4926822864654566 0.9888015065853042 0.006056949860405306 0.63995 0.61392 0.60606 0.64056
16.00000 62.30820 0.7891746367123684 0.993674106236114 0.017434918008736495 0.42323 0.07658 0.02694 0.85354
22.00000 77.82463 0.7352052462514777 0.9942112297555974 0.007522310449819612 0.65311 0.75287 0.68687 0.82609
832.00000 86.84723 0.444374803772302 0.9658079928364462 0.006003328328497679 0.88510 0.88889 0.87356 0.90278
263.00000 84.24584 0.5524179819597579 0.947659146814666 0.004666110122721638 0.57359 0.58133 0.57214 0.62500
415.00000 91.95379 0.44751767815344784 0.9879917428178311 0.0018516261868182155 0.34643 0.48333 0.07692 0.57143
488.00000 90.34839 0.2378726929804655 0.9924476950765198 0.0003770575253883733 0.30274 0.19444 0.13445 0.53333
64.00000 84.48149 0.6041579414000571 0.9899075055090781 0.00667855913572181 0.51746 0.56667 0.54000 0.61688
241.00000 89.97506 0.4970072038287338 0.9941228289602072 0.0012199317964394917 0.51499 0.58333 0.55303 0.60417
359.00000 85.79404 0.2953553249823423 0.9930059231416808 0.0004436394655901625 0.21802 0.08249 0.06093 0.12121
425.00000 87.27755 0.4115273648127439 0.9864010106874971 0.002328712378314614 0.55218 0.58696 0.57801 0.59667
181.00000 87.07837 0.4461533089081273 0.9985881216823548 0.0034582699046417794 0.45475 0.60606 0.16667 0.65909
712.00000 87.09879 0.3669420759561637 0.9393054750454474 0.0007526271868469507 0.50442 0.57042 0.40909 0.60624
800.00000 91.67535 0.3162041351599802 0.9569761630919172 0.0006746143544926902 0.51113 0.55729 0.46032 0.56854
628.00000 83.95134 0.18694126516448328 0.9804245414259553 0.0002636867759320388 0.58494 0.72222 0.11111 0.82222
134.00000 79.33405 0.4985495856608289 0.9979136938964159 0.0019635805264201062 0.24442 0.18750 0.09788 0.38889
52.00000 84.23830 0.437572748812177 0.9886698782254354 0.0031415730043360146 0.60257 0.60526 0.58427 0.61905
571.00000 85.76497 0.302150030554181 0.9816183092145023 0.0005619656549239409 0.10907 0.10452 0.08796 0.12403
176.00000 88.30519 0.4154438512113161 0.996804027088358 0.0007009547437811231 0.56206 0.60078 0.54487 0.66667
132.00000 84.09577 0.451454004953369 0.9941948809205098 0.0018127238425049068 0.56545 0.57713 0.55620 0.58537
623.00000 93.48422 0.28967628545327145 0.9807683819792788 0.000573571486364971 0.51192 0.54630 0.53571 0.56522
336.00000 90.21819 0.2295631301825468 0.974646020129504 0.0013262311736697025 0.57086 0.58140 0.54701 0.67857
411.00000 90.05726 0.4228863771118757 0.9940855383214999 0.0026888050165878043 0.58701 0.58772 0.57738 0.60354
877.00000 84.91598 0.36875329643200433 0.9634945867829101 0.0009488792668762488 0.46708 0.66667 0.05882 0.91667
220.00000 86.74540 0.4397489555160913 0.9975504655027875 0.0013217378973458577 0.39332 0.18155 0.08519 0.64394
339.00000 82.00639 0.3750992189451378 0.9840068417623359 0.0012442395578025317 0.53313 0.56929 0.55691 0.59583
178.00000 88.23113 0.5304124321555379 0.9916916095019439 0.0017887952922628952 0.08013 0.07664 0.07018 0.08831
1071.00000 85.10141 0.19296421995092844 0.9701689126763307 0.0002443468914450532 0.11634 0.05780 0.04635 0.08333
123.00000 95.13375 0.5298413276552414 0.9821129461402793 0.0014272022357311753 0.56647 0.59877 0.57491 0.60550
482.00000 87.17880 0.4458377961492072 0.9802640569274363 0.009279055831891985 0.57508 0.57333 0.56869 0.58046
635.00000 93.06272 0.256032323869791 0.9596592024846157 0.0004893991718931755 0.35810 0.36458 0.12403 0.57353
76.00000 89.47166 0.49583466435684836 0.9976398456329727 0.0022542172218917404 0.11137 0.07436 0.05983 0.10417
363.00000 87.39368 0.23390670221503782 0.933477651341872 0.0020598602588248493 0.66179 0.67857 0.62121 0.90196
197.00000 88.86792 0.5340288519054218 0.9785428116897935 0.007717514536739716 0.50818 0.57317 0.56173 0.59009
75.00000 89.08527 0.6289668704005266 0.988217291131937 0.0033653487484531608 0.58730 0.60458 0.59701 0.60753
103.00000 93.37062 0.5093568755058931 0.9888692544360003 0.002729665718826336 0.47255 0.60976 0.13333 0.65351
219.00000 84.34018 0.5768889944971374 0.9790598592665527 0.0020375510996373195 0.51248 0.58844 0.57364 0.59319
209.00000 91.32159 0.48556184863669055 0.9854957502341779 0.0014018175007058527 0.35152 0.20721 0.10659 0.62500
490.00000 96.65378 0.2710605819404625 0.9773272272767887 0.0006093237501802935 0.37508 0.30556 0.18910 0.57018
90.00000 88.73249 0.4111708744715835 0.9959699900763918 0.0008237675216188378 0.42068 0.55263 0.18750 0.60674
845.00000 92.28936 0.48657760515935305 0.9616965414204528 0.004899421172708589 0.74217 0.69298 0.62000 0.94298
155.00000 87.81067 0.5337728512973255 0.9970021337133544 0.0017701961131611644 0.49322 0.52778 0.46667 0.54264
128.00000 84.13232 0.4095008741080153 0.9823316604063949 0.013320675167567363 0.56417 0.60819 0.53333 0.63095
453.00000 87.15505 0.24423241599526935 0.9877356817101391 0.000444872488383376 0.57980 0.57778 0.53958 0.62121
623.00000 90.07818 0.3958941490560052 0.9471289731549267 0.00200942576641965 0.48216 0.59649 0.52778 0.61667
186.00000 88.77611 0.2799521251887432 0.9830362513247586 0.0011386086105704722 0.56584 0.58333 0.57407 0.59091
270.00000 79.68387 0.42234463381096726 0.9372185316867447 0.0015529811203547962 0.45262 0.56818 0.09009 0.66667
1153.00000 89.80613 0.29718190729836713 0.8987833664470608 0.0009209145586661468 0.40207 0.50253 0.20614 0.56863
172.00000 83.56297 0.4512280302902432 0.9918085332284652 0.006127617589238589 0.55611 0.61728 0.45833 0.65217
75.00000 94.66457 0.39869899311850354 0.9898014950021667 0.0018861280629745077 0.49841 0.54000 0.51042 0.56349
90.00000 94.01687 0.4865570978234541 0.9868155246022627 0.002579985035240654 0.53702 0.54348 0.52778 0.57682
116.00000 85.89372 0.5826821477939889 0.9956738317449997 0.0043396146276372515 0.07977 0.07956 0.06545 0.08943
574.00000 85.98512 0.22810708084088469 0.9431547381873852 0.0005439456175585661 0.05168 0.04060 0.03247 0.04949
117.00000 86.91513 0.605507474835003 0.9884062356753214 0.0025210700352254175 0.59016 0.59007 0.58333 0.60417
717.00000 85.25321 0.26906476791759426 0.9819961749560827 0.001689294729265501 0.38591 0.14758 0.04301 0.68750
43.00000 89.12858 0.7303835413700724 0.9993837625096764 0.0036653197632071366 0.14783 0.05616 0.04945 0.05936
431.00000 89.54036 0.4351006891229287 0.9801355783231437 0.001242035862483775 0.56107 0.57143 0.56233 0.58222
710.00000 71.17524 0.43218679900999646 0.8017110683153931 0.009667015911662354 0.64200 0.64394 0.60985 0.65333
141.00000 89.59006 0.5363662802963607 0.9957562432116349 0.008224738391259246 0.61604 0.75641 0.09902 0.96726
566.00000 84.43779 0.3581247476104577 0.9766168289778829 0.0005856522703485316 0.08507 0.08170 0.07082 0.09259
28.00000 96.70000 0.40631006295730027 0.9807951676342667 0.0016177806978911616 0.55706 0.66667 0.38889 0.69231
108.00000 89.06426 0.5133337198133233 0.994772677431792 0.001822047719401802 0.57288 0.57246 0.55983 0.58689
85.00000 82.06718 0.5847935029628966 0.991615338633643 0.0036483953550017208 0.58106 0.58571 0.57292 0.59091
96.00000 80.24915 0.47237386053303954 0.9783018170804315 0.002739581409118851 0.57723 0.58772 0.56667 0.60317
321.00000 87.06971 0.24573559575621506 0.9873240312228091 0.00043115494847984675 0.17704 0.11111 0.09091 0.16346
