1872.00000 87.68177 0.08295536677508748 0.6249498605144443 0.00010634079478148698 0.24260 0.24537 0.21644 0.27044
930.00000 88.94672 0.355999588545835 0.9096286038035198 0.0006853501826975452 0.50138 0.59701 0.45833 0.61538
2116.00000 89.87014 0.06055651715152109 0.8197248094164147 0.000104537782005434 0.20688 0.15278 0.04264 0.22778
1400.00000 88.65557 0.3162329403546362 0.8778156620715982 0.0050317521262114775 0.32379 0.20470 0.13475 0.59957
516.00000 84.01776 0.16844005739810433 0.8781226915526232 0.0006695380645371932 0.29834 0.21429 0.16667 0.36667
2146.00000 87.87246 0.06339050231479712 0.7409983147059324 0.0002605393940281927 0.28564 0.23737 0.20202 0.32222
1541.00000 88.88744 0.05566441874962516 0.7154101887487754 0.00010010364008887034 0.13144 0.11328 0.09489 0.13934
2263.00000 87.19752 0.03860568436334106 0.6014624863085481 6.447832752127128e-05 0.17036 0.17610 0.15580 0.19333
1292.00000 89.29939 0.11137796983818062 0.9102340577210667 0.00013866314563518793 0.15168 0.10569 0.09146 0.20588
1233.00000 89.13899 0.19603166358998178 0.8600017474021033 0.0004155691602238678 0.56343 0.56481 0.54301 0.58519
1712.00000 91.21507 0.21737094088974654 0.8174173133100333 0.0003373820925620313 0.36081 0.25424 0.21705 0.58521
913.00000 90.22363 0.10102275971955164 0.8045922966739848 0.0002531240097334497 0.22023 0.21131 0.18732 0.23538
964.00000 83.16463 0.1301227332375521 0.8940785232519071 0.0005939410604547874 0.29671 0.27536 0.22599 0.36508
2099.00000 88.57404 0.051889859313170986 0.7799030036243937 6.288768235925151e-05 0.26994 0.22764 0.19811 0.27451
1764.00000 84.16157 0.1684774826901788 0.7880490509911362 0.0025916313455918963 0.27936 0.25758 0.22956 0.30556
1078.00000 88.63354 0.09477071606844449 0.558312212067042 0.0001243087375499834 0.29735 0.20085 0.17778 0.53646
1799.00000 88.85339 0.1038832959436364 0.8764293643986537 0.001586099791096534 0.31311 0.26667 0.22481 0.37879
2222.00000 82.62663 0.047989145202500694 0.7460586582224998 8.119705593251164e-05 0.15694 0.14400 0.11842 0.18519
1562.00000 93.42838 0.07982495467651579 0.9021913040663256 0.00012064439890156905 0.57533 0.69444 0.44444 0.73333
2519.00000 87.58884 0.0506231506310549 0.6399639486440681 0.00010339029290869265 0.34928 0.19444 0.18182 0.57692
1142.00000 87.72694 0.0863334666404279 0.8361247097597367 0.0001845032231070036 0.48907 0.63333 0.13404 0.76923
2273.00000 91.76160 0.0970944145629671 0.8145842932628853 0.00012405483505447274 0.25319 0.26000 0.20455 0.32407
1098.00000 88.40506 0.06040026589522196 0.5821807912113854 6.677142843198862e-05 0.25934 0.19512 0.17333 0.24253
1483.00000 88.79144 0.06429540876163554 0.71859410362257 5.903831402736915e-05 0.13447 0.11847 0.10034 0.14080
1446.00000 91.91359 0.12128585890404686 0.9189091294599229 0.0002340464755142542 0.10294 0.08974 0.06383 0.11979
1404.00000 88.40370 0.06941578235546202 0.7021578510278843 0.0001068759377027802 0.34726 0.19298 0.13667 0.52381
918.00000 85.85087 0.09027125325829063 0.8834497448510127 0.00018223757745693738 0.22469 0.21667 0.19681 0.23611
1215.00000 91.42238 0.07128872627414745 0.7524792313449722 6.830270452621798e-05 0.25705 0.23077 0.19444 0.27652
1412.00000 85.58344 0.13600067802452998 0.8227880594403155 0.0017596720659200727 0.25263 0.19312 0.18056 0.20430
1621.00000 87.50231 0.04806458532219605 0.7381213063393709 6.035745716792179e-05 0.16565 0.16468 0.02632 0.19318
2269.00000 91.10856 0.11440760062852559 0.8574263227938066 0.0006436475191337484 0.32117 0.26667 0.23256 0.33333
1259.00000 86.07726 0.08591962273398349 0.8721950754826697 9.482436893263447e-05 0.30990 0.10606 0.07333 0.63194
2128.00000 87.74613 0.05918852074889012 0.7621789912678179 0.00011840632584223961 0.20471 0.19136 0.17708 0.19608
1313.00000 89.89827 0.05007965334564351 0.6400184140168786 8.574289617426367e-05 0.39726 0.36111 0.10819 0.60417
1527.00000 87.01754 0.07602373853437583 0.7955734021750573 7.910799219351184e-05 0.42366 0.17568 0.08772 0.81863
2250.00000 86.49524 0.04636920921944055 0.6376004943762993 8.055690250595698e-05 0.19402 0.16379 0.14323 0.18750
1098.00000 93.65957 0.39786166227643416 0.8418651480221666 0.002551679248216419 0.57061 0.60648 0.59524 0.61232
839.00000 82.05549 0.1589148712098069 0.8460130141803415 0.002223197705286278 0.40300 0.41667 0.23780 0.59375
682.00000 90.93395 0.19322029315556616 0.8172178560191315 0.0005143795871404934 0.44950 0.56989 0.19444 0.59314
942.00000 87.56555 0.3144480637181802 0.8480728428888782 0.0238330338598028 0.28615 0.25000 0.16667 0.45833
1219.00000 85.29303 0.09280863606587593 0.8782279969908966 0.000134269599958623 0.19611 0.07895 0.05263 0.11728
730.00000 93.91192 0.15060200711112057 0.9275134785999319 0.000357924024676505 0.18314 0.17045 0.14840 0.19608
960.00000 84.93862 0.08505099855923719 0.7928986382535017 0.00030217482740252437 0.19594 0.09314 0.03846 0.14693
1194.00000 85.18782 0.07492397375986397 0.5870195121907578 9.522176623026671e-05 0.21035 0.12431 0.10874 0.14719
1737.00000 86.01663 0.11138957436860437 0.7808647467065659 0.0005597267605541084 0.26932 0.23077 0.19318 0.32222
729.00000 89.62650 0.35786777076908594 0.8907060340170696 0.0029707582232511415 0.50753 0.59662 0.23810 0.61111
934.00000 86.11944 0.1167992325727881 0.8899734033515049 0.00017294549703709326 0.28903 0.29167 0.22222 0.36905
1608.00000 86.74681 0.06800558616518196 0.7793882602463086 0.00013246705650332672 0.23931 0.23148 0.22109 0.25000
1456.00000 89.01373 0.04633736301647655 0.7108227335467059 5.9864318448744006e-05 0.20518 0.21505 0.16092 0.24638
961.00000 89.64554 0.0712471464674619 0.7391376230370929 9.523420322864812e-05 0.23291 0.20492 0.17778 0.23737
391.00000 99.24768 0.1296408752522056 0.9462768075088379 0.0003296278587262027 0.20063 0.18950 0.16667 0.20930
1129.00000 88.75228 0.1317116214656745 0.9290722543813271 0.00026401166318241657 0.19491 0.17376 0.15625 0.19444
1727.00000 86.51492 0.17639781993538836 0.8911609693015646 0.002896829536905521 0.24161 0.22222 0.20000 0.27778
1023.00000 78.06766 0.09704149616295024 0.7666336208300232 0.0005825059444172379 0.49766 0.54444 0.48148 0.56818
1546.00000 87.51924 0.09337485391298109 0.8982093739885808 0.0001382772466945885 0.29033 0.29111 0.26705 0.31707
1569.00000 90.63360 0.19332767875245402 0.9092544574987315 0.0005073490458146582 0.40068 0.45175 0.28571 0.50321
1157.00000 90.00544 0.12440652930053311 0.9146985976926768 0.00021535753882976537 0.55903 0.61111 0.37037 0.75000
765.00000 90.35617 0.11022217856059124 0.8472924316380128 0.00030355721150668134 0.21776 0.21212 0.19333 0.23737
1473.00000 90.44438 0.08711013488093547 0.854675839511647 8.049401353296637e-05 0.55088 0.55556 0.53646 0.57292
2461.00000 88.39515 0.06666110980340213 0.8655893423704917 9.1905546206707e-05 0.42573 0.42636 0.39216 0.46000
1034.00000 88.71788 0.1037489773090689 0.7917128256165162 0.00023745186646991924 0.32276 0.23333 0.14815 0.40741
783.00000 87.73932 0.4473053416588427 0.8966955697398835 0.10445269287300256 0.14792 0.16667 0.08333 0.16667
2010.00000 85.46132 0.0579848054145356 0.6600211476617905 0.00013407682648356337 0.40388 0.34314 0.27536 0.60417
1775.00000 89.30019 0.071644863359495 0.7600659197004332 0.00015409828194842343 0.18124 0.16102 0.14693 0.18750
1528.00000 91.30653 0.1083465949461271 0.8805066660867638 0.00016909917928959972 0.31674 0.26190 0.23203 0.40741
1201.00000 91.95685 0.19433770624054 0.7930758116225094 0.0007588996579221356 0.59002 0.59829 0.59226 0.60458
2291.00000 90.71426 0.0758780438265626 0.7624438275728137 0.00015706391941358827 0.30885 0.31026 0.29268 0.32407
882.00000 88.28651 0.06274786188444118 0.8817372510672726 6.207000838020526e-05 0.28369 0.27778 0.23504 0.32500
1830.00000 94.30530 0.08469579640913599 0.8906846575472473 0.00013817563876428396 0.11702 0.11574 0.10677 0.12560
689.00000 91.17868 0.12917911748178815 0.9046543611813544 0.0003115850593071105 0.17628 0.18382 0.16146 0.19333
1616.00000 86.98656 0.06526225337276262 0.7634739017597375 0.0001415113355966433 0.28134 0.22222 0.20270 0.26812
1423.00000 90.20750 0.12315246752831607 0.9547336280545473 0.00022839655834002394 0.25722 0.23224 0.21689 0.25676
1577.00000 88.43777 0.07988730800455242 0.7749858370370898 0.00016157549924480745 0.34994 0.33333 0.30802 0.38462
1546.00000 89.54230 0.06985903096994736 0.8278221898889816 0.00011951298403861508 0.14801 0.14286 0.09322 0.18519
1958.00000 92.86431 0.10462920970325296 0.9343826058174699 0.00019102326084776208 0.24675 0.22511 0.21627 0.23881
675.00000 84.67086 0.11127269564921384 0.8178645342760257 0.0004878389152459714 0.27142 0.12016 0.04708 0.17134
2006.00000 89.64721 0.06557320734239741 0.7054819615747703 0.00011284475828859258 0.23521 0.18950 0.17371 0.21212
1041.00000 91.08055 0.0937829563398182 0.8678169964403404 0.0006755620303051243 0.11375 0.10833 0.09524 0.12667
1233.00000 86.10636 0.0815407926703673 0.8432973828317882 0.00010328704235604343 0.13670 0.14312 0.11404 0.16000
1101.00000 78.23674 0.1530092809069772 0.7363872654711419 0.00036550895107196295 0.13004 0.10256 0.09091 0.11299
1810.00000 87.62122 0.0608730008017832 0.8366501172651001 5.820620843696538e-05 0.18379 0.16875 0.14167 0.18954
1210.00000 90.23518 0.054642770355746585 0.8397310658214436 7.25910050371403e-05 0.15513 0.13333 0.11240 0.14695
1804.00000 91.63196 0.08153708123809252 0.8995240223802696 9.420709488989816e-05 0.34198 0.34615 0.30147 0.37805
1555.00000 87.61867 0.09572370876444457 0.9081176024174966 0.0002339849945033899 0.11589 0.10819 0.08333 0.13131
1141.00000 90.74467 0.07012735712705921 0.7224674505765285 9.338543168495052e-05 0.27365 0.21250 0.18750 0.27132
868.00000 86.00077 0.20106198678974263 0.8410546737051259 0.0007069489076845766 0.15725 0.15741 0.14646 0.17063
1344.00000 86.22079 0.1833330589800823 0.8427328323673785 0.0049352635460987926 0.28395 0.19444 0.10985 0.36667
1170.00000 86.60636 0.11626534276488545 0.8754202381169534 0.00016684280272320342 0.14859 0.13636 0.12121 0.15152
908.00000 86.11277 0.08751192988993467 0.8289145641477248 0.00013063259924072897 0.24598 0.23851 0.20461 0.27567
1150.00000 80.94094 0.08758039046924268 0.90492818575529 0.00010796546569379855 0.44163 0.43519 0.41026 0.47154
813.00000 85.88651 0.1272137465326045 0.8126816789215537 0.00037575070191623455 0.35290 0.29524 0.21486 0.50758
2253.00000 86.99523 0.04519830742801875 0.6978881329343231 6.692958950584579e-05 0.33273 0.22222 0.19697 0.44444
1305.00000 86.27429 0.08782679749975997 0.7675111599095783 0.00011942791966282836 0.17164 0.17730 0.16038 0.19006
1981.00000 88.05232 0.046508839129809215 0.7743379681879383 5.633502683013001e-05 0.20395 0.19444 0.18571 0.21069
1590.00000 91.30755 0.17440552762197162 0.9365598136402883 0.0014881127873372568 0.29845 0.29825 0.26368 0.32857
1795.00000 89.37431 0.12784957807613032 0.8893432140594159 0.0010779665104011043 0.39834 0.44444 0.24405 0.53333
1681.00000 89.70420 0.16289308164063654 0.8745599907211762 0.001068313874358228 0.28906 0.25676 0.21242 0.33333
619.00000 96.86885 0.19672001765013064 0.9690097945774829 0.001884690181699037 0.24302 0.23958 0.21250 0.27500
1435.00000 90.40079 0.13376207355808287 0.6411025623616184 0.00019426708815434843 0.38681 0.27778 0.20412 0.61304
1614.00000 90.76858 0.07837130267893144 0.9057167704452548 0.00011522527017855391 0.19038 0.14379 0.08140 0.21111
2004.00000 88.34400 0.05461684505736114 0.7562582390770345 7.150053840471368e-05 0.24642 0.20306 0.13152 0.28056
2104.00000 86.69257 0.06365742014156603 0.7165217106077535 0.0001223036822151122 0.21781 0.17413 0.16410 0.20085
1060.00000 87.68541 0.07651141701723238 0.7224040347167384 0.00014005679343598735 0.36637 0.33333 0.14394 0.57738
1690.00000 87.65138 0.06439029636228492 0.6363301365445124 0.00010456711454880714 0.30198 0.27652 0.23551 0.31034
1333.00000 87.72334 0.10210772704485667 0.9186893640611 0.0001679597859748404 0.29776 0.28571 0.26296 0.33333
1226.00000 86.75803 0.10059070864298535 0.7315264071342881 0.0001270035769746987 0.36408 0.30556 0.13884 0.57870
1047.00000 88.83002 0.06037961805918859 0.7814426842281761 9.813953298464638e-05 0.20427 0.09524 0.05820 0.12963
1289.00000 89.63514 0.09167804654743317 0.8493933853043651 9.182623100943479e-05 0.39851 0.32222 0.22764 0.60417
1717.00000 90.37179 0.10851178143439048 0.7427892697933831 0.0010980232822480989 0.19733 0.19231 0.14694 0.22619
1944.00000 91.93020 0.0847760220809059 0.8705614393932191 0.00015741285934960198 0.53151 0.57292 0.38542 0.65217
1861.00000 85.56798 0.05845472842214307 0.4630931857598433 0.00018098355256273421 0.24425 0.17157 0.12222 0.22222
1250.00000 89.86138 0.1523486487944765 0.9374305115891207 0.0002416008960647708 0.48507 0.53675 0.40196 0.59091
1331.00000 90.03668 0.07677964525511013 0.8195632265729823 0.00027015014319907026 0.36883 0.36594 0.29464 0.43939
1578.00000 88.73159 0.13475739736834508 0.9057414006766065 0.00044618928492041825 0.41995 0.41667 0.32906 0.53604
2118.00000 86.59748 0.043712324035437546 0.675470318244291 5.915212429564868e-05 0.28964 0.28824 0.26626 0.31173
1363.00000 89.86940 0.2447631565184471 0.9583753458936503 0.011304174509017127 0.18535 0.18960 0.13667 0.22115
796.00000 84.16086 0.1927186694008265 0.9139327300028054 0.0017646875788464025 0.57243 0.60317 0.57292 0.62121
1939.00000 90.89064 0.05756826286340555 0.7406914682876795 0.00010996758777424162 0.23289 0.22308 0.20528 0.24848
676.00000 85.37381 0.11462800302796616 0.6322961282124383 0.000238162183340175 0.45776 0.26190 0.16959 0.79688
1590.00000 87.14875 0.09987714613853943 0.8233655020122941 0.00017813207735615548 0.22062 0.18687 0.10317 0.23148
1583.00000 85.23747 0.09691357807246555 0.6862914296173199 0.00015348793038597746 0.21118 0.11203 0.09176 0.16667
2183.00000 85.60866 0.06144192480656418 0.7130060660906965 0.00012372853984200736 0.18392 0.16667 0.14815 0.18333
1173.00000 84.49640 0.1244574895145059 0.9050305882146334 0.00014821053651247178 0.22530 0.20430 0.18627 0.23413
899.00000 87.43143 0.23817457625169286 0.8535782079981843 0.025793431101290735 0.18949 0.19420 0.16071 0.22436
1281.00000 88.83405 0.08957999492202624 0.8328876012577557 0.00014141934874072968 0.17479 0.11446 0.08743 0.16667
1349.00000 94.12134 0.09952917781914775 0.9032750625982898 0.00018140089598960347 0.28070 0.27333 0.25731 0.29592
2128.00000 90.65355 0.0575537329942421 0.729839474532247 0.00011157724042436938 0.48026 0.42500 0.32051 0.66146
846.00000 93.37961 0.18413872272218376 0.9741122932121973 0.0004593161847307332 0.30099 0.23333 0.19608 0.40909
1466.00000 90.82329 0.12778106360876498 0.8701764289723071 0.000436283567693462 0.21623 0.10714 0.07692 0.17500
2261.00000 86.46845 0.08132727606966837 0.8768461432818188 0.0001417730992137465 0.19301 0.12500 0.05498 0.22917
1189.00000 87.32236 0.18595877644547332 0.9352585679206341 0.0013016264496381062 0.32219 0.23889 0.20270 0.50000
277.00000 91.53394 0.1995449650838122 0.8667000942691471 0.0007315922333433598 0.60574 0.60577 0.59697 0.61364
1522.00000 87.34163 0.07331293536953952 0.8521839356304151 0.00010427038654003833 0.17733 0.17347 0.14167 0.18750
2323.00000 85.93926 0.046111165731878435 0.7652179476598622 7.033333783882036e-05 0.14358 0.15891 0.09829 0.18841
2395.00000 88.99352 0.07153812088118043 0.8632903136004368 0.00011332158811365468 0.13438 0.13194 0.10331 0.15778
1299.00000 89.56955 0.08715894681513846 0.8932406820571905 0.00012255969665365707 0.19241 0.19281 0.17803 0.20502
1578.00000 90.20745 0.061360046879187946 0.710127465449873 6.357183460088789e-05 0.10165 0.08591 0.05417 0.10569
848.00000 91.97063 0.11755756958322847 0.8802703302750411 0.00029204383624236726 0.18030 0.19136 0.17188 0.19444
1913.00000 88.91401 0.06473459570611585 0.6786451480465886 0.00012127328863149584 0.23719 0.18229 0.16410 0.20833
1633.00000 90.70427 0.07580367957717114 0.8930364824142395 9.777287619246529e-05 0.24269 0.22163 0.10045 0.26812
1321.00000 91.89714 0.10959656142292253 0.8482421115777461 0.000287945845272846 0.19849 0.19231 0.17188 0.20290
1301.00000 88.84799 0.15430430648527177 0.868740710596084 0.00018766632725408702 0.29176 0.19048 0.15079 0.48333
1617.00000 88.66176 0.06678868569470509 0.8132399378697954 7.921945585834287e-05 0.28606 0.08403 0.03492 0.68750
940.00000 92.46641 0.1428430822730276 0.7412507085684735 0.0004028863551206263 0.47288 0.51111 0.36667 0.58278
996.00000 91.47519 0.09767019531303221 0.8321830424137523 0.00011688772140675716 0.22779 0.22031 0.19577 0.24031
110.00000 89.47568 0.16854762334778253 0.9354719546863591 0.00045679264735918614 0.19754 0.19048 0.17593 0.20588
930.00000 83.28485 0.10047188234356688 0.7276295513519366 0.00024416737627994454 0.17168 0.11458 0.08681 0.14706
1987.00000 92.69428 0.060545342882359215 0.6359834310461129 0.00012659139607516313 0.35995 0.23333 0.14706 0.61111
1194.00000 90.16538 0.10085055956418185 0.8852861910500212 0.0001687325224974857 0.32025 0.27957 0.20202 0.37879
1623.00000 88.94185 0.10184062465811168 0.8298043918295155 0.00024806097808684863 0.17338 0.16667 0.15079 0.18687
1765.00000 88.43664 0.14064890068388367 0.7933957020492683 0.0009316297367608289 0.38685 0.38889 0.30000 0.47222
1956.00000 87.59301 0.08426429553890262 0.8361068090711441 0.00020631290774595387 0.29410 0.25758 0.22424 0.35185
1023.00000 83.88139 0.1347989156541549 0.8017663941194813 0.0007440170293963812 0.51516 0.53333 0.48958 0.57292
1725.00000 86.50302 0.09003020663916093 0.8285337275480635 0.00011271463912620715 0.15781 0.16667 0.12057 0.19048
1124.00000 92.27571 0.16904105058405744 0.9453800561089895 0.009556678147192127 0.26925 0.27976 0.23504 0.31250
2294.00000 87.60181 0.058012329805156616 0.6867406572128675 0.00010848770229601062 0.39748 0.29012 0.19298 0.63889
1799.00000 84.95366 0.08063461699609688 0.5872746501350642 0.0002657792422460158 0.11403 0.10444 0.08824 0.12500
1760.00000 87.50261 0.10514789040339781 0.8775810483140399 0.00012867447597531722 0.39004 0.37500 0.34553 0.43496
1799.00000 89.10237 0.08842982877423647 0.8492543406777182 0.0001817091223553643 0.33302 0.32500 0.28788 0.36752
980.00000 89.05040 0.10916057107312803 0.8319844090097123 0.00025245851298929834 0.10120 0.09167 0.07527 0.12092
1122.00000 88.96325 0.1115627899420334 0.9377364093369814 0.00018274315317437016 0.26935 0.21667 0.16667 0.29825
1665.00000 89.05825 0.10050796284365011 0.8284760498267341 0.00013675653031596397 0.22899 0.19298 0.17568 0.19919
1108.00000 92.45902 0.09102048989436437 0.9139632277093552 0.00013557137823346174 0.24544 0.18659 0.15190 0.25000
1744.00000 90.35084 0.07453434416109889 0.8326591547323337 0.00013260855669247336 0.31275 0.22222 0.07823 0.51111
2354.00000 87.16387 0.06641154821985047 0.8027477090926014 0.00011235115024871055 0.27275 0.25794 0.24242 0.28571
2407.00000 87.47274 0.07060079714535723 0.84607531736473 0.00012590653985253337 0.27515 0.26812 0.23810 0.31250
1770.00000 87.56070 0.09315784153696754 0.8849369653245243 0.0002767389364216281 0.44572 0.44444 0.33333 0.59091
1744.00000 89.31597 0.1364318458273905 0.8750342066689266 0.0005757959491245134 0.29062 0.23333 0.21505 0.33333
1159.00000 83.52851 0.21059818010343634 0.9568348515849312 0.002209490607766841 0.36256 0.34685 0.30556 0.41892
1357.00000 90.11990 0.11228750700405288 0.8327566715947582 0.0001631361078823105 0.51130 0.55676 0.37879 0.59701
255.00000 80.19402 0.3793872649628171 0.9362836203332023 0.018720905402222016 0.44819 0.56250 0.16667 0.61111
1977.00000 91.00951 0.18203729114141198 0.9174898548065309 0.00017444145674893897 0.32056 0.20833 0.18182 0.59772
2038.00000 88.37033 0.11010630200015463 0.8843063330162593 0.00018288782127830728 0.34953 0.29762 0.21505 0.54545
831.00000 84.63054 0.23832934339172016 0.7724991728008116 0.022414156317213142 0.25115 0.13687 0.09524 0.45833
1086.00000 87.95217 0.1392936316421673 0.8450836158673709 0.002183197619870004 0.48576 0.52299 0.39147 0.58333
1831.00000 89.70821 0.07788000322293206 0.7933106865003584 0.00018537275702258855 0.37055 0.36458 0.28125 0.44118
635.00000 88.99530 0.180576870903954 0.8618723069999058 0.0013218540542168716 0.36269 0.28788 0.21212 0.57500
1299.00000 89.94926 0.08363353982281921 0.8762621413994336 0.0001530691789967582 0.17887 0.18095 0.13333 0.21667
1263.00000 87.23694 0.15728137790624197 0.9163841135756324 0.0005669564111836789 0.32774 0.24405 0.20621 0.50000
1575.00000 87.39189 0.06018421088458573 0.7930845099036727 0.00014325216338088588 0.13281 0.13333 0.10684 0.15439
1441.00000 90.01322 0.07582160153171294 0.7880587041203746 0.00014293056137527744 0.20266 0.17593 0.07692 0.21429
893.00000 91.23134 0.10355903373638917 0.9156089803106378 0.00019394231823399266 0.13214 0.11983 0.10417 0.13333
992.00000 90.23633 0.04130519223585407 0.7339665392576301 4.962784746252504e-05 0.18768 0.19281 0.18000 0.19504
1388.00000 87.02382 0.05254832770860093 0.7430377365141362 7.747381753714076e-05 0.20726 0.21032 0.16038 0.24806
1335.00000 87.30145 0.09682637561195132 0.8857722159561113 0.000209464278875832 0.33742 0.23106 0.19608 0.56818
628.00000 90.30478 0.1425949671885672 0.8682515438920082 0.003339305204504588 0.22940 0.19048 0.16092 0.20833
1341.00000 88.45390 0.0902218651561441 0.8590119007971301 0.0001595213998974738 0.34615 0.24872 0.20222 0.56250
1713.00000 93.04329 0.10392512465529051 0.9193929942981103 0.00023483434762930854 0.25195 0.23958 0.22396 0.25379
1656.00000 90.94085 0.05382875540382271 0.6594212519374306 0.00011509867092135385 0.27452 0.23737 0.21429 0.27778
1056.00000 89.20024 0.16518585049098314 0.9538396861301426 0.0002471055584841372 0.27042 0.19271 0.15774 0.30952
654.00000 80.78232 0.1009085495587896 0.7972013251229285 0.0002171936387149859 0.27863 0.25794 0.21465 0.31008
915.00000 93.29638 0.12175513583780798 0.9033037341343941 0.0002587975102724948 0.17107 0.18827 0.16146 0.19444
1512.00000 90.24711 0.07576686509626848 0.7493881093740951 0.00011633052041284362 0.12074 0.12092 0.09936 0.13842
1273.00000 90.32480 0.05985792451942421 0.6286332058286227 0.00014429675391541187 0.37643 0.20000 0.04321 0.88889
733.00000 93.45839 0.14616729106012916 0.9359510283650212 0.0003781935161281146 0.16759 0.16102 0.13288 0.19271
2309.00000 86.31734 0.041127263998177004 0.35591411277962154 7.117799775777899e-05 0.22293 0.15854 0.13441 0.20398
1437.00000 88.03041 0.08919264679300248 0.8786020746721549 0.00016620124133471186 0.16860 0.14642 0.12613 0.19444
686.00000 87.62740 0.27360891861958997 0.9514850570546419 0.0017595124968839897 0.59182 0.59091 0.57823 0.60345
1225.00000 88.40329 0.10947236681226973 0.8248611508582175 0.00030818893743537 0.39849 0.40909 0.29012 0.51515
1488.00000 84.61386 0.0457440615407233 0.6822096245065177 5.871753333303801e-05 0.20151 0.18950 0.18000 0.19444
912.00000 90.67472 0.034118394962013146 0.6697104920331753 4.597101794532934e-05 0.20729 0.16312 0.13333 0.19811
1129.00000 85.43647 0.10207225063438519 0.8641047781331075 9.614503736546201e-05 0.23976 0.19309 0.15476 0.29012
2048.00000 88.92545 0.10655311231593897 0.8778879976521407 0.0001979266162654204 0.18265 0.18571 0.17157 0.19298
2631.00000 89.38690 0.10315012135260622 0.6627918911112809 9.207696559016981e-05 0.26522 0.26190 0.24150 0.28571
1215.00000 89.66623 0.14958158078937117 0.9129210935792161 0.0003223120877486901 0.38311 0.38021 0.33007 0.43519
1356.00000 90.50353 0.12024935555643831 0.9195851406515715 0.00018068154469590706 0.17457 0.17974 0.14762 0.19828
680.00000 88.87542 0.1982153689569135 0.9196474609736012 0.0006968017249611818 0.37436 0.30556 0.20000 0.57749
1242.00000 89.85864 0.11574365359415474 0.8422757826791304 0.0002804918593509647 0.22093 0.17083 0.15041 0.19608
815.00000 90.42709 0.21678282993552656 0.8970630682747289 0.005056335965471913 0.39301 0.40833 0.29688 0.48485
1332.00000 84.72808 0.09426395154578988 0.5346353297422038 0.0001259439681779072 0.27954 0.12791 0.10995 0.58054
1756.00000 89.54253 0.03215600071115837 0.5227263480176758 3.9499202905738485e-05 0.17319 0.19167 0.15805 0.20225
1685.00000 89.81642 0.092225955912761 0.8450908634046317 0.00010291698298884325 0.50244 0.55556 0.40476 0.61111
1408.00000 87.85968 0.07180387147070783 0.899753496620861 9.254487832204227e-05 0.13478 0.13522 0.10417 0.16667
1464.00000 85.09879 0.0704763420001973 0.7474104385880312 0.00017525349887980563 0.23107 0.19697 0.15196 0.28788
319.00000 75.65491 0.41646477370499646 0.935860116940536 0.004821087207669813 0.67190 0.69697 0.69048 0.73016
1790.00000 89.79104 0.1170654518890165 0.9022789288260877 0.0002078014756570225 0.27475 0.25641 0.23469 0.30303
1874.00000 89.07369 0.06357188832073862 0.6995373725421048 6.28014446817452e-05 0.22498 0.15686 0.13333 0.20930
2045.00000 87.87280 0.0771877488948692 0.8583645534870915 0.00011389920455777616 0.20451 0.19504 0.19281 0.21914
1440.00000 87.34099 0.0887118059708172 0.8287288244760382 0.00011660413437741814 0.21415 0.18750 0.17083 0.20000
926.00000 92.25773 0.158622502167518 0.9553300592018189 0.0009531856362339399 0.26626 0.26000 0.23810 0.28571
1755.00000 88.74462 0.21800878330279755 0.8931412114276481 0.003774964575675047 0.32141 0.22464 0.13333 0.56177
1392.00000 89.33008 0.09409708263983817 0.8104563456240054 0.0002557269796322311 0.16616 0.17063 0.15580 0.17778
1707.00000 87.47088 0.1412120493994915 0.8443906010340378 0.0041096503035192985 0.26395 0.25203 0.23148 0.31034
1597.00000 87.42352 0.0749879298075265 0.7901090694626534 0.00014594254425887102 0.47516 0.47619 0.45411 0.50000
1960.00000 86.10893 0.0721850424573819 0.8249814155012519 0.00013114087355235095 0.22498 0.23512 0.21569 0.24848
1526.00000 88.82693 0.14429655139580208 0.9384299994956667 0.0010534975373800684 0.27108 0.23977 0.21014 0.31034
1434.00000 88.73651 0.12226597170310988 0.8214554393525698 0.00031468445317004166 0.10857 0.09524 0.08081 0.12179
1540.00000 88.80387 0.10780784792389463 0.9263075821770482 0.00019156239299501914 0.28129 0.26923 0.24242 0.31061
1776.00000 88.75230 0.09342842217733364 0.8727000139463622 0.00020495668827050608 0.25805 0.25703 0.22727 0.28744
1471.00000 87.63132 0.09498225266775244 0.8615835683192757 0.00016133931360540972 0.45425 0.42222 0.29825 0.62366
1009.00000 87.88526 0.11508872208105925 0.8674026873822268 0.000518598193529198 0.32383 0.24468 0.17544 0.51515
2577.00000 91.10172 0.05190408217567462 0.79425503858482 7.229580232063415e-05 0.25413 0.26667 0.20588 0.32407
898.00000 88.83840 0.18895466007498662 0.8934934394261217 0.0037272768999608136 0.20710 0.21839 0.18750 0.23810
947.00000 89.38921 0.12868982890516892 0.8876179775970028 0.0006240530281710573 0.34711 0.33333 0.28464 0.40404
1105.00000 93.25948 0.02560675531514146 0.41257024275770837 4.1157664908035564e-05 0.60251 0.62195 0.60833 0.64394
573.00000 85.89842 0.1284542886127041 0.9120815063743827 0.0003011484230448891 0.19993 0.19608 0.17045 0.21250
958.00000 84.84171 0.1422327685289289 0.908534254787686 0.00021974603930895547 0.30829 0.25862 0.23200 0.29412
1153.00000 90.89407 0.1828551172887442 0.907904218416421 0.000604079091425583 0.21106 0.15556 0.12500 0.17484
649.00000 89.90872 0.1499714768289322 0.9442213626253289 0.0004820939606311379 0.28044 0.20588 0.15789 0.28788
1208.00000 86.77589 0.1114282226012021 0.857879292936232 0.00011620098790131994 0.32636 0.24468 0.19919 0.50000
1603.00000 88.06042 0.10632950841164307 0.758513964703673 8.128845613767117e-05 0.23405 0.23360 0.21605 0.25516
1617.00000 83.74151 0.1352670750982291 0.8545529010958955 0.0002547963166962256 0.28177 0.15873 0.12712 0.58608
937.00000 86.27246 0.15277130729422597 0.8454223474472352 0.0007063177886817457 0.41030 0.38462 0.29353 0.54348
1868.00000 88.12934 0.07929021681609506 0.7866552737920154 0.00015071952494239498 0.37625 0.32857 0.26894 0.44444
1956.00000 87.81493 0.10372052607011539 0.8454677135615732 0.0014749516271164507 0.27629 0.27642 0.25000 0.30303
1033.00000 83.22238 0.23156989196482172 0.8785635612526858 0.006022730515308989 0.40925 0.44444 0.25203 0.57143
1634.00000 89.98789 0.07776381789367295 0.7041146593773295 0.00017006199069324198 0.17120 0.15873 0.11111 0.18827
822.00000 85.51683 0.11873343401820494 0.9039131507082313 0.0001767491066012912 0.44029 0.45556 0.40972 0.48438
1499.00000 86.87317 0.060600987728686426 0.8299422342399547 9.249161042328698e-05 0.12997 0.14286 0.06306 0.16959
844.00000 90.14244 0.10184898372119343 0.8724808695372278 0.00021936847081055724 0.16938 0.17593 0.15641 0.19136
388.00000 98.46590 0.13462510545166903 0.9360845407012799 0.00036936559387463786 0.19850 0.19048 0.18333 0.19444
637.00000 88.81844 0.14266382043968368 0.7495193067499872 0.0018366297480236252 0.30967 0.24731 0.21212 0.32639
1627.00000 89.68201 0.13954134962582962 0.8736473694155852 0.00016882040279739353 0.38480 0.35185 0.25862 0.53448
1683.00000 91.80209 0.10450509822890404 0.8721324799735496 0.00024205179592141115 0.47874 0.54444 0.32456 0.59649
2467.00000 90.89266 0.057119568486549525 0.8574226158952784 7.270340734334928e-05 0.24867 0.21726 0.19921 0.26736
1136.00000 93.49768 0.048059997113708675 0.68739707145704 0.00016864558083908645 0.18042 0.14311 0.10417 0.21839
1356.00000 88.17553 0.08387244617732706 0.835370179755404 0.0003309664786754475 0.28964 0.26282 0.19892 0.38462
1314.00000 92.62008 0.0625103371985868 0.7495652790174223 7.897059856037149e-05 0.13683 0.09122 0.05952 0.11167
1797.00000 86.22954 0.08323686644218477 0.7705795665766091 0.00013662535518198796 0.18615 0.19017 0.17969 0.19444
1793.00000 87.95021 0.05198413858548589 0.8022289487884071 7.561213967434949e-05 0.17615 0.17568 0.16296 0.19298
1437.00000 89.28468 0.15703359111108373 0.9358466181160157 0.0011907401666046496 0.42189 0.42157 0.36000 0.50758
473.00000 73.85455 0.2513679257043 0.9053499972087613 0.0041960391023 0.23093 0.11752 0.03788 0.16875
1242.00000 87.68945 0.0906884059092232 0.882393468886091 9.254065443582268e-05 0.53613 0.56190 0.48095 0.59829
961.00000 90.22716 0.05674019303388819 0.7165739065191258 9.65217845525452e-05 0.20680 0.07323 0.05333 0.08772
1083.00000 86.99368 0.1259229228449986 0.8209274245855251 0.0001831519314989029 0.33785 0.29675 0.27273 0.40152
1564.00000 89.66104 0.07206869727344908 0.8963759678969664 8.654285329712554e-05 0.38606 0.37356 0.31373 0.45833
2108.00000 89.37342 0.06359124891032682 0.8260436670907028 8.092179934551982e-05 0.31563 0.29487 0.22509 0.38571
974.00000 83.70196 0.10075353773026022 0.796825199295573 0.000496014364405682 0.18863 0.08929 0.03409 0.14352
1237.00000 89.53469 0.1389565591282499 0.86428410740663 0.0007656346445416148 0.36750 0.29825 0.21875 0.45833
1238.00000 87.06792 0.15033573262464284 0.9538079538354842 0.0003511238024813698 0.32670 0.27350 0.22222 0.38235
1363.00000 88.80342 0.06343479232606034 0.8120800814205403 0.00010251700442739872 0.25157 0.23958 0.21818 0.26667
633.00000 89.54217 0.17351170515000314 0.9583707135573745 0.000274471413488981 0.18866 0.14957 0.11232 0.20430
1779.00000 86.45069 0.04874847818826416 0.7145965110050629 8.313065719165635e-05 0.18385 0.18229 0.17045 0.19318
1301.00000 88.02634 0.09496896659174417 0.8583133942533929 0.00013059165101022663 0.18356 0.15564 0.13333 0.18408
1012.00000 88.84028 0.08249387787100099 0.849897726359552 0.00014435424570048792 0.35992 0.31034 0.26460 0.38889
868.00000 85.72934 0.42399693446051356 0.9165456327048135 0.10085665880651258 0.16050 0.20000 0.00000 0.23333
1840.00000 94.11098 0.10137711455735045 0.8802831863501828 0.00017792745353353324 0.19259 0.21471 0.15789 0.23043
790.00000 86.63145 0.13751332305036912 0.906948389800434 0.00027432439878137896 0.21298 0.01344 0.00622 0.04520
818.00000 95.63806 0.1517299365505313 0.948455473436502 0.00079367080682657 0.30327 0.29412 0.25743 0.35185
863.00000 84.86624 0.17735226986575686 0.9378930826602445 0.00042141173354305926 0.59746 0.59804 0.58889 0.60833
885.00000 88.44273 0.185169305497977 0.9663603013296199 0.0011743929055228882 0.36742 0.33333 0.23810 0.44444
1317.00000 84.70408 0.13268323165001175 0.9129638444453575 0.00040148625416022775 0.27727 0.23148 0.17105 0.31818
2274.00000 87.04947 0.045536852450395834 0.6121552519786122 9.352259065774575e-05 0.29721 0.27222 0.25000 0.32051
550.00000 84.13501 0.15097503500248333 0.8705163863830698 0.0007838517965973274 0.23722 0.23016 0.16667 0.27778
1440.00000 86.77295 0.12655410129133599 0.825262553375162 0.00102829466412412 0.24415 0.18333 0.13878 0.19512
929.00000 84.28832 0.12929640800425987 0.8086639174677703 0.000194517705404933 0.16954 0.12179 0.09009 0.15278
642.00000 83.61855 0.24417896461102304 0.8894370058702294 0.006223384588786042 0.32832 0.30952 0.16667 0.48148
1305.00000 89.95294 0.10908367749794137 0.766211917235854 0.00017023739930265111 0.54876 0.54902 0.53205 0.56884
1869.00000 87.70104 0.18270955341746015 0.8584563121043601 0.0006519092059697521 0.29704 0.22121 0.17730 0.47596
952.00000 84.64614 0.1780533949331225 0.8206217857543356 0.0018299468560016667 0.29712 0.29412 0.24872 0.36667
1787.00000 89.06078 0.11666574695055221 0.8464509975721316 9.899123271399249e-05 0.24018 0.23423 0.22115 0.24667
1971.00000 86.61157 0.15437710080517833 0.7578886802877813 0.00020392277478176808 0.25627 0.13596 0.11793 0.58466
