566.22693 5.89212
354.17199 46.71190
505.97749 20.21603
190.16109 6.28537
36.16768 61.26568
373.67506 10.59985
195.80992 151.70997
464.73154 144.07997
334.34117 2.90734
440.38940 12.63423
598.76552 35.43857
145.19957 2.65179
431.65780 39.46776
486.27752 20.75007
395.78870 211.31312
499.56614 11.90982
369.64364 27.38761
139.80598 14.21156
520.11766 10.18354
477.07956 9.93589
117.81641 95.94044
442.51830 430.11022
436.84609 40.28688
372.50221 30.96207
259.56146 7.81655
398.14248 11.64151
406.93412 144.90043
531.45497 6.21103
189.49931 263.89966
96.92669 5.27885
214.21082 59.93052
395.44471 69.33852
184.01062 13.85267
522.56877 6.48715
303.59462 10.02155
378.30020 46.26431
492.80494 22.61822
471.91297 13.27047
556.56882 34.17845
394.58775 25.51309
212.69378 25.65415
153.17005 58.01658
432.91766 45.00498
187.71093 19.22835
712.54524 4.71040
166.29598 8.36865
675.88914 16.20142
494.30141 242.55079
227.74781 8.29335
478.15806 278.13779
304.17257 50.96871
511.67597 19.49562
682.87083 23.34788
439.85400 83.42479
236.27169 86.69020
46.73889 7.37180
240.30934 360.87124
663.74850 23.70750
267.80255 44.44720
664.88437 12.98436
892.59302 10.46912
35.80859 2.58081
400.44267 7.36258
672.08993 37.39026
609.92083 327.22298
328.24762 306.13808
143.15844 1.60078
297.33663 23.61137
148.76070 9.43468
151.93346 17.87099
291.83029 18.82400
499.83209 7.47263
654.83943 10.72740
322.70047 67.31717
276.81662 3.80889
395.04112 16.12848
198.13019 26.74451
540.75386 20.24193
52.96769 41.11881
764.54639 9.39370
196.61788 3.41647
699.17789 13.85093
204.24102 5.99597
217.76775 26.77709
1126.62092 178.86399
292.78392 23.63013
261.47300 4.89798
618.71553 7.65308
265.93676 13.26877
925.90434 288.55236
286.17423 28.78182
606.87940 16.64969
227.01387 68.44747
426.15342 92.99734
177.42971 33.08919
358.26249 20.46039
615.34577 41.83647
671.57136 5.88827
140.53348 9.32577
500.64558 48.16504
348.32159 6.67018
729.19914 7.96519
353.69971 4.34854
546.01652 90.14548
371.63868 347.06899
763.79250 63.71102
203.36387 5.42973
452.69999 3.34047
359.99399 38.22499
439.24735 48.45690
246.47278 169.40928
710.30808 60.88475
323.19016 20.07755
334.68836 5.44934
519.64214 87.63702
318.60881 33.80332
513.75310 19.71865
240.33060 63.55992
844.94481 66.66570
730.05498 24.67085
234.02592 20.38071
117.59145 27.01726
592.09297 149.82609
271.34560 196.50827
187.29543 4.38690
451.60190 30.43340
797.66970 37.93628
305.39811 37.52521
438.05395 69.99102
513.47525 89.38458
173.94380 94.00487
468.62195 130.30279
553.65185 111.63655
457.67810 90.56521
248.62485 2.10837
74.92951 7.53319
669.77611 154.91144
492.95396 12.25376
332.75606 52.44398
365.10116 4.34534
648.39661 64.76296
424.23859 31.10601
237.04992 3.59537
1008.00090 216.62289
604.24860 53.06044
733.75249 139.40480
455.04414 106.35007
326.34048 61.94084
195.17910 10.74701
665.37539 34.25164
305.09622 66.48426
366.54505 9.47566
416.92036 151.29085
427.22066 6.10407
887.16022 14.36117
451.84865 17.91144
754.15172 267.61094
348.09741 7.22328
121.44284 1.35653
343.51485 110.86955
132.96095 227.18637
457.47852 17.60115
95.71652 47.91621
292.99899 7.10384
297.85803 9.96939
402.40715 133.83170
470.00359 16.39401
96.76175 10.96542
235.43492 372.12539
216.56903 14.06493
399.34862 12.89700
352.07547 245.77163
428.73167 16.00047
200.01724 21.64687
529.15271 444.98861
423.45710 5.29771
346.61081 48.51058
597.45182 64.67200
348.65369 31.77332
262.17441 89.54675
694.67785 68.70225
417.62503 8.28372
348.86504 439.69572
481.73070 20.72198
294.82710 102.08777
970.97874 15.36121
533.75077 179.86830
687.11459 7.95881
459.34472 35.08478
431.56390 97.75766
344.54237 72.49598
174.99818 14.73924
352.98849 29.63977
715.18176 136.88374
265.01030 37.66368
260.08746 14.01230
395.40923 46.90555
427.84532 225.61615
855.26547 60.51307
199.33610 5.01101
510.33913 4.64110
216.92784 1.99879
20.62876 1.45112
737.13031 9.90031
385.38993 6.72408
656.26376 17.70992
476.17763 18.59821
808.70174 81.79944
314.97629 70.96190
240.70065 2.40716
311.85656 2.56235
177.98984 43.53861
453.04936 83.14108
1041.05862 3.88039
200.43085 165.76119
709.82500 14.79645
246.03821 33.05297
842.22485 174.95774
385.30775 11.48743
147.45174 5.06123
77.37712 116.79945
209.91638 5.11477
182.02349 55.96241
176.97346 7.33933
87.01728 15.33420
982.00898 32.19070
534.06316 35.28196
792.84949 35.57472
385.16043 214.48715
263.94830 150.76307
287.42655 5.13561
124.89170 94.42299
518.52920 9.00600
775.15390 13.31111
207.17242 38.75153
325.86262 4.10832
798.10744 63.25502
265.00672 3.17681
1129.81135 15.24446
321.64784 130.91615
202.67232 11.82691
806.04528 15.25212
670.96565 34.65630
133.66174 22.84717
660.63438 182.94297
581.78530 16.13417
658.27913 33.44637
450.06210 17.62588
469.65421 37.58530
372.74297 7.03515
440.46647 1.40626
644.44016 12.24007
551.53430 30.94504
229.09242 99.74940
417.77061 121.10940
418.49517 60.26217
290.66145 25.34801
432.09138 8.86848
990.46086 110.38815
87.68987 58.25676
521.49920 8.85256
151.26699 8.26087
1032.82188 21.91047
401.61140 21.99903
301.79207 23.86381
669.66142 45.53394
350.57272 16.78981
137.53311 195.86524
536.32126 6.37757
846.57085 18.95564
300.27199 73.56708
196.74864 1.68433
230.91912 4.80245
520.02847 14.13474
408.67739 190.43941
412.97151 39.46768
164.29044 23.53851
283.56357 64.13060
319.03832 246.23022
166.19737 230.38333
102.36574 73.24159
782.75843 79.56555
434.18456 9.71338
382.89261 67.59856
233.52767 3.48960
393.14264 288.66048
645.41973 274.48026
143.01230 5.23620
156.32598 18.19864
444.31009 3.65585
173.35817 9.46156
534.90171 19.82867