617.79165 33.20178
723.21582 5.52030
349.32188 219.44211
448.04352 139.24638
254.85814 26.47752
459.86835 14.03871
612.97137 123.80831
315.81109 18.30959
433.45077 335.72467
358.62808 7.11061
280.64503 205.71557
782.11305 58.09399
990.61639 56.68046
426.17179 23.57378
242.62679 41.12176
606.83191 34.00795
792.36312 34.95779
383.95884 114.87470
315.76632 2.29840
215.81999 34.22674
586.85045 18.14319
278.11097 38.15040
629.33290 26.12648
513.68970 84.61975
213.65770 72.42456
639.43832 68.01004
785.63929 64.99192
691.97882 56.47038
373.21536 21.60845
463.36700 164.05520
315.02419 151.71872
682.20985 25.72511
220.52512 4.47715
756.17328 51.81368
369.19909 204.15837
283.73185 16.34322
464.35964 18.51728
1100.48572 40.53500
811.77192 12.86811
261.61927 21.38829
574.42069 3.86877
181.79764 18.22243
758.92457 158.63522
402.80601 53.07714
384.48261 19.94976
737.45733 7.81199
609.05538 58.68473
337.97511 15.49797
556.05682 112.65784
495.30199 47.32137
231.21859 44.95866
317.47369 14.18661
512.33774 29.98901
516.78128 3.10987
396.28977 85.63631
571.26642 30.21303
244.99823 71.66953
122.97467 8.86618
594.42989 3.57952
437.45136 38.46267
549.77316 49.95464
453.96902 21.27274
892.29198 29.12801
182.00582 13.50431
264.85333 10.84604
298.08064 6.14519
294.09700 87.96658
697.54306 30.47236
267.91477 7.94020
116.19490 8.47123
233.52725 41.46421
439.70509 111.79826
550.58885 140.77207
469.33337 86.93704
434.61299 72.29960
842.32302 201.55174
228.15217 24.04943
793.07102 7.69391
754.24355 31.06022
339.08930 18.35718
605.37510 28.29054
657.83861 30.74757
467.83553 47.98630
862.18417 26.26244
488.12379 33.84519
168.03008 12.42207
722.31556 22.07868
289.88143 10.17079
979.92537 70.86195
553.29445 87.27170
972.73772 52.59070
377.24793 12.88702
420.99380 24.11699
479.21144 17.79129
501.00133 61.33005
584.75961 20.69379
823.15053 87.44355
525.65833 18.41336
356.01626 133.04609
585.95163 50.44567
480.67795 382.35730
210.16573 6.21541
472.16696 121.46240
299.77535 77.59452
370.77256 158.68277
300.24631 88.36743
1052.94611 83.92665
534.09723 71.91361
522.16393 41.62025
415.69223 44.43743
655.30516 24.10021
677.41208 20.80577
671.07915 83.22653
545.19585 143.34882
376.89609 92.29086
704.76923 80.33962
1068.21271 4.00989
237.97747 22.34463
377.63173 109.95462
240.90943 28.56419
608.44194 36.85452
206.30372 34.80086
378.18771 28.84153
995.10974 97.49528
403.77915 34.36868
267.12616 57.48396
270.80589 107.07426
553.67459 21.56867
829.68632 139.36086
422.47410 325.41642
897.93085 22.62209
407.70051 3.55787
316.98401 74.27977
380.25834 41.00696
302.17811 184.60775
380.73874 28.04124
528.24152 79.90012
110.45092 10.25156
224.83788 24.42386
394.56811 302.66499
110.35867 6.36791
742.01166 37.24620
760.24789 142.45753
880.50762 10.29739
906.48758 110.27579
98.33337 3.66423
871.44145 13.31939
162.93938 11.77241
412.72325 21.97303
203.28297 8.27652
387.07481 35.32405
374.95329 32.86944
519.22486 58.04333
572.54486 45.97164
641.74789 50.71273
240.31697 54.75042
447.41628 31.79963
463.69430 163.67866
214.79331 48.40787
153.47767 28.02722
469.31138 43.90458
327.77455 22.26775
563.94604 42.49948
211.44707 40.92682
249.99528 52.19534
582.41223 34.57086
668.83311 19.97965
355.23029 35.50603
679.62768 110.62111
499.85611 28.17346
718.46982 4.52180
683.92714 49.31621
542.35717 15.15479
798.04878 16.34678
931.33998 53.81839
140.40742 10.63563
929.64061 13.25799
340.91257 62.04225
822.93936 19.28391
588.41409 136.39613
388.29121 39.72152
320.43110 38.88794
549.92502 8.97737
523.57863 99.70859
590.15890 46.21642
457.80010 7.51942
659.21083 58.96758
360.39573 53.90808
254.88921 22.93398
321.31296 15.35065
854.59303 54.47800
152.79852 28.52969
308.67935 22.50664
316.71130 19.19069
128.08785 8.61303
291.87547 18.32782
805.22009 54.80611
571.91650 7.05552
413.21687 69.48063
423.06644 12.02559
825.61750 34.60954
876.68687 55.03485
182.81226 13.15756
372.41361 50.91038
269.03017 47.16616
264.60642 41.24824
788.95455 12.42848
136.05421 22.86648
597.51903 41.58916
420.98627 33.30127
561.02651 131.35178
753.53632 54.43308
442.57830 143.74073
289.38657 12.04829
429.11122 24.15830
537.47291 58.99672
588.58455 35.85621
377.37565 8.56805
465.22340 12.31798
553.39980 72.38569
695.23538 4.33232
111.76920 6.05919
676.43406 83.93257
650.94628 88.67260
335.11112 59.80850
516.89376 146.73382
141.29344 15.43673
455.97635 10.69859
656.07006 88.83032
801.06819 82.79854
572.27220 33.98337
430.92722 69.76197
181.55956 26.97271
707.93926 158.96475
467.76913 5.78147
260.70702 19.89632
439.53551 150.65959
391.88808 31.60114
385.28760 17.70064
699.93076 62.20768
433.34837 135.32083
628.91355 31.14261
271.75154 90.39529
559.76279 121.31701
459.97721 45.62316
633.01086 102.42596
145.76441 28.28298
451.05636 21.34391
318.99902 45.97837
144.32476 12.84646
211.21561 15.37228
810.93497 111.88367
436.16331 30.40244
571.45295 69.76056
669.69862 51.45624
653.72324 111.78181
739.88098 61.43646
585.84409 59.46248
226.77208 7.83942
330.64459 10.85339
894.76815 24.54498
1559.42191 159.54897
612.30108 63.01114
420.30029 4.25864
550.25884 170.74265
485.09297 41.34321
629.44829 113.79505
753.55014 154.03816
747.00149 102.52714
588.28521 42.78644
274.16320 20.68327
780.16949 22.47135
266.81780 11.38659
382.14220 68.25380
799.04493 130.68575
364.92535 73.17796
273.11125 315.03045
289.85864 277.12154
817.10575 35.57043
582.61434 5.37270
441.71754 33.43535
1185.64639 66.84830
185.05409 15.96449
1428.54444 69.36084
385.17766 92.24748
312.22441 21.38400
482.05629 15.30183
392.88799 4.36143
702.77443 68.81571
328.42311 45.19371
430.94322 64.26928
297.72528 82.56642