448.28030 10.51096
975.85818 6.69337
992.27514 9.34714
666.64783 15.29776
546.77160 13.42802
481.44918 10.28339
442.50416 14.76927
724.60065 16.14515
835.27656 8.01639
966.98222 17.70248
405.10102 23.44653
719.01867 9.99495
838.20299 47.04903
830.59796 85.43187
531.45887 8.97869
967.83551 34.94668
610.89760 75.77640
732.35378 7.53988
709.84250 9.52052
710.07525 73.97234
378.63803 25.80989
429.72039 12.82100
570.27415 26.17173
542.73724 16.13126
832.45144 10.55968
748.94051 27.67788
582.52079 12.12695
999.85133 14.60021
585.61133 4.46476
663.81734 135.71175
608.42354 10.65966
865.22862 28.88315
617.86003 8.89895
728.90881 4.67945
561.73659 6.80530
642.13072 13.62148
902.85215 52.99374
455.85011 159.24097
580.47839 9.07643
945.05526 4.19980
426.61560 14.62105
625.28381 50.09376
588.67872 4.07505
716.53125 14.12677
660.38245 7.82441
376.38089 8.87346
952.94158 25.35091
922.69369 7.75712
710.38191 6.42840
630.72618 7.42931
822.61299 8.71370
982.30686 4.55309
589.02272 23.65198
857.76415 75.56007
766.05008 13.41842
899.51068 174.68578
902.93963 66.03489
583.31685 11.02448
372.06267 27.51094
987.26141 26.76765
356.88352 21.05573
553.99990 30.73745
1106.73834 26.75189
428.56060 17.67861
494.94868 18.68391
827.36468 16.31687
545.41021 8.18859
495.33248 21.83746
574.35509 15.26307
438.94629 19.30026
922.09169 84.10098
490.82119 24.23790
632.64284 30.11667
545.70553 9.53704
671.48549 5.67401
482.11265 23.15072
824.34911 9.18266
687.23071 17.49998
579.60103 17.22205
915.26248 18.91690
256.33561 32.18883
477.85000 21.29762
435.85163 17.33588
248.47374 17.29064
755.01177 7.23305
1011.28678 18.71094
559.34917 9.82968
875.91883 4.59772
692.15799 8.08619
864.86249 54.10614
298.66840 15.73146
513.16579 19.02831
258.49405 15.19472
594.16897 8.39968
671.88515 15.82953
299.78918 22.16558
1013.49670 4.29885
645.18454 10.35595
659.04537 18.76027
389.73253 92.77105
363.08870 19.66503
706.14852 22.95077
592.57821 17.37522
449.53522 9.32079
611.01327 14.07866
786.65162 23.03071
596.17120 26.98275
654.85337 5.64914
1039.18434 27.13435
402.39800 11.66368
391.45887 20.13121
805.25977 15.19472
769.60743 8.91348
559.28449 14.26839
426.05954 19.70691
1223.29772 62.45136
582.31872 24.31932
252.80238 45.31150
523.47100 12.73624
520.54335 11.60003
532.50567 8.15015
752.85878 35.65107
944.02713 46.86875
611.69024 14.48672
833.09231 7.43680
204.56603 12.90984
327.03477 22.98241
418.72317 27.61421
903.16594 5.52214
554.12403 8.12570
230.11402 19.86775
592.56409 11.08075
519.09582 28.82876
385.62930 30.98570
507.31406 31.63151
470.39891 7.57743
600.67160 8.91523
421.53898 26.74325
416.49114 17.66731
654.29992 38.72548
925.47112 2.70891
604.01018 11.10009
714.81914 6.68028
592.33005 10.84653
407.96154 30.35592
1367.91402 25.15039
752.37275 6.37226
404.17560 18.15117
346.32298 21.59108
336.41340 19.64135
654.75371 15.33851
527.12830 159.46888
708.93744 9.17660
1203.76572 8.41211
328.29555 23.95667
693.66904 33.92979
390.81389 26.70322
680.93093 17.94590
782.94349 7.86712
693.84435 4.50064
759.96516 12.68686
1044.71177 21.36091
484.84525 39.00110
806.11200 5.64938
689.81943 8.88737
698.04896 19.93483
741.37198 79.19816
629.25535 12.39363
622.82009 22.53991
415.11520 16.33843
540.53317 45.19137
608.97440 5.79953
752.63709 6.79130
754.52559 19.83094
302.36977 9.69741
511.68809 47.77764
822.18534 32.23173
732.43175 11.40470
623.33566 24.70098
670.13796 13.00455
688.52862 14.91686
721.68873 5.17450
510.18777 21.51706
755.29737 19.52446
995.08236 29.04238
478.63275 12.75700
837.98646 8.69453
822.57198 42.34772
833.16730 18.29905
861.38979 31.53140
642.41773 4.81134
353.14131 29.04772
365.45224 13.85299
893.09006 4.82450
512.89268 38.67780
387.23289 30.11197
676.35239 52.04575
640.18212 27.82438
743.35826 12.96113
927.06860 22.70941
606.17995 32.24558
776.06617 6.47615
662.12348 55.89468
632.74100 5.54710
520.00556 7.95776
934.69637 10.85440
363.86410 48.69396
608.82923 17.01683
942.88492 8.60423
1033.44406 15.08100
849.79754 38.31525
358.73202 9.18025
1294.44892 44.92664
658.07160 37.63239
912.08556 3.56346
690.01349 15.04874
388.71001 36.59740
591.86128 4.99244
980.53028 3.02678
786.85363 8.41693
487.47260 3.89704
317.33923 7.61265
410.06315 10.57553
374.95528 20.16550
685.06425 22.65568
898.68190 13.63741
510.05889 33.26380
805.55355 11.23830
626.12463 16.13376
929.52471 5.54230
974.84819 106.11410
734.26674 67.23716
784.75986 20.82965
643.19751 24.65529
289.57183 24.30749
911.58738 12.53558
662.71811 5.40561
780.57782 9.74609
836.95249 11.37711
380.88584 8.42461
690.05593 10.02284
420.89907 25.40865
972.47993 5.43244
699.87262 9.11357
375.90754 53.32810
885.22821 13.17316
1109.77548 11.20571
790.60974 35.77303
664.28090 24.53550
502.39745 11.00023
849.91459 37.99671
630.99748 8.06130
268.17314 24.55684
565.77033 30.93964
466.83436 26.46351
452.59826 8.01974
767.81896 23.54721
816.15045 35.28578
504.13540 8.87083
525.77537 33.47147
620.26696 52.67323
726.73856 65.25073
725.92693 5.76751
555.78263 14.46309
601.18550 9.25367
542.80248 8.90404
339.14277 13.58284
746.22691 4.59509
355.00485 75.48638
587.91469 58.89171
605.20676 21.22059
768.65725 39.58430
458.95832 11.08126
382.55322 32.62922
502.02170 37.50150
312.64964 15.97963
693.16425 12.00370
655.11893 10.25566
528.64007 4.55085
860.33545 45.00943
418.66416 14.73312
706.45510 35.36295
735.54917 10.32267
352.49352 56.04285
509.85124 169.95059
938.67266 9.48192
812.30239 31.69114
744.02779 31.11834
749.74344 11.74908
243.19766 49.30636
521.88841 16.40097
314.71905 14.38411
