23752.00000 617.79165 0.08295536677508748
14793.00000 723.21582 0.355999588545835
21561.00000 349.32188 0.06055651715152109
17244.00000 448.04352 0.3162329403546362
8415.00000 254.85814 0.16844005739810433
17565.00000 459.86835 0.06339050231479712
28009.00000 612.97137 0.05566441874962516
26412.00000 315.81109 0.03860568436334106
18863.00000 433.45077 0.11137796983818062
19333.00000 358.62808 0.19603166358998178
11933.00000 280.64503 0.21737094088974654
34166.00000 782.11305 0.10102275971955164
17625.00000 990.61639 0.1301227332375521
19670.00000 426.17179 0.051889859313170986
16125.00000 242.62679 0.1684774826901788
28600.00000 606.83191 0.09477071606844449
16215.00000 792.36312 0.1038832959436364
28139.00000 383.95884 0.047989145202500694
15123.00000 315.76632 0.07982495467651579
13184.00000 215.81999 0.0506231506310549
13342.00000 586.85045 0.0863334666404279
15296.00000 278.11097 0.0970944145629671
32110.00000 629.33290 0.06040026589522196
29663.00000 513.68970 0.06429540876163554
8597.00000 213.65770 0.12128585890404686
22496.00000 639.43832 0.06941578235546202
27492.00000 785.63929 0.09027125325829063
28848.00000 691.97882 0.07128872627414745
21378.00000 373.21536 0.13600067802452998
25775.00000 463.36700 0.04806458532219605
12984.00000 315.02419 0.11440760062852559
17400.00000 682.20985 0.08591962273398349
15769.00000 220.52512 0.05918852074889012
32715.00000 756.17328 0.05007965334564351
24575.00000 369.19909 0.07602373853437583
22383.00000 283.73185 0.04636920921944055
14741.00000 464.35964 0.39786166227643416
22273.00000 1100.48572 0.1589148712098069
26622.00000 811.77192 0.19322029315556616
10450.00000 261.61927 0.3144480637181802
20609.00000 574.42069 0.09280863606587593
5908.00000 181.79764 0.15060200711112057
30757.00000 758.92457 0.08505099855923719
32053.00000 402.80601 0.07492397375986397
13024.00000 384.48261 0.11138957436860437
15642.00000 737.45733 0.35786777076908594
13337.00000 609.05538 0.1167992325727881
13014.00000 337.97511 0.06800558616518196
28651.00000 556.05682 0.04633736301647655
20355.00000 495.30199 0.0712471464674619
2712.00000 231.21859 0.1296408752522056
9797.00000 317.47369 0.1317116214656745
10697.00000 512.33774 0.17639781993538836
26244.00000 516.78128 0.09704149616295024
14470.00000 396.28977 0.09337485391298109
12370.00000 571.26642 0.19332767875245402
13025.00000 244.99823 0.12440652930053311
4742.00000 122.97467 0.11022217856059124
23766.00000 594.42989 0.08711013488093547
21174.00000 437.45136 0.06666110980340213
19824.00000 549.77316 0.1037489773090689
8805.00000 453.96902 0.4473053416588427
28331.00000 892.29198 0.0579848054145356
12300.00000 182.00582 0.071644863359495
8599.00000 264.85333 0.1083465949461271
11728.00000 298.08064 0.19433770624054
16222.00000 294.09700 0.0758780438265626
28694.00000 697.54306 0.06274786188444118
11725.00000 267.91477 0.08469579640913599
4284.00000 116.19490 0.12917911748178815
20389.00000 233.52725 0.06526225337276262
7538.00000 439.70509 0.12315246752831607
15294.00000 550.58885 0.07988730800455242
22275.00000 469.33337 0.06985903096994736
8805.00000 434.61299 0.10462920970325296
32674.00000 842.32302 0.11127269564921384
15098.00000 228.15217 0.06557320734239741
27617.00000 793.07102 0.0937829563398182
17823.00000 754.24355 0.0815407926703673
13909.00000 339.08930 0.1530092809069772
20233.00000 605.37510 0.0608730008017832
27740.00000 657.83861 0.054642770355746585
18200.00000 467.83553 0.08153708123809252
18560.00000 862.18417 0.09572370876444457
22620.00000 488.12379 0.07012735712705921
10590.00000 168.03008 0.20106198678974263
20862.00000 722.31556 0.1833330589800823
15745.00000 289.88143 0.11626534276488545
26240.00000 979.92537 0.08751192988993467
24483.00000 553.29445 0.08758039046924268
30398.00000 972.73772 0.1272137465326045
21405.00000 377.24793 0.04519830742801875
21178.00000 420.99380 0.08782679749975997
22471.00000 479.21144 0.046508839129809215
12087.00000 501.00133 0.17440552762197162
17145.00000 584.75961 0.12784957807613032
11455.00000 823.15053 0.16289308164063654
3975.00000 525.65833 0.19672001765013064
20606.00000 356.01626 0.13376207355808287
18269.00000 585.95163 0.07837130267893144
20349.00000 480.67795 0.05461684505736114
19214.00000 210.16573 0.06365742014156603
23288.00000 472.16696 0.07651141701723238
27303.00000 299.77535 0.06439029636228492
10557.00000 370.77256 0.10210772704485667
20605.00000 300.24631 0.10059070864298535
28210.00000 1052.94611 0.06037961805918859
19470.00000 534.09723 0.09167804654743317
21783.00000 522.16393 0.10851178143439048
12678.00000 415.69223 0.0847760220809059
21587.00000 655.30516 0.05845472842214307
11060.00000 677.41208 0.1523486487944765
25721.00000 671.07915 0.07677964525511013
14690.00000 545.19585 0.13475739736834508
25690.00000 376.89609 0.043712324035437546
7981.00000 704.76923 0.2447631565184471
17860.00000 1068.21271 0.1927186694008265
18323.00000 237.97747 0.05756826286340555
19781.00000 377.63173 0.11462800302796616
11671.00000 240.90943 0.09987714613853943
24910.00000 608.44194 0.09691357807246555
16296.00000 206.30372 0.06144192480656418
11106.00000 378.18771 0.1244574895145059
27042.00000 995.10974 0.23817457625169286
19003.00000 403.77915 0.08957999492202624
7165.00000 267.12616 0.09952917781914775
9920.00000 270.80589 0.0575537329942421
6450.00000 553.67459 0.18413872272218376
23449.00000 829.68632 0.12778106360876498
17138.00000 422.47410 0.08132727606966837
11691.00000 897.93085 0.18595877644547332
20914.00000 407.70051 0.1995449650838122
23234.00000 316.98401 0.07331293536953952
23252.00000 380.25834 0.046111165731878435
17522.00000 302.17811 0.07153812088118043
12439.00000 380.73874 0.08715894681513846
21628.00000 528.24152 0.061360046879187946
4643.00000 110.45092 0.11755756958322847
13593.00000 224.83788 0.06473459570611585
17927.00000 394.56811 0.07580367957717114
7945.00000 110.35867 0.10959656142292253
13756.00000 742.01166 0.15430430648527177
21292.00000 760.24789 0.06678868569470509
28988.00000 880.50762 0.1428430822730276
21777.00000 906.48758 0.09767019531303221
1416.00000 98.33337 0.16854762334778253
30091.00000 871.44145 0.10047188234356688
7700.00000 162.93938 0.060545342882359215
14993.00000 412.72325 0.10085055956418185
13851.00000 203.28297 0.10184062465811168
12326.00000 387.07481 0.14064890068388367
12907.00000 374.95329 0.08426429553890262
13482.00000 519.22486 0.1347989156541549
16185.00000 572.54486 0.09003020663916093
5538.00000 641.74789 0.16904105058405744
15791.00000 240.31697 0.058012329805156616
23054.00000 447.41628 0.08063461699609688
16654.00000 463.69430 0.10514789040339781
17428.00000 214.79331 0.08842982877423647
5866.00000 153.47767 0.10916057107312803
11777.00000 469.31138 0.1115627899420334
15634.00000 327.77455 0.10050796284365011
11829.00000 563.94604 0.09102048989436437
13155.00000 211.44707 0.07453434416109889
20863.00000 249.99528 0.06641154821985047
18256.00000 582.41223 0.07060079714535723
16245.00000 668.83311 0.09315784153696754
16477.00000 355.23029 0.1364318458273905
10791.00000 679.62768 0.21059818010343634
11208.00000 499.85611 0.11228750700405288
11623.00000 718.46982 0.3793872649628171
11572.00000 683.92714 0.18203729114141198
13376.00000 542.35717 0.11010630200015463
22418.00000 798.04878 0.23832934339172016
27457.00000 931.33998 0.1392936316421673
16231.00000 140.40742 0.07788000322293206
12343.00000 929.64061 0.180576870903954
16065.00000 340.91257 0.08363353982281921
14562.00000 822.93936 0.15728137790624197
28577.00000 588.41409 0.06018421088458573
11897.00000 388.29121 0.07582160153171294
8698.00000 320.43110 0.10355903373638917
33680.00000 549.92502 0.04130519223585407
25635.00000 523.57863 0.05254832770860093
18029.00000 590.15890 0.09682637561195132
8403.00000 457.80010 0.1425949671885672
19919.00000 659.21083 0.0902218651561441
5958.00000 360.39573 0.10392512465529051
16466.00000 254.88921 0.05382875540382271
7481.00000 321.31296 0.16518585049098314
25311.00000 854.59303 0.1009085495587896
4937.00000 152.79852 0.12175513583780798
10819.00000 308.67935 0.07576686509626848
10746.00000 316.71130 0.05985792451942421
3661.00000 128.08785 0.14616729106012916
22437.00000 291.87547 0.041127263998177004
16994.00000 805.22009 0.08919264679300248
8491.00000 571.91650 0.27360891861958997
19512.00000 413.21687 0.10947236681226973
28745.00000 423.06644 0.0457440615407233
39020.00000 825.61750 0.034118394962013146
20091.00000 876.68687 0.10207225063438519
13403.00000 182.81226 0.10655311231593897
22216.00000 372.41361 0.10315012135260622
8755.00000 269.03017 0.14958158078937117
15936.00000 264.60642 0.12024935555643831
13525.00000 788.95455 0.1982153689569135
10950.00000 136.05421 0.11574365359415474
11556.00000 597.51903 0.21678282993552656
26599.00000 420.98627 0.09426395154578988
28447.00000 561.02651 0.03215600071115837
19324.00000 753.53632 0.092225955912761
21114.00000 442.57830 0.07180387147070783
19400.00000 289.38657 0.0704763420001973
7563.00000 429.11122 0.41646477370499646
17657.00000 537.47291 0.1170654518890165
27507.00000 588.58455 0.06357188832073862
14922.00000 377.37565 0.0771877488948692
20311.00000 465.22340 0.0887118059708172
7576.00000 553.39980 0.158622502167518
9238.00000 695.23538 0.21800878330279755
9836.00000 111.76920 0.09409708263983817
22623.00000 676.43406 0.1412120493994915
26015.00000 650.94628 0.0749879298075265
15337.00000 335.11112 0.0721850424573819
10283.00000 516.89376 0.14429655139580208
11362.00000 141.29344 0.12226597170310988
11642.00000 455.97635 0.10780784792389463
20097.00000 656.07006 0.09342842217733364
22069.00000 801.06819 0.09498225266775244
15192.00000 572.27220 0.11508872208105925
17197.00000 430.92722 0.05190408217567462
6815.00000 181.55956 0.18895466007498662
18151.00000 707.93926 0.12868982890516892
40865.00000 467.76913 0.02560675531514146
5594.00000 260.70702 0.1284542886127041
13018.00000 439.53551 0.1422327685289289
8783.00000 391.88808 0.1828551172887442
6171.00000 385.28760 0.1499714768289322
20556.00000 699.93076 0.1114282226012021
30644.00000 433.34837 0.10632950841164307
21515.00000 628.91355 0.1352670750982291
14276.00000 271.75154 0.15277130729422597
25031.00000 559.76279 0.07929021681609506
12387.00000 459.97721 0.10372052607011539
17241.00000 633.01086 0.23156989196482172
12773.00000 145.76441 0.07776381789367295
11647.00000 451.05636 0.11873343401820494
24792.00000 318.99902 0.060600987728686426
4270.00000 144.32476 0.10184898372119343
2018.00000 211.21561 0.13462510545166903
31590.00000 810.93497 0.14266382043968368
14391.00000 436.16331 0.13954134962582962
17682.00000 571.45295 0.10450509822890404
18700.00000 669.69862 0.057119568486549525
37271.00000 653.72324 0.048059997113708675
25484.00000 739.88098 0.08387244617732706
24393.00000 585.84409 0.0625103371985868
17111.00000 226.77208 0.08323686644218477
25200.00000 330.64459 0.05198413858548589
11855.00000 894.76815 0.15703359111108373
21326.00000 1559.42191 0.2513679257043
20904.00000 612.30108 0.0906884059092232
29536.00000 420.30029 0.05674019303388819
18310.00000 550.25884 0.1259229228449986
15897.00000 485.09297 0.07206869727344908
19919.00000 629.44829 0.06359124891032682
29403.00000 753.55014 0.10075353773026022
21068.00000 747.00149 0.1389565591282499
14438.00000 588.28521 0.15033573262464284
17749.00000 274.16320 0.06343479232606034
9800.00000 780.16949 0.17351170515000314
27369.00000 266.81780 0.04874847818826416
15142.00000 382.14220 0.09496896659174417
28435.00000 799.04493 0.08249387787100099
13318.00000 364.92535 0.42399693446051356
14026.00000 273.11125 0.10137711455735045
11163.00000 289.85864 0.13751332305036912
11717.00000 817.10575 0.1517299365505313
14132.00000 582.61434 0.17735226986575686
6761.00000 441.71754 0.185169305497977
19116.00000 1185.64639 0.13268323165001175
26064.00000 185.05409 0.045536852450395834
25654.00000 1428.54444 0.15097503500248333
24663.00000 385.17766 0.12655410129133599
11876.00000 312.22441 0.12929640800425987
10999.00000 482.05629 0.24417896461102304
23960.00000 392.88799 0.10908367749794137
19237.00000 702.77443 0.18270955341746015
13430.00000 328.42311 0.1780533949331225
19873.00000 430.94322 0.11666574695055221
21042.00000 297.72528 0.15437710080517833
