12159.00000 448.28030 0.3952979293716189
7631.00000 975.85818 0.3266531593815091
6617.00000 992.27514 0.2957262141119592
16544.00000 666.64783 0.2382222105757654
9100.00000 546.77160 0.3820212369909674
5760.00000 481.44918 0.46857052687454415
11820.00000 442.50416 0.31568582456568467
8771.00000 724.60065 0.34221807255534553
5042.00000 835.27656 0.4387855009088433
7946.00000 966.98222 0.32226228953860425
9811.00000 405.10102 0.30413474857172884
11097.00000 719.01867 0.30076517216896126
13629.00000 838.20299 0.2492739418348547
18449.00000 830.59796 0.21047268687718557
5718.00000 531.45887 0.33989504574536505
14673.00000 967.83551 0.17127432210970062
13422.00000 610.89760 0.3267836259878472
14350.00000 732.35378 0.25795256042917086
7733.00000 709.84250 0.2629555145820342
9692.00000 710.07525 0.22422749880574963
10984.00000 378.63803 0.2854979762507351
9092.00000 429.72039 0.3216636351974939
7861.00000 570.27415 0.2838455597368292
12763.00000 542.73724 0.2520004226501293
9364.00000 832.45144 0.31030732109832787
12792.00000 748.94051 0.24268323906889314
10050.00000 582.52079 0.36342660889131356
9215.00000 999.85133 0.3369355838491164
5802.00000 585.61133 0.34504116568435866
17066.00000 663.81734 0.26898364684205717
7433.00000 608.42354 0.3449989300429068
8883.00000 865.22862 0.3888099917103692
10527.00000 617.86003 0.40580528589807324
9012.00000 728.90881 0.2977664507662148
7716.00000 561.73659 0.37173158356031266
13056.00000 642.13072 0.27448540884311423
8193.00000 902.85215 0.2598986528092958
16179.00000 455.85011 0.40056731874608237
6630.00000 580.47839 0.4398147434210573
10381.00000 945.05526 0.2689892727100082
9627.00000 426.61560 0.28902633776559267
12044.00000 625.28381 0.34322344672058275
8063.00000 588.67872 0.47666365744785627
9105.00000 716.53125 0.37936448276146534
5678.00000 660.38245 0.43253566731830007
14876.00000 376.38089 0.296031831651735
16262.00000 952.94158 0.24090403633220053
18332.00000 922.69369 0.23651664555693078
9989.00000 710.38191 0.22610561632462783
8060.00000 630.72618 0.2763375167901578
7846.00000 822.61299 0.39677622529860795
10077.00000 982.30686 0.4072667895289547
12459.00000 589.02272 0.16964024043855644
6400.00000 857.76415 0.39692938582683546
10897.00000 766.05008 0.27345227731741223
12903.00000 899.51068 0.31372813357353957
13057.00000 902.93963 0.2472254844971736
10943.00000 583.31685 0.37294117616086997
13450.00000 372.06267 0.2911055324860093
11793.00000 987.26141 0.3508532495902621
8721.00000 356.88352 0.31537260987530513
6513.00000 553.99990 0.39040595290619345
5376.00000 1106.73834 0.36164683166436346
10423.00000 428.56060 0.19444140506756413
9514.00000 494.94868 0.3870964055766083
6994.00000 827.36468 0.37775456673396124
10165.00000 545.41021 0.265081486038254
14012.00000 495.33248 0.29538544906630115
10242.00000 574.35509 0.2785299756991495
9605.00000 438.94629 0.32024442503730655
10552.00000 922.09169 0.28826450923050406
8649.00000 490.82119 0.2967695916597417
14600.00000 632.64284 0.3080719425433155
12234.00000 545.70553 0.30491115153130155
8510.00000 671.48549 0.31021256957271515
13785.00000 482.11265 0.2963444179341687
8863.00000 824.34911 0.38933269343308247
13286.00000 687.23071 0.31666384715977
7946.00000 579.60103 0.24321422496439782
13534.00000 915.26248 0.3670308099344257
7544.00000 256.33561 0.4249299127323922
11327.00000 477.85000 0.3398549004433772
12137.00000 435.85163 0.3047730217219344
8013.00000 248.47374 0.49173778240204136
8803.00000 755.01177 0.37117745182996403
7266.00000 1011.28678 0.3668350610461319
11748.00000 559.34917 0.3331644910626645
7800.00000 875.91883 0.23979091088798543
9968.00000 692.15799 0.3122281845870716
22711.00000 864.86249 0.19764081738368314
12078.00000 298.66840 0.19360693252881495
8353.00000 513.16579 0.285216944848509
7239.00000 258.49405 0.2809713771797296
11490.00000 594.16897 0.2865925528916838
13854.00000 671.88515 0.25464677716768974
8006.00000 299.78918 0.3296257303505734
6730.00000 1013.49670 0.45162541839192527
17511.00000 645.18454 0.19251123557081576
13388.00000 659.04537 0.275297375401324
12169.00000 389.73253 0.48061124348179024
10954.00000 363.08870 0.3106224011519443
9973.00000 706.14852 0.2420307667610439
9295.00000 592.57821 0.22627562876866433
8620.00000 449.53522 0.272116270699062
7463.00000 611.01327 0.39564544155438397
6076.00000 786.65162 0.40393394562089313
15249.00000 596.17120 0.2196652364905453
6801.00000 654.85337 0.5855367952141706
13448.00000 1039.18434 0.2862308137760695
12653.00000 402.39800 0.32302025104563026
10371.00000 391.45887 0.47791701277796556
21075.00000 805.25977 0.206448268924679
8819.00000 769.60743 0.44002869576118947
9143.00000 559.28449 0.39510602055726474
14270.00000 426.05954 0.22936002300203828
11690.00000 1223.29772 0.3314848312115029
13181.00000 582.31872 0.22767099108621702
8303.00000 252.80238 0.3308993138351914
11296.00000 523.47100 0.3656290697326383
10585.00000 520.54335 0.2874465997520509
8716.00000 532.50567 0.2915649314709701
12095.00000 752.85878 0.25304103404090145
10440.00000 944.02713 0.3091171585159081
9110.00000 611.69024 0.3830336484647523
9007.00000 833.09231 0.3340993928331918
9028.00000 204.56603 0.1997503475720316
16832.00000 327.03477 0.2450796015614617
14230.00000 418.72317 0.2583656968120872
8778.00000 903.16594 0.3653360240859262
10003.00000 554.12403 0.33706065610747155
7514.00000 230.11402 0.40185057723875417
6370.00000 592.56409 0.3102690715005276
9434.00000 519.09582 0.3519177055540226
12326.00000 385.62930 0.3364622289634159
7708.00000 507.31406 0.3911705948933682
13693.00000 470.39891 0.2705991946533828
8632.00000 600.67160 0.35669195705552864
4870.00000 421.53898 0.3527391281244268
7496.00000 416.49114 0.3892004012713503
12687.00000 654.29992 0.41671543544984974
8572.00000 925.47112 0.3481136699803934
9947.00000 604.01018 0.3945434667470288
6937.00000 714.81914 0.3691207077086357
10693.00000 592.33005 0.32225812062533865
13184.00000 407.96154 0.3845805100282237
5187.00000 1367.91402 0.39263538508372736
11369.00000 752.37275 0.3575368108760994
9377.00000 404.17560 0.2977256867232544
10440.00000 346.32298 0.19397486858877513
9244.00000 336.41340 0.18049219022103402
8413.00000 654.75371 0.29164277078416406
8935.00000 527.12830 0.2091590926145085
12595.00000 708.93744 0.28713346229983416
6655.00000 1203.76572 0.3433985702125734
9992.00000 328.29555 0.3984380805871381
9240.00000 693.66904 0.3077812828540333
9617.00000 390.81389 0.4084609722927388
10697.00000 680.93093 0.3982799149824567
13218.00000 782.94349 0.38735145842212726
8551.00000 693.84435 0.30969433111169903
12309.00000 759.96516 0.28765234947304
8904.00000 1044.71177 0.319024315388856
12330.00000 484.84525 0.3327070596172354
9830.00000 806.11200 0.4410254098078693
11716.00000 689.81943 0.23998026782729687
11612.00000 698.04896 0.34005617513776193
19612.00000 741.37198 0.18007998489837918
7341.00000 629.25535 0.3036726085229213
11920.00000 622.82009 0.2379910238845533
9320.00000 415.11520 0.2526926559133221
10864.00000 540.53317 0.25173631258616813
6250.00000 608.97440 0.29136551612626554
7802.00000 752.63709 0.3453452822070598
11758.00000 754.52559 0.25781021552151034
15267.00000 302.36977 0.2897368454931114
12392.00000 511.68809 0.2409115123244833
10438.00000 822.18534 0.26564214030789035
6915.00000 732.43175 0.30402312805980464
12232.00000 623.33566 0.26997075770956647
6337.00000 670.13796 0.4704169447438433
7694.00000 688.52862 0.36964788529639253
9464.00000 721.68873 0.2372793180039699
9351.00000 510.18777 0.2821534075797543
11199.00000 755.29737 0.27896452284705253
17204.00000 995.08236 0.28976390792226514
12669.00000 478.63275 0.30937154709485626
7421.00000 837.98646 0.36273055351772904
15173.00000 822.57198 0.2379643450326108
5877.00000 833.16730 0.397574383698081
6600.00000 861.38979 0.4405321785723227
5956.00000 642.41773 0.238239095757706
14028.00000 353.14131 0.2072271396821528
8382.00000 365.45224 0.3064409896317154
17112.00000 893.09006 0.1988375034890687
10887.00000 512.89268 0.3985675886564498
11613.00000 387.23289 0.3142344890804918
11466.00000 676.35239 0.323914655381353
12204.00000 640.18212 0.3433219728714552
12961.00000 743.35826 0.2645422124440021
7928.00000 927.06860 0.3967487197773082
10837.00000 606.17995 0.26118410799976843
9442.00000 776.06617 0.3516007602590834
12449.00000 662.12348 0.24685648736976967
7221.00000 632.74100 0.32969728422671585
11982.00000 520.00556 0.35720359478064506
5429.00000 934.69637 0.42185050347060105
12212.00000 363.86410 0.27287709287724116
7356.00000 608.82923 0.32946991965565936
8700.00000 942.88492 0.4362918433808004
11444.00000 1033.44406 0.38489679028311774
10871.00000 849.79754 0.30044749820142025
13702.00000 358.73202 0.30279935106514744
22932.00000 1294.44892 0.2279758406607299
17858.00000 658.07160 0.14510358126477518
10608.00000 912.08556 0.34297699903337153
12571.00000 690.01349 0.27365039036792616
17116.00000 388.71001 0.2684671552088758
7264.00000 591.86128 0.5259627136131717
8256.00000 980.53028 0.3695075523958775
11545.00000 786.85363 0.3393310714004987
9840.00000 487.47260 0.3213718137653276
8900.00000 317.33923 0.3217642649124678
13080.00000 410.06315 0.17842151520163513
8535.00000 374.95528 0.3236721181847236
11483.00000 685.06425 0.28782577627511896
6283.00000 898.68190 0.46409774067376985
7123.00000 510.05889 0.3196044699021574
10531.00000 805.55355 0.27465891353775906
11237.00000 626.12463 0.32182941315389846
8204.00000 929.52471 0.3538944812324881
12355.00000 974.84819 0.29754306059001584
14723.00000 734.26674 0.37051174710446
9399.00000 784.75986 0.31680531456680955
11296.00000 643.19751 0.31225084933389935
10175.00000 289.57183 0.3571390175418733
9951.00000 911.58738 0.322877943796737
6710.00000 662.71811 0.3676325100225892
7257.00000 780.57782 0.37708071575141067
9161.00000 836.95249 0.26290581419034326
10514.00000 380.88584 0.302893597071128
14191.00000 690.05593 0.2883272320225927
11981.00000 420.89907 0.26056241695986854
7781.00000 972.47993 0.4585963153573886
9226.00000 699.87262 0.27136688023919736
9293.00000 375.90754 0.30569064817813835
7183.00000 885.22821 0.32582943589183694
6607.00000 1109.77548 0.3439380313491354
7156.00000 790.60974 0.40834403664784646
19219.00000 664.28090 0.22184720042434367
5973.00000 502.39745 0.4203299236538525
5523.00000 849.91459 0.4517928006448249
9792.00000 630.99748 0.3296780157843072
9889.00000 268.17314 0.3623344033282077
8339.00000 565.77033 0.2517253799138818
9253.00000 466.83436 0.4539373829898133
12102.00000 452.59826 0.3586198165754768
7670.00000 767.81896 0.4179871702773834
5939.00000 816.15045 0.41377850865122134
14891.00000 504.13540 0.27441245561955857
17595.00000 525.77537 0.21046126184631722
16830.00000 620.26696 0.29604818246511955
13688.00000 726.73856 0.2981907756498855
7339.00000 725.92693 0.3698517904584879
9748.00000 555.78263 0.35359781323512995
13581.00000 601.18550 0.28795287994282337
13045.00000 542.80248 0.3018136566271508
7890.00000 339.14277 0.3495440203034886
7399.00000 746.22691 0.3309963124470594
9449.00000 355.00485 0.31231786126294175
16517.00000 587.91469 0.1862946644981902
15640.00000 605.20676 0.24421786739198625
14354.00000 768.65725 0.2515043698543805
15622.00000 458.95832 0.1943130986033049
13462.00000 382.55322 0.2812894763459609
10029.00000 502.02170 0.3368595973838121
6060.00000 312.64964 0.29047863972017046
10045.00000 693.16425 0.3812766414990644
13208.00000 655.11893 0.3342724553771546
11261.00000 528.64007 0.22065356772575506
7698.00000 860.33545 0.3002650672600002
10652.00000 418.66416 0.24442920575640414
22254.00000 706.45510 0.18038787686342259
10068.00000 735.54917 0.35764664336422575
10854.00000 352.49352 0.3610225062529542
14089.00000 509.85124 0.1692123244857699
7950.00000 938.67266 0.3743729207215532
9884.00000 812.30239 0.2371634796331091
18311.00000 744.02779 0.19103635210707876
10496.00000 749.74344 0.24014457420383672
8465.00000 243.19766 0.25707946506159807
11513.00000 521.88841 0.30009527441070666
10750.00000 314.71905 0.2947606591666801
