0.002140466093190574
0.0030756097395610027
0.0013033724461518625
0.0018534483690354486
0.0007856197241838392
0.0023791142209090843
0.0020948361074462213
0.001598294434895342
0.0015893206788808456
0.001839929978282917
0.0028474504586796234
0.0021085846682501463
0.0016463998050360307
0.004425435015680268
0.0013191563984539662
0.003741987130998048
0.00476565404654572
0.002168629285406287
0.008713652503164582
0.006069460115613712
0.002151305697168121
0.00245865360871457
0.0017933813062262077
0.0032066307921836956
0.0028226283280605724
0.0015539532606513584
0.003319612051792653
0.0038264277345019804
0.0011564538417140335
0.0011746320053795736
0.001701440844794594
0.0035845297133365595
0.002454875042927185
0.00182942950046594
0.003459260384402675
0.0028928954533280204
0.00364330235509408
0.0029030682242466715
0.00341536806292142
0.0018519810655688307
0.0016707303518969097
0.0014060538980007475
0.0024988040406613288
0.002783019383665375
0.0026787521782797516
0.0015953617450011892
0.003145697830957861
0.0010020457067553556
0.0035381176268167447
0.004411977662811761
0.003171845607411433
0.0031185891380764996
0.0028426056393641153
0.0026277524080128845
0.0035288564976005965
0.0012954608680093571
0.002062622934709754
0.0009703152482587463
0.0035420646908104203
0.0010105646647150524
0.00219562012132226
0.001312667930921968
0.0020208430648846476
0.0017843009115455222
0.004131328510301291
0.0013160643458751536
0.0022200250277088496
0.0016387211205994845
0.0016790401991100268
0.00232813674724152
0.0034285404414811094
0.0035886685365253967
0.005028098616985943
0.004056170571421491
0.003594120059287942
0.006846177178561508
0.003156111679006618
0.0026634893986089425
0.000994804886366385
0.004119764434620296
0.0023121332890818636
0.00306816599440507
0.0013429801949478293
0.0037862945270710213
0.0020903298010912508
0.002065934348765064
0.004129209216896634
0.004792484577157585
0.002654219921498502
0.00310345614150187
0.0034127666297735226
0.0030066582851518975
0.002044407997488229
0.0035909955241451574
0.001510775511570861
0.005113533098232981
0.0022751792863269366
0.004415299689970453
0.0012117214720502867
0.0020431079730292012
0.0016741269613254062
0.003786982479958012
0.0024184608522968
0.001796881908995407
0.002149269086061275
0.004112791472175914
0.0020514652621876905
0.0028184061836631497
0.003678890240137511
0.002510561450117077
0.0014073089928240412
0.0020640798432197127
0.00308178058103481
0.009844817836091924
0.003717205316734251
0.004652400315946298
0.0025895375773575258
0.0037521682558369074
0.002471762538537481
0.0034624638217711223
0.0038834229452518326
0.002059213389298542
0.007491576014735379
0.001957974689707709
0.0013319411235720446
0.0014097641493683866
0.003400792966349986
0.0027332057502637286
0.0012104661380690773
0.003449076976046482
0.0018720504327616183
0.0030225645842184012
0.00367710525385051
0.0024874684720770646
0.0014759574693546385
0.0022711207175469816
0.0037516947788051314
0.0018398133421068663
0.0028353336660632
0.005827884347937129
0.0029273614321634334
0.0037179725462116453
0.005299288542195135
0.0029288607770147357
0.006745752719413467
0.00238762505520862
0.0011827420645694198
0.002091874376013214
0.002321665742672452
0.0029613779644854787
0.001976462541912749
0.0018076825373616323
0.0035188434970878646
0.004150917333026527
0.0034408357127114764
0.0017972423856359165
0.002853329935217336
0.003636218122204493
0.00112553276545313
0.003359484834457138
0.001508613154027505
0.002503982064182786
0.0014595079813951722
0.0025224927023073107
0.0018140768823255438
0.003028089288904544
0.0020614329917647556
0.00242625012345421
0.0009783243491648247
0.0019794190325428673
0.005730460199646625
0.002111975807197908
0.0025963527237002904
0.0034033287918759925
0.001885480393294059
0.00375125394959247
0.005081410360233574
0.0033615450605929686
0.0029401214359131567
0.0029523351902831507
0.003710030058925673
0.0019221339873685198
0.0008049282208896502
0.002034904164839757
0.004643925099172719
0.0037142057091950065
0.0023276809597849585
0.003865046414984419
0.004485684007946189
0.005344022544734317
0.0028436990343949087
0.0022753643826924352
0.0031114398933859005
0.0060671833858546576
0.0020110858034801116
0.0029872923248683847
0.0033370433669920874
0.0009361452634903955
0.0034578278805716955
0.003047768196833278
0.0035150750286367938
0.002143585813300819
0.0009501547199466734
0.003188401324209722
0.004820918393007467
0.003523758272864441
0.004879287553571032
0.00283120012880278
0.005223708310409303
0.0014521777769655464
0.005907523301204504
0.0019865095363182927
0.001811442629392035
0.0026863216779180465
0.002585669098297938
0.004031325297081084
0.0027286672203032936
0.002891980974915276
0.0029217914259289657
0.004587596832680896
0.0014319599416996454
0.0021210753858434198
0.0013625462595508175
0.0025288288887334587
0.0015493265397008293
0.0032939662886377896
0.0015742422330247141
0.0036391142645694624
0.0008799629112788213
0.0010073149091965536
0.004551246112178192
0.001933495548892078
0.0025842317203055853
0.0038413158998933383
0.0018008156963095767
0.0023223349425600115
0.0032489812948486296
0.002574149767095024
0.002998240001097066
0.0040475416026083955
0.003674935033985971
0.005586281745628696
0.0021547584896052657
0.002823258987295324
0.004591030182702988
0.0023352663351161873
0.0021448137129342904
0.0037358236154982905
0.0029034718032523443
0.002641749037372687
0.003718535878319329
0.0026316576784022883
0.0029084128865057846
0.00210226883272871
0.005141664724823691
0.0022361901016881847
0.002908211266712306
0.004676421657532348
0.0021652355137581902
0.002913939001706445
0.0030472869267099134
0.0015374499429059024
0.0021296463540650123
0.00294367310851186
0.002669174789336981
0.005171299491742332
0.0018395825258944454
0.0023372581668244657
0.0020209814125577985
0.004010621431146555
0.0037778463578884702
0.004406131520825335
0.0024626569418551014
0.004492952698799679
0.005769316538207003
0.0020012831831587863
0.0013831295594475268
0.0019520752476873127
0.001415615283263033
0.003449750660300843
0.0014070269624716636
0.004719883797296043
0.000710357126128075
0.003035431273556266
0.005206331821097643
0.0025895745134524306
0.0034900315444184316
0.0017216288928263435
0.0019639110112314173
0.0021796923997014495
0.002521898970880898
0.004316125724397324