0.013166112107949601
0.007125279522533279
0.008951311176758736
0.007013914064822671
0.004964862379692292
0.01027840221700016
0.01333255887029594
0.011988790922856651
0.007245087613723555
0.00713288897958253
0.006646164731268334
0.014579061761466505
0.00965119413355231
0.010104087386011429
0.005810875558399431
0.013518664338311837
0.009474713444301286
0.011190632918300025
0.007810535943718833
0.008857816822626319
0.008661873106718954
0.007104088524457097
0.014865751279836914
0.012280424284639935
0.004890636364336842
0.011755897091404677
0.011642683192398806
0.013167995064318205
0.009574626410145157
0.012005523795060924
0.0076197272316873566
0.009365490053461656
0.00855024092707879
0.015880576549420766
0.009874309632261102
0.010406069366240445
0.006950536602173152
0.011763453898041565
0.012435801487297116
0.005052608069080672
0.00949510763959438
0.003907435304299156
0.013865225398036252
0.012975074411503584
0.008260906327769213
0.0074771174114214856
0.008086579024542573
0.008588961884456126
0.013057933159686286
0.010272466214374276
0.004103293768802141
0.0056176555944080775
0.006965663161905611
0.010983023329031227
0.008017067562644087
0.006593722367551624
0.006002948105592765
0.00483045619406397
0.011045648184320078
0.009889397512623077
0.009953042195139261
0.00508097716556738
0.015842400711633786
0.006967510994762449
0.006377096141077843
0.006352174938102584
0.00825177717512493
0.01159817147955522
0.006288690571743416
0.004133967160985463
0.008413395712036476
0.005770709539957508
0.009376886203497747
0.009238214081054963
0.006710391031091945
0.01417438705666818
0.00766304450363009
0.012259895794453968
0.009701382429120997
0.007998956327733953
0.010731771801982148
0.011762295642334664
0.009069021302700264
0.009133988563895468
0.01057863055708097
0.005443724400532757
0.010307037419586829
0.006581919508498402
0.012371820761028829
0.010131138019395358
0.014176700917416074
0.01062303080965421
0.009211450450012038
0.01092810194603544
0.007547933697787529
0.00829405374006606
0.007496832812348586
0.004793479577159782
0.009666524880251881
0.008481110602186703
0.009610107672408219
0.008406247514145093
0.010817919966065404
0.01024876497189009
0.006071131944434427
0.008594691475064309
0.014346230670483351
0.010059324569958505
0.009564523578035278
0.0076381047175360095
0.014239175827608364
0.0068583516879674455
0.011724115458228823
0.007501180247262873
0.012139129165419149
0.005833617746561659
0.00862219339231654
0.007888982321055948
0.009313598181591942
0.006437125685469169
0.011328787869151924
0.008685973137765757
0.006407146845231804
0.012177454880442487
0.008122088898645075
0.005516698250666252
0.00836411982844254
0.005064027183534547
0.010644759756362476
0.008206631599357195
0.007165002489367439
0.006624403952177005
0.008716454142330576
0.010624483034973764
0.00691189951577087
0.006827424473218713
0.011091437677109184
0.00466917625632135
0.008330313487093122
0.008019919166379452
0.005079884986443517
0.008792973696708839
0.012097972751384134
0.014289964853198472
0.011666427335747187
0.003144301119300863
0.015352446374047979
0.007089000319894012
0.0073531734790774905
0.006520553662982209
0.007570571006490445
0.00775848817221636
0.007949396636455386
0.008945461077056294
0.005763763725285392
0.007855309300836666
0.010848844999743257
0.008698649666987635
0.006665378691394608
0.0053066933384613435
0.006100628400497854
0.00795675218414793
0.006529825244655285
0.006859734461549749
0.007187548959342038
0.009665864782974154
0.008818234893787746
0.006731235754344311
0.006076222256177599
0.007345754048133202
0.005469171303184722
0.0072507368930541105
0.007651901125862559
0.011746248110622817
0.013132303081555108
0.007209513651957877
0.0080558723134736
0.007687390549843798
0.008038611129331713
0.012751027566118012
0.00824677234698612
0.005968573988475612
0.014177449767259986
0.011726835747182918
0.008858096426720863
0.006467757200926391
0.009924688609663446
0.005802412788276534
0.009224170373478557
0.004303268926013626
0.012860701208179393
0.0044089851390261
0.007920897438133068
0.00865851999570566
0.0033674830540029177
0.00989117900093106
0.008994871228431123
0.003912304985472126
0.0088995601629005
0.012662803205596873
0.017811485113128356
0.010256567577478393
0.006183350730161408
0.01068178015083987
0.005394484114392917
0.005491480299985696
0.007127069551214005
0.00540837580974074
0.006234889878861505
0.012065141611227403
0.015191188368632424
0.01082415612661336
0.008553329537036802
0.008554642429512427
0.003983006865378447
0.008577483549061071
0.012932111104944966
0.00796271219345357
0.009219008546162755
0.005832451407098871
0.006957965249511755
0.005708139899830655
0.011743080667943662
0.012880881018226376
0.007926452253279592
0.00628536216617448
0.005093404017237901
0.0069457236694567825
0.010311896406515642
0.011179534317794726
0.008226434918932879
0.009416914264356535
0.004502008441240185
0.008755312008076777
0.01766405928768222
0.0049465251467752935
0.006587782376975104
0.005974990690496118
0.004998496663483537
0.010406499573903716
0.011157440044655687
0.009129441293078966
0.006549326974950143
0.012181511305961124
0.008384094430028965
0.008390759725007912
0.006688653312654225
0.0065001143585163845
0.010159740900981262
0.004665990912016582
0.004179349940837795
0.014143715695441178
0.007505022522664717
0.0094904621012456
0.010238874899626715
0.015144783329503753
0.011928791150157991
0.01255767031441124
0.008435827221240366
0.010457491300236654
0.0073224082948115665
0.01058694449114396
0.010089984995296675
0.011491125865120466
0.009211772704377452
0.008267111814433292
0.010779339246639097
0.013330608421507684
0.010412105624345358
0.00683321901697298
0.008192620627365699
0.00558872288343748
0.01114494942139288
0.007467163013458844
0.011849739934945092
0.005032608261395621
0.006169761413548969
0.00580098346494573
0.0067514298693254204
0.005813159571939508
0.004868076056119719
0.009896780280417516
0.00893223416628075
0.013211465712400283
0.00952005581778198
0.007033686184248822
0.006095634137540162
0.009295695792416403
0.009585887508804264
0.0067860112723521215
0.009655919319190076
0.009000345164308587