0.005487239910686448
0.00500368698091197
0.004584645934059453
0.00719809384577802
0.0046981783278917805
0.0030697341848946735
0.004875851127268072
0.004121557727931241
0.0034078233810318215
0.004424439393576063
0.004486485470247659
0.005481957014557087
0.006039391711298747
0.008318621787176905
0.0038020888797358765
0.007769804897131638
0.00589091840438305
0.007043216669272767
0.004910959098229251
0.004913711557584577
0.005458707253282333
0.00435690469923844
0.004367680350305436
0.006307608074405557
0.004864463829853283
0.005569684475588421
0.004332462148618266
0.004700344747877144
0.0038366158209198475
0.007099138995920851
0.004081929962552161
0.004632030000145879
0.005038570747096793
0.004923788339862151
0.004296028639478033
0.006022204222329242
0.0050709816234513205
0.0052349274105316715
0.0034968701278194902
0.006142307571383787
0.005024079087256217
0.005105462917455367
0.003955519282469039
0.005297455146253599
0.003241498220413336
0.005676896731342751
0.007130112453757942
0.008565131004645343
0.005562086206144179
0.004650228598953421
0.004238748086951974
0.005472236961885202
0.006402142913295883
0.0037491941477025698
0.005601941583207162
0.005636912861757604
0.005694713461805778
0.005260921954769238
0.005752216132899241
0.0055719176812295546
0.004525226100654645
0.0033538752648473724
0.0034027117548635633
0.005124257339614413
0.004081927512314953
0.003931997884153646
0.005399642100914731
0.006592343456448685
0.004977001088435962
0.00447983273612973
0.004937593893390185
0.004742170210853991
0.006661771200527716
0.0059118408197418315
0.004759745473151666
0.006217280584214446
0.004625661160714306
0.005832571844497758
0.004358481604673781
0.006001012407141709
0.0035231992560390557
0.005466835206658027
0.005372963081806875
0.0035477444615315545
0.004074468804767445
0.0037146438326739195
0.005483452478773257
0.004372158847172181
0.004933901635785817
0.008744435339996831
0.005691391236360199
0.004826523043314199
0.0033453236132809927
0.005642346724218955
0.006310149047978664
0.004352545466277641
0.004035189789373506
0.0061296518648794596
0.006185733764229123
0.0043329229751975645
0.004564838442765229
0.005724722194218074
0.004824201696226105
0.0046830247121336654
0.003915305403965397
0.003382238204986343
0.0070975955282331915
0.0032340715923775964
0.006630308812260399
0.005838287624537641
0.004648663265404751
0.008693070036736472
0.004642440910174135
0.0042195745288124975
0.005815080391973759
0.005358760186598699
0.005989603407656863
0.004277163620838867
0.004696875776786125
0.005281974951661439
0.004898780226774813
0.005704680482808255
0.0056876551148822285
0.004189006402864376
0.0045971252165109555
0.004152155699354121
0.006629407599900272
0.005994105536136163
0.0050142362328706724
0.004914438500139728
0.003716142293950342
0.0037392293807379795
0.004025597699930383
0.005344358969591623
0.004214050669968522
0.00612107547657037
0.004134265632966094
0.0033702754434369736
0.003903425750604733
0.005443270702402886
0.005240253405904505
0.004761912253573947
0.004328906956488882
0.005283520275553039
0.005147548344846875
0.003606727276526528
0.005783556052107036
0.004869180369154985
0.00548309449641321
0.005336101244072175
0.004856035127123182
0.005119636436280217
0.006105523100782398
0.004019678015315865
0.004205970202547538
0.00462271707470957
0.003785824518919234
0.00463924781341879
0.0059849357778990475
0.00470313160525257
0.0059911042272754594
0.004696246215540489
0.005845304228114467
0.005236428635541468
0.005632217367805392
0.0050019161190465455
0.008101189814970655
0.004393134430477064
0.005950555677594324
0.005036700538493033
0.006076439245878196
0.004167893807471346
0.004439426066765284
0.005972720197963632
0.005222270173000476
0.005410632383601899
0.005237220050497218
0.004217381310700097
0.005840646918511341
0.0029265500788181464
0.004264345493096677
0.005423091438401473
0.0046875003151487515
0.0054696921626785355
0.00754829236516244
0.006175012986029779
0.004596645108226938
0.0069986331663561
0.0038828139836437
0.0037789795552855138
0.00472266546165287
0.006699923200118807
0.004578509767535904
0.006995130639688513
0.003737035118019344
0.0049844693473126145
0.005440840228475463
0.005736809337976795
0.0064288981432095715
0.004032571499082177
0.005610565036951551
0.00475677317420839
0.005211061590027377
0.004227352427201403
0.0061447076485478536
0.0030089606776612654
0.005128965722748902
0.004141943461946407
0.004582217324056934
0.005806731464131437
0.005250741003567705
0.005855762720327201
0.010855627886374314
0.007717917601967883
0.004875563045698153
0.005897656669019757
0.0059768659081070735
0.003469346931925646
0.004998664505058703
0.006257409972935557
0.0051393434696273
0.0044562709712414605
0.005997053246204032
0.004494034693440951
0.005174248449759833
0.003306110127792722
0.0035576590429217125
0.005385838479951555
0.005649578959680698
0.004473512822661119
0.005364887336998692
0.0061298112708434715
0.00551231144074521
0.005459108028785312
0.004862333133066915
0.005034920544650906
0.0038220014244529366
0.003663389453736232
0.0053473890889614295
0.004678817539476576
0.006206763173460389
0.005887605829161535
0.0044928446989838805
0.005064464185811579
0.004604742638081305
0.004182143701444874
0.00397949300650377
0.004049684347315435
0.00886731501360516
0.002977930696614617
0.003046933078982794
0.004825461434479247
0.004028029767834118
0.004736762310313836
0.004286018418108883
0.004699982040263562
0.003600810569687335
0.003291468224464189
0.006608160164448651
0.007998526650120574
0.007001686179316957
0.005974760005741486
0.0040143368246742805
0.004582365763696777
0.006304586331813966
0.005630940739496937
0.003715123192859715
0.004838221091578027
0.004811309534884595
0.006822806155382999
0.007625671080234431
0.006656362365225599
0.007050644088336375
0.005633007994789718
0.0046703148677954
0.003369239069009655
0.0046621259914790825
0.006229430890845045
0.006137229755339535
0.005099604093818627
0.005302422316345368
0.009703442070473578
0.005011535097357744
0.004726570478518821
0.007163408203862964
0.0046343099319605535
0.005753888569954402
0.009492173837647444
0.005105755399841205
0.004876276340328944
0.005953736958955846
0.0051525865640662805
