1872 12.688034188034187 23752.0 164.04031290670207 1.4774641517413525 87.68176852210861
930 15.906451612903226 14793.0 182.86489772121863 -0.0845662418336283 88.94672031465767
2116 10.189508506616257 21561.0 77.22811020114683 0.6460247208914159 89.87014135169353
1400 12.317142857142857 17244.0 139.33708148784737 6.497766545498574 88.65557455103581
516 16.308139534883722 8415.0 54.28549290509871 0.9738906043666307 84.01776093500325
2146 8.184995340167754 17565.0 140.79936145070198 0.23351725363382475 87.8724603198009
1541 18.17585983127839 28009.0 322.2605317429733 3.944663210404063 88.88744366491011
2263 11.67123287671233 26412.0 158.58580356117827 4.559607080349046 87.19751674552184
1292 14.59984520123839 18863.0 107.73036416073765 3.2083930723851557 89.29938701876492
1233 15.679643146796431 19333.0 156.5504939129807 5.56690831349588 89.13899124823327
1712 6.9702102803738315 11933.0 47.62415820094152 -1.73201379300275 91.2150671273813
913 37.42168674698795 34166.0 996.4422048093427 4.8755089848449185 90.22363043470857
964 18.283195020746888 17625.0 233.82561613996836 1.4142449403652746 83.16462891990412
2099 9.371129109099572 19670.0 88.1809929253662 1.9106246678767096 88.57404010281512
1764 9.141156462585034 16125.0 41.08723541265995 0.5376387240435145 84.16157255177168
1078 26.53061224489796 28600.0 493.77807474237403 -1.5566293920528622 88.63353902921288
1799 9.013340744858255 16215.0 103.00899241312246 2.5281832604203163 88.85339381284695
2222 12.663816381638163 28139.0 256.62945429072954 1.5681763494602778 82.62662693071304
1562 9.681818181818182 15123.0 77.49112899390842 6.567507747755742 93.4283754064106
2519 5.233822945613339 13184.0 42.94582052666625 3.783119744265871 87.58883982681884
1142 11.683012259194395 13342.0 141.51857554593855 -0.18680081723737632 87.72694072413533
2273 6.729432468103828 15296.0 111.51969596136543 6.656928057403466 91.76159534002826
1098 29.24408014571949 32110.0 712.8877857487047 1.8805750711655933 88.40505843161098
1483 20.002022926500338 29663.0 356.54047348644553 4.446432370966159 88.79144254477376
1446 5.94536652835408 8597.0 44.579739457447175 5.276265187688033 91.91359219423542
1404 16.02279202279202 22496.0 314.2155511522891 -6.351734782685723 88.40369663917164
918 29.947712418300654 27492.0 391.96742379730534 -4.732659561885468 85.85087353427556
1215 23.74320987654321 28848.0 515.6682426987029 -0.0024792772602758393 91.42237640720157
1412 15.140226628895185 21378.0 124.11544884679569 0.10364760915914493 85.58343633191666
1621 15.900678593460826 25775.0 229.8753933968588 1.0272697622294917 87.5023059867219
2269 5.722344645218158 12984.0 24.99448222163764 5.563797307028086 91.10855767001277
1259 13.820492454328832 17400.0 226.11305387017393 1.5080357396526418 86.0772647465161
2128 7.410244360902255 15769.0 67.16764060114998 5.9016808603662305 87.74612800701054
1313 24.916222391469915 32715.0 716.6797666172071 -1.6104817614267688 89.89827134013152
1527 16.09364767518009 24575.0 365.04633611419945 3.4012253989844154 87.01753527202365
2250 9.948 22383.0 90.0524166274534 1.4480478730391404 86.4952357014779
1098 13.425318761384336 14741.0 129.9109698507319 -1.7845702383549067 93.65957301339702
839 26.547079856972587 22273.0 282.0432385771913 -1.527924357675049 82.05549377270428
682 39.03519061583578 26622.0 783.1284123300409 10.675752886829317 90.93395195167903
942 11.093418259023355 10450.0 77.01594796652019 2.836619020683348 87.56554881113351
1219 16.9064807219032 20609.0 122.45978844391284 -6.312257321221775 85.29302899715518
730 8.093150684931507 5908.0 77.42103060851193 -1.2956197337634066 93.91191517408245
960 32.03854166666667 30757.0 505.5853513234667 -3.1289653041648418 84.93861618674939
1194 26.84505862646566 32053.0 692.3953508576717 1.3139955418052196 85.18782225934008
1737 7.497985031663788 13024.0 55.692149974360085 4.238318876829703 86.01663309463719
729 21.45679012345679 15642.0 372.07427479678574 7.0663915197922265 89.62649835450992
934 14.279443254817988 13337.0 112.35631826506132 7.439627038735455 86.11944163186668
1608 8.093283582089553 13014.0 99.74283477632912 4.711323940520009 86.74681070705928
1456 19.677884615384617 28651.0 304.1070425969508 4.519774764873505 89.01372648118078
961 21.181061394380855 20355.0 512.8340453398578 0.33105920714984116 89.64553574365843
391 6.936061381074169 2712.0 84.96359084119798 -4.020753551086416 99.24768430006705
1129 8.677590788308237 9797.0 70.69984611070247 0.4327900342082788 88.75227551048762
1727 6.193977996525767 10697.0 55.225274383476474 -9.065694069308607 86.51491660224623
1023 25.653958944281523 26244.0 149.4514423751801 0.8924169536893835 78.06765928695295
1546 9.359637774902975 14470.0 84.7306822419925 7.2060043517367305 87.51924093301768
1569 7.884002549394519 12370.0 54.229200389912144 1.2623346042729802 90.63360199540215
1157 11.257562662057044 13025.0 117.69059551074548 1.3624327413333532 90.00543769894347
765 6.1986928104575165 4742.0 27.879568237127366 -9.74784327375667 90.35616632247701
1473 16.134419551934826 23766.0 188.11742765769023 -2.6207348852214056 90.44437615706286
2461 8.603819585534335 21174.0 83.77767235030794 4.726829718213388 88.39514517732906
1034 19.172147001934235 19824.0 224.52088545532206 -1.1777184762197956 88.71788480798662
783 11.245210727969349 8805.0 81.72768007441005 1.926057118785207 87.73932314044086
2010 14.09502487562189 28331.0 184.92897500430712 -0.26328506903981935 85.46132096948536
1775 6.929577464788732 12300.0 39.63354815378108 -4.238398991604814 89.30019286740769
1528 5.62761780104712 8599.0 33.65887071146626 -11.761986455365088 91.30652627236891
1201 9.765195670274771 11728.0 68.90244455214534 5.115860127632497 91.95685448767367
2291 7.080750763858577 16222.0 34.698300985408196 7.710365982232959 90.7142576955829
882 32.532879818594104 28694.0 412.7780881450763 7.6941393813595695 88.2865111693014
1830 6.407103825136612 11725.0 29.07583553108578 7.87330631742693 94.30530248587495
689 6.217706821480406 4284.0 44.73452321703463 -5.971201755813004 91.17868275455493
1616 12.616955445544555 20389.0 227.73164941045405 -5.760396457800092 86.98655572746682
1423 5.297259311314125 7538.0 21.201759087696697 -2.2532274092946323 90.20750444184212
1577 9.698161065313887 15294.0 62.19765334471861 5.449574902733737 88.43777127348885
1546 14.408150064683053 22275.0 143.130653133094 0.6565736167398074 89.54230349520186
1958 4.496935648621042 8805.0 37.83017723064874 -7.805827541414838 92.86430797794644
675 48.40592592592593 32674.0 975.0902064833275 4.665989497068043 84.67085638613811
2006 7.52642073778664 15098.0 83.50431210082596 2.3674198453157946 89.64721438692402
1041 26.52929875120077 27617.0 638.3536140396867 -3.01814659761612 91.08054814140644
1233 14.454987834549879 17823.0 104.26079251715674 -1.769886810028346 86.10635532307327
1101 12.633060853769301 13909.0 65.1211527710027 2.029202788589447 78.23674467868362
1810 11.178453038674034 20233.0 138.68456469991423 2.1205677899973456 87.62121672021378
1210 22.925619834710744 27740.0 328.66654118427886 -0.2848681535635339 90.23517546433841
1804 10.088691796008868 18200.0 107.30825680512511 8.892713341438876 91.63196325905757
1555 11.935691318327974 18560.0 96.11238588079544 3.4670501529498003 87.61866835462845
1141 19.824715162138475 22620.0 479.73125779406274 -0.4233649777789866 90.7446650873897
868 12.200460829493087 10590.0 80.2138639071905 2.9576457341247178 86.0007680139287
1344 15.522321428571429 20862.0 174.6251413111649 -1.0644860760196675 86.22079460251256
1170 13.457264957264957 15745.0 145.34544869299282 6.328088366989023 86.60635778795829
908 28.898678414096917 26240.0 643.5305364999748 0.4567097810170308 86.11276769715894
1150 21.289565217391303 24483.0 159.31930360069668 3.959585915790833 80.94094055809634
813 37.38991389913899 30398.0 582.5447033163938 0.12649201979044528 85.88651344572492
2253 9.500665778961384 21405.0 95.92561488113903 2.764223740917012 86.9952259373529
1305 16.228352490421457 21178.0 186.73401073992255 1.3009305326463667 86.27428609181503
1981 11.343260979303382 22471.0 118.44003840292973 10.758748160461668 88.05231637188213
1590 7.60188679245283 12087.0 64.7501487059783 -1.4877922426932508 91.30755098480937
1795 9.551532033426184 17145.0 87.17164569064934 1.332680552686408 89.37430642682071
1681 6.814396192742415 11455.0 48.142017323871855 3.8368860887715557 89.70419573348097
619 6.421647819063005 3975.0 47.865470975043394 -13.369122078386383 96.86885189548198
1435 14.359581881533101 20606.0 194.14521031159435 -1.6133418834919306 90.40079315506092
1614 11.31908302354399 18269.0 48.24504181395259 -0.5593091380533344 90.76857513069392
2004 10.154191616766466 20349.0 126.53272547512319 2.180261721747477 88.34400125644098
2104 9.13212927756654 19214.0 62.088582264031686 0.2327607258484681 86.69256957170454
1060 21.969811320754715 23288.0 345.4820682264162 -3.7297915063079228 87.6854057048757
1690 16.15562130177515 27303.0 364.4054232148597 3.368294406857693 87.6513758576298
1333 7.919729932483121 10557.0 39.6094437645357 -2.638459905104696 87.72334008403473
1226 16.806688417618272 20605.0 159.71794364232713 -5.9102872320997175 86.7580279607583
1047 26.943648519579753 28210.0 668.9191753187625 6.044613677536654 88.83002185411802
1289 15.104732350659425 19470.0 255.80324342981024 -4.724558650812867 89.63514457638945
1717 12.68666278392545 21783.0 130.90153200068673 5.728243569483222 90.37178674093887
1944 6.521604938271605 12678.0 61.84870151349706 -3.397540837067138 91.93020152486255
1861 11.599677592692101 21587.0 202.06065342476526 5.107422241130419 85.56798327587163
1250 8.848 11060.0 60.9507284287891 0.6434036320426563 89.8613769688955
1331 19.324567993989483 25721.0 419.0469435953554 -0.8693763193778433 90.03667851328059
1578 9.309252217997464 14690.0 59.9585254041687 7.754487542137074 88.73158872763484
2118 12.12936732766761 25690.0 127.04651537752382 1.5826738847422128 86.59747701926268
1363 5.855465884079237 7981.0 31.14570080264714 3.2721103119461548 89.86939527815802
796 22.43718592964824 17860.0 202.01754942454403 -8.713570751600434 84.160864568908
1939 9.449716348633316 18323.0 109.76094293409817 0.33215986739601366 90.89064078859339
676 29.261834319526628 19781.0 520.4362937773067 0.08879575971027803 85.37380663803991
1590 7.340251572327044 11671.0 24.23652999297205 4.490524030567099 87.14874958801543
1583 15.735944409349337 24910.0 232.15384929827678 2.959868168192263 85.23746656093911
2183 7.464956481905634 16296.0 38.690421633051756 3.159410217731474 85.60866175198889
1173 9.468030690537084 11106.0 83.85269048096134 -4.1118896210767595 84.4964019507776
899 30.08008898776418 27042.0 540.5626597688429 3.2298852849055475 87.43142715796849
1281 14.834504293520688 19003.0 246.48008996696888 2.1374222756360295 88.83404679537917
1349 5.311341734618236 7165.0 31.830178980022513 -3.175820188853453 94.12134086505112
2128 4.661654135338346 9920.0 33.257061485002254 -5.0018519377832815 90.65355274739306
846 7.624113475177305 6450.0 49.83751931095553 9.27696661535835 93.3796058747318
1466 15.995225102319235 23449.0 203.40160974681592 16.208758309318203 90.82329208099469
2261 7.579831932773109 17138.0 56.246389005275205 -5.908180503207622 86.46845346558725
1189 9.832632464255678 11691.0 109.53353075587829 3.289603715654285 87.32235629829216
277 75.50180505415162 20914.0 1065.4144042976084 -13.963670342180247 91.53393689560774
1522 15.265440210249672 23234.0 106.22740081884413 5.991741799901264 87.34162716790972
2323 10.009470512268619 23252.0 107.65563430179368 4.3297727006110724 85.93926177154407
2395 7.3160751565762006 17522.0 52.63147066167782 0.17257418772361882 88.99351972213778
1299 9.575827559661278 12439.0 137.89350936057969 1.263132860238911 89.5695456666846
1578 13.70595690747782 21628.0 218.03156066818627 -4.9541074495182995 90.20745210856063
848 5.475235849056604 4643.0 43.701947734551055 4.703651195924918 91.97062863198285
1913 7.10559330893884 13593.0 49.86785816188354 -3.5410119663804465 88.9140087966457
1633 10.977954684629516 17927.0 74.51383645094705 0.7806634665476352 90.70427354476838
1321 6.014383043149129 7945.0 43.66399063027707 -0.8602912946945304 91.89713652533409
1301 10.573405073020753 13756.0 111.05617693270453 -0.5514320783425897 88.8479900086614
1617 13.167594310451454 21292.0 181.9867093727934 2.728228750376893 88.66175905464561
940 30.838297872340426 28988.0 764.2596232464215 6.9025961124617075 92.4664135375505
996 21.8644578313253 21777.0 420.7342581317451 8.148731092747045 91.47519071680155
110 12.872727272727273 1416.0 108.46969489559659 -10.742140299618493 89.4756827080925
930 32.35591397849463 30091.0 379.8239450577313 1.6735692770576256 83.28484568912006
1987 3.875188726723704 7700.0 31.967593735250976 7.331215171156632 92.6942786669277
1194 12.556951423785595 14993.0 247.25512330944022 -0.5970440142761181 90.16538220470483
1623 8.534195933456562 13851.0 39.58171509842516 -1.3168235477846 88.94185324141384
1765 6.98356940509915 12326.0 29.299358717447753 5.120563434718743 88.43663833943098
1956 6.598670756646217 12907.0 22.36737733363613 -6.611153905519549 87.5930109256545
1023 13.178885630498534 13482.0 93.89922149095618 10.12766646898309 83.88139425295512
1725 9.382608695652173 16185.0 50.58331900251949 2.644649387907363 86.50301789427424
1124 4.927046263345196 5538.0 42.335951105935045 -5.649018173041427 92.27571092983607
2294 6.883609415867481 15791.0 52.31078712602751 1.686896031398333 87.60181440474759
1799 12.814897165091718 23054.0 153.37867514159586 6.129169949792677 84.95365804546861
1760 9.4625 16654.0 67.71679631259079 4.794797951451969 87.50261477698331
1799 9.687604224569204 17428.0 41.434333841467314 8.052461622262848 89.10236930470792
980 5.985714285714286 5866.0 19.369495268043913 -6.314149618689861 89.05039799269541
1122 10.496434937611408 11777.0 57.184837170910896 3.537258380690635 88.96324726972651
1665 9.38978978978979 15634.0 145.07252411504032 2.685272053892396 89.0582532737399
1108 10.675992779783394 11829.0 159.74960291981841 -0.8497787610858181 92.45901779395099
1744 7.543004587155964 13155.0 62.95891505948834 -6.643281716979203 90.35083685086178
2354 8.862786745964316 20863.0 34.5148723692259 6.6716054796436 87.16386771606808
2407 7.584545076859161 18256.0 55.72561177480514 -21.49420501295716 87.47273971438037
1770 9.177966101694915 16245.0 42.608167042107276 11.083685917270197 87.56069564061953
1744 9.447821100917432 16477.0 62.64059073506348 0.0250630185749337 89.31597458032944
1159 9.310612597066436 10791.0 56.069907212273634 1.7095208042583525 83.52850574158246
1357 8.25939572586588 11208.0 60.609388144483916 -0.7665217042513911 90.11990023595672
255 45.58039215686274 11623.0 321.91824624054993 0.3093939838677795 80.19402418196454
1977 5.853313100657562 11572.0 29.667415102542392 7.902691233261457 91.00950962057962
2038 6.563297350343474 13376.0 43.43355462814231 3.8523215775286723 88.3703313577652
831 26.977135980746088 22418.0 265.4459013679603 3.131026947181975 84.63053874220579
1086 25.28268876611418 27457.0 338.6005216668533 3.5519828781864264 87.95217414196756
1831 8.864554888039322 16231.0 51.67072368661316 -3.015982095274464 89.70820675007211
635 19.437795275590553 12343.0 160.2720929181607 5.188743151816046 88.99530019814891
1299 12.367205542725173 16065.0 80.91179699976175 0.5504340026463597 89.94925570516038
1263 11.529691211401426 14562.0 150.93184987560505 3.9604388402098762 87.2369354013065
1575 18.144126984126984 28577.0 284.17654280637015 1.3567426574876704 87.39189322334272
1441 8.256072172102707 11897.0 55.88546896534997 -2.6881958458887234 90.01322323022724
893 9.74020156774916 8698.0 71.81052996337782 7.224078270144562 91.23134236983903
992 33.95161290322581 33680.0 871.2716915875982 4.739758902676062 90.23632919238379
1388 18.469020172910664 25635.0 153.16901644695676 2.9308982723012953 87.02382261745824
1335 13.504868913857678 18029.0 125.59445381953084 7.59719938228338 87.30145240460072
628 13.380573248407643 8403.0 143.04678337546179 -0.8505645709642525 90.30477935944589
1341 14.853840417598807 19919.0 233.12421334167732 0.49365554346409574 88.45390397865134
1713 3.4781085814360773 5958.0 28.87430162380698 -10.621269725385194 93.04329227344465
1656 9.943236714975846 16466.0 96.09192164770562 -3.4347957774156606 90.94085490546443
1056 7.084280303030303 7481.0 35.51290177224422 -3.678622948144579 89.20024441550346
654 38.70183486238532 25311.0 329.77031404784503 1.6772834476973095 80.78231842466633
915 5.395628415300546 4937.0 42.11377748567907 2.2268962781315103 93.29638032343625
1512 7.15542328042328 10819.0 92.60035481211055 1.223829188567542 90.24711268620038
1273 8.441476826394345 10746.0 123.56127532061126 -4.969102951136867 90.32479917000794
733 4.994542974079127 3661.0 41.48179597405523 -7.613080784213429 93.45839061471969
2309 9.71719359029883 22437.0 68.75906909721681 0.1599913018095349 86.31734392878724
1437 11.826026443980515 16994.0 125.55794063116842 0.32993940050903287 88.0304070070685
686 12.377551020408163 8491.0 127.70711306095686 6.130000348236181 87.62739658217858
1225 15.928163265306122 19512.0 80.11268430418697 1.729439661665732 88.40329265985324
1488 19.31787634408602 28745.0 431.8760639036498 2.8565993358668447 84.61386069238134
912 42.78508771929825 39020.0 1193.6479091447757 -0.2879305504196375 90.67471898357314
1129 17.79539415411869 20091.0 157.31659147151007 -0.8007558891209711 85.43646529926737
2048 6.54443359375 13403.0 20.545704060538945 -3.15200810093407 88.92544834412377
2631 8.443937666286583 22216.0 92.87890842847469 3.837589461939732 89.38690276643796
1215 7.205761316872428 8755.0 48.29675550512302 4.7235021601179 89.66623363632215
1356 11.752212389380531 15936.0 85.30582992386357 -1.5761871174949058 90.50352734837233
680 19.889705882352942 13525.0 155.91215818691538 3.2272436683085384 88.87541777872265
1242 8.816425120772946 10950.0 43.277203939014065 0.24862630206928865 89.85864077406187
815 14.179141104294478 11556.0 176.08100424436478 4.243307829607169 90.42708779916421
1332 19.96921921921922 26599.0 338.27080784917564 4.1027113810324165 84.72807914158729
1756 16.199886104783598 28447.0 379.8210186036414 3.003372267468524 89.54253200935463
1685 11.468249258160238 19324.0 127.90683634651926 2.475395687437719 89.81641916527764
1408 14.995738636363637 21114.0 109.16464829048932 5.423941141408839 87.85968433504421
1464 13.251366120218579 19400.0 102.08392660896332 -1.6549527063851368 85.09878512891221
319 23.70846394984326 7563.0 91.80635691356488 0.3560271305423375 75.65490724109101
1790 9.864245810055866 17657.0 47.01375058410326 8.346971438181388 89.79104100054276
1874 14.678228388473853 27507.0 352.8993684218025 -1.7401384410731313 89.07368615951628
2045 7.296821515892421 14922.0 74.27142065645141 4.146382423191589 87.87279912120756
1440 14.104861111111111 20311.0 124.41661968622753 1.3758713890133787 87.34098671562967
926 8.181425485961123 7576.0 76.98587231561991 -3.190976115497248 92.2577313949566
1755 5.2638176638176635 9238.0 30.41768915196667 3.242931052580734 88.74461742073409
1392 7.066091954022989 9836.0 52.32557175454292 3.4128374754208584 89.33008045101508
1707 13.253075571177504 22623.0 129.1082675125861 4.011210262444953 87.470877730477
1597 16.289918597370068 26015.0 243.18570402525748 8.98998024725568 87.42351830555191
1960 7.825 15337.0 31.78684568612415 -2.967032382596734 86.10892600079926
1526 6.738532110091743 10283.0 21.179453468431284 -1.2844850469476272 88.82693270172257
1434 7.923291492329149 11362.0 30.36731848752607 5.652686796566915 88.73651039907357
1540 7.55974025974026 11642.0 42.79388462118736 -14.065463789755947 88.80387496461495
1776 11.315878378378379 20097.0 77.17829113002551 4.948266827259881 88.75229746302696
1471 15.002719238613189 22069.0 296.3643191173709 10.436359514118367 87.6313199345347
1009 15.056491575817642 15192.0 256.68056716073886 8.570604739651396 87.88526363106759
2577 6.673263484672099 17197.0 139.5436668517143 8.146427286901579 91.10171935169551
898 7.589086859688196 6815.0 52.773071491692505 -1.3140887264438255 88.83839844086268
947 19.166842661034845 18151.0 297.11414443705183 2.622347333113455 89.38921317726377
1105 36.98190045248869 40865.0 1136.3024124426936 3.113766099007916 93.25948178136372
573 9.762652705061083 5594.0 64.45845992142026 -10.36904000617781 85.89842362422503
958 13.588726513569938 13018.0 76.44511695531263 0.06175186390411329 84.84170765451005
1153 7.617519514310494 8783.0 45.77387316033798 0.3260254677979266 90.89406913414778
649 9.508474576271187 6171.0 99.2632661111845 -2.144912039345685 89.90872160264294
1208 17.016556291390728 20556.0 271.753972519619 1.2534718541559984 86.77588687593858
1603 19.116656269494698 30644.0 372.25956806644547 1.7982898007523491 88.06042390099357
1617 13.305504019789733 21515.0 88.78256875738792 1.3200289681216972 83.74150665733457
937 15.235859124866595 14276.0 125.16142351849255 2.3228232176258246 86.27246308876497
1868 13.399892933618844 25031.0 168.41413007137297 8.98300277926501 88.1293406386064
1956 6.33282208588957 12387.0 80.81958856691743 -12.723345318275268 87.81492530958273
1033 16.690222652468538 17241.0 229.32888930263255 2.9486087637315754 83.22238332656593
1634 7.817013463892289 12773.0 69.08140182233645 -0.7598186122285093 89.98789312536489
822 14.169099756690997 11647.0 92.85542941944149 -3.513426392610928 85.51683129060561
1499 16.539026017344895 24792.0 143.00440722220876 1.6662886907128505 86.87317383212672
844 5.059241706161138 4270.0 40.065837966237986 -9.438622150598338 90.14243637814036
388 5.201030927835052 2018.0 29.74645086633653 -20.530325506635904 98.46590099229608
637 49.59183673469388 31590.0 1069.3433509960898 -1.037242289493966 88.81844281488078
1627 8.845113706207744 14391.0 58.17804818933907 9.89130838484739 89.68201218614742
1683 10.506238859180035 17682.0 63.63797024090757 6.019948518418062 91.80208977791604
2467 7.580056749087961 18700.0 42.81010254521616 16.816559226831995 90.89265884869249
1136 32.80897887323944 37271.0 861.6987805114225 7.1926640143056595 93.49767537344026
1356 18.793510324483776 25484.0 260.32503818036184 6.098069264392465 88.17553353133373
1314 18.56392694063927 24393.0 412.53182629875823 7.1121400199693365 92.62007706060737
1797 9.521981079577072 17111.0 102.51169126355103 3.755785177965094 86.22953783113378
1793 14.054656999442276 25200.0 267.03427972771794 4.3236543738812605 87.9502125640684
1437 8.24982602644398 11855.0 53.12571789162665 -4.441477403127162 89.28468224826032
473 45.086680761099366 21326.0 453.50297706095324 -3.531484419788302 73.85455339496673
1242 16.830917874396135 20904.0 215.48706484366642 -1.1532890780871152 87.68944892317626
961 30.734651404786682 29536.0 486.8169088508418 4.7483169794571145 90.22716125981799
1083 16.9067405355494 18310.0 197.7148248551237 7.233179210364388 86.99368061730092
1564 10.164322250639387 15897.0 117.20140481136754 4.893360083071689 89.66103924725225
2108 9.449240986717268 19919.0 93.33485646377082 7.936499193738947 89.37341976172924
974 30.18788501026694 29403.0 463.2880816828851 -1.4602816418372324 83.70196213710018
1237 17.031527890056587 21068.0 228.71565372537071 3.939244785340333 89.53468911682481
1238 11.662358642972537 14438.0 42.4215027804588 8.765793201684748 87.06792400189224
1363 13.022010271460015 17749.0 78.10869329013379 -4.49312273543925 88.80342077312534
633 15.481832543443918 9800.0 106.41370608215566 3.078458685815784 89.54216625905684
1779 15.384485666104553 27369.0 183.28461667384238 1.1500167935493446 86.45069072007699
1301 11.638739431206764 15142.0 82.50920898702996 1.9126992964024587 88.02633738495705
1012 28.097826086956523 28435.0 532.9216522769832 -1.1069059222124136 88.84027738119522
868 15.34331797235023 13318.0 204.26432481183392 8.121506960121126 85.72934273063123
1840 7.622826086956522 14026.0 79.3648777910975 6.646351453105118 94.11098161522187
790 14.130379746835443 11163.0 74.77770915140249 -7.489666171888724 86.63144978945815
818 14.3239608801956 11717.0 216.52783225214407 -10.209367642999016 95.63806164155068
863 16.375434530706837 14132.0 81.57148837892025 0.2689993234842465 84.86623641898083
885 7.63954802259887 6761.0 37.82863555023267 -0.6193930445675166 88.44272737272976
1317 14.514806378132118 19116.0 104.58625487432624 0.7141594921727592 84.70408095146064
2274 11.461741424802112 26064.0 103.64424635633272 21.506749339232503 87.04947009920289
550 46.64363636363636 25654.0 717.2719886711258 4.915530325026788 84.13501025152348
1440 17.127083333333335 24663.0 247.08944588244364 4.845818418186948 86.77295284472852
929 12.783638320775028 11876.0 110.98876246853825 7.598028047174728 84.28831767675267
642 17.13239875389408 10999.0 91.26936056385559 -5.989082004870313 83.61854647719929
1305 18.36015325670498 23960.0 168.95718183452013 7.0051287019365605 89.95293595565734
1869 10.29266987693954 19237.0 91.23999511861093 4.200000716784763 87.70103636771516
952 14.107142857142858 13430.0 128.03513941012253 0.09072726939316855 84.64613908272945
1787 11.120872971460548 19873.0 88.71044013434617 4.82786073219507 89.06077738353513
1971 10.67579908675799 21042.0 78.60918053988946 -0.3861619312823041 86.61156940776893