3753.8985004515853 211.0
4054.1798277860507 181.0
3884.876669512208 52.0
1889.6999866697524 180.0
546.1580327314635 125.0
2553.7730184315133 149.25
3628.8841165248036 177.0
6099.531545654536 91.0
2404.250004072984 209.0
3167.9007371461216 125.0
4318.643916057113 165.0
1294.9741170605023 193.0
2746.350278710093 110.0
3907.2210242509996 236.0
4587.2871316537885 17.0
3214.1025707740077 165.0
2967.9134384791055 196.0
2660.3790433897075 216.0
3294.7970731705177 168.0
3135.0851322714393 168.0
2251.6164804034765 204.0
4862.4440475643305 31.0
4839.681847446883 254.0
2851.944993515163 197.0
1755.5047303115068 192.0
3156.6459554681146 158.0
3251.2859420391164 182.0
3464.845257744169 206.0
3387.4906294170955 57.0
1815.888151413761 231.0
1652.7556072274845 74.0
3496.804431697328 194.0
1475.3843805515726 191.0
3540.544677559261 203.25
2807.455493804378 204.0
2507.78460009021 179.0
2862.738325307353 102.0
3312.2055063048742 188.0
3870.707537157228 121.0
2649.0705264017965 123.0
2811.5370692759493 147.0
1532.6924352906644 130.0
3194.253004381821 210.0
1963.5260802215323 141.0
4378.704630531267 105.0
2103.8394059650345 209.0
4858.043758776039 182.0
4956.584598268046 70.0
1674.3311204761267 140.0
5107.124521729821 219.0
5023.044938893679 223.0
3615.0667055046397 209.0
5069.519692954814 185.0
3387.0835444023833 104.0
2299.146554499839 78.0
662.2098339292894 133.0
3304.1229600185106 66.0
4328.463250348861 156.0
2032.409697306627 171.0
3933.1108024604364 70.0
5430.429499784174 171.0
626.663797418173 147.0
2453.4427419074864 142.0
4806.504927428129 199.0
5545.37589731057 197.0
6057.614458552227 62.0
1042.0259332530356 186.0
2422.5955152064303 171.0
1214.011616824402 193.0
1501.0288161808205 184.0
2903.570238707793 236.0
3925.2993555812996 207.0
4227.908054247266 198.0
3338.8267369762902 242.0
2733.4965678353074 208.0
2845.604385542761 173.0
2138.8014167335873 146.0
3387.5850513551595 184.0
783.3016269004179 221.0
5487.471080660406 208.0
1883.4769472359524 229.0
3999.858365022655 97.0
1579.5953131416397 208.0
1632.8856181071606 183.0
7996.943757255457 174.0
2017.7155713629134 153.0
1952.5598260224021 166.0
4049.0944829065506 181.0
2737.7395304538463 222.0
7414.857449434053 23.0
2326.516772069866 166.0
4460.417190965238 176.0
1732.5444462023831 141.0
3008.5659737053015 126.0
1292.1524492128647 71.0
2154.7588170914805 93.0
4254.368439332866 163.0
4757.99301210377 238.0
1969.399490753706 221.0
4679.307991255903 205.0
2852.7741866276288 197.0
5105.466656124814 219.0
2167.830966298779 162.0
4008.4373673961186 128.0
6427.502706469735 99.0
6078.904757673438 215.0
1616.6752972345178 181.0
3153.2725874843695 239.0
2825.7626785933717 186.0
5028.226953957204 214.0
3632.949460493168 16.0
5214.740027715736 107.0
2417.219298578152 177.0
2444.5292841953537 171.0
5274.08214304966 239.0
2392.5617128705812 102.0
3037.079181905836 130.0
2413.186637018885 189.0
5544.248999080283 136.0
4312.463559166838 105.0
2110.796865501105 194.0
1693.184704462273 166.0
3673.111181316872 79.0
3027.789209895663 45.0
2005.0433038993635 227.0
2896.264333365692 171.0
5895.490299518297 211.0
3079.866510228539 232.0
4826.254297913129 248.0
3700.605421612427 76.0
1496.2836962636147 53.0
4002.154303984096 164.0
5088.975677539257 221.0
3245.918854039473 144.0
1937.041168200447 215.0
694.0376060998274 188.0
4279.71321479883 84.0
3690.741551822646 226.0
2383.800444463785 186.0
2449.9191676564255 159.0
3977.5398861591766 143.0
4123.662264821818 227.0
1701.275643484046 172.0
8250.870146761104 242.0
3821.9320269490904 108.0
5942.848615854953 192.0
4279.7518094992265 48.0
2810.7381654256537 181.0
1972.7994964606798 199.0
4091.9191462513213 123.0
3783.922804420787 33.0
2035.648105953199 68.0
3756.4201763367487 213.0
3077.331275132692 247.0
5692.880068857816 187.0
3144.42450317699 128.0
5807.25912208542 72.0
2395.0498433669563 190.0
775.8820059692695 146.0
2743.0378062973164 127.0
2344.863334287786 61.0
3460.390285645068 165.0
2739.965046429696 216.0
2507.032689809774 173.0
2799.5551056849204 218.0
4955.488237770249 208.0
2586.992519123247 87.0
1032.6790226284 127.0
1971.2087191483781 80.0
1524.2815956571656 144.0
3110.413647442953 170.0
4026.766076196994 94.0
3422.5292342242824 133.0
1914.117297783391 187.0
7471.462769404029 24.0
3082.6187140295647 172.0
2071.423113782787 93.0
3762.214808616373 69.0
3634.4631522793534 226.0
3529.461961080398 179.0
4915.948385952247 179.0
2483.5323777934536 104.0
3666.0048745965782 71.0
3603.5979967013827 229.0
3691.174367895323 212.0
6103.542802177267 92.0
4449.116286780037 65.0
4997.713396350128 210.0
3547.550247035817 133.0
5142.7100877678795 213.0
2478.0381575063025 36.0
1346.9075933003332 137.0
2787.298094116746 150.0
4898.035542802575 202.0
1892.8390901771427 171.0
1821.9653083556852 158.0
4009.3801329231096 207.0
4470.221674511416 90.0
6044.83339351827 184.0
1476.7261184888323 182.0
3491.5132202567897 228.0
1853.5185963515348 167.0
338.59877552547385 143.0
5019.999477768007 204.0
2612.7113830045696 213.0
3956.370784521103 184.0
3562.3281032988384 160.0
6607.097579481056 222.0
2867.0601181834936 169.0
1676.5495304927852 214.0
2198.8133461371895 182.0
4327.915973668194 217.0
3145.870418670174 146.0
6503.730103657865 217.0
3940.251315265481 238.0
5259.695354754699 252.0
1945.6228472018202 191.0
5328.236467115477 203.0
3442.4884225510887 227.0
1271.3822202234426 81.0
1132.729295291834 83.0
2197.056640201145 211.0
2396.7789568528274 151.0
1593.4521291056235 185.0
1604.2562305473773 159.0
6288.425622772736 141.0
3350.431961744611 119.0
5619.967672745154 212.0
3279.1831322485173 82.0
1965.0230565641284 81.0
2180.610821660375 180.0
3232.1697365527507 254.0
3318.2732810128687 183.0
4245.346184876954 112.0
1944.3934367079444 171.0
2155.1538020545204 171.0
5342.085733900053 114.0
1977.4530911047993 182.0
6687.519841749817 177.0
4202.645640944337 220.0
2575.310697270532 174.0
4928.103443970179 209.0
3996.5752994764807 86.0
2263.600064326673 176.0
5542.054115115665 42.0
3464.102684031939 164.0
5930.315327186964 247.0
3081.27114042306 211.0
4023.1847961507738 230.0
3243.1037309963463 224.0
2878.273360992471 194.0
3949.525236740062 150.0
4752.7030828193665 125.0
4948.631262255109 84.0
4107.857605671277 103.0
4972.078763834484 254.0
4016.6055087459313 195.0
2982.8239665000133 168.0
7056.5359810291675 109.0
744.4130008462557 114.0
3589.0057104253724 216.0
2013.6476430171685 209.0
6600.6496677249415 230.0
3401.9287268701532 180.0
2661.5740237765845 206.0
5572.331426645319 206.0
2860.7887160641453 221.0
1182.001623225605 73.0
3867.8646624580847 226.0
5573.367159014542 191.0
3369.8930701944555 248.0
1183.7362612724926 139.0
1864.586692862109 236.0
3325.2205442586496 150.0
4497.086429633175 208.0
2726.1963218744436 126.0
1133.4652652723923 124.0
3734.7210740144897 198.0
5576.875158662365 40.0
4156.880345359418 45.0
3156.485323566296 225.0
5116.998649808243 167.0
3439.110776108146 115.0
4643.7740835956965 191.0
1673.2600368931635 172.0
3081.0420611285504 57.0
6929.223085184244 10.0
1256.4954836653908 251.0
3209.394498218679 183.0
2988.800166209539 223.0
1405.34872761718 136.0
3285.5700232485674 85.0
9028.377197116202 251.0
3973.8270710662996 196.0
3889.397698513232 202.0
4585.67108334412 210.0
4264.520107802004 163.0
3916.261648436284 240.0
1477.7051812136133 108.0
5856.823630225506 50.0
1601.988483045224 194.0
3540.798507834474 57.0
2445.4448249330744 154.0
4888.404987646474 114.0
2055.478263828489 117.0
5629.48740099616 189.0
2312.0166562819445 125.0
1109.9623767530754 173.0
2448.3592647387545 128.0
2109.807200247396 209.0
2699.375587263041 214.0
2578.5593887790005 56.0
1864.6050962904053 53.0
3151.41784787416 158.0
1035.9592680723097 167.0
4823.311057103565 115.0
1909.9575903278826 248.0
1673.0913708470762 179.0
2401.4370867394737 161.0
5227.335185954867 210.0
3353.083623328143 200.0
5975.371647997421 9.0
3454.2349752965906 226.0
5390.755859061971 238.0
3680.4884057574795 168.0
4395.545683218371 95.0
2578.427793473393 227.0
5378.601854381437 91.0
3432.164637868603 52.0
5478.2512344870875 102.0
3425.5919329176345 142.0
3384.712614637179 238.0
2473.161346426208 194.0
3065.476459828283 40.0
5212.6861332698145 202.0
1859.179907439484 165.0
5844.384750768931 105.0
7116.83664153576 76.0
4675.613134369227 254.0
1553.8472410572897 196.0
2686.324899094567 135.0
1011.9400876855683 137.0
2743.750657356344 163.0
2732.3263092041016 162.0
2203.9921790807407 138.0
3081.483372866694 83.0
4765.5629116280215 198.0
3725.445091176752 226.0
1773.7697526017826 131.0
1686.4384072024586 215.0
5525.068173219112 192.0
2928.0329345001123 82.0
4173.241157340403 180.0
2502.465532027573 209.0
678.6721712317473 182.0
4364.918842053015 198.0
5788.686594903443 155.0
2377.0850288170236 81.0
1741.152374730523 103.0
2712.8817803012985 184.0
