3745.092687984203 65.0
4650.472010572518 172.0
2430.8146926942795 76.0
5038.7380338726925 126.0
1289.1725939810017 33.0
3234.4972642682646 128.0
5378.2662110117335 49.0
2300.9463912043466 115.0
3320.7316558944426 53.0
2646.7359917486447 191.0
3201.4381877777632 141.0
6112.067304376901 121.0
6564.273356234628 130.0
2651.798038255398 134.0
1166.1052266263869 35.0
4321.1146797015235 151.0
5137.765460582966 128.0
3778.1998174047458 78.0
2111.0574397494397 181.0
1562.0079991668463 148.0
3488.7502326263475 96.0
1714.2282327164176 104.0
4112.745296756013 102.0
4397.544316917632 55.0
1823.491042551662 103.0
3923.597433326972 81.0
5111.883566303773 72.0
4618.555320585742 118.0
3094.7577954708445 133.0
3618.3352116245974 130.0
2146.3142315304276 51.0
4589.655984187266 185.0
1513.0729763407464 135.0
4630.64490521324 129.0
3276.696174614959 180.0
2116.4772486649454 122.0
3835.798054589166 192.0
6776.2464832215455 122.0
5745.17379733413 174.0
1333.5304397605103 38.0
3457.6326330508778 130.0
1597.1183317567532 75.0
5367.284052253158 89.0
5565.322262601306 106.0
2247.483603934033 78.0
4834.301548033306 171.0
3713.4329696295317 78.0
2170.1261569062867 72.0
3400.467878480105 71.0
3321.234313693491 88.0
2028.574368870274 81.0
2033.5315051010239 107.0
3077.785418117936 40.0
2990.0986441357268 85.0
2710.264592013322 57.0
3917.252634117975 191.0
2013.7617469790082 188.0
823.4406265417734 76.0
3976.8698567878205 183.0
2590.036477945099 112.0
3415.2720871101806 84.0
2510.4307330643965 32.0
5649.173706384143 136.0
1398.7299141581689 104.0
1840.306960488747 98.0
2165.7964868479307 119.0
1675.4334659476817 78.0
4237.959766818805 140.0
1872.9570943899196 71.0
954.4942149041582 106.0
1488.0246186454058 118.0
3554.3883850498946 59.0
3136.009914175891 68.0
3220.9868540297934 59.0
3788.0207574316814 55.0
6014.719905767564 116.0
1962.5549703625084 106.0
5248.193547702084 161.0
4980.8826868430615 99.0
2593.485973116321 32.0
4527.789937860022 138.0
4783.8724148279425 153.0
2938.5241517788577 105.0
5920.599148405923 139.0
3008.522849609429 98.0
1484.9765895735216 108.0
4073.93387308652 87.0
1854.5714771216735 73.0
6825.406128680955 92.0
3828.4378775364144 135.0
6436.627367615285 142.0
2279.6145952803395 148.0
2771.612005629473 106.0
3248.4705445971085 116.0
3982.3741664439167 83.0
3515.6333812872567 109.0
5235.741856264466 71.0
3358.027025242621 49.0
3811.844831690165 185.0
3584.8578805301545 109.0
3679.4501524749735 63.0
1663.2914646242023 82.0
3135.197243663068 122.0
2299.4084649019774 103.0
1935.4545054001112 73.0
2043.0558004041668 117.0
7101.652853482298 163.0
3436.069292850146 122.0
2725.507410165233 52.0
2659.664382737105 101.0
3882.555379904703 72.0
4583.767923521474 153.0
3847.90116912124 115.0
4080.1558123824652 144.0
2965.0475402768284 89.0
4575.491192045905 46.0
7001.574314835147 250.0
2388.8525152442094 90.0
2259.3342222167535 101.0
1612.8269285602862 67.0
4663.702098667595 78.0
2103.723399780665 130.0
2415.93470195492 108.0
5793.836932260128 53.0
2516.392320887496 65.0
1728.5074917771078 85.0
1749.3269093135734 94.0
3866.6217872065804 102.0
6548.245271135096 120.0
3020.693548959964 76.0
6488.928982256188 172.0
2918.3475023257392 197.0
2117.400386178633 102.0
2783.074780367211 130.0
3425.5326655945587 46.0
2620.0101437928774 104.0
5118.640925315413 66.0
825.1387226419887 122.0
1948.063777472591 112.0
2690.7255552112024 103.0
704.2890763870286 96.0
5236.783585869164 117.0
5791.5723878128665 132.0
6289.7075611433365 236.0
6238.457300325829 72.0
700.1970230191946 93.0
5422.7490938690535 79.0
1020.399386935764 140.0
2881.0430557976165 119.0
1318.671782878305 83.0
2044.530757079108 74.0
2304.0997640142837 86.0
2927.085479252868 72.0
3759.524241064339 101.0
4277.710270234461 121.0
1317.5395719234104 114.0
3042.698115011651 35.0
3504.3097847234208 116.0
1385.2685710526741 75.0
1150.9325505759723 67.0
2566.599884939664 72.0
2347.5031141059007 107.0
3442.4052946809425 98.0
1493.5518566504277 140.0
1644.1809061030701 61.0
3384.6321743931367 77.0
3960.761135980383 101.0
2091.8633932793105 83.0
4765.148102007702 113.0
3489.9983843461505 135.0
4400.974575315808 52.0
5453.267490977937 131.0
3478.1808409938944 126.0
4858.318034678595 55.0
5933.121453350798 121.0
927.2010662803013 132.0
6489.448824744982 200.0
1767.5431390499905 50.0
6007.301582038791 158.0
4558.522511705731 41.0
2409.4865674314146 68.0
3464.386526924843 129.0
3588.6543526648434 124.0
3010.0073178307052 64.0
3906.8770019573203 116.0
3304.4383747775296 119.0
4013.767434704816 109.0
2221.4192015178655 35.0
1717.8547430531023 131.0
2547.6874850243075 57.0
5689.712179513338 84.0
1133.4230755662754 110.0
2483.365606498284 99.0
1987.051185020531 117.0
1136.1942072063425 102.0
2027.335153173629 89.0
5104.406338834902 47.0
3753.5778940315868 197.0
2432.091815085771 82.0
3086.1050905440156 102.0
5224.576298948972 133.0
6425.17828512347 114.0
1226.517121741755 46.0
2333.383059077793 61.0
1548.850985684329 89.0
1832.0562027758763 63.0
5398.78610373472 190.0
929.6395880807346 78.0
3360.0308346152306 61.0
5429.092719601983 175.0
4503.500768988678 89.0
4494.881103148037 136.0
4114.459599738087 105.0
1614.37839405694 65.0
2754.834391171709 61.25
3751.482074680322 67.0
3912.4763082275945 78.0
2664.976999491841 102.0
2630.3783819075265 108.0
4050.108083373867 56.0
4908.88878184099 202.0
875.447174878144 97.0
3996.741441865348 66.0
4489.973137511147 110.0
1950.734944442908 53.0
3311.384207417154 49.0
800.5334194246419 46.0
2836.8807730968624 94.0
4240.699080061763 72.0
4854.6272928710605 163.0
3326.9522880563095 89.0
2719.3815238187867 103.0
986.5250397000668 36.0
3684.1345856602616 77.0
2999.614916945497 169.0
1701.2570446044363 48.0
2366.13954265902 59.0
3526.922134003266 159.0
2543.033808734035 82.0
4341.021853014179 111.0
3052.6041858597505 48.0
4364.086823519629 113.0
1630.9187564911942 90.0
3674.2105076013954 122.0
3225.650609093304 115.0
3909.340765309183 129.0
1064.866427573453 124.0
2997.769793931369 108.0
2604.3254110709663 139.0
1236.6491715733168 108.0
1514.2716235754133 25.0
4465.517647498572 71.0
3030.6436180198157 170.0
3598.4596924762905 128.0
4567.977908880527 78.0
4338.967342341913 87.0
4610.22534883268 127.0
4841.932347350831 121.0
1835.5295623404284 101.0
2560.0559953276284 124.0
5782.226127273093 78.0
9019.05897307396 160.0
3846.096218594013 163.0
2732.8149225823313 115.0
3332.066649972125 99.0
3057.128648614278 127.0
3835.1879492450716 115.0
5258.398845668882 81.0
4372.7402357732 116.0
4489.612872795512 138.0
1828.5099636568532 114.0
5068.303392424248 85.0
2109.9900594923856 109.0
3607.4050821417477 38.0
4208.633601757982 108.0
1571.8500506391283 34.0
3014.355522074633 84.0
5370.4589012649885 58.0
5494.235602376338 117.0
3958.243922203365 196.0
2748.490051109939 73.0
7053.208935864168 141.0
1240.2921905473856 109.0
8816.762708579397 149.0
3103.827437131951 132.0
2602.022769237558 113.0
2676.481101013617 73.0
2799.9249894469976 168.0
5754.639266054431 201.25
1587.7530203623076 48.0
2680.560605803194 73.0
4390.188290551278 159.0
5768.997489902708 113.0
2037.9880322837787 78.0
5442.707846691806 46.0
4998.872278494036 129.0
2736.0510196226082 131.0
1904.673752764447 97.0
4170.509219275762 86.0
4488.480626952213 155.0
3923.7205302313796 221.0
3537.0604211562827 85.0
6435.51733477248 134.0
1792.4333166773947 62.0
4773.062671269573 164.0
5689.758739178379 127.0
5782.651919573521 102.0
3485.7004980686797 197.0
2317.8585408838826 106.0
1953.8816805080407 76.0
3229.0766098993677 101.0
5951.628632118693 106.0
3344.1909717445305 78.0
1282.5087013950106 98.0
3633.8826636894496 41.0
4460.819162764484 141.0
4246.316556103295 30.0
1940.6091875723407 100.0
1307.3048766701377 57.0
4694.945657328366 179.0
3606.345125997827 127.0
1788.5369163627165 88.0
10175.255969444499 253.0
5840.227543130414 248.0
3581.367453869405 46.0
2354.3149181361982 68.0
5464.854972968266 124.0
1784.88536901935 124.0
