3081.7640298893675 176.0
6483.2531462708075 187.0
6468.084378745717 146.0
4287.101428747177 136.0
3718.9484204814457 116.0
3277.3339414031284 140.0
3048.8169942446207 173.0
4757.279265998138 172.0
5822.855527330786 250.0
6417.716759070754 158.0
2936.0604238689925 148.0
4915.948053310909 172.0
5132.7627955308535 187.0
5778.9728984567855 215.0
3472.4891273725975 102.0
5939.174295513555 133.0
4369.792375283704 211.0
4719.913133320605 186.0
4633.321480800293 129.0
4086.187757455407 135.0
2554.0628820790184 149.0
2880.8280024366813 150.0
3545.8802696948405 156.0
3572.994306281104 147.0
5485.65066313578 166.0
4629.316503717849 168.0
3945.2113422601383 233.0
6541.409279766078 235.0
3870.5347944191503 97.0
4777.852193831984 199.0
3909.218626631191 147.0
5851.8656976849825 159.0
4326.373213778327 153.0
4718.128413617611 117.0
3780.6768433566517 107.0
4114.041684427582 139.0
5935.443463371213 145.25
2796.298359180464 42.0
4222.09122744324 233.0
6092.459390910859 148.0
2792.085682827565 146.0
3995.065975212776 171.0
4265.750739116532 185.0
4854.188205050276 103.0
4352.608012541896 196.0
2347.0790826411044 118.0
6422.525906296137 216.0
6006.101388691201 228.0
4581.374930795282 126.0
4057.989662889779 103.0
5304.010586100215 148.0
6533.949242568265 229.0
3968.211037060013 143.0
5838.594741227079 223.0
5002.977062995129 141.0
5713.669145452454 204.0
5597.692887842241 152.0
3862.2982382356035 133.0
2530.976479467315 144.0
6461.592205236252 212.0
2618.860447427025 180.0
3607.866091118815 148.0
6976.440986041576 123.0
2601.564035852336 126.0
3431.304098620778 197.0
5160.61177675175 167.0
3608.0662349704376 114.0
3438.971770896033 141.0
3809.2063796768584 186.0
2892.3437351584435 131.0
5873.0945069228765 173.0
3296.699592185414 151.0
4445.014685782268 183.0
3198.463122761886 83.0
4370.012169654558 114.0
3419.5028244511273 204.0
5276.687738120451 145.0
4482.450118487054 149.0
3735.1642080677884 146.0
5966.009220118918 201.0
1530.349831141428 95.0
3333.5464899067033 129.0
3164.6122413921016 180.0
1727.7364850139456 179.0
4953.32406869528 222.0
6691.198784731304 165.0
3791.873043916188 130.0
5883.590444516701 146.0
4632.727088759316 146.0
5374.047063623838 152.0
2449.2409438496825 153.0
3473.312836872103 105.0
1394.2636875067062 85.0
4076.528693136421 161.0
4414.5082656943705 211.0
2049.5729925508044 149.0
6827.552618744368 250.0
3836.077857950909 123.0
4254.342712126026 176.0
2320.1390322732173 23.0
2626.1669569418823 136.0
4848.636108840401 127.0
4030.9115440383707 186.0
3012.238901593179 133.0
4038.389087703079 144.0
5287.351791832906 214.0
4116.173171260057 155.0
4760.85451331238 254.0
6738.157276062891 160.0
3078.730305045196 153.0
3317.385770509227 211.0
5169.28424763338 209.0
5264.244588394544 115.0
3974.442776800754 196.0
2790.0115424434966 141.0
7844.614388962484 250.0
3566.0793256907614 169.0
1500.5640256850882 77.0
3562.428839727589 179.0
3590.129295294251 130.0
3567.11745420926 106.0
4854.1737201197275 150.0
6926.4523277282715 250.0
4151.340096918219 177.0
5258.398070459538 172.0
1127.49206402308 93.0
2812.7572677098215 144.0
3087.9684406028177 173.0
6239.552566729381 239.0
3805.882023354965 136.0
1770.933063985134 175.0
4039.86272834231 151.0
3540.5357260908672 218.0
2612.243264283985 138.0
3414.675377362304 117.0
3044.72289982125 146.0
3856.9232696940503 134.0
2851.157015149766 152.0
2808.1034333431676 143.0
4433.308086839711 229.0
6052.248544990601 181.0
4149.446423146847 147.25
4821.934267546982 121.0
4019.181507123607 129.0
2893.2802394893174 132.0
8590.438530373054 254.0
4945.658744792739 171.0
3136.9624655668667 147.0
2266.8253188027434 145.0
2215.148944146285 153.0
4521.3543612327585 130.0
3859.5273107768094 166.0
4644.462141589883 176.0
7621.590149546663 138.0
2391.7451561287876 150.0
4447.609987228462 145.0
2858.665667876601 184.0
4361.207635782633 226.0
4955.709667919411 198.0
4539.412300346624 100.0
5115.239245652739 199.0
6977.056647633489 212.0
3350.8464397679395 218.0
5713.504238774275 229.0
4542.1270276601945 172.0
4326.610191826993 205.0
4927.26428094483 171.0
4111.03231521983 100.0
4164.123856666084 180.25
2928.9501950140625 154.0
3665.332348762468 176.0
3932.518579884096 95.0
4992.963737796759 99.0
4914.820663590812 198.0
1784.7141052160623 105.0
3316.6639130412495 147.0
5341.278744776397 133.25
4902.505292469403 159.0
4090.2068534664963 148.0
4470.28798187894 212.0
4629.258742577396 211.0
4730.221564754844 138.0
3294.2667662566528 139.0
4799.476148037628 155.0
6801.119162190681 214.0
3438.498948176702 169.0
5584.431204543733 119.0
5519.36407019436 199.0
5548.151568495951 138.0
5745.749281256977 216.0
4174.219075360957 101.0
2268.916231280168 126.0
2393.140785177135 167.0
5429.431057177459 148.0
3554.3056453509616 174.0
2714.2462466358106 140.0
4417.615136471034 215.0
4264.709840324372 137.0
4905.7103230698385 147.0
6084.542232063805 228.0
4214.72752782692 170.0
5165.804572803872 136.0
4552.449619951941 172.0
4115.262529573403 95.0
3599.7427179906244 100.0
6155.058728571956 229.0
2272.7638933391363 128.0
4252.815199176444 246.0
6169.047266585108 103.0
7092.222056791783 254.0
5389.163514019893 133.0
2339.689302702745 140.0
8360.085510676106 211.0
4096.1973775910565 143.0
5997.8642874111465 146.0
4810.509348888777 211.0
2858.3327840169272 160.0
4167.058172751528 132.0
6538.683245089215 222.0
5215.713031711575 126.0
3436.2003733250817 164.0
2087.5257753286664 134.0
2629.6036953378675 142.0
2584.7923376285994 161.0
4447.778626464282 220.0
6193.0172275565565 252.0
3579.7094533339973 145.0
5273.981292515579 181.0
4211.24437901864 126.0
5912.947726545829 133.0
6305.278487453444 183.0
4949.396758486413 223.0
5281.617222613655 143.0
4361.676138489792 150.0
2463.3867886637386 168.0
5795.036365306599 149.0
4320.130338635296 126.0
5376.401295965511 216.0
5397.706976877215 149.0
2482.8559792252627 128.0
4575.4317904505615 185.0
2850.3027581761903 144.0
6669.702114809072 240.0
4547.698938460167 115.0
2713.5826628510063 127.0
5952.279702394789 177.0
7189.529433961958 112.0
5694.519630769863 245.25
4389.866436638767 184.0
3393.5825345453854 139.0
5524.39746486455 143.0
4423.896313137038 170.0
1796.445437556107 133.0
3955.669943809094 117.0
4141.849526119626 221.0
2913.121547281638 127.0
5570.776594818647 254.0
5800.679297082101 253.0
3334.0557169466942 153.0
3547.3084120872277 165.0
4013.7502640249563 209.0
4847.270671454466 200.0
4840.081253915171 124.0
3837.972937760149 160.0
3959.2276320927 168.0
3489.8513283579505 132.0
2139.3114907517 158.0
5324.194124100936 255.0
2522.0025414909082 135.0
3958.415927668309 147.0
3851.3221528647828 152.0
5597.6874213259825 190.0
2976.423465760114 141.0
2666.8949513922757 145.0
3457.849308738692 222.0
1853.579620049956 87.0
4547.459964655728 153.0
4305.150074317947 189.0
3693.9942856300363 160.0
5773.6034071656295 194.0
2785.825290017658 144.0
4466.909242099772 143.0
4900.999938951572 133.0
2868.999341963066 175.0
3245.509074932585 117.0
6034.329669398463 138.0
5415.903181381291 141.0
5117.423795581457 128.0
4727.916054267408 135.0
1789.799244440446 150.0
3462.830719795466 168.0
2523.687173319256 156.0
