139.00000
105.00000
5.00000
31.00000
87.00000
160.00000
76.00000
28.00000
3.00000
98.00000
280.00000
292.00000
90.00000
534.00000
110.00000
286.00000
743.00000
107.00000
1517.00000
485.00000
107.00000
321.00000
38.00000
331.00000
165.00000
96.00000
366.00000
396.00000
63.00000
52.00000
90.00000
172.00000
240.00000
112.00000
560.00000
439.00000
429.00000
268.00000
445.00000
93.00000
141.00000
74.00000
360.00000
446.00000
159.00000
78.00000
251.00000
47.00000
884.00000
1245.00000
278.00000
573.00000
219.00000
327.00000
501.00000
55.00000
315.00000
14.00000
376.00000
10.00000
116.00000
117.00000
121.00000
204.00000
374.00000
63.00000
365.00000
118.00000
72.00000
300.00000
442.00000
386.00000
486.00000
574.00000
523.00000
725.00000
450.00000
256.00000
15.00000
411.00000
99.00000
351.00000
65.00000
321.00000
79.00000
127.00000
691.00000
684.00000
115.00000
73.00000
319.00000
210.00000
241.00000
345.00000
234.00000
825.00000
124.00000
472.00000
75.00000
73.00000
171.00000
238.00000
290.00000
119.00000
63.00000
353.00000
81.00000
324.00000
818.00000
282.00000
189.00000
37.00000
323.00000
540.00000
395.00000
753.00000
267.00000
646.00000
79.00000
285.00000
664.00000
119.00000
985.00000
340.00000
57.00000
64.00000
346.00000
468.00000
42.00000
372.00000
233.00000
264.00000
361.00000
136.00000
45.00000
384.00000
831.00000
39.00000
375.00000
1087.00000
283.00000
339.00000
707.00000
271.00000
1539.00000
157.00000
42.00000
118.00000
192.00000
230.00000
183.00000
254.00000
529.00000
531.00000
559.00000
89.00000
350.00000
243.00000
17.00000
372.00000
107.00000
127.00000
311.00000
207.00000
77.00000
489.00000
108.00000
181.00000
68.00000
150.00000
771.00000
191.00000
208.00000
240.00000
200.00000
455.00000
513.00000
185.00000
482.00000
438.00000
429.00000
203.00000
15.00000
129.00000
636.00000
345.00000
240.00000
366.00000
373.00000
377.00000
190.00000
275.00000
319.00000
751.00000
175.00000
466.00000
305.00000
43.00000
97.00000
349.00000
397.00000
133.00000
105.00000
424.00000
535.00000
429.00000
476.00000
121.00000
511.00000
57.00000
290.00000
104.00000
52.00000
168.00000
137.00000
339.00000
312.00000
207.00000
590.00000
962.00000
254.00000
161.00000
10.00000
155.00000
114.00000
302.00000
155.00000
204.00000
16.00000
22.00000
832.00000
263.00000
415.00000
488.00000
64.00000
241.00000
359.00000
425.00000
181.00000
712.00000
800.00000
628.00000
134.00000
52.00000
571.00000
176.00000
132.00000
623.00000
336.00000
411.00000
877.00000
220.00000
339.00000
178.00000
1071.00000
123.00000
482.00000
635.00000
76.00000
363.00000
197.00000
75.00000
103.00000
219.00000
209.00000
490.00000
90.00000
845.00000
155.00000
128.00000
453.00000
623.00000
186.00000
270.00000
1153.00000
172.00000
75.00000
90.00000
116.00000
574.00000
117.00000
717.00000
43.00000
431.00000
710.00000
141.00000
566.00000
28.00000
108.00000
85.00000
96.00000
321.00000