139.000000 1107.97274
105.000000 1059.34414
5.00000 0 407.20784
31.000000 1192.92223
87.000000 520.24953
160.000000 738.92380
76.000000 1343.00930
28.0000000 877.54621
3.00000 0 1052.97138
98.000000 729.67592
280.000000 704.60739
292.000000 989.42197
90.000000 425.12735
534.000000 1287.31877
110.000000 375.34931
286.000000 851.40379
743.000000 805.13010
107.000000 1344.99747
1517.000000 813.44653
485.0000000 689.12224
107.000000 924.21405
321.000000 432.73184
38.000000 1700.16669
331.000000 1076.94501
165.000000 1072.22890
96.000000 703.77661
366.000000 810.91191
396.000000 1196.94961
63.000000 307.45670
52.000000 1697.34549
90.000000 242.09364
172.000000 865.77902
240.000000 990.96415
112.000000 1196.58211
560.000000 1048.23561
439.00000 1087.24160
429.000000 379.67018
268.000000 765.59126
445.00000 618.15071
93.000000 576.50349
141.000000 806.62772
74.000000 946.59124
360.00000 902.59115
446.000000 732.81522
159.000000 599.46697
78.000000 1067.10362
251.000000 823.01988
47.000000 491.69158
884.00000 521.39509
1245.00000 1220.45576
278.000000 1486.07254
573.00000 1034.62792
219.000000 929.65705
327.000000 364.10898
501.0000000 311.91057
55.000000 512.48921
315.000000 357.79829
14.000000 632.81410
376.000000 902.38886
10.0000000 487.62066
116.000000 819.77858
117.000000 663.01149
121.000000 512.71456
204.00000 970.31711
374.000000 1700.22277
63.000000 522.68476
365.00000 931.15009
118.000000 889.33131
72.000000 1032.08107
300.000000 903.51803
442.000000 1112.67843
386.000000 1114.36626
486.0000000 925.82246
574.00000 1321.89437
523.000000 1201.16372
725.0000000 965.39429
450.000000 770.37438
256.000000 779.47084
15.0000000 1672.17390
411.000000 1055.38952
99.000000 1360.89917
351.000000 647.20599
65.000000 1064.50789
321.00000 904.09996
79.000000 827.87339
127.000000 664.22324
691.000000 687.26636
684.000000 694.20196
115.000000 1219.18514
73.000000 806.87378
319.000000 654.79278
210.000000 807.38145
241.000000 623.24765
345.000000 536.98565
234.000000 344.09744
825.0000000 272.79546
124.000000 962.54420
472.000000 1436.30215
75.000000 1327.73197
73.000000 1132.70208
171.000000 1121.89075
238.000000 1059.97218
290.00000 707.16895
119.000000 758.70142
63.000000 1270.56933
353.000000 1300.53059
81.000000 839.76877
324.000000 1508.75366
818.00000 980.98693
282.000000 1277.60720
189.000000 391.44575
37.0000000 606.98565
323.000000 882.45609
540.0000000 1005.98322
395.000000 1731.65309
753.0000000 505.50166
267.000000 548.10071
646.000000 1062.86572
79.000000 708.51587
285.000000 554.12335
664.000000 994.43261
119.000000 901.16078
985.0000000 748.46184
340.000000 248.81458
57.000000 1153.78233
64.000000 740.46383
346.000000 1150.80638
468.00000 1321.05559
42.000000 1609.06355
372.000000 643.78118
233.000000 167.18377
264.000000 1099.61085
361.000000 1077.83876
136.000000 627.04846
45.000000 1221.91047
384.000000 1032.29761
831.000000 571.87825
39.000000 1268.33036
375.000000 1186.83891
1087.0000000 756.82620
283.000000 754.25883
339.000000 1543.95026
707.0000000 784.70971
271.000000 1622.99131
1539.000000 563.06554
157.000000 1328.30369
42.000000 384.83709
118.000000 770.14042
192.000000 1299.04132
230.000000 677.13905
183.000000 283.60221
254.000000 315.81521
529.000000 1161.61124
531.000000 1524.95117
559.000000 808.08805
89.000000 507.04525
350.000000 552.80377
243.000000 978.98457
17.000000 723.84220
372.000000 669.00079
107.000000 363.02234
127.000000 850.01176
311.00000 1495.59880
207.000000 694.82564
77.000000 1434.85196
489.00000 1310.66212
108.000000 509.09459
181.000000 614.59940
68.000000 453.38802
150.000000 845.40878
771.000000 766.32615
191.000000 374.47191
208.000000 772.99349
240.000000 1046.30054
200.00000 606.26169
455.000000 992.08820
513.0000000 424.00264
185.000000 450.77448
482.00000 1352.63517
438.000000 1392.92833
429.00000 1409.82166
203.000000 396.47442
15.0000000 568.39248
129.000000 1328.73618
636.000000 1185.76875
345.000000 784.73364
240.000000 687.29059
366.000000 1105.81715
373.000000 823.96512
377.0000000 1417.73750
190.000000 250.27689
275.00000 646.09997
319.000000 788.77570
751.0000000 1104.35171
175.000000 1184.53589
466.000000 667.61528
305.000000 998.47121
43.000000 350.46241
97.000000 1184.68591
349.000000 781.81929
397.000000 1475.80739
133.000000 609.40550
105.000000 622.50378
424.000000 1109.52467
535.0000000 1265.55793
429.00000 816.24164
476.000000 614.01851
121.000000 1129.41518
511.0000000 973.14322
57.000000 1359.14209
290.0000000 815.10891
104.000000 1941.41131
52.000000 868.41884
168.000000 1121.99665
137.000000 1639.45703
339.000000 1424.25859
312.00000 944.50158
207.000000 1089.31776
590.00000 1050.62787
962.00000 277.63570
254.00000 377.69832
161.000000 1395.57212
10.0000000 747.67185
155.000000 963.47563
114.000000 800.21383
302.000000 1008.06068
155.000000 505.47723
204.000000 1008.71527
16.0000000 459.19754
22.000000 413.86237
832.000000 770.23757
263.000000 1954.75681
415.000000 1006.46460
488.00000 608.96865
64.000000 736.84742
241.000000 772.64767
359.000000 639.54105
425.000000 831.88496
181.000000 922.64864
712.00000 1037.59740
800.00000 858.56635
628.0000000 978.77367
134.000000 562.53108
52.000000 1017.73360
571.000000 715.82257
176.000000 662.24651
132.000000 1156.19650
623.000000 1135.57849
336.00000 1323.72560
411.000000 1089.36033
877.00000 904.12094
220.000000 807.66694
339.000000 776.93502
178.000000 404.04356
1071.00000 542.07722
123.000000 1644.49683
482.000000 1182.61088
635.000000 703.56728
76.000000 721.74776
363.000000 445.45998
197.000000 1192.04376
75.000000 1076.84918
103.000000 1274.77712
219.000000 816.81136
209.000000 1057.69471
490.0000000 1377.45398
90.000000 1150.35844
845.00000 275.88375
155.000000 1248.30697
128.000000 906.29985
453.00000 1387.12992
623.0000000 598.34267
186.000000 1539.03314
270.000000 775.35347
1153.0000000 1283.03501
172.000000 437.03774
75.000000 549.54554
90.000000 1422.32690
116.000000 471.83281
574.000000 210.19106
117.000000 1509.70568
717.000000 807.44359
43.000000 386.32876
431.000000 1170.06679
710.0000000 799.88121
141.000000 439.43146
566.00000 614.86359
28.000000 1638.13590
108.000000 979.55945
85.000000 1350.27704
96.000000 591.35366
321.000000 475.86726
