1872.00000 504.25928
930.00000 780.03942
2116.00000 326.20930
1400.00000 1425.18225
516.0000 234.25623
2146.0000 746.64907
1541.00000 726.54608
2263.00000 693.84420
1292.00000 698.91635
1233.00000 880.42879
1712.0000 1088.65540
913.00000 1465.64560
964.00000 970.29796
2099.0000 715.22008
1764.0000 288.55406
1078.00000 718.58701
1799.0000 758.93068
2222.00000 828.87552
1562.0000 929.55929
2519.0000 706.19090
1142.00000 472.65497
2273.0000 543.73180
1098.00000 623.51835
1483.00000 626.25424
1446.000 403.81268
1404.00000 506.69473
918.00000 1147.08565
1215.00000 923.05007
1412.00000 874.33744
1621.00000 648.68821
2269.0000 790.35389
1259.00000 932.20573
2128.0000 669.43409
1313.00000 588.69629
1527.00000 753.92037
2250.0000 654.24709
1098.00000 1028.96284
839.00000 631.41278
682.00000 934.38708
942.00000 180.82662
1219.00000 464.87747
730.000 579.89267
960.00000 479.36011
1194.00000 1145.24120
1737.0000 365.34797
729.00000 785.12401
934.00000 603.37681
1608.0000 453.56133
1456.00000 757.73095
961.00000 813.62020
391.000 634.02465
1129.000 600.81895
1727.0000 396.21385
1023.00000 306.35011
1546.0000 1003.24709
1569.0000 1056.95468
1157.00000 885.45517
765.000 348.57310
1473.00000 902.40002
2461.0000 746.56538
1034.00000 384.60827
783.0000 230.20883
2010.00000 640.17590
1775.0000 569.60987
1528.000 589.15857
1201.0000 465.72543
2291.0000 725.76814
882.00000 808.77238
1830.0000 338.88740
689.000 610.66269
1616.00000 672.72588
1423.000 795.27478
1577.0000 601.53153
1546.00000 556.64712
1958.000 789.15793
675.00000 596.70168
2006.0000 757.23430
1041.00000 752.26852
1233.00000 658.31831
1101.00000 243.07778
1810.00000 883.90748
1210.00000 986.79370
1804.00000 1059.52695
1555.00000 709.03708
1141.00000 634.55746
868.00000 717.28668
1344.00000 398.61938
1170.00000 387.81255
908.00000 1222.95155
1150.00000 1110.29612
813.00000 956.73677
2253.0000 714.68965
1305.00000 672.14939
1981.00000 771.34348
1590.0000 908.81121
1795.0000 536.20979
1681.0000 723.46360
619.000 378.76747
1435.00000 1147.68346
1614.00000 526.44295
2004.00000 777.63982
2104.0000 569.02909
1060.00000 669.39007
1690.00000 740.30796
1333.0000 755.06453
1226.00000 560.19348
1047.00000 811.49148
1289.00000 701.82878
1717.00000 473.74973
1944.0000 450.03050
1861.00000 425.33393
1250.0000 619.00452
1331.00000 867.00327
1578.0000 886.80574
2118.00000 1261.09330
1363.000 604.32093
796.00000 1027.88603
1939.0000 1147.56039
676.00000 385.91959
1590.0000 302.79626
1583.00000 648.37166
2183.0000 789.36051
1173.0000 796.26409
899.00000 890.35803
1281.00000 322.58406
1349.000 856.17744
2128.000 434.31643
846.000 560.00056
1466.00000 742.26003
2261.0000 384.88313
1189.0000 850.26183
277.00000 953.24579
1522.00000 535.98107
2323.00000 688.00989
2395.0000 564.52116
1299.0000 849.62419
1578.00000 461.85390
848.000 639.68880
1913.0000 767.23167
1633.00000 647.18948
1321.000 427.64830
1301.00000 717.81212
1617.00000 581.18837
940.00000 1128.19110
996.00000 1291.04687
110.0000 447.76269
930.00000 470.87651
1987.000 649.82367
1194.00000 566.36476
1623.0000 447.04283
1765.0000 315.60290
1956.0000 498.31917
1023.00000 392.21258
1725.0000 529.22391
1124.000 891.51805
2294.0000 540.17178
1799.00000 369.32283
1760.0000 1355.30139
1799.0000 617.73005
980.000 238.07193
1122.00000 500.17746
1665.0000 715.94108
1108.00000 935.25914
1744.0000 646.65909
2354.0000 735.89739
2407.0000 573.61328
1770.0000 442.68002
1744.0000 441.01544
1159.0000 811.51105
1357.0000 508.11094
255.00000 330.16857
1977.0000 772.84231
2038.0000 491.92088
831.00000 401.22505
1086.00000 609.46146
1831.0000 651.56362
635.00000 740.53548
1299.00000 378.75819
1263.00000 818.10161
1575.00000 645.92166
1441.0000 307.35455
893.000 940.26533
992.00000 742.47154
1388.00000 642.04522
1335.00000 637.47126
628.0000 675.18736
1341.00000 823.97076
1713.000 375.81422
1656.0000 746.55702
1056.000 477.31550
654.00000 895.68849
915.000 683.27678
1512.0000 531.51649
1273.0000 474.06232
733.000 620.25711
2309.0000 382.99948
1437.00000 705.17306
686.0000 807.39427
1225.00000 490.60085
1488.00000 747.91933
912.00000 787.53240
1129.00000 929.79003
2048.0000 350.04725
2631.0000 728.43422
1215.000 753.27127
1356.00000 488.31370
680.00000 678.30925
1242.0000 377.39644
815.00000 424.07744
1332.00000 1185.99400
1756.00000 1208.83613
1685.00000 751.97926
1408.00000 849.97766
1464.00000 261.73719
319.0000 279.20177
1790.0000 749.98714
1874.00000 743.68805
2045.0000 732.55323
1440.00000 526.78641
926.000 702.88357
1755.000 765.59943
1392.000 501.82383
1707.00000 678.84460
1597.00000 708.18921
1960.0000 615.90647
1526.0000 675.08970
1434.0000 126.96606
1540.0000 728.15788
1776.00000 983.67193
1471.00000 941.16406
1009.00000 546.31893
2577.0000 662.27321
898.000 209.79578
947.00000 964.67720
1105.00000 830.56670
573.000 338.39341
958.00000 611.40359
1153.000 955.84552
649.000 391.42992
1208.00000 861.43461
1603.00000 1225.53761
1617.00000 693.67568
937.00000 576.42610
1868.00000 882.66402
1956.0000 764.52110
1033.00000 776.61082
1634.0000 637.59676
822.00000 594.13815
1499.00000 715.00582
844.000 689.04398
388.000 336.24779
637.00000 937.14774
1627.0000 924.77284
1683.00000 706.34107
2467.0000 1416.85191
1136.00000 663.27986
1356.00000 788.16186
1314.00000 697.62374
1797.0000 732.39175
1793.00000 856.10691
1437.0000 543.70313
473.00000 953.86442
1242.00000 909.75974
961.00000 434.10906
1083.00000 1093.89310
1564.00000 699.01675
2108.0000 722.97909
974.00000 458.38243
1237.00000 685.71037
1238.00000 906.67478
1363.00000 727.56124
633.0000 514.40776
1779.00000 718.81780
1301.00000 719.68801
1012.00000 889.27618
868.00000 337.57937
1840.0000 1073.34230
790.00000 268.15412
818.00000 756.84452
863.00000 698.05293
885.000 274.32978
1317.00000 1141.18966
2274.00000 812.43285
550.00000 938.36777
1440.00000 815.36182
929.00000 550.81984
642.00000 286.65071
1305.00000 821.92434
1869.00000 1226.65064
952.00000 328.38757
1787.00000 880.99934
1971.00000 1134.70551
