410.00000 695.86630
777.000 816.79276
680.000 825.27016
613.00000 655.13189
580.0000 589.38892
378.0000 770.27888
321.00000 872.14417
256.0000 748.43239
356.0000 968.18369
450.0000 891.49782
636.0000 764.98698
767.00000 862.82121
608.00000 851.56005
858.00000 1021.06238
645.000 507.37587
376.00000 716.81562
345.00000 1371.58567
595.00000 868.15189
675.0000 653.64610
403.0000 754.37340
596.00000 671.56348
496.0000 762.98193
361.0000 613.31295
473.00000 735.32729
661.0000 911.01269
267.00000 647.51300
424.00000 1217.37860
537.0000 998.82084
528.0000 472.12477
426.00000 1163.48328
441.0000 681.07805
482.0000 774.82514
591.00000 795.10687
723.0000 565.70987
639.0000 548.35245
572.00000 594.84794
725.0000 818.20300
388.00000 378.41588
369.0000 864.88641
549.00000 722.24649
510.0000 805.15551
262.00000 857.62588
442.0000 958.86793
637.0000 600.04959
399.0000 916.90044
404.00000 467.66130
449.00000 1009.52229
686.00000 1044.84535
701.0000 643.19027
691.0000 476.24940
591.0000 732.55783
656.00000 906.88945
534.00000 626.84747
344.0000 964.99049
717.00000 660.62933
324.00000 1025.66517
468.00000 746.85885
571.00000 671.73087
502.00000 610.23344
378.00000 781.20216
568.0000 771.89508
492.0000 677.59846
369.0000 778.02499
491.00000 429.51347
440.0000 757.93176
461.0000 886.61700
583.00000 576.14430
618.00000 716.99252
505.00000 853.92159
453.0000 704.66973
436.00000 777.65427
389.0000 737.16094
601.00000 1102.43255
573.00000 376.09227
547.0000 582.32580
316.00000 880.60175
632.0000 722.54724
479.00000 747.90734
535.0000 786.21595
361.00000 775.14304
436.0000 403.91354
577.00000 645.95792
453.00000 797.53170
153.0000 789.01313
376.0000 832.40540
408.0000 945.86952
650.00000 631.82558
515.0000 705.42807
420.0000 724.70106
489.00000 624.25364
556.00000 797.10450
717.0000 518.88860
346.0000 241.68161
610.00000 801.24509
514.00000 1136.91929
273.0000 673.70575
539.0000 1209.10531
535.00000 597.08172
537.00000 985.93483
317.00000 290.14895
432.00000 668.38375
781.0000 698.59245
531.0000 632.55578
630.0000 651.88917
412.0000 698.80740
229.0000 890.93503
472.00000 774.80119
300.0000 1101.43560
683.00000 857.67867
571.00000 670.96248
126.00000 1098.29223
456.00000 1013.38882
596.0000 682.64941
436.0000 1110.99264
680.00000 776.02696
454.00000 1003.57755
287.00000 962.21490
467.0000 298.90344
273.00000 758.69881
712.00000 597.87803
707.0000 512.91693
665.00000 768.43719
222.00000 1090.05274
384.0000 814.55639
445.0000 757.57648
404.0000 337.94045
576.00000 776.99967
509.00000 748.84435
379.0000 1050.94356
626.00000 657.51832
427.0000 754.36882
381.0000 728.60288
307.0000 1066.51396
324.00000 664.26517
489.0000 642.72004
611.00000 762.09501
488.0000 688.71435
328.0000 681.38309
425.0000 793.07918
355.00000 1457.92193
509.0000 764.63467
515.0000 684.88396
685.0000 643.82563
591.00000 601.54043
373.00000 687.84461
424.0000 1024.80491
614.00000 773.93532
634.0000 829.80290
712.00000 577.27265
357.0000 716.24767
785.0000 713.99774
488.0000 849.36641
828.00000 828.43299
431.0000 811.41576
395.0000 646.11655
393.0000 673.61298
382.0000 806.71668
279.00000 1398.76892
439.00000 737.85932
534.0000 530.68558
506.00000 1077.35221
403.0000 978.42226
420.00000 1309.05613
773.0000 920.74061
723.00000 898.34840
345.00000 1098.30623
695.00000 867.34883
674.0000 524.34757
792.00000 873.24431
578.0000 701.36894
540.00000 658.06059
757.000 480.38509
518.0000 547.48791
397.00000 769.27881
422.00000 405.96046
680.00000 701.82410
560.00000 731.08752
468.0000 794.13749
752.00000 754.21070
165.0000 785.29172
430.0000 1007.48332
675.0000 677.57013
551.0000 683.42737
662.00000 838.80664
374.00000 1178.80412
658.00000 839.78271
677.0000 661.16041
462.00000 1013.61508
426.0000 762.82516
492.0000 855.75111
553.0000 491.66224
638.00000 541.41547
295.0000 698.11935
647.00000 634.93272
613.00000 714.36676
532.00000 731.24259
459.00000 939.02289
678.00000 679.58737
780.00000 682.75231
358.0000 1114.59715
605.00000 802.88639
467.0000 718.25371
256.00000 710.64297
522.0000 491.00474
751.00000 547.40290
254.0000 1003.79425
368.00000 451.35092
421.0000 1034.59091
560.0000 656.83913
385.00000 1396.68361
495.00000 746.19639
621.00000 690.54554
408.00000 868.19095
677.00000 570.55907
482.00000 829.75029
712.00000 1075.13394
456.00000 710.55525
435.0000 752.81949
495.0000 861.61284
876.00000 641.35297
605.0000 848.31189
611.0000 651.57145
537.00000 602.99085
551.0000 843.65097
381.00000 1007.35652
278.0000 1223.20984
421.0000 715.17553
510.00000 967.26189
911.00000 615.61644
591.0000 712.10637
495.00000 823.42281
414.00000 1298.78940
533.0000 706.54801
498.00000 689.59200
568.00000 877.31564
542.0000 744.27507
366.0000 615.94766
376.0000 1003.23737
862.0000 780.11749
646.00000 656.73233
601.00000 979.36199
896.00000 648.86926
690.0000 871.90062
602.0000 536.62097
565.0000 578.20262
361.0000 887.22914
582.0000 751.95253
299.0000 1009.71968
681.00000 782.74470
353.0000 762.88261
274.0000 780.16465
592.0000 965.58324
327.0000 572.49448
330.0000 701.68553
267.0000 1152.68706
523.00000 635.53082
407.0000 1220.11991
491.0000 1163.16875
567.00000 836.65787
615.00000 814.44499
308.00000 1105.16532
446.00000 1198.94854
422.0000 639.28157
439.0000 722.27061
631.00000 933.36045
431.00000 689.41597
418.0000 676.89526
702.0000 1148.58950
281.0000 493.64587
699.00000 687.41328
559.00000 727.07059
765.00000 777.12965
748.00000 670.99428
369.00000 713.88754
462.00000 1178.61489
464.0000 345.31318
531.00000 849.24932
275.00000 903.66380
704.00000 866.73424
751.0000 797.66881
545.00000 697.55392
461.00000 663.82087
573.00000 640.35079
454.00000 1047.66236
703.00000 588.05969
727.0000 729.00211
690.0000 712.59754
526.00000 867.59687
611.00000 649.48721
540.0000 616.50499
895.00000 918.87876
685.00000 683.87820
