139.00000 0.5722288211167127 3753.89850 219.00000 211.00000
105.00000 0.46116676944363183 4054.17983 47.00000 181.00000
5.00000 0.555746060491031 3884.87667 167.00000 52.00000
31.00000 0.3897401090202346 1889.69999 150.00000 180.00000
87.00000 0.7039444755682734 546.15803 96.00000 125.00000
160.00000 0.31641623811208164 2553.77302 147.00000 149.25000
76.00000 0.4693118369403063 3628.88412 97.00000 177.00000
28.00000 0.5118171908697816 6099.53155 252.00000 91.00000
3.00000 0.4140348343414243 2404.25000 216.00000 209.00000
98.00000 0.5459723649874291 3167.90074 74.00000 125.00000
280.00000 0.4409005391773656 4318.64392 66.00000 165.00000
292.00000 0.5245202859531127 1294.97412 153.00000 193.00000
90.00000 0.5484102060010125 2746.35028 167.00000 110.00000
534.00000 0.237862326389145 3907.22102 197.00000 236.00000
110.00000 0.5626370468200084 4587.28713 170.00000 17.00000
286.00000 0.34385614579411533 3214.10257 222.00000 165.00000
743.00000 0.296490405773186 2967.91344 144.00000 196.00000
107.00000 0.49497163496723817 2660.37904 142.00000 216.00000
1517.00000 0.09161413010436269 3294.79707 186.00000 168.00000
485.00000 0.23859977106421676 3135.08513 127.00000 168.00000
107.00000 0.40814389719877286 2251.61648 165.00000 204.00000
321.00000 0.48540547918350063 4862.44405 194.00000 31.00000
38.00000 0.5750843389439791 4839.68185 153.00000 254.00000
331.00000 0.42632547894384143 2851.94499 131.00000 197.00000
165.00000 0.4517753914798131 1755.50473 175.00000 192.00000
96.00000 0.5887362391241383 3156.64596 86.00000 158.00000
366.00000 0.22075848223839603 3251.28594 197.00000 182.00000
396.00000 0.3410663049609892 3464.84526 209.00000 206.00000
63.00000 0.6813587128457141 3387.49063 219.00000 57.00000
52.00000 0.6555804189431147 1815.88815 175.00000 231.00000
90.00000 0.5090113723942529 1652.75561 109.00000 74.00000
172.00000 0.3546008098421199 3496.80443 130.00000 194.00000
240.00000 0.3530410088325568 1475.38438 152.00000 191.00000
112.00000 0.5154649972664916 3540.54468 194.00000 203.25000
560.00000 0.3462425738860385 2807.45549 124.00000 204.00000
439.00000 0.49088410972760643 2507.78460 179.00000 179.00000
429.00000 0.5421084591475671 2862.73833 109.00000 102.00000
268.00000 0.5057190932776736 3312.20551 143.00000 188.00000
445.00000 0.26166364077157833 3870.70754 137.00000 121.00000
93.00000 0.4856969244755296 2649.07053 155.00000 123.00000
141.00000 0.6119490221609615 2811.53707 46.00000 147.00000
74.00000 0.5345358886278277 1532.69244 210.00000 130.00000
360.00000 0.4427670144199052 3194.25300 164.00000 210.00000
446.00000 0.4138789897440955 1963.52608 92.00000 141.00000
159.00000 0.4092699001253388 4378.70463 171.00000 105.00000
78.00000 0.6163305831559217 2103.83941 117.00000 209.00000
251.00000 0.33603835082456046 4858.04376 107.00000 182.00000
47.00000 0.671922207541138 4956.58460 237.00000 70.00000
884.00000 0.37473678197203086 1674.33112 105.00000 140.00000
1245.00000 0.32477742010003524 5107.12452 127.00000 219.00000
278.00000 0.36939856735605864 5023.04494 142.00000 223.00000
573.00000 0.4744548138844981 3615.06671 200.00000 209.00000
219.00000 0.3207759980443617 5069.51969 127.00000 185.00000
327.00000 0.48169090517790497 3387.08354 180.00000 104.00000
501.00000 0.3542229134152856 2299.14655 179.00000 78.00000
55.00000 0.7766101834939219 662.20983 118.00000 133.00000
315.00000 0.509447085411883 3304.12296 208.00000 66.00000
14.00000 0.5077822252452361 4328.46325 191.00000 156.00000
376.00000 0.31268499344611145 2032.40970 182.00000 171.00000
10.00000 0.5308244690447474 3933.11080 143.00000 70.00000
116.00000 0.4602093991690075 5430.42950 165.00000 171.00000
117.00000 0.6589888973703333 626.66380 95.00000 147.00000
121.00000 0.5389029214505866 2453.44274 145.00000 142.00000
204.00000 0.5044959619255941 4806.50493 164.00000 199.00000
374.00000 0.2596435651114042 5545.37590 127.00000 197.00000
63.00000 0.664048953623834 6057.61446 255.00000 62.00000
365.00000 0.44678300491635453 1042.02593 154.00000 186.00000
118.00000 0.4076994852758123 2422.59552 162.00000 171.00000
72.00000 0.42704358134826215 1214.01162 168.00000 193.00000
300.00000 0.5177169315913412 1501.02882 133.00000 184.00000
442.00000 0.32310478413944277 2903.57024 148.00000 236.00000
386.00000 0.2876559588094897 3925.29936 144.00000 207.00000
486.00000 0.28425760187788385 4227.90805 179.00000 198.00000
574.00000 0.2544400292253829 3338.82674 172.00000 242.00000
523.00000 0.28371320347811785 2733.49657 141.00000 208.00000
725.00000 0.22000899965376866 2845.60439 111.00000 173.00000
450.00000 0.3723832018873082 2138.80142 117.00000 146.00000
256.00000 0.4235949790887281 3387.58505 191.00000 184.00000
15.00000 0.5108258268540804 783.30163 199.00000 221.00000
411.00000 0.346979862004504 5487.47108 159.00000 208.00000
99.00000 0.24767235482262298 1883.47695 177.00000 229.00000
351.00000 0.38770923863303897 3999.85837 177.00000 97.00000
65.00000 0.5501912344463384 1579.59531 193.00000 208.00000
321.00000 0.1445904268384834 1632.88562 187.00000 183.00000
79.00000 0.2754802882566036 7996.94376 246.00000 174.00000
127.00000 0.5921570494968911 2017.71557 101.00000 153.00000
691.00000 0.4436493253739423 1952.55983 176.00000 166.00000
684.00000 0.2874869193609098 4049.09448 121.00000 181.00000
115.00000 0.39204074317766363 2737.73953 140.00000 222.00000
73.00000 0.5061762673261725 7414.85745 246.00000 23.00000
319.00000 0.247741406402609 2326.51677 121.00000 166.00000
210.00000 0.35562409632027686 4460.41719 93.00000 176.00000
241.00000 0.5127977215615785 1732.54445 150.00000 141.00000
345.00000 0.32371841117145633 3008.56597 80.00000 126.00000
234.00000 0.4382386933589876 1292.15245 111.00000 71.00000
825.00000 0.4193254310032689 2154.75882 78.00000 93.00000
124.00000 0.518572736310809 4254.36844 200.00000 163.00000
472.00000 0.21378679200509138 4757.99301 193.00000 238.00000
75.00000 0.5878931192942645 1969.39949 139.00000 221.00000
73.00000 0.41484747070454747 4679.30799 89.00000 205.00000
171.00000 0.38701906547629145 2852.77419 126.00000 197.00000
238.00000 0.3712116361971955 5105.46666 173.00000 219.00000
290.00000 0.3741555453422211 2167.83097 141.00000 162.00000
119.00000 0.49193643175292795 4008.43737 253.00000 128.00000
63.00000 0.5048201828523996 6427.50271 255.00000 99.00000
353.00000 0.26625465159988415 6078.90476 171.00000 215.00000
81.00000 0.31580890274909107 1616.67530 202.00000 181.00000
324.00000 0.5663017224338134 3153.27259 235.00000 239.00000
818.00000 0.33688068723644504 2825.76268 126.00000 186.00000
282.00000 0.39972766903986384 5028.22695 119.00000 214.00000
189.00000 0.5031823686454343 3632.94946 148.00000 16.00000
37.00000 0.5601407873145631 5214.74003 222.00000 107.00000
323.00000 0.323577005160871 2417.21930 152.00000 177.00000
540.00000 0.30697806035381076 2444.52928 151.00000 171.00000
395.00000 0.24128855645161457 5274.08214 150.00000 239.00000
753.00000 0.3560427702632643 2392.56171 193.00000 102.00000
267.00000 0.3772184535991342 3037.07918 155.00000 130.00000
646.00000 0.3334298650237209 2413.18664 110.00000 189.00000
79.00000 0.4109665235929387 5544.24900 226.00000 136.00000
285.00000 0.34217823254762303 4312.46356 144.00000 105.00000
664.00000 0.4132169275273271 2110.79687 137.00000 194.00000
119.00000 0.500052016067393 1693.18470 87.00000 166.00000
985.00000 0.10844516672512503 3673.11118 138.00000 79.00000
340.00000 0.45935562122668216 3027.78921 156.00000 45.00000
57.00000 0.521569499116488 2005.04330 151.00000 227.00000
64.00000 0.5538351349114663 2896.26433 166.00000 171.00000
346.00000 0.4034523859929544 5895.49030 133.00000 211.00000
468.00000 0.4732002687878369 3079.86651 168.00000 232.00000
42.00000 0.5409476524022324 4826.25430 144.00000 248.00000
372.00000 0.4318937359070162 3700.60542 159.25000 76.00000
233.00000 0.4043662941714147 1496.28370 125.00000 53.00000
264.00000 0.4862278039008497 4002.15430 56.00000 164.00000
361.00000 0.3431556168108513 5088.97568 128.00000 221.00000
136.00000 0.5206815936147888 3245.91885 172.00000 144.00000
45.00000 0.5775874517150676 1937.04117 180.00000 215.00000
384.00000 0.4986730124069388 694.03761 153.00000 188.00000
831.00000 0.42995099096903866 4279.71321 176.00000 84.00000
39.00000 0.5960892485672816 3690.74155 224.00000 226.00000
375.00000 0.4210804708952289 2383.80044 184.00000 186.00000
1087.00000 0.23136906902689894 2449.91917 125.00000 159.00000
283.00000 0.3696210178456268 3977.53989 183.00000 143.00000
339.00000 0.3718976136620106 4123.66226 174.00000 227.00000
707.00000 0.44983840538036296 1701.27564 148.00000 172.00000
271.00000 0.4506913524224326 8250.87015 244.00000 242.00000
1539.00000 0.2368278166189943 3821.93203 132.00000 108.00000
157.00000 0.3697006136843507 5942.84862 238.00000 192.00000
42.00000 0.5377649077125658 4279.75181 181.00000 48.00000
118.00000 0.4326935912466732 2810.73817 144.00000 181.00000
192.00000 0.5705334340841244 1972.79950 190.00000 199.00000
230.00000 0.4187164309000186 4091.91915 126.00000 123.00000
183.00000 0.3968862832762646 3783.92280 176.00000 33.00000
254.00000 0.440976963122714 2035.64811 115.00000 68.00000
529.00000 0.45296303785776043 3756.42018 121.00000 213.00000
531.00000 0.4062711800964384 3077.33128 247.00000 247.00000
559.00000 0.35609952999951977 5692.88007 161.00000 187.00000
89.00000 0.6061138969073423 3144.42450 49.00000 128.00000
350.00000 0.37427305536649297 5807.25912 223.00000 72.00000
243.00000 0.24109129367775725 2395.04984 157.00000 190.00000
17.00000 0.337398029939417 775.88201 148.00000 146.00000
372.00000 0.31085523473078086 2743.03781 170.00000 127.00000
107.00000 0.4901165385596489 2344.86333 150.00000 61.00000
127.00000 0.3283464011293498 3460.39029 124.00000 165.00000
311.00000 0.6031418290028832 2739.96505 118.00000 216.00000
207.00000 0.3617953379473953 2507.03269 114.00000 173.00000
77.00000 0.4849453692364991 2799.55511 160.00000 218.00000
489.00000 0.40780277930712266 4955.48824 63.00000 208.00000
108.00000 0.36164203235003756 2586.99252 140.00000 87.00000
181.00000 0.1963441809655143 1032.67902 166.00000 127.00000
68.00000 0.5408408878230935 1971.20872 93.00000 80.00000
150.00000 0.6553665550223383 1524.28160 119.00000 144.00000
771.00000 0.2333710983541818 3110.41365 106.00000 170.00000
191.00000 0.38060072684123164 4026.76608 225.00000 94.00000
208.00000 0.45492919032822343 3422.52923 122.00000 133.00000
240.00000 0.4550404319145596 1914.11730 120.00000 187.00000
200.00000 0.5120669198571968 7471.46277 252.00000 24.00000
455.00000 0.392164219522014 3082.61871 151.00000 172.00000
513.00000 0.307976693238219 2071.42311 141.00000 93.00000
185.00000 0.39822165479197474 3762.21481 148.00000 69.00000
482.00000 0.3981587767618466 3634.46315 145.00000 226.00000
438.00000 0.26312411058860796 3529.46196 66.00000 179.00000
429.00000 0.23094157801081813 4915.94839 199.00000 179.00000
203.00000 0.5320092541239166 2483.53238 76.00000 104.00000
15.00000 0.7541546493287119 3666.00487 218.00000 71.00000
129.00000 0.4084302421109999 3603.59800 229.00000 229.00000
636.00000 0.3787581613339065 3691.17437 106.00000 212.00000
345.00000 0.35212935822464264 6103.54280 214.00000 92.00000
240.00000 0.5737452161602772 4449.11629 188.00000 65.00000
366.00000 0.38586627190389916 4997.71340 160.00000 210.00000
373.00000 0.5241431415544668 3547.55025 83.00000 133.00000
377.00000 0.28899090083678425 5142.71009 125.00000 213.00000
190.00000 0.5932654654933333 2478.03816 124.00000 36.00000
275.00000 0.4827999698385751 1346.90759 131.00000 137.00000
319.00000 0.38842997195219836 2787.29809 110.00000 150.00000
751.00000 0.2621083377038748 4898.03554 140.00000 202.00000
175.00000 0.42050198539907563 1892.83909 195.00000 171.00000
466.00000 0.3373622287230362 1821.96531 134.00000 158.00000
305.00000 0.3862435467198431 4009.38013 94.00000 207.00000
43.00000 0.5640389573486713 4470.22167 224.00000 90.00000
97.00000 0.2036767687219551 6044.83339 198.00000 184.00000
349.00000 0.36558495960666754 1476.72612 156.00000 182.00000
397.00000 0.3968809677687518 3491.51322 208.00000 228.00000
133.00000 0.5109684178848953 1853.51860 102.00000 167.00000
105.00000 0.791094705796136 338.59878 114.00000 143.00000
424.00000 0.4265498399333494 5019.99948 167.00000 204.00000
535.00000 0.3199670338424513 2612.71138 210.00000 213.00000
429.00000 0.18240623161680752 3956.37078 192.00000 184.00000
476.00000 0.24925306701439076 3562.32810 71.00000 160.00000
121.00000 0.5121880035358622 6607.09758 98.00000 222.00000
511.00000 0.2788492544918044 2867.06012 130.00000 169.00000
57.00000 0.5924850031945028 1676.54953 207.00000 214.00000
290.00000 0.4808401494770277 2198.81335 143.00000 182.00000
104.00000 0.4694272242594221 4327.91597 87.00000 217.00000
52.00000 0.41520637178039277 3145.87042 217.00000 146.00000
168.00000 0.43756706658201516 6503.73010 191.00000 217.00000
137.00000 0.41241248462550684 3940.25132 104.00000 238.00000
339.00000 0.3650064774778593 5259.69535 218.00000 252.00000
312.00000 0.22837077360801183 1945.62285 146.00000 191.00000
207.00000 0.37203915115746633 5328.23647 150.00000 203.00000
590.00000 0.34471078408698735 3442.48842 146.00000 227.00000
962.00000 0.37168258613609756 1271.38222 138.00000 81.00000
254.00000 0.4275796749790946 1132.72930 161.00000 83.00000
161.00000 0.5892855144957662 2197.05664 188.00000 211.00000
10.00000 0.6302973056383478 2396.77896 62.00000 151.00000
155.00000 0.3613634412348179 1593.45213 150.00000 185.00000
114.00000 0.5422896670062244 1604.25623 80.00000 159.00000
302.00000 0.4837870083320059 6288.42562 239.00000 141.00000
155.00000 0.5218138167366738 3350.43196 159.00000 119.00000
204.00000 0.4926822864654566 5619.96767 139.00000 212.00000
16.00000 0.7891746367123684 3279.18313 160.00000 82.00000
22.00000 0.7352052462514777 1965.02306 89.00000 81.00000
832.00000 0.444374803772302 2180.61082 190.00000 180.00000
263.00000 0.5524179819597579 3232.16974 135.00000 254.00000
415.00000 0.44751767815344784 3318.27328 192.00000 183.00000
488.00000 0.2378726929804655 4245.34618 141.00000 112.00000
64.00000 0.6041579414000571 1944.39344 127.00000 171.00000
241.00000 0.4970072038287338 2155.15380 142.00000 171.00000
359.00000 0.2953553249823423 5342.08573 234.00000 114.00000
425.00000 0.4115273648127439 1977.45309 142.00000 182.00000
181.00000 0.4461533089081273 6687.51984 201.00000 177.00000
712.00000 0.3669420759561637 4202.64564 77.00000 220.00000
800.00000 0.3162041351599802 2575.31070 92.00000 174.00000
628.00000 0.18694126516448328 4928.10344 208.00000 209.00000
134.00000 0.4985495856608289 3996.57530 167.00000 86.00000
52.00000 0.437572748812177 2263.60006 94.00000 176.00000
571.00000 0.302150030554181 5542.05412 213.00000 42.00000
176.00000 0.4154438512113161 3464.10268 131.00000 164.00000
132.00000 0.451454004953369 5930.31533 157.00000 247.00000
623.00000 0.28967628545327145 3081.27114 161.00000 211.00000
336.00000 0.2295631301825468 4023.18480 216.00000 230.00000
411.00000 0.4228863771118757 3243.10373 157.00000 224.00000
877.00000 0.36875329643200433 2878.27336 202.00000 194.00000
220.00000 0.4397489555160913 3949.52524 214.00000 150.00000
339.00000 0.3750992189451378 4752.70308 43.00000 125.00000
178.00000 0.5304124321555379 4948.63126 240.00000 84.00000
1071.00000 0.19296421995092844 4107.85761 231.00000 103.00000
123.00000 0.5298413276552414 4972.07876 140.00000 254.00000
482.00000 0.4458377961492072 4016.60551 135.00000 195.00000
635.00000 0.256032323869791 2982.82397 157.00000 168.00000
76.00000 0.49583466435684836 7056.53598 234.00000 109.00000
363.00000 0.23390670221503782 744.41300 132.00000 114.00000
197.00000 0.5340288519054218 3589.00571 183.00000 216.00000
75.00000 0.6289668704005266 2013.64764 117.00000 209.00000
103.00000 0.5093568755058931 6600.64967 233.00000 230.00000
219.00000 0.5768889944971374 3401.92873 95.00000 180.00000
209.00000 0.48556184863669055 2661.57402 202.00000 206.00000
490.00000 0.2710605819404625 5572.33143 183.00000 206.00000
90.00000 0.4111708744715835 2860.78872 171.00000 221.00000
845.00000 0.48657760515935305 1182.00162 87.00000 73.00000
155.00000 0.5337728512973255 3867.86466 209.00000 226.00000
128.00000 0.4095008741080153 5573.36716 153.00000 191.00000
453.00000 0.24423241599526935 3369.89307 193.00000 248.00000
623.00000 0.3958941490560052 1183.73626 127.00000 139.00000
186.00000 0.2799521251887432 1864.58669 209.00000 236.00000
270.00000 0.42234463381096726 3325.22054 163.00000 150.00000
1153.00000 0.29718190729836713 4497.08643 94.00000 208.00000
172.00000 0.4512280302902432 2726.19632 90.00000 126.00000
75.00000 0.39869899311850354 1133.46527 112.00000 124.00000
90.00000 0.4865570978234541 3734.72107 151.00000 198.00000
116.00000 0.5826821477939889 5576.87516 229.00000 40.00000
574.00000 0.22810708084088469 4156.88035 188.00000 45.00000
117.00000 0.605507474835003 3156.48532 136.00000 225.00000
717.00000 0.26906476791759426 5116.99865 226.00000 167.00000
43.00000 0.7303835413700724 3439.11078 212.00000 115.00000
431.00000 0.4351006891229287 4643.77408 96.00000 191.00000
710.00000 0.43218679900999646 1673.26004 148.00000 172.00000
141.00000 0.5363662802963607 3081.04206 137.00000 57.00000
566.00000 0.3581247476104577 6929.22309 240.00000 10.00000
28.00000 0.40631006295730027 1256.49548 236.00000 251.00000
108.00000 0.5133337198133233 3209.39450 70.00000 183.00000
85.00000 0.5847935029628966 2988.80017 180.00000 223.00000
96.00000 0.47237386053303954 1405.34873 94.00000 136.00000
321.00000 0.24573559575621506 3285.57002 132.00000 85.00000
