1872.00000 0.08295536677508748 3745.09269 87.00000 65.00000
930.00000 0.355999588545835 4650.47201 124.00000 172.00000
2116.00000 0.06055651715152109 2430.81469 126.00000 76.00000
1400.00000 0.3162329403546362 5038.73803 216.00000 126.00000
516.00000 0.16844005739810433 1289.17259 52.00000 33.00000
2146.00000 0.06339050231479712 3234.49726 141.00000 128.00000
1541.00000 0.05566441874962516 5378.26621 195.00000 49.00000
2263.00000 0.03860568436334106 2300.94639 157.00000 115.00000
1292.00000 0.11137796983818062 3320.73166 149.00000 53.00000
1233.00000 0.19603166358998178 2646.73599 147.00000 191.00000
1712.00000 0.21737094088974654 3201.43819 108.00000 141.00000
913.00000 0.10102275971955164 6112.06730 204.00000 121.00000
964.00000 0.1301227332375521 6564.27336 156.00000 130.00000
2099.00000 0.051889859313170986 2651.79804 153.00000 134.00000
1764.00000 0.1684774826901788 1166.10523 65.00000 35.00000
1078.00000 0.09477071606844449 4321.11468 112.00000 151.00000
1799.00000 0.1038832959436364 5137.76546 135.00000 128.00000
2222.00000 0.047989145202500694 3778.19982 180.00000 78.00000
1562.00000 0.07982495467651579 2111.05744 178.00000 181.00000
2519.00000 0.0506231506310549 1562.00800 156.00000 148.00000
1142.00000 0.0863334666404279 3488.75023 108.00000 96.00000
2273.00000 0.0970944145629671 1714.22823 116.00000 104.00000
1098.00000 0.06040026589522196 4112.74530 118.00000 102.00000
1483.00000 0.06429540876163554 4397.54432 175.00000 55.00000
1446.00000 0.12128585890404686 1823.49104 161.00000 103.00000
1404.00000 0.06941578235546202 3923.59743 113.00000 81.00000
918.00000 0.09027125325829063 5111.88357 150.00000 72.00000
1215.00000 0.07128872627414745 4618.55532 155.00000 118.00000
1412.00000 0.13600067802452998 3094.75780 157.00000 133.00000
1621.00000 0.04806458532219605 3618.33521 182.00000 130.00000
2269.00000 0.11440760062852559 2146.31423 97.00000 51.00000
1259.00000 0.08591962273398349 4589.65598 236.00000 185.00000
2128.00000 0.05918852074889012 1513.07298 149.00000 135.00000
1313.00000 0.05007965334564351 4630.64491 150.00000 129.00000
1527.00000 0.07602373853437583 3276.69617 183.00000 180.00000
2250.00000 0.04636920921944055 2116.47725 150.00000 122.00000
1098.00000 0.39786166227643416 3835.79805 104.00000 192.00000
839.00000 0.1589148712098069 6776.24648 112.00000 122.00000
682.00000 0.19322029315556616 5745.17380 141.00000 174.00000
942.00000 0.3144480637181802 1333.53044 41.00000 38.00000
1219.00000 0.09280863606587593 3457.63263 144.00000 130.00000
730.00000 0.15060200711112057 1597.11833 126.00000 75.00000
960.00000 0.08505099855923719 5367.28405 159.00000 89.00000
1194.00000 0.07492397375986397 5565.32226 208.00000 106.00000
1737.00000 0.11138957436860437 2247.48360 93.00000 78.00000
729.00000 0.35786777076908594 4834.30155 173.00000 171.00000
934.00000 0.1167992325727881 3713.43297 94.00000 78.00000
1608.00000 0.06800558616518196 2170.12616 92.00000 72.00000
1456.00000 0.04633736301647655 3400.46788 115.00000 71.00000
961.00000 0.0712471464674619 3321.23431 131.00000 88.00000
391.00000 0.1296408752522056 2028.57437 127.00000 81.00000
1129.00000 0.1317116214656745 2033.53151 143.00000 107.00000
1727.00000 0.17639781993538836 3077.78542 74.00000 40.00000
1023.00000 0.09704149616295024 2990.09864 70.00000 85.00000
1546.00000 0.09337485391298109 2710.26459 83.00000 57.00000
1569.00000 0.19332767875245402 3917.25263 141.00000 191.00000
1157.00000 0.12440652930053311 2013.76175 179.00000 188.00000
765.00000 0.11022217856059124 823.44063 95.00000 76.00000
1473.00000 0.08711013488093547 3976.86986 143.00000 183.00000
2461.00000 0.06666110980340213 2590.03648 97.00000 112.00000
1034.00000 0.1037489773090689 3415.27209 108.00000 84.00000
783.00000 0.4473053416588427 2510.43073 62.00000 32.00000
2010.00000 0.0579848054145356 5649.17371 134.00000 136.00000
1775.00000 0.071644863359495 1398.72991 142.00000 104.00000
1528.00000 0.1083465949461271 1840.30696 103.00000 98.00000
1201.00000 0.19433770624054 2165.79649 61.00000 119.00000
2291.00000 0.0758780438265626 1675.43347 86.00000 78.00000
882.00000 0.06274786188444118 4237.95977 157.00000 140.00000
1830.00000 0.08469579640913599 1872.95709 129.00000 71.00000
689.00000 0.12917911748178815 954.49421 142.00000 106.00000
1616.00000 0.06526225337276262 1488.02462 138.00000 118.00000
1423.00000 0.12315246752831607 3554.38839 96.00000 59.00000
1577.00000 0.07988730800455242 3136.00991 66.00000 68.00000
1546.00000 0.06985903096994736 3220.98685 134.00000 59.00000
1958.00000 0.10462920970325296 3788.02076 95.00000 55.00000
675.00000 0.11127269564921384 6014.71991 182.00000 116.00000
2006.00000 0.06557320734239741 1962.55497 145.00000 106.00000
1041.00000 0.0937829563398182 5248.19355 203.00000 161.00000
1233.00000 0.0815407926703673 4980.88269 171.00000 99.00000
1101.00000 0.1530092809069772 2593.48597 103.00000 32.00000
1810.00000 0.0608730008017832 4527.78994 185.00000 138.00000
1210.00000 0.054642770355746585 4783.87241 230.00000 153.00000
1804.00000 0.08153708123809252 2938.52415 114.00000 105.00000
1555.00000 0.09572370876444457 5920.59915 197.00000 139.00000
1141.00000 0.07012735712705921 3008.52285 117.00000 98.00000
868.00000 0.20106198678974263 1484.97659 157.00000 108.00000
1344.00000 0.1833330589800823 4073.93387 107.00000 87.00000
1170.00000 0.11626534276488545 1854.57148 121.00000 73.00000
908.00000 0.08751192988993467 6825.40613 166.00000 92.00000
1150.00000 0.08758039046924268 3828.43788 97.00000 135.00000
813.00000 0.1272137465326045 6436.62737 159.00000 142.00000
2253.00000 0.04519830742801875 2279.61460 156.00000 148.00000
1305.00000 0.08782679749975997 2771.61201 156.00000 106.00000
1981.00000 0.046508839129809215 3248.47054 159.00000 116.00000
1590.00000 0.17440552762197162 3982.37417 100.00000 83.00000
1795.00000 0.12784957807613032 3515.63338 99.00000 109.00000
1681.00000 0.16289308164063654 5235.74186 116.00000 71.00000
619.00000 0.19672001765013064 3358.02703 65.00000 49.00000
1435.00000 0.13376207355808287 3811.84483 135.00000 185.00000
1614.00000 0.07837130267893144 3584.85788 154.00000 109.00000
2004.00000 0.05461684505736114 3679.45015 136.00000 63.00000
2104.00000 0.06365742014156603 1663.29146 129.00000 82.00000
1060.00000 0.07651141701723238 3135.19724 134.00000 122.00000
1690.00000 0.06439029636228492 2299.40846 118.00000 103.00000
1333.00000 0.10210772704485667 1935.45451 98.00000 73.00000
1226.00000 0.10059070864298535 2043.05580 129.00000 117.00000
1047.00000 0.06037961805918859 7101.65285 228.00000 163.00000
1289.00000 0.09167804654743317 3436.06929 129.00000 122.00000
1717.00000 0.10851178143439048 2725.50741 95.00000 52.00000
1944.00000 0.0847760220809059 2659.66438 88.00000 101.00000
1861.00000 0.05845472842214307 3882.55538 98.00000 72.00000
1250.00000 0.1523486487944765 4583.76792 105.00000 153.00000
1331.00000 0.07677964525511013 3847.90117 119.00000 115.00000
1578.00000 0.13475739736834508 4080.15581 109.00000 144.00000
2118.00000 0.043712324035437546 2965.04754 116.00000 89.00000
1363.00000 0.2447631565184471 4575.49119 100.00000 46.00000
796.00000 0.1927186694008265 7001.57431 205.00000 250.00000
1939.00000 0.05756826286340555 2388.85252 151.00000 90.00000
676.00000 0.11462800302796616 2259.33422 98.00000 101.00000
1590.00000 0.09987714613853943 1612.82693 84.00000 67.00000
1583.00000 0.09691357807246555 4663.70210 141.00000 78.00000
2183.00000 0.06144192480656418 2103.72340 161.00000 130.00000
1173.00000 0.1244574895145059 2415.93470 147.00000 108.00000
899.00000 0.23817457625169286 5793.83693 134.00000 53.00000
1281.00000 0.08957999492202624 2516.39232 116.00000 65.00000
1349.00000 0.09952917781914775 1728.50749 107.00000 85.00000
2128.00000 0.0575537329942421 1749.32691 88.00000 94.00000
846.00000 0.18413872272218376 3866.62179 107.00000 102.00000
1466.00000 0.12778106360876498 6548.24527 210.00000 120.00000
2261.00000 0.08132727606966837 3020.69355 133.00000 76.00000
1189.00000 0.18595877644547332 6488.92898 165.00000 172.00000
277.00000 0.1995449650838122 2918.34750 142.00000 197.00000
1522.00000 0.07331293536953952 2117.40039 145.00000 102.00000
2323.00000 0.046111165731878435 2783.07478 169.00000 130.00000
2395.00000 0.07153812088118043 3425.53267 168.00000 46.00000
1299.00000 0.08715894681513846 2620.01014 170.00000 104.00000
1578.00000 0.061360046879187946 5118.64093 192.00000 66.00000
848.00000 0.11755756958322847 825.13872 145.00000 122.00000
1913.00000 0.06473459570611585 1948.06378 150.00000 112.00000
1633.00000 0.07580367957717114 2690.72556 151.00000 103.00000
1321.00000 0.10959656142292253 704.28908 116.00000 96.00000
1301.00000 0.15430430648527177 5236.78359 112.00000 117.00000
1617.00000 0.06678868569470509 5791.57239 197.00000 132.00000
940.00000 0.1428430822730276 6289.70756 162.00000 236.00000
996.00000 0.09767019531303221 6238.45730 153.00000 72.00000
110.00000 0.16854762334778253 700.19702 121.00000 93.00000
930.00000 0.10047188234356688 5422.74909 116.00000 79.00000
1987.00000 0.060545342882359215 1020.39939 149.00000 140.00000
1194.00000 0.10085055956418185 2881.04306 131.00000 119.00000
1623.00000 0.10184062465811168 1318.67178 125.00000 83.00000
1765.00000 0.14064890068388367 2044.53076 78.00000 74.00000
1956.00000 0.08426429553890262 2304.09976 100.00000 86.00000
1023.00000 0.1347989156541549 2927.08548 53.00000 72.00000
1725.00000 0.09003020663916093 3759.52424 139.00000 101.00000
1124.00000 0.16904105058405744 4277.71027 148.00000 121.00000
2294.00000 0.058012329805156616 1317.53957 125.00000 114.00000
1799.00000 0.08063461699609688 3042.69812 125.00000 35.00000
1760.00000 0.10514789040339781 3504.30978 103.00000 116.00000
1799.00000 0.08842982877423647 1385.26857 77.00000 75.00000
980.00000 0.10916057107312803 1150.93255 119.00000 67.00000
1122.00000 0.1115627899420334 2566.59988 109.00000 72.00000
1665.00000 0.10050796284365011 2347.50311 147.00000 107.00000
1108.00000 0.09102048989436437 3442.40529 174.00000 98.00000
1744.00000 0.07453434416109889 1493.55186 163.00000 140.00000
2354.00000 0.06641154821985047 1644.18091 91.00000 61.00000
2407.00000 0.07060079714535723 3384.63217 94.00000 77.00000
1770.00000 0.09315784153696754 3960.76114 98.00000 101.00000
1744.00000 0.1364318458273905 2091.86339 93.00000 83.00000
1159.00000 0.21059818010343634 4765.14810 120.00000 113.00000
1357.00000 0.11228750700405288 3489.99838 64.00000 135.00000
255.00000 0.3793872649628171 4400.97458 39.00000 52.00000
1977.00000 0.18203729114141198 5453.26749 127.00000 131.00000
2038.00000 0.11010630200015463 3478.18084 98.00000 126.00000
831.00000 0.23832934339172016 4858.31803 92.00000 55.00000
1086.00000 0.1392936316421673 5933.12145 105.00000 121.00000
1831.00000 0.07788000322293206 927.20107 130.00000 132.00000
635.00000 0.180576870903954 6489.44882 96.00000 200.00000
1299.00000 0.08363353982281921 1767.54314 90.00000 50.00000
1263.00000 0.15728137790624197 6007.30158 141.00000 158.00000
1575.00000 0.06018421088458573 4558.52251 162.00000 41.00000
1441.00000 0.07582160153171294 2409.48657 91.00000 68.00000
893.00000 0.10355903373638917 3464.38653 227.00000 129.00000
992.00000 0.04130519223585407 3588.65435 160.00000 124.00000
1388.00000 0.05254832770860093 3010.00732 104.00000 64.00000
1335.00000 0.09682637561195132 3906.87700 130.00000 116.00000
628.00000 0.1425949671885672 3304.43837 133.00000 119.00000
1341.00000 0.0902218651561441 4013.76743 125.00000 109.00000
1713.00000 0.10392512465529051 2221.41920 58.00000 35.00000
1656.00000 0.05382875540382271 1717.85474 144.00000 131.00000
1056.00000 0.16518585049098314 2547.68749 104.00000 57.00000
654.00000 0.1009085495587896 5689.71218 121.00000 84.00000
915.00000 0.12175513583780798 1133.42308 153.00000 110.00000
1512.00000 0.07576686509626848 2483.36561 158.00000 99.00000
1273.00000 0.05985792451942421 1987.05119 126.00000 117.00000
733.00000 0.14616729106012916 1136.19421 162.00000 102.00000
2309.00000 0.041127263998177004 2027.33515 107.00000 89.00000
1437.00000 0.08919264679300248 5104.40634 166.00000 47.00000
686.00000 0.27360891861958997 3753.57789 155.00000 197.00000
1225.00000 0.10947236681226973 2432.09182 79.00000 82.00000
1488.00000 0.0457440615407233 3086.10509 149.00000 102.00000
912.00000 0.034118394962013146 5224.57630 179.00000 133.00000
1129.00000 0.10207225063438519 6425.17829 180.00000 114.00000
2048.00000 0.10655311231593897 1226.51712 90.00000 46.00000
2631.00000 0.10315012135260622 2333.38306 89.00000 61.00000
1215.00000 0.14958158078937117 1548.85099 89.00000 89.00000
1356.00000 0.12024935555643831 1832.05620 111.00000 63.00000
680.00000 0.1982153689569135 5398.78610 101.00000 190.00000
1242.00000 0.11574365359415474 929.63959 114.00000 78.00000
815.00000 0.21678282993552656 3360.03083 69.00000 61.00000
1332.00000 0.09426395154578988 5429.09272 190.00000 175.00000
1756.00000 0.03215600071115837 4503.50077 168.00000 89.00000
1685.00000 0.092225955912761 4494.88110 127.00000 136.00000
1408.00000 0.07180387147070783 4114.45960 205.00000 105.00000
1464.00000 0.0704763420001973 1614.37839 78.00000 65.00000
319.00000 0.41646477370499646 2754.83439 51.00000 61.25000
1790.00000 0.1170654518890165 3751.48207 100.00000 67.00000
1874.00000 0.06357188832073862 3912.47631 144.00000 78.00000
2045.00000 0.0771877488948692 2664.97700 145.00000 102.00000
1440.00000 0.0887118059708172 2630.37838 133.00000 108.00000
926.00000 0.158622502167518 4050.10808 82.00000 56.00000
1755.00000 0.21800878330279755 4908.88878 123.00000 202.00000
1392.00000 0.09409708263983817 875.44717 130.00000 97.00000
1707.00000 0.1412120493994915 3996.74144 97.00000 66.00000
1597.00000 0.0749879298075265 4489.97314 62.00000 110.00000
1960.00000 0.0721850424573819 1950.73494 89.00000 53.00000
1526.00000 0.14429655139580208 3311.38421 94.00000 49.00000
1434.00000 0.12226597170310988 800.53342 75.00000 46.00000
1540.00000 0.10780784792389463 2836.88077 109.00000 94.00000
1776.00000 0.09342842217733364 4240.69908 118.00000 72.00000
1471.00000 0.09498225266775244 4854.62729 157.00000 163.00000
1009.00000 0.11508872208105925 3326.95229 101.00000 89.00000
2577.00000 0.05190408217567462 2719.38152 118.00000 103.00000
898.00000 0.18895466007498662 986.52504 58.00000 36.00000
947.00000 0.12868982890516892 3684.13459 91.00000 77.00000
1105.00000 0.02560675531514146 2999.61492 148.00000 169.00000
573.00000 0.1284542886127041 1701.25704 77.00000 48.00000
958.00000 0.1422327685289289 2366.13954 84.00000 59.00000
1153.00000 0.1828551172887442 3526.92213 185.00000 159.00000
649.00000 0.1499714768289322 2543.03381 94.00000 82.00000
1208.00000 0.1114282226012021 4341.02185 128.00000 111.00000
1603.00000 0.10632950841164307 3052.60419 115.00000 48.00000
1617.00000 0.1352670750982291 4364.08682 122.25000 113.00000
937.00000 0.15277130729422597 1630.91876 90.00000 90.00000
1868.00000 0.07929021681609506 3674.21051 138.00000 122.00000
1956.00000 0.10372052607011539 3225.65061 125.00000 115.00000
1033.00000 0.23156989196482172 3909.34077 131.00000 129.00000
1634.00000 0.07776381789367295 1064.86643 152.00000 124.00000
822.00000 0.11873343401820494 2997.76979 96.00000 108.00000
1499.00000 0.060600987728686426 2604.32541 176.00000 139.00000
844.00000 0.10184898372119343 1236.64917 156.00000 108.00000
388.00000 0.13462510545166903 1514.27162 69.00000 25.00000
637.00000 0.14266382043968368 4465.51765 125.00000 71.00000
1627.00000 0.13954134962582962 3030.64362 141.00000 170.00000
1683.00000 0.10450509822890404 3598.45969 117.00000 128.00000
2467.00000 0.057119568486549525 4567.97791 170.00000 78.00000
1136.00000 0.048059997113708675 4338.96734 168.00000 87.00000
1356.00000 0.08387244617732706 4610.22535 146.00000 127.00000
1314.00000 0.0625103371985868 4841.93235 212.00000 121.00000
1797.00000 0.08323686644218477 1835.52956 146.00000 101.00000
1793.00000 0.05198413858548589 2560.05600 174.00000 124.00000
1437.00000 0.15703359111108373 5782.22613 74.00000 78.00000
473.00000 0.2513679257043 9019.05897 254.00000 160.00000
1242.00000 0.0906884059092232 3846.09622 133.00000 163.00000
961.00000 0.05674019303388819 2732.81492 155.00000 115.00000
1083.00000 0.1259229228449986 3332.06665 119.00000 99.00000
1564.00000 0.07206869727344908 3057.12865 122.00000 127.00000
2108.00000 0.06359124891032682 3835.18795 134.00000 115.00000
974.00000 0.10075353773026022 5258.39885 154.00000 81.00000
1237.00000 0.1389565591282499 4372.74024 122.00000 116.00000
1238.00000 0.15033573262464284 4489.61287 157.00000 138.00000
1363.00000 0.06343479232606034 1828.50996 132.00000 114.00000
633.00000 0.17351170515000314 5068.30339 135.00000 85.00000
1779.00000 0.04874847818826416 2109.99006 151.00000 109.00000
1301.00000 0.09496896659174417 3607.40508 147.00000 38.00000
1012.00000 0.08249387787100099 4208.63360 127.00000 108.00000
868.00000 0.42399693446051356 1571.85005 60.00000 34.00000
1840.00000 0.10137711455735045 3014.35552 157.00000 84.00000
790.00000 0.13751332305036912 5370.45890 209.00000 58.00000
818.00000 0.1517299365505313 5494.23560 124.00000 117.00000
863.00000 0.17735226986575686 3958.24392 132.00000 196.00000
885.00000 0.185169305497977 2748.49005 75.00000 73.00000
1317.00000 0.13268323165001175 7053.20894 218.00000 141.00000
2274.00000 0.045536852450395834 1240.29219 128.00000 109.00000
550.00000 0.15097503500248333 8816.76271 195.00000 149.00000
1440.00000 0.12655410129133599 3103.82744 162.00000 132.00000
929.00000 0.12929640800425987 2602.02277 149.00000 113.00000
642.00000 0.24417896461102304 2676.48110 75.00000 73.00000
1305.00000 0.10908367749794137 2799.92499 124.00000 168.00000
1869.00000 0.18270955341746015 5754.63927 151.00000 201.25000
952.00000 0.1780533949331225 1587.75302 54.00000 48.00000
1787.00000 0.11666574695055221 2680.56061 116.00000 73.00000
1971.00000 0.15437710080517833 4390.18829 168.00000 159.00000
