410.00000 0.3952979293716189 3081.76403 168.00000 176.00000
777.00000 0.3266531593815091 6483.25315 204.00000 187.00000
680.00000 0.2957262141119592 6468.08438 143.00000 146.00000
613.00000 0.2382222105757654 4287.10143 143.00000 136.00000
580.00000 0.3820212369909674 3718.94842 151.00000 116.00000
378.00000 0.46857052687454415 3277.33394 142.00000 140.00000
321.00000 0.31568582456568467 3048.81699 145.00000 173.00000
256.00000 0.34221807255534553 4757.27927 173.00000 172.00000
356.00000 0.4387855009088433 5822.85553 248.00000 250.00000
450.00000 0.32226228953860425 6417.71676 126.00000 158.00000
636.00000 0.30413474857172884 2936.06042 161.00000 148.00000
767.00000 0.30076517216896126 4915.94805 202.00000 172.00000
608.00000 0.2492739418348547 5132.76280 174.00000 187.00000
858.00000 0.21047268687718557 5778.97290 176.00000 215.00000
645.00000 0.33989504574536505 3472.48913 117.00000 102.00000
376.00000 0.17127432210970062 5939.17430 162.00000 133.00000
345.00000 0.3267836259878472 4369.79238 201.00000 211.00000
595.00000 0.25795256042917086 4719.91313 171.00000 186.00000
675.00000 0.2629555145820342 4633.32148 146.00000 129.00000
403.00000 0.22422749880574963 4086.18776 173.00000 135.00000
596.00000 0.2854979762507351 2554.06288 161.00000 149.00000
496.00000 0.3216636351974939 2880.82800 152.00000 150.00000
361.00000 0.2838455597368292 3545.88027 181.00000 156.00000
473.00000 0.2520004226501293 3572.99431 184.00000 147.00000
661.00000 0.31030732109832787 5485.65066 143.00000 166.00000
267.00000 0.24268323906889314 4629.31650 195.00000 168.00000
424.00000 0.36342660889131356 3945.21134 224.00000 233.00000
537.00000 0.3369355838491164 6541.40928 205.00000 235.00000
528.00000 0.34504116568435866 3870.53479 114.00000 97.00000
426.00000 0.26898364684205717 4777.85219 194.00000 199.00000
441.00000 0.3449989300429068 3909.21863 141.00000 147.00000
482.00000 0.3888099917103692 5851.86570 207.00000 159.00000
591.00000 0.40580528589807324 4326.37321 189.00000 153.00000
723.00000 0.2977664507662148 4718.12841 136.00000 117.00000
639.00000 0.37173158356031266 3780.67684 137.00000 107.00000
572.00000 0.27448540884311423 4114.04168 172.00000 139.00000
725.00000 0.2598986528092958 5935.44346 124.00000 145.25000
388.00000 0.40056731874608237 2796.29836 116.00000 42.00000
369.00000 0.4398147434210573 4222.09123 143.00000 233.00000
549.00000 0.2689892727100082 6092.45939 154.00000 148.00000
510.00000 0.28902633776559267 2792.08568 161.00000 146.00000
262.00000 0.34322344672058275 3995.06598 170.00000 171.00000
442.00000 0.47666365744785627 4265.75074 213.00000 185.00000
637.00000 0.37936448276146534 4854.18821 133.00000 103.00000
399.00000 0.43253566731830007 4352.60801 196.00000 196.00000
404.00000 0.296031831651735 2347.07908 108.00000 118.00000
449.00000 0.24090403633220053 6422.52591 214.00000 216.00000
686.00000 0.23651664555693078 6006.10139 212.00000 228.00000
701.00000 0.22610561632462783 4581.37493 150.00000 126.00000
691.00000 0.2763375167901578 4057.98966 121.00000 103.00000
591.00000 0.39677622529860795 5304.01059 164.00000 148.00000
656.00000 0.4072667895289547 6533.94924 236.00000 229.00000
534.00000 0.16964024043855644 3968.21104 139.00000 143.00000
344.00000 0.39692938582683546 5838.59474 234.00000 223.00000
717.00000 0.27345227731741223 5002.97706 178.00000 141.00000
324.00000 0.31372813357353957 5713.66915 202.00000 204.00000
468.00000 0.2472254844971736 5597.69289 190.00000 152.00000
571.00000 0.37294117616086997 3862.29824 168.00000 133.00000
502.00000 0.2911055324860093 2530.97648 163.00000 144.00000
378.00000 0.3508532495902621 6461.59221 193.00000 212.00000
568.00000 0.31537260987530513 2618.86045 166.00000 180.00000
492.00000 0.39040595290619345 3607.86609 177.00000 148.00000
369.00000 0.36164683166436346 6976.44099 91.00000 123.00000
491.00000 0.19444140506756413 2601.56404 129.00000 126.00000
440.00000 0.3870964055766083 3431.30410 170.00000 197.00000
461.00000 0.37775456673396124 5160.61178 178.00000 167.00000
583.00000 0.265081486038254 3608.06623 134.00000 114.00000
618.00000 0.29538544906630115 3438.97177 149.00000 141.00000
505.00000 0.2785299756991495 3809.20638 170.00000 186.00000
453.00000 0.32024442503730655 2892.34374 145.00000 131.00000
436.00000 0.28826450923050406 5873.09451 199.00000 173.00000
389.00000 0.2967695916597417 3296.69959 167.00000 151.00000
601.00000 0.3080719425433155 4445.01469 228.00000 183.00000
573.00000 0.30491115153130155 3198.46312 103.00000 83.00000
547.00000 0.31021256957271515 4370.01217 135.00000 114.00000
316.00000 0.2963444179341687 3419.50282 141.00000 204.00000
632.00000 0.38933269343308247 5276.68774 173.00000 145.00000
479.00000 0.31666384715977 4482.45012 168.00000 149.00000
535.00000 0.24321422496439782 3735.16421 154.00000 146.00000
361.00000 0.3670308099344257 5966.00922 193.00000 201.00000
436.00000 0.4249299127323922 1530.34983 84.00000 95.00000
577.00000 0.3398549004433772 3333.54649 165.00000 129.00000
453.00000 0.3047730217219344 3164.61224 152.00000 180.00000
153.00000 0.49173778240204136 1727.73649 150.00000 179.00000
376.00000 0.37117745182996403 4953.32407 200.00000 222.00000
408.00000 0.3668350610461319 6691.19878 185.25000 165.00000
650.00000 0.3331644910626645 3791.87304 169.00000 130.00000
515.00000 0.23979091088798543 5883.59044 164.00000 146.00000
420.00000 0.3122281845870716 4632.72709 185.00000 146.00000
489.00000 0.19764081738368314 5374.04706 193.00000 152.00000
556.00000 0.19360693252881495 2449.24094 103.00000 153.00000
717.00000 0.285216944848509 3473.31284 131.00000 105.00000
346.00000 0.2809713771797296 1394.26369 91.00000 85.00000
610.00000 0.2865925528916838 4076.52869 183.00000 161.00000
514.00000 0.25464677716768974 4414.50827 212.00000 211.00000
273.00000 0.3296257303505734 2049.57299 164.00000 149.00000
539.00000 0.45162541839192527 6827.55262 250.00000 250.00000
535.00000 0.19251123557081576 3836.07786 153.00000 123.00000
537.00000 0.275297375401324 4254.34271 156.00000 176.00000
317.00000 0.48061124348179024 2320.13903 85.00000 23.00000
432.00000 0.3106224011519443 2626.16696 166.00000 136.00000
781.00000 0.2420307667610439 4848.63611 167.00000 127.00000
531.00000 0.22627562876866433 4030.91154 211.00000 186.00000
630.00000 0.272116270699062 3012.23890 146.00000 133.00000
412.00000 0.39564544155438397 4038.38909 156.00000 144.00000
229.00000 0.40393394562089313 5287.35179 197.00000 214.00000
472.00000 0.2196652364905453 4116.17317 169.00000 155.00000
300.00000 0.5855367952141706 4760.85451 254.00000 254.00000
683.00000 0.2862308137760695 6738.15728 156.00000 160.00000
571.00000 0.32302025104563026 3078.73031 146.00000 153.00000
126.00000 0.47791701277796556 3317.38577 125.00000 211.00000
456.00000 0.206448268924679 5169.28425 200.00000 209.00000
596.00000 0.44002869576118947 5264.24459 143.00000 115.00000
436.00000 0.39510602055726474 3974.44278 179.00000 196.00000
680.00000 0.22936002300203828 2790.01154 178.00000 141.00000
454.00000 0.3314848312115029 7844.61439 195.00000 250.00000
287.00000 0.22767099108621702 3566.07933 189.00000 169.00000
467.00000 0.3308993138351914 1500.56403 73.00000 77.00000
273.00000 0.3656290697326383 3562.42884 133.00000 179.00000
712.00000 0.2874465997520509 3590.12930 163.00000 130.00000
707.00000 0.2915649314709701 3567.11745 136.00000 106.00000
665.00000 0.25304103404090145 4854.17372 194.00000 150.00000
222.00000 0.3091171585159081 6926.45233 199.00000 250.00000
384.00000 0.3830336484647523 4151.34010 149.00000 177.00000
445.00000 0.3340993928331918 5258.39807 166.00000 172.00000
404.00000 0.1997503475720316 1127.49206 104.00000 93.00000
576.00000 0.2450796015614617 2812.75727 182.00000 144.00000
509.00000 0.2583656968120872 3087.96844 168.00000 173.00000
379.00000 0.3653360240859262 6239.55257 239.00000 239.00000
626.00000 0.33706065610747155 3805.88202 166.00000 136.00000
427.00000 0.40185057723875417 1770.93306 158.00000 175.00000
381.00000 0.3102690715005276 4039.86273 192.00000 151.00000
307.00000 0.3519177055540226 3540.53573 187.00000 218.00000
324.00000 0.3364622289634159 2612.24326 151.00000 138.00000
489.00000 0.3911705948933682 3414.67538 142.00000 117.00000
611.00000 0.2705991946533828 3044.72290 146.00000 146.00000
488.00000 0.35669195705552864 3856.92327 136.00000 134.00000
328.00000 0.3527391281244268 2851.15702 129.00000 152.00000
425.00000 0.3892004012713503 2808.10343 129.00000 143.00000
355.00000 0.41671543544984974 4433.30809 222.00000 229.00000
509.00000 0.3481136699803934 6052.24854 193.00000 181.00000
515.00000 0.3945434667470288 4149.44642 188.00000 147.25000
685.00000 0.3691207077086357 4821.93427 141.00000 121.00000
591.00000 0.32225812062533865 4019.18151 164.00000 129.00000
373.00000 0.3845805100282237 2893.28024 166.00000 132.00000
424.00000 0.39263538508372736 8590.43853 228.00000 254.00000
614.00000 0.3575368108760994 4945.65874 186.00000 171.00000
634.00000 0.2977256867232544 3136.96247 135.00000 147.00000
712.00000 0.19397486858877513 2266.82532 149.00000 145.00000
357.00000 0.18049219022103402 2215.14894 160.00000 153.00000
785.00000 0.29164277078416406 4521.35436 159.00000 130.00000
488.00000 0.2091590926145085 3859.52731 123.00000 166.00000
828.00000 0.28713346229983416 4644.46214 176.00000 176.00000
431.00000 0.3433985702125734 7621.59015 125.00000 138.00000
395.00000 0.3984380805871381 2391.74516 170.00000 150.00000
393.00000 0.3077812828540333 4447.60999 178.00000 145.00000
382.00000 0.4084609722927388 2858.66567 178.00000 184.00000
279.00000 0.3982799149824567 4361.20764 207.00000 226.00000
439.00000 0.38735145842212726 4955.70967 194.00000 198.00000
534.00000 0.30969433111169903 4539.41230 126.00000 100.00000
506.00000 0.28765234947304 5115.23925 163.00000 199.00000
403.00000 0.319024315388856 6977.05665 159.00000 212.00000
420.00000 0.3327070596172354 3350.84644 196.00000 218.00000
773.00000 0.4410254098078693 5713.50424 247.00000 229.00000
723.00000 0.23998026782729687 4542.12703 157.00000 172.00000
345.00000 0.34005617513776193 4326.61019 186.00000 205.00000
695.00000 0.18007998489837918 4927.26428 180.00000 171.00000
674.00000 0.3036726085229213 4111.03232 128.00000 100.00000
792.00000 0.2379910238845533 4164.12386 190.00000 180.25000
578.00000 0.2526926559133221 2928.95020 158.00000 154.00000
540.00000 0.25173631258616813 3665.33235 203.00000 176.00000
757.00000 0.29136551612626554 3932.51858 112.00000 95.00000
518.00000 0.3453452822070598 4992.96374 129.00000 99.00000
397.00000 0.25781021552151034 4914.82066 155.00000 198.00000
422.00000 0.2897368454931114 1784.71411 118.00000 105.00000
680.00000 0.2409115123244833 3316.66391 155.00000 147.00000
560.00000 0.26564214030789035 5341.27874 112.00000 133.25000
468.00000 0.30402312805980464 4902.50529 188.00000 159.00000
752.00000 0.26997075770956647 4090.20685 134.00000 148.00000
165.00000 0.4704169447438433 4470.28798 193.00000 212.00000
430.00000 0.36964788529639253 4629.25874 218.00000 211.00000
675.00000 0.2372793180039699 4730.22156 164.00000 138.00000
551.00000 0.2821534075797543 3294.26677 141.00000 139.00000
662.00000 0.27896452284705253 4799.47615 135.00000 155.00000
374.00000 0.28976390792226514 6801.11916 151.00000 214.00000
658.00000 0.30937154709485626 3438.49895 220.25000 169.00000
677.00000 0.36273055351772904 5584.43120 137.00000 119.00000
462.00000 0.2379643450326108 5519.36407 192.00000 199.00000
426.00000 0.397574383698081 5548.15157 179.00000 138.00000
492.00000 0.4405321785723227 5745.74928 230.00000 216.00000
553.00000 0.238239095757706 4174.21908 119.00000 101.00000
638.00000 0.2072271396821528 2268.91623 133.00000 126.00000
295.00000 0.3064409896317154 2393.14079 154.00000 167.00000
647.00000 0.1988375034890687 5429.43106 164.00000 148.00000
613.00000 0.3985675886564498 3554.30565 124.00000 174.00000
532.00000 0.3142344890804918 2714.24625 167.00000 140.00000
459.00000 0.323914655381353 4417.61514 206.00000 215.00000
678.00000 0.3433219728714552 4264.70984 169.00000 137.00000
780.00000 0.2645422124440021 4905.71032 187.00000 147.00000
358.00000 0.3967487197773082 6084.54223 163.00000 228.00000
605.00000 0.26118410799976843 4214.72753 172.00000 170.00000
467.00000 0.3516007602590834 5165.80457 164.00000 136.00000
256.00000 0.24685648736976967 4552.44962 146.00000 172.00000
522.00000 0.32969728422671585 4115.26253 114.00000 95.00000
751.00000 0.35720359478064506 3599.74272 130.00000 100.00000
254.00000 0.42185050347060105 6155.05873 208.00000 229.00000
368.00000 0.27287709287724116 2272.76389 140.00000 128.00000
421.00000 0.32946991965565936 4252.81520 226.00000 246.00000
560.00000 0.4362918433808004 6169.04727 166.00000 103.00000
385.00000 0.38489679028311774 7092.22206 254.00000 254.00000
495.00000 0.30044749820142025 5389.16351 125.00000 133.00000
621.00000 0.30279935106514744 2339.68930 150.00000 140.00000
408.00000 0.2279758406607299 8360.08551 238.00000 211.00000
677.00000 0.14510358126477518 4096.19738 150.00000 143.00000
482.00000 0.34297699903337153 5997.86429 134.00000 146.00000
712.00000 0.27365039036792616 4810.50935 187.00000 211.00000
456.00000 0.2684671552088758 2858.33278 167.00000 160.00000
435.00000 0.5259627136131717 4167.05817 154.00000 132.00000
495.00000 0.3695075523958775 6538.68325 229.00000 222.00000
876.00000 0.3393310714004987 5215.71303 156.00000 126.00000
605.00000 0.3213718137653276 3436.20037 191.00000 164.00000
611.00000 0.3217642649124678 2087.52578 139.00000 134.00000
537.00000 0.17842151520163513 2629.60370 150.00000 142.00000
551.00000 0.3236721181847236 2584.79234 152.00000 161.00000
381.00000 0.28782577627511896 4447.77863 212.00000 220.00000
278.00000 0.46409774067376985 6193.01723 195.00000 252.00000
421.00000 0.3196044699021574 3579.70945 179.00000 145.00000
510.00000 0.27465891353775906 5273.98129 185.00000 181.00000
911.00000 0.32182941315389846 4211.24438 170.00000 126.00000
591.00000 0.3538944812324881 5912.94773 165.00000 133.00000
495.00000 0.29754306059001584 6305.27849 218.00000 183.00000
414.00000 0.37051174710446 4949.39676 203.00000 223.00000
533.00000 0.31680531456680955 5281.61722 155.00000 143.00000
498.00000 0.31225084933389935 4361.67614 176.00000 150.00000
568.00000 0.3571390175418733 2463.38679 139.00000 168.00000
542.00000 0.322877943796737 5795.03637 199.00000 149.00000
366.00000 0.3676325100225892 4320.13034 153.00000 126.00000
376.00000 0.37708071575141067 5376.40130 137.00000 216.00000
862.00000 0.26290581419034326 5397.70698 139.00000 149.00000
646.00000 0.302893597071128 2482.85598 137.00000 128.00000
601.00000 0.2883272320225927 4575.43179 166.00000 185.00000
896.00000 0.26056241695986854 2850.30276 168.00000 144.00000
690.00000 0.4585963153573886 6669.70211 247.00000 240.00000
602.00000 0.27136688023919736 4547.69894 147.00000 115.00000
565.00000 0.30569064817813835 2713.58266 162.00000 127.00000
361.00000 0.32582943589183694 5952.27970 125.00000 177.00000
582.00000 0.3439380313491354 7189.52943 114.00000 112.00000
299.00000 0.40834403664784646 5694.51963 253.00000 245.25000
681.00000 0.22184720042434367 4389.86644 147.00000 184.00000
353.00000 0.4203299236538525 3393.58253 141.00000 139.00000
274.00000 0.4517928006448249 5524.39746 185.00000 143.00000
592.00000 0.3296780157843072 4423.89631 168.00000 170.00000
327.00000 0.3623344033282077 1796.44544 155.00000 133.00000
330.00000 0.2517253799138818 3955.66994 186.00000 117.00000
267.00000 0.4539373829898133 4141.84953 136.00000 221.00000
523.00000 0.3586198165754768 2913.12155 135.00000 127.00000
407.00000 0.4179871702773834 5570.77659 158.00000 254.00000
491.00000 0.41377850865122134 5800.67930 233.00000 253.00000
567.00000 0.27441245561955857 3334.05572 145.00000 153.00000
615.00000 0.21046126184631722 3547.30841 157.00000 165.00000
308.00000 0.29604818246511955 4013.75026 181.00000 209.00000
446.00000 0.2981907756498855 4847.27067 199.00000 200.00000
422.00000 0.3698517904584879 4840.08125 151.00000 124.00000
439.00000 0.35359781323512995 3837.97294 193.00000 160.00000
631.00000 0.28795287994282337 3959.22763 153.00000 168.00000
431.00000 0.3018136566271508 3489.85133 135.00000 132.00000
418.00000 0.3495440203034886 2139.31149 156.00000 158.00000
702.00000 0.3309963124470594 5324.19412 255.00000 255.00000
281.00000 0.31231786126294175 2522.00254 147.00000 135.00000
699.00000 0.1862946644981902 3958.41593 176.00000 147.00000
559.00000 0.24421786739198625 3851.32215 153.00000 152.00000
765.00000 0.2515043698543805 5597.68742 169.00000 190.00000
748.00000 0.1943130986033049 2976.42347 149.00000 141.00000
369.00000 0.2812894763459609 2666.89495 149.00000 145.00000
462.00000 0.3368595973838121 3457.84931 220.00000 222.00000
464.00000 0.29047863972017046 1853.57962 92.00000 87.00000
531.00000 0.3812766414990644 4547.45996 154.00000 153.00000
275.00000 0.3342724553771546 4305.15007 151.00000 189.00000
704.00000 0.22065356772575506 3693.99429 171.00000 160.00000
751.00000 0.3002650672600002 5773.60341 203.00000 194.00000
545.00000 0.24442920575640414 2785.82529 149.00000 144.00000
461.00000 0.18038787686342259 4466.90924 170.00000 143.00000
573.00000 0.35764664336422575 4900.99994 173.00000 133.00000
454.00000 0.3610225062529542 2868.99934 171.00000 175.00000
703.00000 0.1692123244857699 3245.50907 127.00000 117.00000
727.00000 0.3743729207215532 6034.32967 183.00000 138.00000
690.00000 0.2371634796331091 5415.90318 176.00000 141.00000
526.00000 0.19103635210707876 5117.42380 188.00000 128.00000
611.00000 0.24014457420383672 4727.91605 110.00000 135.00000
540.00000 0.25707946506159807 1789.79924 170.00000 150.00000
895.00000 0.30009527441070666 3462.83072 143.00000 168.00000
685.00000 0.2947606591666801 2523.68717 147.00000 156.00000
