66.6473628475866 2.1862055577842887 2.938920133195329 77.21162193813127 0.8538552857894621 2.003650997069495 1107.9727372229888 1107.9727372229888 1107.9727372229888 48.53014653841957 86.21338293500314 0.8249169364275555 3.4631941347046737 1.9466685941143647 3.9361282917203644
29.873666142291114 13.054478132851184 -33.67446369029735 31.069095627528707 14.998010199062218 -38.28382830144267 1059.344136079348 1059.344136079348 1059.344136079348 13.227973696607204 42.690669832803586 8.17452074997941 17.652859592283548 -53.044898722539585 -30.45035972465351
38.94958769831102 10.230387505392981 33.17259404524427 40.462170688276636 11.108166964591993 37.29757463574101 407.20783996669144 407.20783996669144 407.20783996669144 22.914087603867827 54.77180605423678 7.853297351978595 13.58764456567832 25.362481086799935 44.867125984966606
59.12216874242929 -10.616100687330308 -10.29354316906654 58.91132370954631 -11.223978910279875 -9.474767406965224 1192.9222308787446 1192.9222308787446 1192.9222308787446 48.57725468915888 71.25969447800837 -12.449549957971872 -9.209898915369108 -24.466394388713365 2.665042837159337
37.60438598041476 8.531113868608514 -15.87080061641419 38.19698139752775 5.640088516215558 -17.703207908427988 520.2495305535214 520.2495305535214 520.2495305535214 33.21217537579035 40.800500666286695 4.01658702874369 10.217898052793467 -18.94489032520671 -15.335803639158552
49.81532729170937 -8.84425070766235 9.783673226798381 48.85767175287961 -8.970972455849434 9.779160865858527 738.9238004821901 738.9238004821901 738.9238004821901 40.140638149829904 64.24905693659068 -10.505480654790928 -6.432628707909394 4.393302598595938 12.453534009641608
55.34952745202066 -17.068765845749617 -11.03959180519404 55.56105343343725 -21.196580999571196 -8.051370083947207 1343.0092986496988 1343.0092986496988 1343.0092986496988 48.57983284236549 62.14752298351834 -25.056529586105437 -12.300651786306183 -27.73420622860685 4.763489527507114
66.93544132091866 10.288484072923826 49.126615647585865 69.63030108940296 12.596907840389415 47.17541910630483 877.5462052224989 877.5462052224989 877.5462052224989 51.68347406660189 84.95111607684646 2.926196084696041 19.382894494771318 33.941803332695564 60.49290121579827
68.39254024909677 6.349764244306498 1.041053285646166 72.0953623350785 6.0349936355865434 0.9372073264657665 1052.9713757765019 1052.9713757765019 1052.9713757765019 59.124572057028985 82.69854030930996 5.052888662767208 8.053772498374745 -1.6937506017443704 3.4148928300940184
39.619410817532824 3.059183607324299 -17.88810543011775 33.6068325647187 2.640998025414232 -17.233383172448878 729.6759181804209 729.6759181804209 729.6759181804209 27.70410617264138 35.79669096822691 0.6794311959723298 6.495903182520399 -25.003023245495847 -13.15212895856115
31.472736140743976 0.7360306737043953 -18.134097741823307 22.669609817812905 0.4556981241440189 -20.23991838694229 704.6073925880684 704.6073925880684 704.6073925880684 12.52872322275185 46.36715174617521 -3.985236290286326 6.031327674827877 -32.373444298361974 -5.855998831461262
58.137688370526845 2.9641677621463662 -12.656696155063882 58.119369808222004 2.9733362800899443 -14.128853759792182 989.4219710349016 989.4219710349016 989.4219710349016 50.12581803270203 68.41544902395515 1.7922455438800222 4.0129018206197244 -16.902099040138996 -5.753343431671554
40.80640992592623 6.029059681535741 10.919214570804412 45.520444573341535 6.450978929879531 9.9235460803719 425.12735198322963 425.12735198322963 425.12735198322963 23.74835600260367 56.8523841592237 0.4745636151472707 11.800199044732757 2.9764505543270037 19.91355184022413
63.66649863592963 -1.713749952126572 -7.830206823560943 62.51940382141122 -1.143850881234032 -10.120902102497965 1287.3187711563148 1287.3187711563148 1287.3187711563148 49.38547906299334 84.16066091782238 -3.1130979643781838 0.26024460124485227 -18.849495328159584 2.347695200690747
36.24738605989924 24.39792942396924 39.95705836619116 32.14303742810335 23.440312101984578 36.714250157935794 375.34930817543335 375.34930817543335 375.34930817543335 25.34761235935973 43.296861489856624 18.611025025821625 31.93902067416191 29.17147466776928 48.85259955941941
58.5322469395773 5.808517422442422 3.8480460421375007 54.273645132955835 6.5885840323001705 4.808001132727169 851.4037859316985 851.4037859316985 851.4037859316985 44.70540436820849 79.56501307456898 3.639412909964515 8.279743476503953 -2.9897193682122514 9.725374252149898
46.52427374498231 -3.607166860863221 -6.291496938667397 40.66544450270856 -2.4743334760592983 -11.451010446935754 805.1300983849407 805.1300983849407 805.1300983849407 32.220697329584254 67.6341303974718 -5.626853288514019 0.48524112812808884 -17.325377137490115 7.1775654724895634
56.53252554112544 0.12681774283289704 -28.472829348867755 52.298972916793204 0.7911015562915291 -30.080698034988316 1344.9974745579536 1344.9974745579536 1344.9974745579536 46.61838247884437 68.39526192665929 -1.6759065387878525 2.7290909547108 -35.79508354436709 -26.371173608285847
56.58882735491496 1.6484835365148376 4.887856967976628 62.68435338611698 2.329460334229816 4.9994866463192675 813.4465323049944 813.4465323049944 813.4465323049944 48.47247253823153 71.95408674666194 0.9732698391966693 3.4619283545425996 2.6376185083433423 6.536395511323647
42.42106325099256 -3.9562722992628663 2.4876393110778445 42.86604568207418 -3.3956616760996985 -2.2841179744037046 689.122242812664 689.122242812664 689.122242812664 24.92130783167967 61.75574494211048 -6.457701297222597 -1.6628972709288523 -13.395968553647464 18.554728901756334
53.05980029316318 11.265437177260402 -4.443634671775631 52.04590765327034 8.961041109877165 -8.54002635404737 924.2140456586166 924.2140456586166 924.2140456586166 47.041734166715884 60.16651334345566 3.1673466610001033 21.43187220134274 -30.522574589760907 26.03638347296218
28.665538451392017 35.063149787593815 29.301462469033506 27.872554650499374 37.738122772848605 32.258621356941006 432.73184449970404 432.73184449970404 432.73184449970404 9.598360333624928 42.29784231417358 19.286457757034803 53.49044935171468 10.424177001937446 42.125745486392915
61.87556423871064 -0.060266103152518014 -30.656321753895018 65.60681624476626 -0.12964393734610224 -32.205108968658074 1700.1666885203167 1700.1666885203167 1700.1666885203167 43.294780502224846 79.33134759163856 -5.382379429481777 5.647238178344171 -42.80580612225198 -19.656155126435127
54.45968954127837 -6.0872927800179895 -12.219339069020776 56.87092026889266 -5.4116871305918135 -11.286421066499708 1076.945012449775 1076.945012449775 1076.945012449775 43.77956024134782 69.54758524665553 -10.295658018526389 -2.321257420692856 -20.930715636277885 -4.331869642713487
63.47696352925222 4.659325329838401 -7.630155791165986 65.24547759746784 4.956212111890124 -5.475745529076703 1072.2288975060228 1072.2288975060228 1072.2288975060228 60.40020054331788 69.81425452567612 2.2926273011545373 6.638070452605172 -12.577393850483777 -1.6781455224784692
34.75070698624759 1.7692176228779295 -19.623765447143505 34.65086705479283 2.219343424537418 -24.056583764714865 703.7766123329984 703.7766123329984 703.7766123329984 22.882760855854777 47.62862505423268 -0.19140001692372066 4.195476082260397 -31.873253376992484 -7.342896668835189
52.67247866448182 17.64685134731019 -7.031657148751664 54.123394091522144 16.45795327771593 -4.267544805318051 810.9119118061384 810.9119118061384 810.9119118061384 40.37621175058383 67.84133638183958 6.996481666594084 25.21298980558312 -12.478651556989755 -1.0972021195760462
62.83314885398488 -8.45276452201869 2.404489180822114 56.886287482457604 -7.8164277147516055 -3.545806215447378 1196.949607019623 1196.949607019623 1196.949607019623 45.529247870513124 89.70892049394172 -10.336787342109188 -6.778623026345396 -5.824645701386388 11.52145577794801
43.47835600495551 28.301763055050362 29.173302467128764 41.61005880231804 31.290492279238887 28.027031804941473 307.45669537967984 307.45669537967984 307.45669537967984 30.84074581227619 56.983274429167594 10.425823743448886 42.76445762749653 12.277035138826697 46.638936426035905
71.57438292272754 -5.87993874041681 -21.198171843925685 71.24655006108694 -6.068756465634428 -20.535473647465995 1697.345490487796 1697.345490487796 1697.345490487796 62.94393458788342 82.15836423924598 -7.318875735939882 -5.133369744594329 -28.09573946870705 -15.990394195388124
23.902257250069134 22.891912499460567 3.5385485813447395 22.74808868590239 22.159074451964745 -1.8765231223669854 242.09363675923726 242.09363675923726 242.09363675923726 12.578588542453808 32.88947106281104 19.225367909408348 26.983750326481093 -5.309017052871868 8.365665786214226
44.247686402109984 -1.7586099326686786 -14.299277120215073 38.740205809308435 -1.9326906943572668 -14.987469208184956 865.7790169627093 865.7790169627093 865.7790169627093 29.39784473339825 61.199476338756824 -8.274365419243368 6.846238271730753 -27.00920236833051 -7.65846468703289
59.66119791458253 -2.0784324339636444 -5.914762066849295 60.624855011074516 -2.746478546769071 -5.79683379635444 990.9641539270937 990.9641539270937 990.9641539270937 49.5101593089948 69.64099827238451 -5.2194525126160185 1.222488042900427 -14.01442699987976 0.7368545299140827
64.32831674915523 -6.681308299044192 0.9631388730329252 62.48761072831741 -7.2547364761537665 1.1302724088546157 1196.582106221624 1196.582106221624 1196.582106221624 49.79179021958859 83.77529512643096 -8.54984057954672 -4.698886248911481 -2.1727361674297008 3.2798032144507827
48.82980166012065 2.366457265421552 -24.205979637420107 47.73000434195847 1.4903406280304121 -27.68012946185965 1048.2356114297534 1048.2356114297534 1048.2356114297534 39.74235420413911 63.36623141902595 0.6694802741730177 2.887147140352084 -30.675912958890628 -23.189057847267904
53.02301216538215 9.544963787921061 -18.2367152020679 47.265702416596746 7.222974890251588 -17.717060419662612 1087.241604488402 1087.241604488402 1087.241604488402 38.1249377141813 70.9645639002563 3.354276666650724 15.905129670162443 -35.1873643642167 -3.1372017810166186
23.312414225638875 9.908714320780515 -8.688193898301847 12.586907884954556 9.771543817209293 -4.480729395539795 379.67018253672023 379.67018253672023 379.67018253672023 6.567533564734234 39.81857710799659 5.560810990221529 13.266882967691163 -12.55733557400427 -1.5243342797373272
44.793711032275674 -0.40286291373413124 -10.739400513230821 42.203459165372884 -0.1686052899387419 -10.671658690171935 765.5912587176339 765.5912587176339 765.5912587176339 26.487301312818886 66.37750829111839 -2.892611505776077 2.34007910304606 -16.694766590511872 -3.853755499415301
40.48705330284047 -0.9267061055375041 9.349607181686316 37.76405032104478 -2.129542818364194 8.143272021250482 618.1507101678968 618.1507101678968 618.1507101678968 22.9434865216706 52.64955952751082 -5.234828475740027 2.575049311999089 -0.5875438093875418 21.536683634416114
46.448860383750755 1.2996886120719178 6.140444321496854 43.31977355801713 0.5027275184694702 3.214604336449667 576.5034922670262 576.5034922670262 576.5034922670262 29.851657665514423 57.775389137056976 -2.9220959373940367 4.845457099356146 -0.28042846104321395 10.664726602414222
32.825159475514596 4.092978963203453 -31.660649580739356 28.42126798058051 4.311964104429938 -35.08637422273861 806.6277164524009 806.6277164524009 806.6277164524009 22.647381069682268 40.95445574554388 0.5990753304895013 8.24160680847616 -37.5384547953892 -29.772267704417832
64.08481460909172 -4.3896788523750985 18.671253009908508 62.37733960540454 -6.239417374347466 11.509025513606508 946.5912388001261 946.5912388001261 946.5912388001261 56.64594713124866 73.92780674670814 -11.142943540732752 3.8234003022190044 8.378644214769304 34.1153430709352
51.21933199423509 2.0100038583889464 -9.57608226837182 46.13282933190278 0.9800298191520729 -13.39248749882912 902.5911525587945 902.5911525587945 902.5911525587945 36.74580657088201 74.72521191165356 -1.6862210368691621 4.18888021083702 -16.69855801658113 -6.357499087484
42.093212591523795 -2.7452724099606503 -11.5655093477467 40.297405583473854 -1.5870791613369906 -21.185663028840494 732.8152238597005 732.8152238597005 732.8152238597005 37.01855323895083 45.391871967368985 -5.8771321604267 0.06045848641308971 -24.92852037143811 1.49885975386978
43.74053001790545 0.5545457313356792 18.442773074077 40.66120837048576 0.75108513860353 17.54634573555095 599.4669650633804 599.4669650633804 599.4669650633804 24.68180109588338 62.371054592713804 -0.43206330366499235 1.5754933443422603 8.225303288107321 25.806491500389694
51.21024420096461 2.105269727541291 -22.858543560654795 52.05507556567959 1.7569039550415777 -22.8488452263095 1067.1036200301876 1067.1036200301876 1067.1036200301876 40.39562716068873 61.60862799008139 0.09566086437966248 4.073891778753335 -36.626591307449075 -11.95655961893446
39.22990743514096 -3.5346429291811843 -13.159346899706533 39.89869227078897 -4.038144236867519 -10.456955775406685 823.0198793979553 823.0198793979553 823.0198793979553 15.385103361273309 58.75260593684337 -6.51183346348766 -1.0823029363054015 -23.288894009732502 0.19427848567448724
48.471432382661156 25.21033840306165 32.467078374563876 53.72277363647277 24.33956945184454 33.7588888548168 491.6915808709455 491.6915808709455 491.6915808709455 31.648070397578 66.7093684005525 13.11378507734537 36.21723097115831 11.418675862369776 50.45592597931671
37.98676603861455 2.5817417930995434 -8.847166857385194 37.26441004300788 2.0977640656777155 -8.675763358857324 521.3950865609014 521.3950865609014 521.3950865609014 25.033442325402007 47.19637569213702 0.030442557933940684 4.769963111563108 -20.130826769629024 0.0025086775540139605
54.157318519978496 -7.259160697588896 -4.238060129162802 53.87869509336207 -6.265383272546583 -9.441977027847681 1220.4557564555275 1220.4557564555275 1220.4557564555275 38.04321687420734 74.07454021202057 -19.102447339584717 7.047776391398558 -21.959442598547092 18.567846648878614
58.42516320621769 -7.881348502664924 -25.11778119627922 56.92663739440164 -5.798677656797424 -29.192313292681437 1486.0725404584575 1486.0725404584575 1486.0725404584575 44.06842478054059 74.74265998254616 -11.802002298267375 -3.4497243188424953 -36.54288114824357 -17.62353270397934
60.606985473439494 -1.496197627308648 -0.5475275174024554 61.03725669005543 -1.0623732153865473 -0.41533798903150565 1034.627918495146 1034.627918495146 1034.627918495146 41.26943428247081 81.8276596977391 -4.3946614752504445 1.9865183796455854 -5.0740679011488155 2.994016622730819
43.929626934449104 -2.464392823967283 -10.293686011100048 40.75012141505464 -3.2725678809331638 -9.906129041718698 929.6570465831228 929.6570465831228 929.6570465831228 23.940923887432856 63.87232548163852 -5.996607735632834 -0.5210038493942346 -23.431459729064862 1.1163724124122532
37.19799991361102 24.316753513925963 11.949539833424241 35.21314463506056 23.95610376873443 8.778568929240416 364.1089814926758 364.1089814926758 364.1089814926758 19.737540092866972 53.326206960003006 18.396555728347156 30.37851816329229 0.9481420367168147 21.732240643857082
43.73894653061068 13.623365828782077 23.62256776836558 45.25476368097886 11.411271311807331 23.467524128177438 311.9105690968134 311.9105690968134 311.9105690968134 36.40397308238338 55.357875976617635 7.296507997385793 20.490289981545008 16.663029945139538 31.141958245750736
43.249020086273816 4.7249315439934385 -2.6223331732797712 43.26834457213503 3.7787261562752947 -11.216207681978151 512.4892126696599 512.4892126696599 512.4892126696599 40.688971112521806 44.73525766831928 2.720076161103757 6.866361291432089 -16.84457354664408 19.899280062746485
41.76009412092903 25.53403901791104 24.699432641560417 43.01215327850684 17.743731167401673 22.420786330570763 357.7982875308622 357.7982875308622 357.7982875308622 35.90850997564638 53.1460495730399 10.771286876028686 44.21782210154569 16.889433763847915 38.206760388195775
46.23433597330746 2.652237246770924 6.647430406939373 42.80729871629345 3.3175102993028283 6.1078541352930005 632.8140956007132 632.8140956007132 632.8140956007132 23.90846316747833 70.45583384828794 -1.7234608412720065 5.576918860129176 1.5421354516587105 11.10273975897751
60.195677987419785 1.1017142333925116 4.820762611983755 61.070304817288516 -0.5057142631979955 5.919490822771989 902.3888582906085 902.3888582906085 902.3888582906085 53.409089898125075 69.13405264183774 -2.499141296747165 5.578544116518813 -8.333673729131451 15.90846287081106
31.66414114163889 1.4048604833651113 19.699110248938332 30.791215809720605 0.023604672863747345 17.514033585233417 487.6206637728844 487.6206637728844 487.6206637728844 3.472058804317342 51.45760110569468 -0.3317031636934503 2.3777096322546987 3.126152688784456 28.244535199679312
43.665089318916976 4.0168294796054775 -7.715757722756216 44.092534198498434 3.582952174671472 -7.854717709027337 819.7785843628327 819.7785843628327 819.7785843628327 17.15522159455174 66.2730973953264 1.482643322520516 5.998587835447711 -16.615244201321346 0.0044306658164128265
44.96788300164398 -3.41833932125618 -10.457293957366476 45.56208373253642 -3.4245106825864235 -10.277325828574302 663.0114906450167 663.0114906450167 663.0114906450167 42.15092843684889 46.85486180934134 -4.620825508874438 -2.135118260149005 -22.613848635582357 -3.4443396034363527
42.781987071832475 6.393846530255328 -0.6609259088064645 38.41563609845251 7.084798552654731 0.6300243415684803 512.7145629493224 512.7145629493224 512.7145629493224 29.24933263664667 58.09489327040309 3.686569649052285 8.60621037918071 -2.7121774417991684 3.8675448840443494
48.302823858449585 9.095010806531212 -16.05161281255903 52.01130157410397 8.145552870644057 -16.85279937693023 970.3171067482248 970.3171067482248 970.3171067482248 34.47085162522423 63.96836792979081 4.953204880548679 13.369500965740965 -20.70609284668759 -7.888086804536054
60.44432924371347 -18.812532435547173 -5.004722827252079 64.21097153021081 -18.699958488141878 -9.122159417317487 1700.2227672680854 1700.2227672680854 1700.2227672680854 41.7576085423943 78.67547894864178 -32.916709648714196 -2.217029643111379 -25.001751008123474 18.839438233715
56.97981318465717 30.972457295636147 44.94114759471095 64.91283693856295 31.541660640402203 54.60743050719198 522.6847592587299 522.6847592587299 522.6847592587299 39.30218858074216 69.36806033157869 17.283795048433248 45.07033533332605 18.528926268199406 61.82724872165253
59.04883386132449 1.00248016945495 -7.543346440623154 58.31070954836717 0.9976998205310506 -6.507821894385668 931.1500881124283 931.1500881124283 931.1500881124283 51.81453433048108 67.32234294271123 0.3385058682953135 1.8551354889821403 -10.235557026670255 -4.1873455547504435
48.74692031645891 11.534632969477741 -17.549847838088702 49.34351594034624 11.676646933747259 -17.846634627658542 889.3313088309438 889.3313088309438 889.3313088309438 35.057080629173626 64.72155529093452 8.69169208688836 14.095243939739543 -24.214053005826763 -13.260861575759176
60.7412927555502 0.34023824385311874 -9.943017003681188 58.88784576862178 0.9563289005826148 -9.71405989722436 1032.0810719808762 1032.0810719808762 1032.0810719808762 53.780481518298245 70.64515921968783 -1.3062861919793944 2.6232968168936055 -12.353512182870618 -6.9233963818030375
52.3521598348062 -2.3079014529570197 -13.313826560859859 51.11394372153309 -2.5987730610402826 -14.241928837342687 903.5180344441596 903.5180344441596 903.5180344441596 43.06092195724693 63.253687016895114 -5.751724012355297 1.1132657511828126 -18.11594058976025 -10.912426058172153
54.86347284818807 2.251963518269862 -18.16022014008936 50.074111912470514 1.408577492005264 -16.725039160173182 1112.6784286739517 1112.6784286739517 1112.6784286739517 41.64908841016274 70.8054541592342 -1.8669485887556347 6.600067293573764 -27.752287325379086 -12.985814967477417
52.39909749115833 -6.398013673110081 -17.209394725316155 48.10869942510375 -6.122864641426279 -18.344328830117163 1114.366255023405 1114.366255023405 1114.366255023405 33.44171248968984 72.69526580412033 -8.318641362250704 -4.326746727131272 -21.122613004571562 -14.46884810246094
54.42738668240159 -1.7455009698411474 -0.27761175466693533 59.05598692346386 -2.4035223003814887 0.2654466690526047 925.8224599199157 925.8224599199157 925.8224599199157 30.882614305479777 77.06659582356666 -3.7318197520859604 -0.5464695150308174 -7.036338898191885 5.105701246072137
61.967245316115296 -4.3996868861228995 -16.194107667037034 58.226204161640595 -2.1911885029100575 -15.992423770773701 1321.894370433619 1321.894370433619 1321.894370433619 50.393771290498265 77.11920204492701 -11.916378615806245 2.1484499028002757 -17.5426040507787 -14.53996661614898
56.36985785025296 -4.590408458664818 -19.920372032554138 62.929742343255015 -4.834430847017568 -22.087706930992603 1201.163722416504 1201.163722416504 1201.163722416504 40.85915392057469 69.99215945855433 -5.813008121651336 -3.533876878645377 -25.657410227928988 -11.121434511294732
51.214123515797006 -5.542363055260358 -12.246770697819182 51.42336136953645 -4.520248455993581 -10.663513118834333 965.3942918664503 965.3942918664503 965.3942918664503 39.865295387188276 58.27583466910896 -8.748272210789999 -2.774876612469543 -20.34400940226695 -6.884849460875106
44.11406199942069 -2.549408525420289 -8.088236801153142 40.61571785279349 -1.297044242374118 -21.145457126289546 770.374384514109 770.374384514109 770.374384514109 37.23741527407649 49.65346233055032 -6.333714919547782 1.2643475793921721 -24.988544391365753 12.189346758017223
51.44695649810848 4.759974942969254 -1.4647591133894167 47.020152207389195 4.371525381308694 0.004148205481402378 779.4708364830002 779.4708364830002 779.4708364830002 35.758830304331894 75.45794919692533 0.8558149514901747 7.674185496794411 -4.824265436902153 2.8172912056253274
78.23111281019344 -5.779093548363248 -8.868485554535505 76.5317803727304 -2.9645390728849086 -7.850160635467618 1672.173900988604 1672.173900988604 1672.173900988604 73.01645293820006 83.83392125786489 -12.582425959392518 -1.1332850556549645 -13.672803458415107 -4.239723446763688
50.52479150590423 -2.1914753385439867 -11.077966785484278 50.66248722353947 -1.9530440278637262 -15.558195102908057 1055.389519355818 1055.389519355818 1055.389519355818 26.150249472662452 73.34455400199398 -4.34481320641078 -0.4615035208000856 -20.55971144566796 -6.723095449741429
68.66613014675272 -1.087085946650532 -9.147060251201516 65.80619200946374 -1.0080011231438646 -13.729867350141035 1360.8991663124673 1360.8991663124673 1360.8991663124673 59.925451334357106 78.83833694475919 -2.410089673518967 0.23362276627686418 -19.781903010800868 -3.213180433395091
41.571484156068315 -0.18334001684956136 15.579687567555977 41.40780690024852 -0.00029715750515801886 8.177000732948247 647.2059856495866 647.2059856495866 647.2059856495866 17.240761182026894 62.87617165152976 -3.0923846157812074 2.1275530857217495 0.0005632621736473276 30.783386943553804
64.40511348908115 3.986272290273466 -6.559506342897887 61.27756098850287 4.1098594768083085 -5.8383307749217845 1064.5078870944167 1064.5078870944167 1064.5078870944167 54.078077080437566 78.48407198988669 2.463456337666481 5.841619169779988 -11.088336009358768 -1.739838522642878
63.024830650690845 2.4605575981477905 3.34852566879575 66.51023750131668 1.992940705998647 2.7708815467968773 904.0999635093982 904.0999635093982 904.0999635093982 60.338015319697575 72.05805258875958 -1.9522145155895787 7.428284180834799 -3.487724336951592 9.889587562536907
45.989828720467905 15.425070311344122 -0.601455644331204 46.77979805974918 13.798264052387488 0.07796953581166166 827.8733850475946 827.8733850475946 827.8733850475946 5.15848528598114 74.31650729862153 2.0919006162030924 21.687961899264362 -5.545954441462975 2.571288202953839
41.17982606339562 -1.6001344164788078 -9.324147776595696 43.147424505116966 -0.7277870679323062 -3.395549095011874 664.2232388662193 664.2232388662193 664.2232388662193 27.401167738064707 52.131807276390845 -5.757232651215999 2.040255608302094 -21.55652163385755 1.282657135549703
52.96846010689714 12.910439612374375 -5.607535639335469 47.533483685585004 12.59297961076572 -5.388369788289515 687.2663559926835 687.2663559926835 687.2663559926835 41.449263109213476 63.6326574081488 12.16583284943129 14.220553725760809 -6.549584391711671 -4.246981446041797
37.94230291400441 -0.5699288540346261 -11.608624080455705 34.91035150188047 -0.18881304464476306 -11.167520761999285 694.2019568174087 694.2019568174087 694.2019568174087 16.025360123748236 61.93878088196399 -2.54970885454453 1.3939884058613434 -20.364715676206664 -2.3842706509501377
51.700162848078136 8.338211757260353 -28.790469584552007 57.80709068090117 8.881445141405987 -29.664967222574923 1219.1851376571512 1219.1851376571512 1219.1851376571512 38.12131743453551 66.72416820279997 5.362206479017785 11.082621075847786 -36.20718061156198 -25.183032727628472
41.46035365555833 18.809360226765417 42.46468854080641 36.106013852096964 21.028076418664998 38.39495171289195 806.8737774718321 806.8737774718321 806.8737774718321 12.682554931187958 66.32463252282962 12.35487743044525 29.326009997383913 13.953812994835117 68.9441114292159
44.179096501977014 1.030395570329941 -3.3740640605801584 42.40716872852651 -0.018418090324157088 -0.27154844838107595 654.7927809337262 654.7927809337262 654.7927809337262 31.873555250061543 53.72084468102645 -3.260129974511888 5.150382714192769 -14.316826059262915 11.497334742306442
37.23453269025935 -0.46986152165165884 -19.1682816184069 35.13873082948388 -0.35353177237507083 -18.834724352300547 807.3814525106997 807.3814525106997 807.3814525106997 16.005171599413167 54.346674207624645 -2.4546189584581795 1.6984398228536424 -31.329005279120402 -7.353356156224517
45.9190012900905 7.7922574202082515 -5.677399914020843 45.87450866863226 5.048991612430442 -9.362175472231527 623.2476506527838 623.2476506527838 623.2476506527838 36.64546880924136 56.26029142547235 1.9955832914981542 12.725856941068702 -15.490009956846995 3.7100272187073458
30.910722037216313 -1.550722770051619 -10.11794574024189 27.09951824698545 1.3138756405516872 -9.492641942628605 536.9856539129371 536.9856539129371 536.9856539129371 15.751144218022883 42.86481107266329 -8.08277494804839 3.766488351788999 -17.16290303532282 -1.0523953240162809
37.5232310984607 2.3399713490025618 12.919436533349531 32.90704625540614 0.6461843216881702 9.43077400325122 344.0974417070961 344.0974417070961 344.0974417070961 29.15980632831542 40.8341804620884 -1.4885757950500178 3.7501165072899303 3.40385095150304 16.921348107777778
19.982188783992914 4.550638009004008 -7.0721693810445565 19.230729592551068 2.6433123919662185 -4.695951809575716 272.7954571457064 272.7954571457064 272.7954571457064 1.0255300228946957 32.72373135304786 1.4265141043424827 6.481299935875519 -13.68770427417293 -3.03693794654753
48.95011017702261 3.705732023499667 -9.310204984024226 50.67579638937504 4.896145724566425 -4.0648143419171 962.5441999446889 962.5441999446889 962.5441999446889 26.971394846601477 72.9090406433274 -0.06541744755236834 7.790748099997858 -31.303059456896925 8.934130872765532
65.86933097391888 -7.063886838872265 -5.708760766158491 78.55233849705812 -7.516477329535226 -8.768471149622803 1436.3021457924413 1436.3021457924413 1436.3021457924413 41.99737520630171 87.71177162825916 -8.835461501417008 -5.690528105941006 -13.297396502011305 -4.41562004111411
61.27434165448988 0.8516549242708891 -20.712509755173592 64.09577695131787 0.8144777243287438 -26.47732353495329 1327.731967601126 1327.731967601126 1327.731967601126 52.36090578233252 70.64816333370067 -1.520179717565906 3.2354265703458673 -34.25861583972514 -3.0966375193983016
44.18800093469896 -2.3916814878050525 -23.358598974535656 42.18819474482199 -3.406618344913709 -31.813596948757585 1132.702080042127 1132.702080042127 1132.702080042127 26.335907757609483 61.60095000881675 -6.906168535841917 2.4470872657534892 -41.242426847393496 -9.10493807796109
55.93333503718958 -13.722320803679484 -5.899952797024937 59.911462592218854 -13.815186722346773 -6.473622424994597 1121.8907451806135 1121.8907451806135 1121.8907451806135 37.38852099587763 70.77240694035129 -15.972730965631953 -11.743139835614674 -12.370811837006546 -0.8932118659659372
54.59067170209212 -4.706070416921819 -5.221129849737755 61.0644295246197 -4.724646842132529 -4.459904813093807 1059.9721815265502 1059.9721815265502 1059.9721815265502 27.58959610714701 78.01758517718883 -6.947533913354176 -2.7525167220561197 -10.465574909625364 0.6841923895188673
47.901312695856056 1.8141160603529158 -7.1152626468583335 51.91650370038839 1.7525624305343435 -6.684425802363947 707.168954034339 707.168954034339 707.168954034339 37.5064742540171 61.082689549243526 0.7602044462883817 2.8362209411108563 -10.203403019633983 -4.139188661190452
54.34869768935306 11.034303427213427 12.837076633006905 41.27533827319251 7.393974229420147 3.479150675851017 758.7014200016552 758.7014200016552 758.7014200016552 34.03335185432297 79.59181124097732 3.6594116650084105 17.63309321501856 -7.947591217941663 33.57063837301328
77.84963936431082 5.898279252569736 58.01733199854929 81.91005743550696 7.094308017910514 59.98611245357311 1270.5693278002684 1270.5693278002684 1270.5693278002684 67.80400390903714 94.10794418494278 -12.053998499646681 18.161085008622237 46.78890223504848 70.4201380147636
50.78685643767553 3.154928742118984 -18.01447644224303 53.64547093264999 2.3455028803365527 -25.497620633362683 1300.530590488648 1300.530590488648 1300.530590488648 25.179792874236156 73.86758411210788 -2.8523939383519883 8.141716288119882 -38.5047629170092 9.679822909230623
64.607772278965 6.257302722396452 6.086204742383181 67.78404249082789 5.9651346583165505 7.302021419438343 839.7687654861879 839.7687654861879 839.7687654861879 53.68574282231475 75.92636021966587 4.66273076514323 7.874974068196469 1.5190610197284515 10.587108982739979
76.59744622994967 0.9783642374150778 -3.5643013047757868 87.92892935131212 1.2258169367851401 -2.3019539497483477 1508.7536586799558 1508.7536586799558 1508.7536586799558 63.93885870905592 92.90037068326295 -0.002330028808394946 1.7872794802357705 -6.125968467974308 -0.004253988315205959
51.22930748536493 -1.2155948713431681 -13.884376112271147 53.50054518198539 -0.1957906193446185 -13.434815905940933 980.9869325398328 980.9869325398328 980.9869325398328 39.48660725472969 62.82429903807868 -7.263003570679924 3.481677870276978 -23.991913836641963 -3.565145899948252
45.791435023578956 8.327247927466427 -29.255050742614856 39.0481955711806 9.160346987619999 -39.45610477554682 1277.6071956963635 1277.6071956963635 1277.6071956963635 30.9790503615722 60.95427622714263 2.6738072155858794 12.84595134880112 -46.93036371619921 -11.791783011762135
36.724940685044494 13.017202602188076 39.614448874315464 37.782036852119504 10.485988989678397 43.10899850171102 391.44574702342817 391.44574702342817 391.44574702342817 29.70265538616365 43.521964975633026 2.552777560035413 19.326746809607886 25.313909034528542 50.91196666246447
50.93264098873515 13.302511684466733 29.331246399063374 63.83892834884466 13.026767570864683 32.26142868886463 606.9856520693975 606.9856520693975 606.9856520693975 29.764348181681484 70.49539874369725 9.141053038446923 18.907436760458975 16.97525897747415 44.19716728326626
57.232190879666845 -3.5645096176801094 3.3476928616348607 56.43097919954522 -2.9303451972894634 2.6361802369168075 882.4560864262127 882.4560864262127 882.4560864262127 45.232404006535 68.14273211533852 -7.316450018898801 -0.2433584534181077 -1.9215957573184728 8.178615805810141
60.09685539512962 -6.140113931911092 0.7800114971423822 60.83543774857942 -5.965761661103242 2.375779023531188 1005.9832184043831 1005.9832184043831 1005.9832184043831 47.108622652454294 66.19353947873202 -7.606417943500976 -5.04496273051952 -5.130302838437495 4.1321462650308005
64.2488860195055 -20.09700980145199 -4.608471989514387 72.5110615421576 -18.93752042923047 -10.820576347502442 1731.6530852579247 1731.6530852579247 1731.6530852579247 46.99459643424339 81.91673648841041 -24.088043788822453 -13.454712107087985 -23.68038333215008 13.850385331557991
51.65487565038869 10.848860713080773 16.622772447400852 47.036159261130656 12.004126935872689 13.356951359498549 505.5016634287634 505.5016634287634 505.5016634287634 40.60040664825851 64.10919973401525 7.631136799778615 14.949243167593384 7.430802629296185 28.201170094469884
40.280260699302225 4.34468946678197 1.2340882574851877 39.60711036122921 2.620471437055849 -2.9097568895139982 548.1007130436045 548.1007130436045 548.1007130436045 23.109911324974505 58.61032761695583 1.2386274605825225 6.060167208447334 -7.058371904313621 6.914497616579079
51.81576993522499 -5.29489427200537 -16.348449591634473 55.69747171247663 -6.600997516478079 -16.724621584448784 1062.8657245341253 1062.8657245341253 1062.8657245341253 44.298569422275236 60.38108644447533 -10.870411714772432 -0.5467951030479201 -23.393310552417645 -10.534039911720674
49.04255615572509 10.814910309957833 8.385456777135724 49.83284031551703 9.262506357350903 5.418787630345445 708.5158687912277 708.5158687912277 708.5158687912277 22.40004208526223 73.83751050956744 3.730975995070551 18.10100634940383 -1.7175599585904422 19.499899178857838
37.10611642817127 -1.5369794418607117 12.313591108269549 36.22367783102848 -2.8039237584540495 9.13902728624804 554.1233545652714 554.1233545652714 554.1233545652714 9.103716275995989 56.93988579921589 -4.467913191733578 0.9938268584255283 2.8900398040478987 18.897596209586332
52.237597798326604 -1.3994112630505127 -17.10280377890762 57.87354798325091 -1.8865075889845928 -17.373235118788077 994.4326104594984 994.4326104594984 994.4326104594984 42.105591494481004 64.23907556443547 -4.767823866900112 2.005460645675139 -22.362905617104147 -11.637164368143416
47.20633884807718 -12.175676994633942 -16.461644558411393 45.40770206363152 -11.695559267549449 -17.567153369099664 901.1607784646518 901.1607784646518 901.1607784646518 37.73631682080031 58.085321444672786 -14.00827709813618 -8.32713022336809 -19.351445270577972 -15.229107671350594
39.83796303818042 -7.741356306555567 22.165119548387246 33.051238735660064 -6.840859884867961 17.82246477254275 748.4618408388278 748.4618408388278 748.4618408388278 19.691364945949175 59.56272171178475 -17.11764686820132 2.9741743400082954 8.399021462056467 33.75258167437762
27.106209861763443 31.374310552039915 20.927739898335986 26.23104983098753 29.393276987704525 18.72859979858751 248.81458388929204 248.81458388929204 248.81458388929204 12.583346051105657 38.816146428035495 23.45737331035083 40.314694006577334 8.69697385226459 29.72218375867554
58.71398732423961 1.4822063742537184 -17.55472789958181 55.285915429370185 1.3703011829463985 -13.811630775595663 1153.7823325649365 1153.7823325649365 1153.7823325649365 45.50481145411222 72.72017853709839 -0.02405494333318492 3.074454802453941 -29.310555311700238 -8.621761662354022
51.28706865567774 1.8419679498830421 -0.190592870169777 53.062996485213915 0.4180059113218504 -0.991114234172169 740.4638309515473 740.4638309515473 740.4638309515473 32.37131273259455 68.67851974878636 -1.0223256186021323 2.569020468490557 -4.081451988980689 1.1448302745069139
50.072617678197744 -14.983397667983748 1.583632009778551 53.88945518216627 -16.3828880503451 -0.5775808149296235 1150.8063801039582 1150.8063801039582 1150.8063801039582 27.339651563436895 75.1217377343498 -18.162216458080888 -13.060045929831704 -10.32302550188897 10.709484647607969
61.986329036313364 -4.53860289784691 -16.243332949344914 62.61118701438065 -3.136198608114038 -15.750658543380624 1321.0555856338417 1321.0555856338417 1321.0555856338417 49.03019629715644 77.12294618957095 -9.732944174679737 0.8692522892929239 -21.52188385522955 -11.06390865614979
53.344902450816235 11.47343881591727 -37.77507210755168 61.295512167357785 10.01612570594068 -40.666726387011124 1609.0635530421612 1609.0635530421612 1609.0635530421612 45.67051954303203 67.5739650910689 6.649995401799225 21.685647574223644 -46.95431339374023 -34.806652037634976
42.86822358493382 1.7143844825172219 26.68502159904439 40.06782916820172 -1.0782138206653358 19.13445964742715 643.7811800749934 643.7811800749934 643.7811800749934 27.141155797602323 53.19872319676209 -3.7085228040876492 6.2590496614454425 11.347092479664578 34.89201423127065
28.27614683448225 14.837546417692927 15.063894811530444 27.5407770608293 14.10748313286178 14.407244820352872 167.18376832622835 167.18376832622835 167.18376832622835 19.55450421999653 35.91132949229011 7.615948015052304 21.32945655507043 7.443592613392902 21.628005109627345
33.33449715253699 13.869227421130947 -33.340258051502275 29.08552005362501 10.769389176893505 -31.860641478514896 1099.6108529578194 1099.6108529578194 1099.6108529578194 21.47387361033472 37.57833400935631 4.698364330288598 26.791977217097696 -51.86697929962402 -24.466704287058917
42.091302401843315 4.243141918271336 -14.898156533180472 36.42011729670698 6.810843963960201 -26.540645276571507 1077.8387623996443 1077.8387623996443 1077.8387623996443 24.45645948327951 62.89337876001807 -3.047150742305757 13.313579879772968 -40.215634141641274 8.238000414338392
45.86910607661359 8.020511420799572 1.8756581916149153 37.62573567319866 5.559303488927414 0.0016753403598190886 627.0484552797362 627.0484552797362 627.0484552797362 27.472113296157595 59.57849320167173 1.0849658675541607 12.263420377136958 -7.876876287584839 8.045488686097126
64.74229554933972 -1.2146372563694485 -11.157344717281106 66.67527353662078 -1.0688496965557404 -10.530349000908657 1221.910472298311 1221.910472298311 1221.910472298311 49.773302001162634 78.41360812320632 -1.9741942134698376 -0.40083508821828207 -13.007281153416983 -10.00765387275515
61.181007330209916 -0.04281442636800145 -10.43079887524053 59.577052988655666 0.38031987322145744 -10.086160407377264 1032.2976137938722 1032.2976137938722 1032.2976137938722 56.02715766598348 68.05886005030715 -2.3740206789606977 2.1081990559953456 -13.041267846892524 -8.447940512779706
36.93668480620973 8.791396598101029 17.5958107995045 37.85294204070187 4.972986719157607 7.331664164493246 571.8782549037189 571.8782549037189 571.8782549037189 11.756429138893168 60.91881683767063 -3.48142547290653e-05 13.078027257311408 0.00013198086841192946 31.85055988225834
67.91221264450998 1.5655079298271657 -5.13899525918542 74.79372098637243 1.8667750533646887 -3.113550913370533 1268.3303603195084 1268.3303603195084 1268.3303603195084 41.35407102299708 86.90442651126675 -1.3400641476615516 4.435640777333938 -8.72907963422942 -0.6267609158545184
60.485818026267516 0.42113144075045633 -9.111956514449059 63.802811635920406 0.2487234305798558 -7.311423148365273 1186.8389074479367 1186.8389074479367 1186.8389074479367 48.620018945381105 74.83458518466797 -1.9281023593843427 4.373418964739146 -23.715809719670844 5.327862521887148
45.566274019267475 -0.7376882587658622 -11.623562296384556 49.447034003578324 -0.9775595007703308 -12.904163508230425 756.826195148708 756.826195148708 756.826195148708 35.071733175961256 57.629754849470544 -2.1668449604809736 0.7105318443408892 -16.105563769686672 -8.481227308019976
45.9577385227823 7.222792983517961 1.4729722711879436 42.43417552564953 5.589486388728998 -5.285114709124006 754.2588306821561 754.2588306821561 754.2588306821561 26.75644736786972 62.61962473673951 3.7623048067523324 10.116804994487861 -11.986745092144236 6.3667056024536315
66.16767187521052 -13.036450782970462 -10.869229680171932 66.55046879035302 -14.107357216190941 -11.181950019926678 1543.950263248922 1543.950263248922 1543.950263248922 53.18589187655034 83.7975423317292 -16.69196495627506 -8.763687093382988 -16.81680605683338 -5.1188477035135405
49.002587945634794 3.027577756470995 -13.5667949574915 50.86439870962262 3.59658050667494 -13.199034324461545 784.7097084552094 784.7097084552094 784.7097084552094 34.18798178347085 62.66267479598693 1.802886809241816 4.0523085416145355 -16.668386034015604 -11.184869774189309
59.078548931390536 -5.007521115748699 -11.028458406191367 56.83712249406735 -3.5684425450455 0.0046395781180263995 1622.9913136597481 1622.9913136597481 1622.9913136597481 29.541276545771712 98.3114781238965 -17.650206633538357 -0.0024476348925439595 -27.61870004147513 5.022518082221139
36.68528539150035 0.7310466595794379 -0.305564424794075 30.264091418744243 2.3007767707501205 -1.4806042857209767 563.0655397846889 563.0655397846889 563.0655397846889 16.681111006681633 51.64481178561424 -3.8277388863743878 6.216505976809117 -10.920356115453444 8.807425347299786
57.97754707218381 -2.490970511717748 -8.071119674104349 55.49161565574305 1.3045587048800544 -2.458947470597217 1328.3036875871194 1328.3036875871194 1328.3036875871194 33.470532931840516 87.1773659973762 -3.4344839946478523 4.012903651395117 -29.01126599525037 13.888663914380196
33.206512018845196 24.61814498836847 28.98201990773736 29.07315587979307 20.59579533580974 18.296646647888572 384.83708728262786 384.83708728262786 384.83708728262786 14.011165894894148 49.792023428605575 17.91081910544112 30.359146209849868 9.587662701959477 45.85628798635908
45.75482692770778 2.15713883337043 -7.7908047339349675 37.328450476463466 1.72286110736794 -8.383463765898824 770.1404151458102 770.1404151458102 770.1404151458102 30.92020524082836 59.8554711854797 -4.619677047815685 10.193135801521217 -20.61927455861843 -0.24984947544299807
65.51726634792811 -3.539283464752667 -10.133839444809187 67.60999792959497 -3.690582419588612 -18.294640513959592 1299.0413230903675 1299.0413230903675 1299.0413230903675 54.14914850635157 74.44667457202358 -5.203598460358727 -1.362189825281579 -19.449903705484317 5.935710140879058
35.81746373128267 2.734213929299715 -12.406903269462035 27.194292255088936 3.3511967729469294 -16.23499890040916 677.1390475619772 677.1390475619772 677.1390475619772 16.274156985809896 51.71870772027786 0.27801801072366294 5.560012345767889 -19.139244224047435 -8.992635109038149
41.049335471651894 19.462263180447646 40.12836166833805 39.589061513585264 20.577352382404214 39.65922576050941 283.60220810028477 283.60220810028477 283.60220810028477 29.142276386560354 50.86738975635173 15.259214016745036 24.802645880312834 31.703983267077028 49.135550909074254
27.653976462665412 2.6260777138871085 3.3279027140182467 26.272287930463833 1.9367608777080825 2.168698269557179 315.81521142240746 315.81521142240746 315.81521142240746 9.647741194211466 41.024433369099555 0.900022571994355 5.055804594069152 -6.751546669922959 14.801438752432006
49.46047839161564 0.2774365163588445 -14.673264903397856 53.80045440462442 4.703661877440368 -11.758710945138674 1161.611242653755 1161.611242653755 1161.611242653755 40.3991323585912 63.23184344769811 -6.642105665237281 9.84132388920883 -40.457500206027916 7.548830948782747
76.63286572278771 -0.11091059557200783 -3.7485085852316526 81.23170697690045 -0.002396360075818116 -2.489067655146937 1524.9511684079262 1524.9511684079262 1524.9511684079262 57.852998272719276 97.23209971720574 -1.2465615597768154 1.0959489226981811 -6.507668868654909 0.004542384897754381
44.31849372614887 -3.222678353424892 0.09987390528344386 42.498348527973434 -2.990362223397103 -1.7053939284219943 808.0880511870255 808.0880511870255 808.0880511870255 16.832851888959325 71.22672591405221 -4.301742941168259 -1.3192015657841893 -7.222377747113606 3.051858800092715
27.317167318019187 -3.1942627939574266 -14.253312717102173 21.302818122212706 -3.6336087883485217 -14.229590226035826 507.04525317527873 507.04525317527873 507.04525317527873 10.880081997213647 38.72435981141564 -6.919842840819215 0.8391870826606196 -22.32521681482158 -3.545806215447378
38.6735717025817 18.588544812551618 27.924076502611445 43.13949978879473 17.41431005545277 29.00334272269015 552.8037719737193 552.8037719737193 552.8037719737193 2.7732182693622214 60.80507671527316 2.006800857480895 30.433182935930642 2.8568438005007413 45.504250399258304
56.92993008017513 -0.5078497128061775 -8.533873887263187 58.770590707363255 0.2788868019446 -9.232463358210019 978.984574131255 978.984574131255 978.984574131255 44.801213620540224 69.54323339241809 -1.5994475154226806 1.2744990149721747 -12.011065257749369 -5.399129908564038
53.02977935660579 -3.8771904894953093 -0.34915921096885766 57.712268806797155 -3.8848951555533473 0.30415702431338953 723.8422002144656 723.8422002144656 723.8422002144656 42.46696324744077 62.63710565640679 -4.625708503172898 -2.9805479479005914 -3.658078415083521 3.04636652835677
48.882202847339556 12.272907073321065 6.159813367631985 48.47758446692205 13.839941726454613 7.99301264699912 669.0007919546664 669.0007919546664 669.0007919546664 41.76578706630748 54.76825252941383 3.8800956955927504 19.56490691038225 -6.816155917376365 21.081619563936044
43.20670405432615 11.40539675202635 31.784588728000557 43.777085161092934 6.279163284196921 28.84511200245865 363.02234321665475 363.02234321665475 363.02234321665475 34.61455823531715 49.75199608986284 0.9895560390177915 15.32526548996778 21.466513051703895 34.49274855223105
46.286027748705685 -4.331390312403297 -10.843305094593687 43.57195480554035 -4.373951196489978 -13.38199999787102 850.0117619670822 850.0117619670822 850.0117619670822 27.622378322371482 61.118515829226695 -6.705506190399058 -1.6367700005022745 -18.53242553639887 -2.3127912065575296
61.08635049876781 -7.292163632066297 -19.80725975582377 62.78530239494921 -6.201680513401711 -28.191199970809542 1495.598801017256 1495.598801017256 1495.598801017256 53.76342854035501 68.85110117831314 -13.35503765758006 -2.2226516898069812 -36.60229046020549 -17.920557252932333
42.76217939030543 5.2205819807480305 -11.040818739744214 37.32029654466662 5.138341779628464 -11.305025054406325 694.8256449014721 694.8256449014721 694.8256449014721 30.649130047343085 52.08290232192731 2.800932758050989 7.663089193151507 -28.71864530926349 -3.6714464565098415
63.57242979852887 -3.677653656674458 -20.347299332159228 68.89134699365806 -4.492460813302623 -20.46906214055264 1434.8519623140276 1434.8519623140276 1434.8519623140276 51.34868590690124 76.05470975188098 -5.2744345051527475 -3.417100246162874 -24.483540903302913 -16.32001318770584
37.05173194568774 11.920941481722993 -34.45927243891126 39.72926691263265 9.043915265256746 -48.06777367127978 1310.6621249538937 1310.6621249538937 1310.6621249538937 21.382695247678193 48.188965580150224 3.917686930546213 19.080170472730916 -59.504299642886835 0.7250792041202547
35.00089141253578 -0.4475542734429611 7.70991184233328 26.269049590699645 -0.9781563293562445 -3.192136070206486 509.09458518133675 509.09458518133675 509.09458518133675 18.003367612089498 51.23779282749021 -3.0992411430428577 2.2728762335484376 -6.822982277112777 20.317395922430094
48.903622833768104 6.173717110875099 3.8095421759862305 45.422846825992316 6.887470625654979 13.776211462044374 614.5994033846947 614.5994033846947 614.5994033846947 41.93626916900196 58.12371017566919 4.891437000191012 8.161796337288752 -14.950682066545557 20.267697157318352
28.11256703330256 11.300408140200489 -0.6579128372241219 27.82047975053208 2.555244601347706 -7.7108174712714135 453.3880204004541 453.3880204004541 453.3880204004541 16.088736370646075 33.82341978101625 -0.43837902836518783 11.978567913632915 -11.040492365619436 -0.7566584291144984
51.70439368755376 -3.900042348018533 -7.598768297830278 48.605518496412984 -4.255546927189046 -5.876604924721263 845.4087816416964 845.4087816416964 845.4087816416964 44.62345150988954 56.09233395585049 -6.6137084277377305 -1.0495245082411953 -17.43438611664505 0.286318020749432
42.08252007504179 -2.894874328497374 -14.521352135808257 41.61838126658695 -2.0186137824069195 -14.574693641943393 766.3261524784515 766.3261524784515 766.3261524784515 30.424222025592066 55.17260000621255 -5.752266805713891 -0.4376738587599238 -24.41484422392035 -7.013803380559952
46.48583531918428 21.73290108892712 25.996774585517937 45.679251972054814 17.886500502303257 22.459980902471422 374.471909743736 374.471909743736 374.471909743736 33.432682431845045 59.75719233493972 8.081148238983038 32.70737582429972 15.960859318378562 33.81591050800561
42.240759321121736 -1.52609307655162 -7.991055478063831 38.25673239769875 -1.5064523601296398 -17.64653605114088 772.993489428276 772.993489428276 772.993489428276 33.40647421538271 48.530223536044936 -3.7467341181605245 0.16082600228367605 -23.877726895344008 9.73627871830557
54.15355855564713 -3.074665306562057 -15.711617605592279 57.22972840922358 -1.2131062510421509 -19.57243059073315 1046.300540863984 1046.300540863984 1046.300540863984 52.24934124618689 60.808900779645654 -5.951082883340023 -0.08937650888803106 -25.03725078855703 -9.258775507841468
49.74045969621811 28.07027929594615 48.787770320311026 49.183932920373614 28.717646273187626 50.065236909685694 606.2616871186984 606.2616871186984 606.2616871186984 29.970242426693517 63.195583683029284 11.683939974452468 47.68258606683634 28.33245666405915 68.27899568103378
55.0858813680182 -6.5696169444814085 -5.221451006122922 56.206684481350344 -6.8460105011857735 -5.483659052706691 992.0881961859812 992.0881961859812 992.0881961859812 37.204833659040084 67.61650863407561 -8.182412093628189 -5.204637449193306 -11.643011619411169 -2.100706769682037
37.02553472227262 4.772409159147589 6.719597952817996 35.611943894278625 2.8348602430494916 3.4188817637632707 424.00264432820796 424.00264432820796 424.00264432820796 22.34745687662123 48.56695692202848 0.30895837998320963 8.085285263110892 -4.2402418509679185 15.465195328006253
33.07336493914124 11.333598976744366 12.32616360691996 22.655689539116494 9.730545091283599 4.384630978742232 450.7744788385558 450.7744788385558 450.7744788385558 17.696878888252726 45.88391268881469 7.881876124373327 13.73190211450573 -0.3765781585073791 16.25026626702482
59.686663984382164 -11.726806686881352 -16.035610092388495 61.2977183165452 -11.219358260762174 -16.612449623537163 1352.6351735257037 1352.6351735257037 1352.6351735257037 47.716160737469245 74.24809395704034 -16.989819831882357 -7.006727948874303 -21.687719600328904 -10.061817602719874
55.85431487120218 -29.366545485748073 -1.6015812940161984 60.81944613509965 -33.3196171583091 -4.5787305382921195 1392.9283286824204 1392.9283286824204 1392.9283286824204 45.27252581942125 69.34529240122231 -36.22501477501788 -25.424286302466932 -6.424718626715942 3.9722218986546487
62.46884752538365 -13.846583239787781 10.768260901613644 65.800177271197 -12.915872162262254 3.7068365601857334 1409.821656293395 1409.821656293395 1409.821656293395 46.19622870457117 85.51277271663456 -17.992409218321434 -8.13302792328402 -4.251897915896974 24.044866403343967
28.22268992724335 -3.4402383644063383 -6.146755379285618 24.484083454831435 -4.048741907971914 -7.063741432134796 396.4744165646195 396.4744165646195 396.4744165646195 13.538085220547416 38.867648313884445 -5.4973548031883315 -1.4002138375512827 -10.288520707547644 -3.2990322372437224
39.957193858520846 21.32688229520182 18.11981947118918 48.207844533819255 19.04372012439215 31.053218981269872 568.392484745942 568.392484745942 568.392484745942 22.231613392211038 57.842887493645364 1.6403341940648963 38.31789967207215 -8.18422331242078 42.380107764334966
69.9290701620821 1.8426014148993652 -4.81956360443307 70.36809646550469 3.7612195769728407 -3.400905384560038 1328.7361803104052 1328.7361803104052 1328.7361803104052 60.01760961926807 88.43535359006664 -0.1383600233979959 5.11201829746094 -6.451802247076643 -2.5403578157055406
49.894084846504015 -4.803778749213306 -13.36857362260646 49.56946865866807 -6.189835154091384 -22.373159309976742 1185.7687518962987 1185.7687518962987 1185.7687518962987 40.09605451461107 62.532481571041274 -12.848825531039997 3.9118807671858145 -33.45444840329947 9.071205564730286
45.962359547665436 0.4382376501540204 30.30799856680883 42.804230501234706 0.4776829902554819 31.34883572146294 784.7336425697841 784.7336425697841 784.7336425697841 16.55303443655292 73.79359824142435 -1.4462068922300453 3.251941387602611 17.564238196403565 46.34335027670646
43.98047269271176 8.651276673413294 32.198155613945914 39.24445381191809 5.923932358298495 24.13096602231075 687.290588375091 687.290588375091 687.290588375091 30.397585702599898 54.77308761044549 0.7975326544849004 16.793815250103762 11.118107117465659 45.927490198388455
52.41308745240387 -2.539219577888233 -13.752058898415903 51.59650760127211 -2.333826708415032 -16.485261736379986 1105.8171525995274 1105.8171525995274 1105.8171525995274 29.126145331316536 73.95303547419053 -4.480570973373121 -1.0636345247013734 -20.819659876130114 -11.767755973957827
42.74175081360845 -3.8020828916861356 -12.563819491060876 37.108109969465374 -1.7004812852964983 -10.936018003977367 823.9651153676128 823.9651153676128 823.9651153676128 31.99005973237668 43.61871486199663 -8.763231958543804 1.1328785608693825 -26.572141743867263 -3.2840031991428598
55.44549235046419 -4.389017730118368 -19.928262512875442 54.24894130310015 -1.7440681858235108 -17.772804420050914 1417.7374980087843 1417.7374980087843 1417.7374980087843 44.63544901243641 62.998110156953864 -7.528441970288027 1.2464035814350114 -44.5013596697656 0.09213852072625373
25.259590744920235 13.379299664620492 22.458774787440547 29.442526806250157 12.193095582656092 23.953330532629636 250.27688647424648 250.27688647424648 250.27688647424648 5.288477638322153 35.96301431296851 7.596871002964758 18.407399915350258 6.829949331559443 30.88595663556696
44.16330773011966 8.55235700747482 -12.988328709229025 44.252640463273025 8.005181049954762 -11.865452349246187 646.0999680215851 646.0999680215851 646.0999680215851 35.284244707335155 49.09831261981128 5.5645942561231845 10.916649916797638 -20.89925168067537 -5.350133156814185
37.99555232321002 4.375871259456358 -22.31168390001008 34.050247661369866 5.587359132817715 -27.446415886586596 788.7757033172155 788.7757033172155 788.7757033172155 23.866214621534233 52.57819195275651 1.4598354865860697 7.705371554924706 -33.07409540165737 -11.370050477080284
54.42890193774789 -7.5877297225311215 0.4668907156048596 58.353864384038424 -2.5621876362650067 0.5260314777456199 1104.351707970384 1104.351707970384 1104.351707970384 30.424829886069 79.21982362312329 -18.13216039831958 1.2132593994678142 -9.920199970330401 11.558948229072868
61.35996186186963 1.282913994959198 -6.0432063740273865 62.772528067976594 -1.9127972007062788 2.7253508071599875 1184.535889556215 1184.535889556215 1184.535889556215 48.50191895831762 76.32606529372158 -2.9892821628071387 7.425913480643295 -31.750083740994484 14.363945926581367
49.09010429515705 -2.4244915367014395 1.7437026841533176 51.9549074719893 -2.217239806247051 -0.7277251925369654 667.6152840456676 667.6152840456676 667.6152840456676 41.089959736307705 60.99505766374662 -5.1107463018214006 0.6488526900568642 -5.563667773728209 8.481648025653943
42.246123927691684 3.3836694983548683 -22.073749297939674 38.36191086133738 2.9985562194129733 -19.311529925978746 998.4712085504789 998.4712085504789 998.4712085504789 27.371170777654207 56.66248756038547 -0.614027805870318 6.009664115340485 -40.180112558020696 -1.564200342080313
44.521282914146994 26.561715860348286 26.513527876197593 56.28309391273834 33.72392367345639 29.482587950611382 350.46240570443706 350.46240570443706 350.46240570443706 30.712901413717788 61.247406939935246 16.244006826105327 38.88090359342195 14.994104331804902 38.28166823706515
51.44074380081039 -1.2991113929175295 -11.113087810065405 53.3426736371463 -0.6024960572667826 -16.952710608201226 1184.6859060776867 1184.6859060776867 1184.6859060776867 26.234681352417326 79.37606063219692 -7.51208282873455 4.373340087843625 -27.103734763696437 -1.9367051572250438
53.609432120448524 2.242031235530783 -5.850657021706417 51.45198589228768 2.3173820519078596 -7.075116456351971 781.8192938327826 781.8192938327826 781.8192938327826 44.358096117586086 66.36493214839126 0.9058717466910726 3.534342980842653 -10.213594356759526 -2.322528439040239
71.17389828851711 -2.995388959313854 -7.375776519433474 78.76674526598984 -2.6056911522702175 -7.036338898191885 1475.8073853464157 1475.8073853464157 1475.8073853464157 62.85956262578445 86.57023647601552 -4.13335513086227 -1.4564301681546654 -9.502539737133375 -5.34109376472216
36.668054078061964 -1.5232876736383654 -17.192213321478842 29.859770002862142 -1.4412721104569703 -19.973986540501464 609.4054990683873 609.4054990683873 609.4054990683873 26.52807174004456 53.49300810125496 -2.3447813614490274 -0.5524195999739856 -22.020964160669106 -16.742030130396845
47.52387371799395 2.86632569962175 -8.210706752028392 47.70498790993352 2.7004574267721626 -11.02964065603933 622.5037758771942 622.5037758771942 622.5037758771942 45.95083361551617 49.05698744837784 2.118290095969033 3.5811532689719594 -16.498184214603494 -4.45311799005515
56.753584340768505 -5.216938744359896 -3.7881241814951925 62.77938907037027 -4.472150375672057 -6.281719333829128 1109.5246684978638 1109.5246684978638 1109.5246684978638 37.04521295586869 75.03671527518594 -6.958518252378032 -2.939004061560724 -10.826784725721005 0.9918860799480942
69.74349523543542 -2.7594328980510374 -0.062005631760010504 79.23814110970713 -2.7627409768159747 0.6896887142442631 1265.5579327756918 1265.5579327756918 1265.5579327756918 53.47665090877004 85.34899921510566 -4.456403377258944 -1.4255565833600214 -4.139345243419057 3.9347961028452394
53.15707260653761 2.067310880641496 2.500808171332887 51.96349193382338 1.685156305393634 2.3145285602990118 816.2416381142788 816.2416381142788 816.2416381142788 29.768199613396156 77.9709950474382 -1.6114788186709084 5.631909710130251 -2.968798806147044 5.060980949579985
28.30957655388672 1.7639362941261107 -16.233145546681765 27.374301813587834 1.4244118672190749 -18.369243753055414 614.0185075877723 614.0185075877723 614.0185075877723 7.679622827754219 45.902838757016184 -1.1233163362488474 4.925613524865827 -32.049663407083216 -0.009671492050961072
40.899827310173244 1.7367225080111115 -25.853314050791145 49.10153107307383 4.1202656194022635 -29.076256487921896 1129.4151807836722 1129.4151807836722 1129.4151807836722 9.130479853389634 65.47330309106036 -3.8037771631318495 8.30217517174351 -37.12275125012608 -13.82061092752554
46.31222239784749 3.9741562534967025 -19.979376291957013 43.7916438575675 5.032077257131645 -12.874685718960432 973.1432193689967 973.1432193689967 973.1432193689967 34.1256258212817 56.05946220748943 0.382999904403436 9.401449894774705 -39.79638515743311 -6.110030011835299
70.78829325383025 -1.9368373374664 -6.9134275665748826 73.25605510233281 -1.6078614922526158 -6.344589108554266 1359.1420909189353 1359.1420909189353 1359.1420909189353 57.24429112243962 85.61539375641433 -2.9910967526727283 -0.8903887240270802 -14.556936851205272 -0.40934388733755434
51.370372791073265 1.1444987449778357 -8.668390077475342 54.23970160070046 0.9855635780388061 -6.917252154732534 815.1089104392657 815.1089104392657 815.1089104392657 37.30030818022291 64.18238609913944 0.1126698818778582 1.880830830218061 -15.582573220651597 -2.748869582779523
39.46343052572363 27.171652836747686 -56.467841296038316 43.21883852587631 30.123999409432667 -59.02031103559238 1941.4113095885648 1941.4113095885648 1941.4113095885648 36.60137783819657 46.49028538956067 24.820821109796228 31.350564832674483 -64.22476189119524 -55.73065005616884
53.804598629040896 1.4822020160007068 6.228499139769207 54.501607706049725 4.197090292491406 12.210402544845644 868.4188369576053 868.4188369576053 868.4188369576053 37.38491790177743 76.65353895558553 -6.167540796307492 6.574009792323254 -4.475457045498973 22.937547053341547
54.141628055062164 -3.032927185832086 -6.146085619279982 65.63465568626175 -3.0184372720901687 -6.046689556294216 1121.9966491805337 1121.9966491805337 1121.9966491805337 13.778010185748016 81.76941312154091 -4.419527261583733 -1.6393334104033985 -9.134337866434528 -2.930916028610037
56.0234046128437 0.7953913017438508 -33.75759173406747 56.17591123211294 7.63415334777301 -41.145879374743814 1639.4570271948032 1639.4570271948032 1639.4570271948032 48.42850894790547 62.84171603556513 -13.58226318339545 11.488069271372304 -52.13707337813601 -16.638720693811315
64.35764771632807 -3.399646341037723 -11.435654035655514 68.14050233020913 -3.016010630331689 -10.10544454125656 1424.258586630073 1424.258586630073 1424.258586630073 37.16176270821068 93.53258706482217 -5.856639477462455 -0.39467782876360935 -19.657581983486683 -3.4997090960161295
56.16703112318321 -2.071632343083378 -6.953013035367854 55.225290384722186 -1.44049062961904 -6.5401132490810365 944.5015814682506 944.5015814682506 944.5015814682506 42.915288892870564 69.89742864033335 -6.359378890652176 2.2824208542133184 -14.781664429600227 -0.0022635719489239037
43.65056501273545 -1.3685558860585931 -16.180198755032606 33.96481775992835 1.9469946523288928 -16.642014441338155 1089.3177571172534 1089.3177571172534 1089.3177571172534 17.238721710471033 77.89747479864538 -16.58710493853488 10.351632652715937 -33.08252123631119 -3.435317884554867
50.976073010153335 -1.6086108871430198 -19.221963205435006 45.20868864037257 -1.9435680980029735 -19.09294818831525 1050.627871802349 1050.627871802349 1050.627871802349 34.45698622738739 71.88865836912869 -4.053385338337212 1.1234219710756777 -24.929253992884114 -14.273791416240101
42.27887056685572 7.292467659891718 17.44688032133092 43.11828813269081 7.479425931987125 18.048091179131397 277.6357040381677 277.6357040381677 277.6357040381677 37.04505077943329 48.1051065697162 5.841152488175933 8.610592701205066 14.592983129855208 20.83809198748806
45.379645292743696 7.9388704505770775 17.090526477148277 43.33060119261111 4.003217635496742 11.577478713280232 377.6983201895736 377.6983201895736 377.6983201895736 39.57099027809713 50.54988835144182 -1.6462634009900001 17.22281398487474 7.41834569336185 24.49128253857521
65.78925837706355 -0.2576594375276631 -16.304824174997474 68.0549526456389 -0.4131058029769319 -23.053781192257674 1395.5721231765428 1395.5721231765428 1395.5721231765428 53.617438725691486 74.27517901733859 -2.0129468622671896 1.1869940298229187 -26.342350572660767 -0.004339666212072046
36.81027321437986 -4.908961272795608 -21.956426062127957 37.45713811970023 -3.670325144050995 -23.05567097048322 747.6718483620542 747.6718483620542 747.6718483620542 31.7937757928972 44.242228100854696 -7.807346030300172 1.3380684956615096 -34.075320446737024 -12.084694323327971
57.25325952536581 3.4596542552845913 -12.206263214208017 55.498951663155665 2.840352792023687 -13.334670690163609 963.4756328330524 963.4756328330524 963.4756328330524 47.04230115998907 65.12189395869729 1.7120346967863311 4.164031375723187 -17.231464035526155 -6.736170068674974
39.17231405084465 3.6908688401963774 -26.601834130100826 37.56563301291351 4.280271534544563 -26.843625087826016 800.2138321583922 800.2138321583922 800.2138321583922 33.29623217482701 44.437252384054126 0.4577869819910041 7.3677077823686705 -37.2417240947458 -20.624256897111582
55.2122789682514 -1.1348251907326903 16.973395784508625 54.03903949057435 -1.4118554644301229 11.849627125908524 1008.0606845071792 1008.0606845071792 1008.0606845071792 33.40158241401489 82.985126687511 -4.012759848622927 1.5937927518843709 1.6891266823648345 27.584817343178813
41.02711536688908 5.87869761888734 6.003817670808671 37.83788864972138 5.0094040079766975 4.284939116375607 505.4772257695875 505.4772257695875 505.4772257695875 21.40293260785063 58.82810845880773 1.6057096259066705 9.685067032021793 -0.29572286295140304 11.267784161064432
38.02780101528624 7.275877359520703 -26.021768811247416 34.73178935878624 5.381804970261029 -26.521623333507314 1008.7152685224286 1008.7152685224286 1008.7152685224286 7.0570831175476885 66.34867169575026 3.1804078422209003 9.409590615881536 -35.81950328220497 -18.185285528311795
28.41636418420375 23.89291567669303 9.781550314351785 28.590056000925145 23.244929579635393 1.1264279653837361 459.1975408919709 459.1975408919709 459.1975408919709 12.880314505752615 43.66328802980375 18.589617575248297 33.325008602439084 -6.874031550447402 29.182766442616824
24.07593615381032 18.157000536463112 -4.289796086182852 22.980192177069167 15.026586902852273 -13.504058470296954 413.86236631238353 413.86236631238353 413.86236631238353 13.087677424301067 27.65279557074779 11.651103288633834 19.126408700733272 -18.36977851184136 0.8491505893289286
56.17025960689572 13.147438247238775 -5.775618255644256 50.52690982806661 12.740710796804944 -5.400661973741993 770.2375715744979 770.2375715744979 770.2375715744979 42.26560582810806 68.62282809358624 12.243857530687546 14.705449357944989 -6.749257491721316 -4.246981446041797
67.75634316345813 1.2705372533576411 -34.94623464053766 69.85567041498018 -3.1608965668490363 -38.35345717670282 1954.7568095940358 1954.7568095940358 1954.7568095940358 65.7418925630147 73.4028225267543 -6.201358682064728 12.418612661299179 -44.711938895055695 -34.26447106163539
59.987756834626396 -0.4035519934406425 -0.8166788191373261 69.91849684889993 0.5826294500177465 -0.24373971861252341 1006.4645992384749 1006.4645992384749 1006.4645992384749 45.51178395039865 75.6134056412891 -2.6954131315529706 2.253085033979807 -6.041950046767042 3.9362645146769903
37.7511764500733 -1.6717237519079788 7.799574998961663 31.400814018402016 -1.440010773007372 2.9912643620995993 608.9686503657457 608.9686503657457 608.9686503657457 14.879266860411548 54.29743106988688 -2.883742141067236 -0.15097857632392908 -1.1356363414888215 15.542587032547832
44.340701925669684 1.4148482112332683 -10.908251393706433 48.88005741426031 3.8812469222040957 -10.458468789837731 736.8474201872154 736.8474201872154 736.8474201872154 31.403373260243143 52.66972923485707 -4.8218157842555565 6.245636433571011 -30.188590310798148 -1.4860154453804064
49.7402952094399 -1.0273884835487803 -6.454895513766183 52.9987487932421 -0.9631287416368428 -7.104845088356115 772.6476675116801 772.6476675116801 772.6476675116801 33.354357570577434 63.727941525241675 -2.5919200101269246 0.3947555978510431 -11.478122948607528 -2.111741480381002
49.28737356004001 10.69544912864522 23.898409450501894 45.961298516960895 9.848590466261964 25.35059214593844 639.5410533793792 639.5410533793792 639.5410533793792 22.58679568680619 76.74925028796142 6.900866645871709 15.22552975195758 8.85761845310204 37.05054641113321
49.10829115024807 -1.0730510776664164 -12.609477689760418 48.13375289070221 -1.0765051637298406 -15.660465636168098 831.8849584864926 831.8849584864926 831.8849584864926 37.63613060974877 65.03844904873738 -2.2418994981363434 0.018132618648886156 -17.689470879570955 -10.552653939798073
46.50710240546669 1.4398759981550424 -2.5230704484772395 38.256453309323106 1.6942830650358842 -3.135017793907169 922.6486350074179 922.6486350074179 922.6486350074179 16.269131548816404 78.31974384681439 -1.2142760473019543 4.249943897613351 -10.972470149164714 5.1695117237866794
37.998584639188756 1.237985343835018 -22.878396314324963 36.32192972431429 -3.252130667199815 -16.865696676912513 1037.5974028990242 1037.5974028990242 1037.5974028990242 25.15049140798422 51.346787645978395 -6.497333034676228 13.018558707421967 -52.48727266088643 1.1984150598438228
43.97059632870489 -7.34017776528451 -15.992158852438425 44.33394878115242 -7.740603052879324 -18.163809117686803 858.5663477634376 858.5663477634376 858.5663477634376 36.16945543163405 53.421381127974065 -9.881942536694888 -5.242551894176606 -31.96347483288428 0.22104457289577883
56.24969495190029 5.639183706308541 -3.430787842714716 58.168650755815605 6.272733207758952 -3.573924374732518 978.7736715612832 978.7736715612832 978.7736715612832 33.80868170113246 82.99040781117435 2.184967202601751 8.318422049961638 -8.21337166796365 1.096890872771561
37.530377592886765 0.7189710216476234 15.037338422397717 24.24593087440485 -1.9019042014835619 6.96241021723108 562.5310751862359 562.5310751862359 562.5310751862359 17.185422175382733 56.383512427219415 -3.303798967411037 6.159857248996758 1.742340684274557 28.532460947370318
43.4247851542488 4.485468906054484 -32.164715633196344 42.22063137669756 4.770842187241664 -32.92176961954974 1017.7336043623408 1017.7336043623408 1017.7336043623408 35.950984318845606 50.53287524083294 0.32655612381837784 7.84927494404275 -36.23902712848266 -29.443440860372217
43.443732231607555 8.51568222733387 38.88684577497286 38.7977418528581 5.424898827561059 31.59145008794571 715.8225679082153 715.8225679082153 715.8225679082153 23.40712191014014 61.253612697296404 0.024881336749049687 17.359212429320927 19.829635248903454 54.74052824752451
41.10172857187847 0.3145467754162228 -5.585348009921354 41.86054474417012 1.2542065909790234 -5.033427053023343 662.2465101205054 662.2465101205054 662.2465101205054 20.865670180831167 59.77388077520173 -2.188071005682607 2.5183418466483696 -11.70026760650299 -1.006575875236665
46.99917512654347 -2.5260178389416286 -23.580079999457357 35.726807595760484 -2.715890715937197 -23.270186783006952 1156.1964961042775 1156.1964961042775 1156.1964961042775 30.52948448108316 79.5230183140301 -6.344084032965464 1.7007940548730283 -35.36813901312883 -13.690071528137482
59.22572968393538 -5.691679553345662 -7.782694242510497 63.95597939689907 -6.283770497765351 -8.692576471136615 1135.5784860494962 1135.5784860494962 1135.5784860494962 45.429164114293414 77.77639652356171 -9.166266992798654 -2.188781958598687 -10.301918602597059 -6.192443994742303
67.16778599911726 -2.0147849709215957 -4.104391858895369 74.23331976111783 -1.1994681563235465 -7.8679922973644345 1323.7256005837014 1323.7256005837014 1323.7256005837014 49.53951822838452 86.40001487801185 -6.972481372173656 3.301349743546331 -10.467027254844607 -4.985643959086672
53.251296419745195 -1.385359207492432 -19.167462347396995 45.611306999550095 -1.201313527892378 -19.215136588938144 1089.3603273134281 1089.3603273134281 1089.3603273134281 36.68866745559443 74.17210052391533 -3.2311541801740216 0.6605620355283337 -22.677301901360547 -15.776296678638047
60.10972137959251 2.392788811088907 1.493053039087385 65.21628650938516 2.389389954803922 0.7294097544414457 904.1209433121127 904.1209433121127 904.1209433121127 41.40960247406177 79.33808371195475 1.5427740558838776 3.1996737302549816 -0.27587748590451877 3.1481516399381126
52.44456023098706 2.8380272564491844 5.502691078448312 43.72259338594026 2.6722998275579 0.9392121511966112 807.666943126907 807.666943126907 807.666943126907 31.313343824086083 76.17122921491915 1.0715656704436693 4.971995071053669 -7.274067787115978 19.03172096101159
34.3737190441439 -1.91778463001339 -20.278247584959047 29.206679653449946 -1.6022421476880182 -25.9295299436066 776.9350192053727 776.9350192053727 776.9350192053727 18.94817605793417 36.19234781916528 -5.1527346631301265 0.662835317838506 -28.346192796233375 -21.33907224816293
62.68429249403389 22.95366847215861 47.87321135019777 63.09032329184267 24.46569473197227 48.56570447033128 404.04355570262396 404.04355570262396 404.04355570262396 54.27591381251247 72.540798713855 16.715261087463713 32.01464638370361 44.63344760191627 52.99868293883452
56.27726488366686 17.861731459767615 29.06638533585884 59.47974517084197 17.184143825836664 29.70168245356042 542.0772162114707 542.0772162114707 542.0772162114707 42.04623089536301 70.68066096467982 9.88700510610227 26.13447500158307 16.380572246028315 41.65921631999595
58.97918269830425 0.926110520996438 -30.28818514063345 61.528654816857255 1.8774129931222738 -33.90625769694795 1644.4968260351927 1644.4968260351927 1644.4968260351927 44.09776899449389 74.66302972454652 -4.080199517668671 7.2962718191649785 -45.31111669468615 -18.813649370903242
48.433238753760136 -0.8157572929374022 -29.195690124973265 44.19403022763797 -2.535812052342573 -35.1491773155171 1182.6108848152742 1182.6108848152742 1182.6108848152742 37.07980658890026 67.48433790452944 -4.609669875430377 2.326535273507034 -39.62586516682622 -17.500173969589298
47.84789002001479 -2.298296453158381 3.473818330465417 44.097477139074954 -1.5846315009368506 2.122273173889516 703.5672838974025 703.5672838974025 703.5672838974025 30.171911176018376 65.86485895665655 -3.7771107703207867 -0.06883896590725858 -6.797908975078737 14.12475224456772
49.865185754785166 12.282680204769854 23.18315954835168 53.36046208996504 12.264838597210753 26.204795181408226 721.7477575658025 721.7477575658025 721.7477575658025 15.211731806391516 75.54060499916851 0.8075410404623784 22.361321496994485 2.9644544973987275 40.68826364533611
42.541786499439695 8.784204500833955 -3.0010954444219315 40.54934062851035 6.365872878042856 -5.93003913158846 445.45998202124474 445.45998202124474 445.45998202124474 37.46059283881574 47.15119071464134 3.3877523767673337 12.192359556373322 -9.231625046508963 1.6048027706335288
60.60209445875333 -1.7171051409137492 -8.465779642892015 72.31753389986096 -2.8041572789887503 -9.586769246183536 1192.0437600961216 1192.0437600961216 1192.0437600961216 40.8855655662486 80.48467023737724 -3.745553671344881 -0.17463461222411159 -14.503739226659196 -7.0055752327147225
51.581949138277466 2.2300611107126245 -23.072427357430566 52.185293647031074 1.8582986004214153 -22.973858268161116 1076.849177578774 1076.849177578774 1076.849177578774 40.81862144642841 61.5415256386009 0.1564054645988855 4.4355690426469145 -36.893757159566356 -12.209217872227885
62.317907977887465 2.815394137943512 -0.16270461160050648 72.84921999189714 2.699784981871484 -0.9350251054616621 1274.7771210504986 1274.7771210504986 1274.7771210504986 37.7291287883321 89.93021470554594 -0.6622165112463718 6.0209589684556 -9.0173158017394 6.021353246110311
37.67972762259202 1.9399296547921372 -20.341031971843403 37.84193265981853 1.9229810690934435 -28.15655130151915 816.81135890609 816.81135890609 816.81135890609 24.44559605525645 54.61766294223581 -0.6621816969916428 4.113446923872777 -34.2240728448989 -5.824040836620465
66.5557635725107 0.44771043308730973 9.405826474732322 67.60499017044991 1.4326532068188458 2.3185273614613644 1057.6947080449816 1057.6947080449816 1057.6947080449816 59.198686359363094 79.39611626891143 -0.09487776868288833 2.7630282111580917 -3.921560774840538 28.03184503804854
57.88109312362653 -8.089440602886029 -2.464909703229449 57.819465039866095 -8.310669059948928 7.991602822547322 1377.4539801582923 1377.4539801582923 1377.4539801582923 37.56840089767934 77.86273671443152 -12.8775790644194 -3.536205553238858 -31.719296230906963 20.97741752590141
60.649860662350534 -0.4155191980816558 -6.660302470384764 64.13362209289562 -0.7202181554964437 -1.7148325253916963 1150.358441820788 1150.358441820788 1150.358441820788 47.463139900949194 75.74812589283147 -3.3472867828245323 2.347067421905158 -22.91278732948392 6.158750790864342
22.08757402565716 14.282570781838146 -3.9839607336404455 18.697117795540514 6.753686220593385 -8.042880847795619 275.8837505798887 275.8837505798887 275.8837505798887 15.096818723760528 25.794280181890464 2.7472169114146627 26.733969077211235 -13.184515774503314 4.064032633886979
63.948049738983265 -5.997283392136322 -4.21077815484953 65.896980383464 -6.610636186524764 -3.219130416564009 1248.3069655263466 1248.3069655263466 1248.3069655263466 43.58253947843703 88.17459674168147 -7.96616900882225 -4.046059011245495 -8.892074552765262 -0.2096049099166497
45.83342820201712 2.1989241828773887 -10.513448218487838 52.13292909127573 2.0762693804127763 -13.140416457794736 906.2998544475546 906.2998544475546 906.2998544475546 17.519080365134535 66.11378227714108 -0.4769464070444873 3.890658628517618 -19.569545556954825 -0.3555175537698574
63.76708032033107 -5.238118688953678 -16.279660125807876 58.365172024011954 -3.1332126393301127 -16.275927430841676 1387.12992149964 1387.12992149964 1387.12992149964 50.74241463371041 82.69694887528253 -13.353488803295289 1.9616816492064038 -18.003495773932432 -14.687735770686833
46.52188988932936 0.08260152366527766 -4.0455116246147105 48.92349197194615 -0.0015304307965924302 -4.431298186398908 598.3426672470508 598.3426672470508 598.3426672470508 38.65854030132316 55.27113331103568 -0.8812260178943099 0.6762889607311307 -7.763841886881395 -0.0035456108837372824
75.4254061991019 -1.7403519177312572 -8.624819864789753 83.11166275261792 -1.988175441815676 -9.277193772512593 1539.0331382059287 1539.0331382059287 1539.0331382059287 62.65936486631331 88.04378372606314 -2.9227433856495733 -1.0582951347969383 -11.908276711817756 -6.024583917881632
51.39940969139583 2.02041850374781 -1.2810185652597765 53.80994426609051 1.73279567694401 -2.367388265955772 775.3534733638822 775.3534733638822 775.3534733638822 33.305561821363426 63.149642381153456 -0.547891804071457 4.5451739195320195 -6.766318608065747 3.6461621131985424
52.01587491184446 -12.699252244518101 -5.086349543134112 57.55777273314626 -9.782112621566391 -7.798112387786771 1283.0350128443904 1283.0350128443904 1283.0350128443904 38.007785405173884 67.37178851466308 -27.852580407221662 -2.2674425544843 -23.38985599847592 18.664272487536582
27.621590777110224 4.775649267360804 -8.412339769171885 31.49446214918226 3.674410398588235 -6.586938344475207 437.03773683078447 437.03773683078447 437.03773683078447 3.476119508801606 42.585412264666836 0.01997682732175765 6.530313297193335 -17.692683140071964 0.19444346176000216
41.42790078553814 -4.295210095487791 -4.711826379221878 36.66892471477501 -4.86424109243827 -5.816521652679629 549.5455366449378 549.5455366449378 549.5455366449378 31.7405107922501 52.55553882363654 -7.509349000153986 -2.3563572800595067 -9.366117571201801 -2.8236015182892094
58.45020068786255 -5.688496718779034 -22.794427836641212 57.180011668312 -2.8502295063745353 -23.621224346237103 1422.3269014485477 1422.3269014485477 1422.3269014485477 44.80649120004939 74.56369296026578 -12.54189991167226 -0.24355843063811333 -37.89604407268817 -8.005482331493763
51.34427968224052 25.17691911077577 47.55284509961053 58.598543954066315 29.017248460066426 55.942379155000545 471.832807986281 471.832807986281 471.832807986281 33.22583438761034 63.741321138739835 10.846644654294808 35.34542416372799 25.16618949418728 64.14575264180144
40.76899909102431 36.10259196736946 37.37159115814787 40.3717508118771 38.7433421722298 37.61627237496554 210.19105914813812 210.19105914813812 210.19105914813812 33.29017722090778 47.92576955475215 28.72204868614575 47.05626393051379 26.963927269316052 47.4088566574169
56.929610211417675 3.1926878798396388 -30.06403631478053 58.66248603963403 -0.05891936406027254 -25.52799748542325 1509.7056779669904 1509.7056779669904 1509.7056779669904 51.48234462232709 62.7781760994872 -1.2761176769488514 5.6413581847659655 -54.37482456934528 -9.006615538895723
52.10997565126391 8.888957255799731 7.642601030750396 56.90971913434008 6.770592590144453 3.9737118228700408 807.4435939542385 807.4435939542385 807.4435939542385 26.037465400294018 74.71695399455172 2.4716617514884964 13.780836331127992 -3.5892104941365854 18.245438725419305
49.88478798817076 18.641116299757176 20.230000318595344 58.57456875535915 19.23346233223405 24.61661524420389 386.3287551284871 386.3287551284871 386.3287551284871 32.29389536937352 67.00374146673452 15.925437182190832 21.056238962069816 12.153212640654642 27.936989329916926
45.03486243565697 -0.06345907380594756 -28.402490233151685 48.119048402799535 -2.3662170118706474 -31.002217015793576 1170.0667850741481 1170.0667850741481 1170.0667850741481 34.71294409373148 57.6931666554954 -5.480299587859748 1.0225462498597016 -42.87338331218387 -14.1701503759323
49.79145273551785 3.082237713930323 -13.4310514574708 58.451125248405134 3.608560694196794 -12.301567814401704 799.881213485206 799.881213485206 799.881213485206 34.56697104091044 62.63356412615222 2.0068759675910264 4.045413797976849 -16.57015343162612 -11.182264702445199
23.74991266438999 24.72182450674054 11.969889612912104 17.56997915150849 24.664822295296013 8.458007558041835 439.4314591482539 439.4314591482539 439.4314591482539 8.22334148645631 33.196986119492905 12.14195552605938 34.57971631818008 -2.669727582775573 27.08563717017598
41.45788032822699 22.459754617905567 45.95700993617284 39.75588933391726 19.123916992237753 44.34500235896957 614.8635888577979 614.8635888577979 614.8635888577979 17.004634357730225 62.665232487433386 8.385854630861552 37.47595748906703 22.068384681679085 69.18040390151103
83.22635898805245 1.112643786738141 -3.309518953653851 87.72366108921577 1.8725725718603536 -4.871172911136568 1638.1359047870835 1638.1359047870835 1638.1359047870835 71.96987629015712 93.50628533062955 -1.251269890579776 3.0526153288672475 -6.558776869749128 0.26772519385693805
41.92069466831899 -2.3347486626091634 -31.594662541634886 41.854812538701445 -2.157564503382836 -30.85881598488684 979.5594490250018 979.5594490250018 979.5594490250018 32.964139144761326 51.26802185148034 -5.46289647656209 0.9693553704581692 -35.30838065179438 -29.00221012737233
66.99853447393238 -1.8724480662174985 -9.923920787940745 73.51160837641058 -1.7407833713052878 -11.830618786480795 1350.2770426873906 1350.2770426873906 1350.2770426873906 62.236781153500885 79.83656319601677 -2.7046327027453465 -1.0056534222779856 -14.262503496995137 -4.870772022469541
39.58459326709183 -1.2798793333159797 -13.569982701144 37.18589360183808 -0.34825876264013567 -15.594772928151057 591.3536589546993 591.3536589546993 591.3536589546993 31.21429493715553 45.84077972725898 -3.47791866597455 1.1680249270570042 -19.18082506532677 -8.052469286409746
38.55843512455176 1.7275779831609939 11.296325573236167 33.55773458863011 0.4119915165178012 9.007698162080768 475.86725738839135 475.86725738839135 475.86725738839135 23.74835600260367 47.877518055067384 -0.6622165112463718 3.3493813754271184 3.1117975750956317 17.068508893968236