29.63279882977856 -9.931576672900105 14.057414435388283 23.94425905087532 -10.25033471705128 13.810281226476306 504.2592752222413 504.2592752222413 504.2592752222413 10.21661426413534 41.60857573611012 -13.92414274123005 -5.435484734482299 7.902193145250286 19.344158728094897
41.96402563119194 0.1902336335600226 -8.333850822372883 41.062550542707946 0.46970866044478143 -7.104092020861197 780.0394159448201 780.0394159448201 780.0394159448201 20.073516303829443 58.424877375896244 -0.5675344763048651 1.4184380357140924 -21.859921434366736 0.0010936988096288403
31.268563689720523 6.466067384944476 11.949291303268264 31.134318830181684 0.33886359982160386 11.541810786681584 326.2092975588519 326.2092975588519 326.2092975588519 16.437947701712538 42.693284080225695 -4.7688756140585875 15.606520290290055 5.802155617380933 17.4038154470768
54.36580401301464 -1.7396184844638856 26.44769864220595 51.15205581717395 2.9263729770034885 40.75964096110548 1425.1822450706477 1425.1822450706477 1425.1822450706477 34.672618518757325 74.05670199554947 -8.288688047726492 4.993213507236623 -29.53590713828578 69.64709660978997
18.088557026426574 -3.7905586242743543 10.54950176246723 13.843202717444349 -3.3117837788753657 7.553307735288358 234.25622914274007 234.25622914274007 234.25622914274007 6.964037890966755 22.22216487072461 -6.549454771267407 -0.04445595827604065 0.6872402113727027 15.219834398511594
50.39112502103277 -6.077716344972766 8.690626514362602 48.28750292782955 -6.615636515620471 8.985106337830562 746.6490733289739 746.6490733289739 746.6490733289739 36.405106629059816 60.30610646543052 -8.780544981458977 -3.8863003564976673 2.3693382034419064 13.656342361598572
45.37013017751655 5.942653115387184 40.152533781930906 45.8519181377857 4.87004002684277 43.547594880794165 726.5460795994846 726.5460795994846 726.5460795994846 25.90623341456491 65.13650848871987 -2.0174814919731308 13.747123742086185 23.579839888686926 59.2364288953925
51.42988390263421 -7.039731459343321 21.573715476451802 53.059589186188774 -7.74002567220311 21.83993932462952 693.8442017008421 693.8442017008421 693.8442017008421 40.28188720529774 63.651299044925096 -9.819074738295742 -5.291906693483721 17.48302954375905 25.88686013477426
41.912227625608004 -0.29391127746529655 34.70530489221923 40.68895760674288 6.223328592817379 36.45641143728871 698.9163459559721 698.9163459559721 698.9163459559721 26.29919751736182 54.98316752938675 -8.31720083065664 12.694468688996583 26.07781893337441 45.325162107006825
50.73929415753827 -4.083424366095022 -10.304818652853237 52.700156755296476 -4.296593151918882 -9.916665249097889 880.4287915671748 880.4287915671748 880.4287915671748 37.62513156436096 67.96225175227288 -5.9280399352828335 -2.2918312374255456 -14.285188698830598 -6.470725059481697
43.79276784195429 -8.873898347175174 6.001122533159423 42.226481417477146 -13.864778942538695 22.084805758666917 1088.6553996257207 1088.6553996257207 1088.6553996257207 32.82043467476919 53.79728670613484 -19.69780887885724 -0.8359156496543785 -29.29340892378338 34.52716613613149
60.94477417294221 -18.417764116511204 36.585755786410616 63.64008061933932 -18.396873651411127 38.86171011000664 1465.6456048406908 1465.6456048406908 1465.6456048406908 40.37443962479318 85.48219947720304 -23.490686610585787 -13.866098794543792 26.45138893969404 47.81595260746704
45.97694112112665 -12.363665062572863 14.521495268824717 37.46132568375066 -13.7112112529989 12.160356021188123 970.2979626361977 970.2979626361977 970.2979626361977 20.961621788679096 70.12083012737988 -18.22535581752377 -6.259089806832707 4.856883945615134 23.457686392611635
48.602996000668256 -6.74978698777376 10.90944903012941 49.10197699506064 -6.0574716910625215 11.462625943396398 715.2200832740282 715.2200832740282 715.2200832740282 32.341396217648416 65.00055555426582 -9.69195170895959 -3.3576099452169785 4.760402403417863 17.899274961478618
18.43438502974842 -9.658650064693164 13.254513700627545 15.185470375229187 -9.635298077101368 10.911906580814362 288.5540634677774 288.5540634677774 288.5540634677774 3.085903859808358 32.040091716328426 -14.835445923283341 -3.631880958561984 2.8631802074943313 22.122446273027695
38.00802318943776 -4.966700199052705 5.1403770463051295 36.57160559118077 -5.0642810166410115 10.510481553755957 718.5870066926801 718.5870066926801 718.5870066926801 17.052022086684914 58.099600196383044 -9.267685281633916 -0.8177442171537763 -3.5964353681170387 22.43136606663111
43.36486063477527 -7.513615505360458 8.582913352392216 41.10459665337045 -7.923003144795048 7.575647676465714 758.9306783852184 758.9306783852184 758.9306783852184 20.79299990293419 60.57378636178934 -11.969993200447087 -2.2578684338362547 0.6416492042728983 15.648251648786804
52.638017455216165 -4.260226643959443 39.390406243235326 55.401015863193706 -4.452931716949243 41.63929704462515 828.8755212171874 828.8755212171874 828.8755212171874 42.35380002017631 66.33156659342387 -12.332853787090453 3.0894434980703878 30.582460437160947 50.10633926083209
60.632494208403784 0.7123094647235058 -1.0618715857622147 62.3032532005913 1.2387366599584393 -1.2961999567127291 929.5592902879398 929.5592902879398 929.5592902879398 51.39978730352971 72.26301308947944 0.30382468713457955 1.431348321595305 -2.536785088617699 0.00283852384608263
54.172261942154684 -0.00014436910096793376 4.055608360293377 54.151366737589555 -2.3113906149939414 5.783324689125213 706.1908969113196 706.1908969113196 706.1908969113196 45.14141035239349 62.772528067976594 -4.219740476946676 2.5626311436857954 0.023510450602731714 9.036389620082774
34.623184927249255 2.761745837915917 0.17378561472495224 27.92478018808906 3.1740244405587816 -0.6731280228158776 472.65497390744144 472.65497390744144 472.65497390744144 17.799173374827248 43.929947741705014 -0.20722087435467995 5.85360894985075 -5.691724896601485 4.128955380238231
41.61415808438265 -8.84766699608491 10.497382641935154 39.67573085959149 -9.34203779531731 9.738327242851552 543.7318049063956 543.7318049063956 543.7318049063956 29.73584515097825 52.358237413975345 -13.25346904290739 -4.931284095954447 7.4321149596238865 13.248402314587054
36.23741349614403 -6.392431706013943 11.280750863983364 32.76956359318228 -6.1772906783188475 14.261821894695093 623.5183473656851 623.5183473656851 623.5183473656851 15.556783879879486 55.51804059065536 -10.13693079176299 -2.5678882093687627 2.7248681326777935 24.298757589430732
43.03957639330882 3.8481581110010876 36.90081843482658 41.6996445615455 2.8377600555106186 38.84776967268091 626.2542361737045 626.2542361737045 626.2542361737045 25.688405783117716 60.540090259891755 -2.683299439225066 9.668556522549693 23.074871105969063 52.63907000960892
46.40343524307222 6.383436800404236 19.962874849157487 48.62845041627898 5.175305328118689 18.5122689455287 403.8126753840081 403.8126753840081 403.8126753840081 37.1313209243575 57.17777664141442 0.7416464233453296 10.519014041455165 13.440995260508192 24.67182891358544
34.28037254781 -0.8157677935508618 10.635960651203197 29.261537734197468 -2.403363221532034 7.174405686742869 506.6947303567884 506.6947303567884 506.6947303567884 14.052377234877223 47.1588023290473 -6.984628417675665 5.45652790791476 -0.2845584427531356 21.925790665967902
45.707650055306175 -17.695368749207713 34.5436412639563 42.87587049814883 -18.11498967469427 35.48969870221499 1147.0856509331963 1147.0856509331963 1147.0856509331963 21.28463487156369 67.65070282479996 -23.822203415385754 -12.47461500735099 22.67193313618867 47.424705351671285
47.78568406541972 -12.497438448636688 20.556396813503575 45.34299673463897 -12.776564576973264 22.417501790712876 923.0500722926831 923.0500722926831 923.0500722926831 28.094867118689336 67.12762938283701 -18.96528060033803 -6.432807435570179 7.765193410923407 31.067737751673484
55.49422376397334 -7.757269288639893 17.203968671601878 52.84022762708834 -8.977883678487146 22.262910533461834 874.3374379108382 874.3374379108382 874.3374379108382 42.67124516881111 65.27458730503167 -11.228330996083862 -4.87662476777008 6.005365711773397 27.5038451107129
49.08993322571987 1.847847000188359 16.8343122944327 51.85911928671118 -3.9529577876525055 15.204787160212096 648.6882091283138 648.6882091283138 648.6882091283138 33.13300915419233 64.28620739117227 -8.912289563916993 16.797460382271353 9.7842609064764 25.176358381827722
36.13324973165402 -16.556483422787277 20.96983892865611 36.8022650724705 -19.829335172273254 23.95839806658418 790.3538947117095 790.3538947117095 790.3538947117095 20.013427711093897 49.14271111525689 -26.245725786406965 -6.535673798006972 4.302355812654879 37.76849060729324
60.33626968899743 4.757190171287807 8.084875469748217 62.24684116477526 4.474018128514806 8.257918362618376 932.205725337472 932.205725337472 932.205725337472 35.83709970323288 85.4620457768894 1.5033178201248054 7.87203977714962 -0.6724462545875387 14.802411602984233
52.750657226744416 -3.5222451541808 8.159383520118041 52.65389955126591 -3.4685513696339765 8.422268665116416 669.4340939104429 669.4340939104429 669.4340939104429 43.653596400411296 61.58829747400604 -4.836722997656695 -2.335598018989929 5.863887060198247 11.142326927480672
38.657401958566105 0.27940439172471493 3.836529937604093 37.18288108911392 0.04301403579143326 2.419136811845557 588.6962868804989 588.6962868804989 588.6962868804989 14.050843361839359 58.772187019036025 -4.712840183428632 4.946605695522743 -1.075513061545763 7.376521378368294
54.26992285410413 10.727303105867028 7.251837705140776 55.69542552442764 7.402529832944246 7.624872238102487 753.9203744310644 753.9203744310644 753.9203744310644 40.48321824648063 69.45632810971534 0.6206458085341384 20.475232513787663 -8.597250836739345 22.243545148120802
50.35699105547711 -4.546566528743199 16.49049785758835 51.128648445090725 -5.080713750687222 17.812020870307727 654.2470897269251 654.2470897269251 654.2470897269251 39.741828705324465 60.93472271988624 -7.633421391566975 -0.724770865527774 5.615621404328325 25.8738011772097
45.68021085695237 3.8918905315835044 -21.451271460470267 45.72425989980768 3.2993066167491536 -16.835082036243083 1028.9628360675206 1028.9628360675206 1028.9628360675206 35.09473976175395 53.31345102089494 0.2780876392331211 8.062757671273054 -41.36430429910061 -8.571006124835499
27.651165370749105 -1.8290210463309462 0.23611393521878332 8.09386833891434 -0.6680930041480724 0.19424549045738426 631.4127797584977 631.4127797584977 631.4127797584977 1.2948753605730587 53.44662383760417 -3.831648672840013 0.2946585611608016 -2.5468578540789375 4.1424619903187745
45.43590461579102 -0.020259712572981092 -8.32436461041448 40.82590091459563 -0.773889501036476 -2.5465948178957114 934.3870769689812 934.3870769689812 934.3870769689812 25.420764520591028 60.178762668797646 -2.7152891139572977 2.5769588985542455 -13.698269085357323 3.5753476258972294
15.577075749288086 -3.7199645473356635 2.8399054672844 7.309022800959518 -1.7004256368804564 0.2902378081550139 180.82661691129374 180.82661691129374 180.82661691129374 5.463862478882593 20.46107929954311 -6.227623411251292 -0.0003734652929687776 0.00026396173682385893 4.122762603868692
37.73852087984593 2.0262669914328857 3.9780039989744944 32.59587907844087 1.8988693986782268 3.3912087503679134 464.87747129266904 464.87747129266904 464.87747129266904 16.796639066009188 57.014154964703295 0.9272790037795908 3.3064300791575407 2.20719622283565 5.352745826350724
43.974777684762685 -6.425685538850335 25.64876503441958 43.98647178118425 -6.309107391707452 23.735522142225772 579.8926668451286 579.8926668451286 579.8926668451286 36.1846715706964 51.29395422937175 -8.936080781586252 -4.065946639225 15.823223848961964 31.841184234329543
37.86843770606821 12.246140859781308 21.725051001545474 29.741896132437496 12.825377030911689 21.028876335001478 479.3601050682959 479.3601050682959 479.3601050682959 13.845048408717599 57.84344865399753 1.6068135051149208 23.40080550696844 12.842929439989364 31.103237848586282
58.46809250056205 4.174031576330586 33.0644357678442 60.84486165517893 4.857016352419114 48.18965449331124 1145.2412027401654 1145.2412027401654 1145.2412027401654 45.43547795070046 72.10466796067182 0.40381530418436007 9.115733238919788 22.537591852736426 59.816049893248014
29.1960878302891 -6.190918565032522 9.611345423890976 28.015977269649987 -6.358757655379077 9.821295202787695 365.34797002209524 365.34797002209524 365.34797002209524 14.273568325103827 40.70520404192214 -9.63185826935925 -2.9166429516489094 2.5768621867448935 15.548164283281329
41.75279705817468 2.5730937831828564 -9.609230410122079 28.598235894770088 2.957549380773 -2.9058177059119727 785.1240143674223 785.1240143674223 785.1240143674223 20.004398634324744 69.07466286747064 0.10734367001238865 5.0329044902377715 -25.668892397074693 0.9588891309238012
34.88714856888543 -10.552048994296525 12.43164204030364 28.518342827218632 -11.36624792777289 9.888161388166866 603.3768112691367 603.3768112691367 603.3768112691367 18.011225124424723 43.74213772552078 -16.854725869217738 -4.302545985843286 4.2997621923360185 18.234006554184546
34.605835978150424 -9.221300253709606 13.927867947213104 32.94198798334673 -9.277705750443733 13.695293187387769 453.5613265802256 453.5613265802256 453.5613265802256 23.47313915774305 42.479604983796406 -11.981596269168643 -6.500506345122393 9.34407535394567 18.047698838062388
38.60957392993211 -13.280667928538598 25.408542786906647 36.14428302653704 -13.4008828893524 25.405441344712877 757.7309491924572 757.7309491924572 757.7309491924572 20.891657081808415 53.37894566820596 -21.51065522097134 -4.457019281324498 17.47959255955621 32.85314119907038
46.73974697497037 -12.372901786547697 23.052047312707145 46.56427414375394 -10.0723261743845 23.82293595517413 813.6202047560042 813.6202047560042 813.6202047560042 31.605507014901903 57.94156556975048 -16.368046493385197 -7.689138162221526 18.065608247880494 30.068657927000515
47.094918479484704 -7.775502008629674 22.763693538802336 45.661442959849715 -8.871622300540949 22.98869665578916 634.024648789707 634.024648789707 634.024648789707 38.06560527701509 53.66130584639406 -12.282117112990655 -5.059733773959407 17.744266785458596 28.816167546329602
46.370103704462295 -5.94208491696623 17.227936459455417 51.89897694216731 -6.8348324649983585 19.93033721343602 600.8189499775502 600.8189499775502 600.8189499775502 37.93443784741198 58.56557776105497 -8.639886741578229 -3.541120170645451 7.683525690826603 25.137352473323038
23.230923104296835 -8.041966907110684 14.354840800275666 18.308442305944318 -7.450991134657303 11.998373745396762 396.21385077571864 396.21385077571864 396.21385077571864 3.737691000883185 34.216049058862474 -12.913126582925955 -3.0426748055439323 3.8642747579332863 23.79583656882163
21.915489109053905 -2.0410662436206226 -2.5496555409028914 12.868866249832191 -1.8669089159787933 -2.3118678777948487 306.3501108659261 306.3501108659261 306.3501108659261 4.0665682270171075 33.587338076927466 -3.2725367013676925 -0.8011210738440161 -4.4005259696575205 -0.19398152872056595
38.922830081398985 -25.613613969848796 27.477178631911165 36.23430427153642 -24.407116811223066 24.02587425781902 1003.2470852425312 1003.2470852425312 1003.2470852425312 23.791652991041317 51.37083750040245 -31.885693006071044 -20.136153705841735 18.225108426930092 35.606148179909496
52.462011851487034 -14.554498646036214 5.865119204299413 55.385940874558095 -15.997568936832462 0.8260292359088761 1056.9546760568628 1056.9546760568628 1056.9546760568628 33.254411200485215 72.94388637213825 -17.599381883675992 -13.22401142283142 -4.79799578708453 13.472931804873452
57.28120952760759 2.3581222940960758 -3.9545872249763763 57.87480256115701 0.9212785736121554 -2.330385362248999 885.4551677194668 885.4551677194668 885.4551677194668 46.971177738827514 69.3390670374296 -5.584699757748563 10.705327552707159 -11.544252525979527 3.0753310283835016
34.63157705483745 -7.608183301876376 13.281155343843398 34.32446177641368 -7.784435527131178 13.30176008763939 348.57309850757247 348.57309850757247 348.57309850757247 27.640310526172307 41.43305830031944 -9.766747468898219 -5.214864069032904 9.985059866221114 16.71922593720172
49.24507744563188 -4.865805972048751 -8.466695685901843 50.77415014254895 -4.8338202504091825 -8.458466933759134 902.4000205041401 902.4000205041401 902.4000205041401 29.936858692916445 66.94326613089851 -5.976873313408015 -3.6834451543171776 -11.394794586177042 -5.661691829546811
41.124408451238764 -16.882348086041915 5.830848576219539 38.554121217818654 -16.206886510515993 4.906825302532591 746.5653773968156 746.5653773968156 746.5653773968156 25.565672931923984 53.17007849087618 -19.270309055441764 -13.12322751218331 0.7890724153370915 9.259796055450353
26.827996821115796 -0.31682868470500036 5.84790662574314 18.92844174551056 -2.007622958776947 4.766078972955862 384.60827475952755 384.60827475952755 384.60827475952755 6.868166210173676 43.24094462139996 -4.846743777272539 1.5106715842619494 1.053166557488583 12.023695549294683
15.534579911380673 -0.2504068153469528 6.770257993846714 2.7021613061688825 -0.27824430337940187 1.5961282184925152 230.20883129701474 230.20883129701474 230.20883129701474 2.427987810145087 23.068172713601136 -0.2782617105067664 1.292377023771305 0.7571440494710868 9.547806921472812
36.51516634465845 -3.7657611114089447 2.417564810239499 32.16901133622004 -2.8039498691450824 2.3859969285624394 640.1759038681404 640.1759038681404 640.1759038681404 7.864090484839075 57.926787522909734 -7.400131604323706 0.3914783407915484 -2.095447613963275 7.5663614622989375
48.60238404479303 -4.19422434332401 17.235867330887416 49.09268616398376 -4.841870165614242 18.178947505612353 569.6098704254723 569.6098704254723 569.6098704254723 40.122328948353655 56.92736236510848 -6.690408769256306 -2.7621834346853724 8.00276045763365 25.10667212428237
39.2814688959404 -12.574366024418037 12.78376010860319 38.60058156736936 -12.444461110790394 14.989614911177075 589.1585721346554 589.1585721346554 589.1585721346554 26.73878026675765 50.292081276895 -15.049614844586445 -10.187223090616037 4.1434649959371 21.993831892146037
27.119505778984106 1.4494968473035459 -17.58708128549517 29.529444418047145 1.3187350280914056 -18.546193775848398 465.72543164883865 465.72543164883865 465.72543164883865 14.631195732262114 34.86473874613359 -0.16673316158805074 2.7562677334138366 -22.90262113759206 -11.506201298831265
37.38531496698415 -20.145210476602426 18.417445150769222 39.70770632252922 -21.253253137558893 19.152163189444092 725.768137301231 725.768137301231 725.768137301231 25.387843612868224 49.3971795539163 -27.69462420957286 -13.372801559258809 12.295515042616 25.31311696760841
47.265922641210615 -9.738407848597774 11.414063224754875 46.74181209494758 -10.392946630438285 11.585735257419927 808.7723783596558 808.7723783596558 808.7723783596558 25.23715026596612 68.92872757905904 -13.515884103917909 -6.834799188060487 7.337147267319932 15.690855055698405
37.89720461373518 1.1566109211430804 22.983007999737378 38.196910471668595 1.1236640563401235 23.273224361424106 338.8873973259941 338.8873973259941 338.8873973259941 27.09397921098119 48.25075368100718 -0.5827907736026539 2.9003037799531226 19.10820834827357 27.93466210722736
51.27725889927732 -6.1968786578817685 17.740569867396207 50.936139567589606 -6.306219263898738 16.93334379864675 610.6626914864249 610.6626914864249 610.6626914864249 43.48245867345461 58.82976344133499 -7.996014511439581 -4.748839428189767 12.534212051113968 22.20522079661855
49.55741730346475 -7.332137616553178 12.572873089216696 52.06681498868126 -8.898659877720261 14.499259040350987 672.7258763596441 672.7258763596441 672.7258763596441 42.57490825984571 59.08757962083931 -11.39396993432329 -5.551875183742311 6.962404028650648 19.355725066306682
37.185759576222964 -16.630721695657453 25.124886742180713 36.63075396493224 -18.59618808139371 26.704691501393036 795.2747771086214 795.2747771086214 795.2747771086214 23.6716648221321 49.021656983864276 -25.063360339438947 -6.579686438031862 11.368396361503642 37.250891072597014
27.98118060987392 -15.50134643964962 12.496586820491805 21.9872951738027 -12.761943482611185 9.744156680748006 601.5315315937643 601.5315315937643 601.5315315937643 8.202673610396154 41.944846960859074 -24.175074112661633 -5.194071214420101 2.6896003858805195 20.612391965137714
37.480336970507814 -2.1380286359201497 27.748921844595593 37.45613750524487 -2.3939162069981923 27.323247951564365 556.6471222482645 556.6471222482645 556.6471222482645 22.148084692670828 50.35338118780068 -9.226178288668008 4.31578954209514 17.821783544143372 35.654717047111376
39.43491741449909 -15.874236522557876 26.214024521780694 38.214112983342936 -19.257309543541936 30.44531947176662 789.1579267331522 789.1579267331522 789.1579267331522 28.23579609650534 46.0296116945064 -22.38204997934809 -8.603376705317377 15.043867144434175 37.135714006959496
42.6638922782202 12.169204019660516 21.392332737507836 36.905418726466394 12.356970589397083 20.101688121516325 596.7016825081655 596.7016825081655 596.7016825081655 15.252782144474217 67.07059138946542 -0.6010152076452585 25.89973953387907 11.198145715485936 32.61055884155478
50.33651356800749 -9.488838309780107 23.658786185173902 51.07555646244886 -9.391487031193247 26.958203368358312 757.2342977689972 757.2342977689972 757.2342977689972 41.21587946312377 60.41025287728986 -13.177199225985404 -6.899114012475616 16.38648629231563 33.45741087343988
51.888704337340144 0.7025999585653678 15.792831109630665 55.08033681102266 0.8979762342493369 14.868210339258003 752.2685167156006 752.2685167156006 752.2685167156006 28.832337755674594 76.24675897729011 -0.7250658415018929 2.483167470164069 10.195614037612195 20.347748805533687
43.47666357778129 -2.43792094360878 24.814474678351953 37.58349178489525 -3.3111879130650057 26.982811404940513 658.3183146509749 658.3183146509749 658.3183146509749 20.008240120700833 64.71182173761787 -6.586204995346123 1.343042599162285 17.66760996495167 32.08404254722937
27.745809476301 6.486683794632739 23.563631348516616 24.05593818431627 6.024033730583356 24.910523605793525 243.07777946983177 243.07777946983177 243.07777946983177 16.380305700173913 33.98899227916102 3.7205046083176043 8.751984969616572 17.595562017393558 30.614180075661913
54.97401342213473 -5.814924978590273 20.330684474172333 56.92695577823317 -6.079150180969078 21.93055472424159 883.9074815405053 883.9074815405053 883.9074815405053 35.65740623029201 73.20601878112521 -10.082317448770375 -1.9810235381177155 11.058747713775308 30.94816794639339
63.455648802051414 -1.2013078454742632 25.781057882790808 67.43792441948281 -1.9760092405364804 26.755542489756735 986.7937010837533 986.7937010837533 986.7937010837533 43.262991387836585 85.99993153377766 -5.262154745234449 2.1130605622425995 16.884266087607248 35.1397385677637
46.2558788975775 -24.649065628444426 19.811213007658104 45.94325632057257 -24.343818574505864 18.452315900505777 1059.5269495228038 1059.5269495228038 1059.5269495228038 29.261840618274874 63.41867616011933 -29.46109032333348 -19.606674450121258 12.317277351708178 26.720260173114006
49.017410018949235 2.5545732434487616 18.86391463747144 46.14042396612017 2.0700884516294953 17.982225671105574 709.037084192772 709.037084192772 709.037084192772 25.68191096034642 72.15708355816466 -1.3823328759306475 6.077343461023052 9.989041464141346 26.631509320773716
41.333838866269225 -7.831166257440061 11.601491966624558 40.31983863582988 -6.915223246484303 13.923495756266169 634.5574639199357 634.5574639199357 634.5574639199357 25.586170236303033 52.933669270063916 -9.904137364516432 -4.832608523611739 7.738773998987181 18.667491513042854
55.97709425085135 -6.133434778365469 24.159999174490807 58.51080526858672 -6.19654713629264 23.421998661341824 717.2866833729285 717.2866833729285 717.2866833729285 51.5182047064851 62.830510750485544 -8.10484554387536 -4.401884898755981 20.65428773620065 27.470701548774755
25.912680463287018 -1.5715362968488777 5.815877309853052 17.543190413017186 -0.36222543784930616 3.7415734180941405 398.6193825549808 398.6193825549808 398.6193825549808 1.3708674801189815 44.82475285626132 -3.814072535682389 0.9567184082608787 0.09213852072625373 10.337240774666956
36.40713317417297 -2.0916450728711378 19.451623921649485 33.68629434938816 -2.007121856919161 18.02192898729682 387.81254807421124 387.81254807421124 387.81254807421124 23.802711058512322 47.74903432508039 -4.222577826751395 -0.07383188373444316 12.584220361671811 25.648869690727373
46.56282808795635 -19.139160615856046 30.482779030103956 38.58995083380252 -19.693101844283092 28.835784144013893 1222.9515482950383 1222.9515482950383 1222.9515482950383 20.539558567996504 73.82377814509604 -25.161293384406562 -14.157124200162075 19.353080407778705 41.22381472743951
46.130727787123085 -25.244363727810615 6.65079136874829 45.713367968404185 -26.44764694970708 7.466834977341808 1110.2961207139751 1110.2961207139751 1110.2961207139751 26.02730382274769 65.05011282701193 -31.162108664558623 -20.28237147883688 0.0006093399388118481 13.363088602209139
45.80148798730987 -8.169392259851186 10.105000803786155 40.7970271994033 -6.95604923189444 3.852092748346092 956.7367674868436 956.7367674868436 956.7367674868436 19.998601589676078 69.39428191301612 -13.675498742894963 -2.1418639113539446 -1.4644066323094451 20.602221533590875
51.381033026251046 -2.558583069699871 4.255456918144357 53.87578783215328 -3.12870192458109 4.356608891155456 714.6896484490752 714.6896484490752 714.6896484490752 38.60156233692846 64.68270298460658 -4.697969786080031 -1.3039458623020916 0.2937587940866626 7.992249026618503
47.397929681040004 -7.483375402077234 23.58085389544042 51.70781325389076 -8.338988338501109 25.025173354577525 672.1493945948498 672.1493945948498 672.1493945948498 30.7577193774227 63.60750462911149 -10.408140313656556 -5.982510747630204 18.74095359245469 28.826253734282894
49.27169841479908 -9.957881531936705 21.66454321117751 50.57207505322101 -10.030990333461387 20.947500540057405 771.3434761717559 771.3434761717559 771.3434761717559 31.57238932001703 65.84545294803573 -12.56321597853688 -8.310659318726376 16.935084433393108 26.3266760642324
44.17705362845717 -18.857114215838003 18.986078948803534 40.74336115715272 -19.28344856626736 17.786081218857962 908.8112069053662 908.8112069053662 908.8112069053662 29.110195607746327 53.41592664103702 -23.315983774910983 -15.053601493137933 13.033843399893218 22.601251598906924
33.07767440402346 -6.450933734357392 1.1574805518895745 30.579164434374267 -6.348353259920558 0.0006093399388118481 536.2097868441033 536.2097868441033 536.2097868441033 10.84126470197176 48.125506272873906 -9.721553192812205 -2.915770821038874 -4.404441900384837 6.998938007808464
32.51554950245139 -11.343243590117774 12.619907000225059 24.59190117815551 -14.540028112204784 10.137981350160583 723.4635974364484 723.4635974364484 723.4635974364484 6.629742437568048 54.004149183006575 -18.104239929083914 -4.16232272109221 0.5726360414988696 25.895724700603438
24.994413150114443 -7.590013979857424 11.0952285553531 20.79336358985399 -8.006950559649727 10.703212812664697 378.76746878071646 378.76746878071646 378.76746878071646 10.42570843734607 30.796344624934697 -10.081980937387074 -4.7141632920671555 5.601718321750387 15.06221106940815
51.850141729072256 -7.272386426367245 6.794931003103724 53.97771279551069 -10.038592512247424 9.763198035376025 1147.683459968174 1147.683459968174 1147.683459968174 37.190937990618664 65.00904027193543 -16.77110199404469 2.5077525651693855 -13.531500892050413 33.75245244663283
39.78370185353776 -0.43874903166945967 13.430810644266666 39.32600253042908 -0.6010715042316095 12.928699941475575 526.4429460114528 526.4429460114528 526.4429460114528 17.433495591844682 58.92834225250765 -5.781130688872594 5.056464905761116 6.322222104496033 20.502813584836833
39.50515646200948 -4.432480523938245 25.32052467955754 37.41536411634769 -7.209767359054611 26.201367601619367 777.6398236643669 777.6398236643669 777.6398236643669 24.33999314364936 52.0396673944561 -16.889542124528937 1.3821049749854972 11.233260500050434 40.541064700017195
42.842495768125545 -8.342781690380086 23.61910372452324 42.39642629816765 -8.519755682166647 27.384181800411167 569.0290887153184 569.0290887153184 569.0290887153184 32.63531436822298 52.82945908428219 -10.128713106960202 -6.804746931960537 18.918320472261343 32.245425423913844
41.22457970511159 -0.4883960448563023 5.192060599655449 40.51901701489754 -2.396517805675194 4.286021526021957 669.3900735231264 669.3900735231264 669.3900735231264 25.849318942967894 54.56297862024033 -7.79950548797885 4.581868413851248 -9.800116436637705 18.95083772755869
43.536413307762466 -13.469248011555504 15.297787102037532 44.1444113357061 -14.894263195253776 18.256210362364445 740.3079588982177 740.3079588982177 740.3079588982177 30.700016909300867 55.37198657173687 -21.047044484983402 -5.961889093568123 10.038274876991816 25.521684728470998
36.708253887406016 -17.12370219741682 19.239791375316276 32.778537349782944 -15.350771720647693 14.292460461378987 755.0645286420271 755.0645286420271 755.0645286420271 21.416085884808076 50.77969981132257 -25.273567389279272 -9.466317957551443 8.799841145311117 29.021947778780156
41.74296947769597 -0.12357797147003952 5.201293356532091 40.99103607382612 -1.9404665970884916 4.449754511362331 560.1934783585772 560.1934783585772 560.1934783585772 29.502718773406208 52.098063407706 -6.211714782459909 3.7401666351488463 -6.6371800391875215 15.983345826778471
52.15327112344084 8.350493874142412 17.308154453969202 54.185628908661904 6.5280936355218415 14.255719995923211 811.4914817354705 811.4914817354705 811.4914817354705 19.312555719796933 83.05025678873773 1.1590360138712674 14.775867000584212 6.994731364263114 26.18814663869948
41.254227129592 -4.8740471893703505 3.96598486242503 36.47684650811929 -4.110808744427291 3.1659076234888617 701.8287775532308 701.8287775532308 701.8287775532308 23.715275533846153 57.26736396534629 -10.971661090954015 0.9959151156139906 -4.022277328498847 15.916572598679384
26.603375039665885 -7.113988006209373 18.870925002932708 22.603038731428143 -6.496579628104016 18.09819016645485 473.74972861455154 473.74972861455154 473.74972861455154 4.42406924101676 42.58335306998897 -12.665982217012907 -0.9734285872074755 4.369658903187979 28.30109473356298
32.42609386224406 -2.4494645073037273 -2.4232797208930004 29.55716913388371 -1.5125882120329281 -2.777754417932976 450.0305035077923 450.0305035077923 450.0305035077923 17.665422324222703 40.582436922615564 -7.2759003172709615 2.7230054099421084 -7.763972886490144 3.5393534668513693
28.860484151161756 -2.362662493130413 9.808970772663699 22.47686582163077 -1.7003644468646175 8.347014594507584 425.3339253570136 425.3339253570136 425.3339253570136 9.219763520614688 40.32807143047453 -5.258364907014257 1.112337501586961 2.455581899120718 16.265426652055645
34.53702269046162 -3.9280330126303205 -5.76654605721904 29.823824330828618 -2.4931741459900403 -2.2932525223466005 619.0045227133207 619.0045227133207 619.0045227133207 12.548005143529188 51.68932524553756 -6.7298146831739345 -0.6125397753200118 -15.386027042575527 2.497386519703604
40.89662489119757 -17.430025506504304 12.574754753268628 39.57652840125834 -18.353316985370487 11.673081923915808 867.0032654118477 867.0032654118477 867.0032654118477 18.043190739528228 61.67971447687788 -24.33126425287957 -10.76739304085373 2.225930608458521 21.587032560669705
42.58480167159945 -13.052270071750067 1.7813366649594822 42.0065802565368 -12.979002930936485 1.3985817928798772 886.8057418618573 886.8057418618573 886.8057418618573 21.427640221776112 59.51503190451409 -22.615352605755547 -3.117993269870445 -7.640961301592525 13.937701466278249
49.92446232652132 -27.09253490624413 29.44107297644888 49.4280091700395 -27.59381778383943 29.699728573981037 1261.0933035014398 1261.0933035014398 1261.0933035014398 36.38014070165783 63.138225255150715 -33.68449184406297 -21.833547020484485 21.86285765827113 37.32875256105886
30.173407963180342 -7.62407513265794 18.92817857466391 27.01707253852735 -4.210970375194183 17.274988866670576 604.320930092675 604.320930092675 604.320930092675 6.060310704805609 45.065619967230674 -12.839101572813851 -0.4005605369220011 2.2905441659954615 29.367330234337853
50.61672750043754 0.089060634259055 -7.181747868520432 43.55360126885949 -0.001151869861243382 -7.238818838116956 1027.8860341430488 1027.8860341430488 1027.8860341430488 21.887705198883594 87.69685885987944 -1.2642017001620736 1.3333251709107956 -10.754432577769064 -3.419740053751008
55.9101225104716 -19.466538140100283 34.20058143394934 58.194952540788314 -19.811145226291654 36.15807423436178 1147.5603946037545 1147.5603946037545 1147.5603946037545 46.25498425172877 66.98336379967802 -22.98866574028302 -16.227009674524506 24.70106088175519 44.279329904760935
28.875836258602085 3.112985296269693 1.0226939597066798 29.573215352889527 0.9441731621123717 2.5570572696035407 385.91958651068245 385.91958651068245 385.91958651068245 13.96818865023699 36.92165051191769 -4.939656055513914 13.652691802264528 -8.826887409614702 10.99136877171728
27.570781515154458 -2.6061263828340557 7.766822118362837 25.26023216443231 -3.1997567075914004 11.111876086623552 302.796261958081 302.796261958081 302.796261958081 16.322136864355258 36.57765704578966 -6.855289631504363 2.2364178284557807 6.220323829488347 14.796406262590045
37.4514594548124 4.723774282162463 17.74102623376782 33.682251507944436 4.537427315172149 21.062065701980963 648.3716640084039 648.3716640084039 648.3716640084039 15.618742072927404 60.76421871060951 1.1863577120670432 9.000406135394858 3.9519145323068883 37.46395022649417
56.60206116297752 -5.887602517292845 22.382960929963687 57.14868361754778 -6.378337743961349 24.125289686258554 789.3605077656666 789.3605077656666 789.3605077656666 48.85173798350648 64.97984797033547 -9.909243055931203 -1.9259195957472275 12.005001195360732 32.36899517826338
50.246115226025424 -10.103751168336688 20.30293128736184 50.08759646629338 -10.789633785758312 19.42497752054817 796.264091192576 796.264091192576 796.264091192576 35.59930125690746 62.45447893406772 -14.175762555824784 -6.032366231757291 10.858925116321604 28.185880550489898
34.076975145981585 -10.222922619341979 23.683496927996796 30.210630953946577 -7.076793126504013 19.246907194843878 890.3580283263176 890.3580283263176 890.3580283263176 0.9803895870818913 58.49203583078468 -18.673972567470777 -0.8011210738440161 1.0432311037008035 40.68513884722676
30.6912573726473 1.776510760039212 13.351567268291378 26.675956849310914 1.2738724529836043 11.94934002508375 322.58406493077905 322.58406493077905 322.58406493077905 15.522361048483102 42.018533993933666 -1.596339909308575 4.739146294627537 6.240595147601546 19.607440107742203
44.65164527681253 -19.60295899380169 22.412797701030737 43.56349357019698 -20.034708580313172 23.09729748911807 856.177443024622 856.177443024622 856.177443024622 33.82355146864508 54.824210335875506 -25.095680967823707 -13.543768869820255 13.626563906438852 30.330074500964987
31.793143690772226 -5.717402552279829 2.4211724600585733 30.968822119420008 -5.191117995829774 2.1104151391114376 434.3164335179561 434.3164335179561 434.3164335179561 20.03629338371291 41.3424751986548 -14.78641825567309 3.846419388067596 -7.6633800362129465 11.081948972842351
37.66356529819753 -5.722764730725552 8.369619160666002 31.952629065914422 -6.351381844393683 10.60690007720776 560.0005576775051 560.0005576775051 560.0005576775051 20.992971725714717 48.760428426379065 -9.465091832909195 -2.149187536885977 1.0683674160226446 16.939230165659136
49.1223675806343 7.8593337039638325 21.50479426693635 49.94784464493078 5.916218421040176 21.254773446812926 742.2600266574615 742.2600266574615 742.2600266574615 25.962440257304507 71.70731183299289 0.36349731203439917 13.102209197304624 5.929529336381339 36.05864294076092
32.4644309273606 6.523514728579581 18.251511286511104 30.694303652467116 2.771365085689592 19.002066392511956 384.88312757794137 384.88312757794137 384.88312757794137 15.409026758425018 46.94118791142685 -7.643914461781108 18.52782144683732 12.123863669965207 24.591033577148107
45.79781688200843 -5.963752572380613 6.818812463845768 36.925760007741516 -6.298182825011642 8.43054585207869 850.2618288508453 850.2618288508453 850.2618288508453 21.56867820175301 67.66486210272635 -9.903202774611257 -2.1452765628324766 -0.6853467132539759 16.91745728568439
50.39934351078649 0.8971997346829912 -16.730652747117798 60.17981709302801 0.8802491510634392 -17.852363800237004 953.2457890355677 953.2457890355677 953.2457890355677 35.08947725722893 66.22963104723003 -0.4230070682857967 2.106428594431109 -20.263479420611887 -12.34814559570594
44.941069311233576 -3.2571766178812678 19.277826746644045 45.38362785525129 -7.133812545235873 20.835077199792206 535.9810732208504 535.9810732208504 535.9810732208504 30.22173163593137 58.833944010478604 -9.005551139226908 -0.3567836995521864 14.897046879210453 24.342986042705256
52.61406506395024 -3.182966250592 17.443491457568257 55.2635155133019 -4.8008600937737285 18.55162802208916 688.0098877052845 688.0098877052845 688.0098877052845 41.0104977164346 65.59606615284248 -8.697963747126572 2.0387084587634856 11.46577237082126 23.005787790823085
43.196930841993705 3.0301698608408243 39.73358978578164 45.115620557792056 -0.6124746517202906 40.116935601704284 564.5211589355557 564.5211589355557 564.5211589355557 31.65380250604865 56.19253779061304 -6.747076539175792 9.34896739447838 30.239190925169705 50.217908126419
52.07788937553336 -10.92728411819061 26.286213732366825 52.58269920987079 -11.22810533036453 24.31120869363972 849.6241897737701 849.6241897737701 849.6241897737701 35.38322990567003 70.27357506539053 -15.547994237206709 -7.3958335785029305 17.111030907180137 37.70460272184533
45.747550220563845 16.883631394632246 37.23177614555879 47.283517609828365 17.08180845138503 37.66353735217696 461.8538964517449 461.8538964517449 461.8538964517449 27.296014644311633 62.58310773622681 10.680409244646146 23.6004969358187 23.71174421093032 50.98428241905998
53.30639053323891 -5.152428398789399 13.360638444762776 53.001150317085504 -5.610054869952585 13.291206919210829 639.6887956887493 639.6887956887493 639.6887956887493 46.26424739578551 60.32866889322449 -7.212455203705087 -4.256975510682048 11.029626875293651 16.257964655351454
52.371942157330714 -7.989736748526232 22.175857956520822 51.606896435897575 -8.102055859383338 26.384030950563634 767.2316741189438 767.2316741189438 767.2316741189438 43.46051395242312 61.32270426505987 -11.570552849114485 -4.475207185353436 12.004586236877401 32.92428332845071
43.7667202164374 -2.9746422211868846 19.360050977162732 44.47758339135501 -5.614863658523678 20.58429247206024 647.189480569143 647.189480569143 647.189480569143 29.99680567708446 57.336306779201365 -17.811210444973405 5.755931579247566 10.660752980640984 29.008360139644694
42.06369396278082 -4.6268747318659775 10.79617090971153 41.968337036701705 -4.77393145221483 10.946856227460543 427.64830342813275 427.64830342813275 427.64830342813275 35.244965041396895 48.84054262743386 -6.273015416522032 -3.1051404405306045 5.90475536244065 15.144935416606787
36.87818929907736 -3.324729348125883 5.991177993645545 30.881801991856033 -3.4320835621539922 7.720743246545647 717.8121160861069 717.8121160861069 717.8121160861069 14.044569884246082 56.79187983761044 -7.658996095870202 0.16929026690234994 0.023050452022954637 19.284185727143708
45.37079287476737 16.847773316739513 17.656574285667634 45.858489808898305 16.327981365691386 17.118432000717057 581.1883735220317 581.1883735220317 581.1883735220317 21.361424703344415 67.58710413156805 7.381745479257392 25.07190511778559 4.284989060140651 30.90799454004879
52.340552808412504 -3.318588085611993 -7.5638600879415145 55.629691391906675 -3.5243088849073456 -1.8645133714595308 1128.1911032917412 1128.1911032917412 1128.1911032917412 26.05971467095146 72.03335730530186 -5.560949411655637 -1.270310566372286 -10.77749934132174 2.513780180572706
48.29275866971926 -17.996408473734444 34.25979259919824 49.13137858179074 -17.356973617284222 33.8137103523366 1291.0468660908707 1291.0468660908707 1291.0468660908707 22.111786352582847 71.17589164512671 -24.77434112173327 -10.070757693706467 18.74522897098952 49.5031397521729
43.221985899796515 -5.2872565009137125 12.817975476823428 42.984560289690094 -5.109264309906214 11.256074667966942 447.76269048966265 447.76269048966265 447.76269048966265 36.0403606505486 50.52341924218402 -6.350816167627754 -4.386781285321106 9.124063570440644 14.21995591392442
29.328286992267792 1.275281816743075 9.758871571229841 18.589768000359413 0.7678747872244679 7.463969235865936 470.8765085035932 470.8765085035932 470.8765085035932 5.2239536240519895 44.49597156247448 -0.8359906003126971 2.9957869411162754 2.2251580116713465 15.22151125907648
51.99463157513871 -0.730419109625926 2.569028896798441 53.0392832372694 -0.6062556262848573 2.346083452981451 649.8236725124782 649.8236725124782 649.8236725124782 43.95103523646731 60.99753489575221 -3.1579544221009836 1.6508478063088639 -1.4132821150201424 6.805801361734032
41.880299233358826 -5.460946724124699 6.570156154769395 36.24503810248705 -5.076351861307088 6.940802832487836 566.364764012062 566.364764012062 566.364764012062 25.41240930632756 55.06765237587281 -8.513469328775392 -1.9665525783397475 2.560086940385853 11.16546664833156
40.95647558586721 -5.615820009905267 18.989811994568452 44.58148915137979 -5.8831146650362705 20.060196464052147 447.0428326312665 447.0428326312665 447.0428326312665 32.39261745120058 51.093828268466055 -7.406089144814776 -4.10368491492262 15.044527988639079 23.797457516076314
23.44768402520976 -6.753397473771476 4.406412718626384 21.553319844008623 -5.634691934659583 1.6431042158321585 315.6029030250282 315.6029030250282 315.6029030250282 3.4825136658929985 38.383726917766225 -11.707266286563655 -1.1852151316025377 -0.35837726345444576 9.220501828083282
33.99008270489705 -9.714442995282754 12.345896349474524 34.28318812052391 -9.9213474236034 8.23224545706493 498.3191669699041 498.3191669699041 498.3191669699041 21.302716145938106 46.41145851009356 -14.365624117992166 -4.517775921774124 3.381365569605288 21.660616847595808
23.021937957838976 -7.372894197339989 -2.3555178573743905 14.032891255463227 -4.769539816436907 -4.460300361520781 392.2125828485186 392.2125828485186 392.2125828485186 5.60896663339118 33.37904731815895 -11.439445185490044 -1.2708966987376447 -7.226937843664488 -1.4113510607149604
40.276480713894976 -2.142137303502454 15.725091129000964 36.66583932583019 -4.289379351065021 16.466949498272864 529.223909893057 529.223909893057 529.223909893057 20.054612477183717 55.646111839668805 -6.859736582546905 -0.00031538927321161925 10.390630890922317 20.658900211339017
50.54290716667559 -8.917810365521433 10.606334300905662 42.93776625800399 -8.158862736745764 7.774711734789697 891.518046779919 891.518046779919 891.518046779919 30.632393384740944 66.85018175685191 -11.585470233118178 -4.347653777440119 3.4364345995852807 11.886485864548124
43.54526645983934 -2.438045159247122 4.736173415272006 41.96477212786407 -0.5306612160008023 2.944841123765052 540.1717842868808 540.1717842868808 540.1717842868808 31.920016864617672 53.35754593120113 -6.956066408669137 3.291595854376439 -2.5044310081671655 9.883043924684909
29.106144449686397 4.678715957120324 25.96397800544076 25.00261002761968 4.78988713116317 24.13385393754644 369.32283123204064 369.32283123204064 369.32283123204064 11.978120238562603 41.85192803035015 0.7429014515669408 8.574872901165335 12.871606943185615 37.345939731072555
53.0245265286786 -27.392431204424156 16.689559715317387 50.16610319551738 -27.81184384236296 14.926234691368807 1355.3013854639619 1355.3013854639619 1355.3013854639619 35.85457304702135 67.16964653665927 -36.766398274068465 -17.22711047629649 4.7171038783580865 27.994333160117257
35.30546672557967 -18.782855913738807 16.10494254783939 35.42374574195292 -19.877027841441702 15.804909373299914 617.7300508499897 617.7300508499897 617.7300508499897 26.550438203855926 43.875099334829955 -23.89120914845666 -14.85326452549074 9.604350143803686 22.393444776740147
34.79724022511921 3.484498510601591 17.723002654359426 33.80296597349026 3.9046874728880243 17.114525967949003 238.07193111753554 238.07193111753554 238.07193111753554 25.972602572332278 42.69041226298512 -0.17135634958059115 6.704511659309187 12.987650755079883 21.417270209454426
32.22250460499542 -7.5523513573914425 16.64830941830467 29.81358116856011 -6.766353227234346 15.382508704937038 500.1774647609439 500.1774647609439 500.1774647609439 15.561335344316834 46.793889524440715 -10.955798459251486 -2.576253608571992 3.9880886006944394 29.080905284087457
50.43454985731086 -7.385454662365003 19.43732638037324 48.6720070647942 -8.433813060008454 20.59348555351692 715.9410776602314 715.9410776602314 715.9410776602314 39.34184280494864 61.381205588586134 -10.702027925687627 -4.958653947309988 12.441246297902353 26.596878036749494
51.65878103146593 -9.038849839249083 26.814258447845297 59.521719385169945 -8.40549192770587 32.15299382336482 935.2591410045139 935.2591410045139 935.2591410045139 35.00561160922372 69.84308689374063 -13.663672010378768 -4.210157776765977 9.13130888122997 41.40848696904612
52.25620366314819 1.4395058649621335 5.847283048540444 53.2134974282522 0.9167718401767722 3.774437411432885 646.6590946535508 646.6590946535508 646.6590946535508 42.019222193806 62.54565285888876 -3.2482416684450346 5.858564254759003 -0.6979558297439015 13.033205140371518
36.34982327001259 -19.662906182299327 25.013942892603584 37.04829429205789 -20.86205798882143 25.559739027738416 735.8973912880624 735.8973912880624 735.8973912880624 25.25355726053651 47.581094145880684 -24.674204304970353 -15.913054824352333 16.531675182112565 33.735717369378975
32.593237027736315 -11.823433463437688 15.310007223391887 26.977920339775142 -11.300126891307604 13.594640220340523 573.6132775149817 573.6132775149817 573.6132775149817 13.50293772060986 46.283078021129995 -15.881578023208075 -7.14113253955255 7.24376351747757 22.382014313004788
28.14089531092808 -3.142984684484897 -0.0702640620262796 22.10999825321959 -1.6022421476880182 0.025794836367154517 442.68002388580203 442.68002388580203 442.68002388580203 4.694684670480498 44.45112799341336 -5.548363114129429 -0.0017861457253243174 -3.530721736540332 3.2094915027560624
31.41712801694496 -6.536593493608608 7.838090200007334 32.636942510851604 -6.556016816652438 9.038773468885886 441.0154405366622 441.0154405366622 441.0154405366622 12.690498856307432 45.8975529942292 -11.52053428645755 -1.8423049576669348 1.225510643702052 18.660923255976076
41.10956528476232 -13.588874950052254 9.919050201074924 34.553085226161194 -13.238071940318036 7.87548446095308 811.511049207286 811.511049207286 811.511049207286 20.24723822950024 57.04929386304009 -21.490590958226182 -4.344423250378204 0.6055757528812933 15.907795282466742
28.641055918798337 -3.6633949349888018 -7.56312063169208 21.658805992579104 -3.721159791013409 -2.733519300622617 508.1109443381102 508.1109443381102 508.1109443381102 10.487292315971654 48.22039992330892 -7.910075227200649 0.4056533378478111 -15.10696347391374 2.4418646273428712
17.543482653985084 -0.8676148889046226 -2.5172582065488522 4.850266341917255 -0.00015666414628079384 -1.7998142344811452 330.16856893255186 330.16856893255186 330.16856893255186 0.8832458048382179 19.083438711725 -1.7984216553116883 0.278052824978392 -3.7304113287002503 6.599043420041362e-05
41.27797646396457 -4.859429152314265 8.975685665650712 37.30920569822558 -6.386550968327229 14.48497015639202 772.8423139346049 772.8423139346049 772.8423139346049 21.8880455137081 56.504084492787584 -10.092872477389408 0.12243808343415097 -1.4641139562071497 24.893773403776365
33.994933758649616 -3.834576137513648 1.6130224099600798 29.50617328118973 -3.002041055911786 2.0802210321450354 491.9208839637991 491.9208839637991 491.9208839637991 16.77037967343748 48.92841788665079 -6.631780541346139 -0.3953424285240148 -1.7771778334320698 7.375949811937161
23.038001098586463 0.932824416781824 7.598799497350841 10.211690657434211 -0.0024330125741878206 3.773753883949005 401.22505263822336 401.22505263822336 401.22505263822336 1.7828101419862818 34.42948933331453 -1.1851629102204302 2.6448420735048215 0.010100429873294292 13.086831421079426
31.843353272851218 -3.874140365062222 -1.3059596047441104 23.736519772490237 -2.6648799388374886 -1.2877253527922239 609.4614640598132 609.4614640598132 609.4614640598132 4.454102076779364 49.10589151164825 -7.275612317026281 -0.10590197576121341 -6.181778189082287 2.264497728774467
49.71290663135588 -6.3518353285999405 4.11602303642052 50.326038754787476 -6.62599978967747 3.783724567437341 651.5636212773818 651.5636212773818 651.5636212773818 42.386742615969304 57.594843429780056 -8.074259665457273 -5.199818787958943 0.9335075872413778 7.545384619779072
32.99489926036207 -2.890594838727898 -5.713301340107242 18.89528030179251 -2.8856706053452252 1.0861934031482667 740.5354813046141 740.5354813046141 740.5354813046141 5.760231529861695 65.90061381717274 -5.114795964000884 -0.3312399689733292 -10.309742761066138 4.900591311663266
26.824264885156854 -6.556539940105665 17.758103818291424 22.964378883084365 -4.58065569018995 15.702685459854104 378.75819180987816 378.75819180987816 378.75819180987816 12.336043948245184 39.202974411424684 -11.641143040379553 -0.5234845461242199 8.398208349545715 26.31223653007964
44.41422904383652 -7.160286189257642 7.783197526177393 37.31496012754262 -7.9165642668029 9.760486256923945 818.1016106907185 818.1016106907185 818.1016106907185 21.53960959358458 62.26351264280079 -10.618235718267504 -3.684336685758016 -0.7331569989457831 18.82908629767893
39.38597192842486 1.8764063413556733 36.86014819195977 35.924994597206435 -0.6985274842429279 36.76577844039184 645.9216635523231 645.9216635523231 645.9216635523231 21.090239853865853 55.640389744274984 -5.380836328414768 6.502355709917994 25.334749834903356 49.225324465918774
28.334027947610515 -0.5804389693601613 8.939000818341366 24.268905784278658 -1.684395939489186 8.175573918874523 307.35454760319243 307.35454760319243 307.35454760319243 14.679487738710847 37.00041641925094 -5.076252689480462 3.8210924062140323 3.86620749856309 13.574665692208926
69.25943538978851 1.6739235784478879 34.72248899365968 73.19908830633514 0.9977718578477734 38.16051637536317 940.2653324870749 940.2653324870749 940.2653324870749 63.45427754640736 80.79299353252681 -2.697720349924132 5.218474552060787 28.245239923378325 44.77627319443418
49.22738955026202 -7.749433617463666 18.654568015331577 48.66960845698666 -7.789301080510902 18.77920302006948 742.4715414253733 742.4715414253733 742.4715414253733 29.839027622377102 66.42625767224546 -9.958205204915139 -5.819456194888314 13.911297310973897 23.415885874970634
34.424115601026045 -11.99737490020202 22.596242509957094 31.89654111623599 -10.7014914643883 22.903634996931665 642.0452249428673 642.0452249428673 642.0452249428673 16.6684185794119 48.72129066450781 -19.62163522586135 -3.7371267246174495 14.483424398907509 30.30721615425237
40.92684140488274 -5.199094937789465 7.672460935386026 32.25750738810515 -3.226232168658666 5.506797048304285 637.4712589596546 637.4712589596546 637.4712589596546 20.896428603547996 57.88666212239644 -9.47112283758405 -0.012233580710424574 -1.0745481685704883 14.908607995077443
49.17675860740055 -2.6170108836328034 6.670063350141804 43.653596400411296 -3.021864972518287 6.134834951640212 675.1873634114954 675.1873634114954 675.1873634114954 35.080520943798355 55.1213950068787 -4.775562283647922 -0.35105607552116114 1.735317009381887 11.633449066419077
41.482447343382326 -9.040414593784124 12.424966402400557 39.76812855714593 -8.531848229771931 14.83668669779205 823.9707576576734 823.9707576576734 823.9707576576734 23.23636140284814 57.36495275212439 -15.520459088642774 -2.3133317440556036 -2.3008399739142567 29.694693009104633
22.805841556576592 -10.311030153911274 14.359602240143275 19.52754365127487 -10.80134090533609 14.00221757239467 375.81421597527566 375.81421597527566 375.81421597527566 8.70215489345767 30.859227748298487 -15.969952098318391 -4.093821860743405 6.10485249298912 22.52003840000487
52.741358745188656 -7.4010951367984825 10.671785732263189 54.403487591713045 -7.856187546686377 9.696156731089689 746.5570176011271 746.5570176011271 746.5570176011271 45.43715047859316 61.93159347882198 -11.436713173609448 -3.8847828256918513 4.768132709145279 17.57966903680288
32.77662520385375 -5.451219136540994 16.892271656946832 32.61206392378419 -5.3400946549989055 17.966882346661215 477.3154955120506 477.3154955120506 477.3154955120506 20.019181185249728 42.14991597770099 -7.988188715114489 -2.3041524967441496 3.1738052438491984 32.80899165687862
39.63501693433283 -14.836678124751982 21.19560186138678 30.85587641549332 -16.452922426377263 21.53191249668933 895.6884901843622 895.6884901843622 895.6884901843622 18.31313221291593 55.58267838580804 -20.496215296697457 -10.175178704961361 8.489212799926415 31.59804889886383
53.05998787775897 -6.494220335272293 17.595776121168065 53.75461430909495 -6.469509749939428 15.827950019967396 683.2767781693206 683.2767781693206 683.2767781693206 43.88601508464944 63.36828852022457 -9.733370146283114 -3.737565688083422 11.396428791517799 24.751314367523744
49.588000799778854 0.5093437242534653 22.308253085833176 48.12475375795586 -0.12174555812709265 22.255516148855474 531.5164946661222 531.5164946661222 531.5164946661222 37.34334130539981 59.70736997397118 -3.06852543634506 3.4043272336721637 17.378384779826394 27.503059504790105
42.87381307691777 2.487680498263432 3.0269935875284526 37.74068449925413 3.657207055822953 2.4126560665820973 474.06232157137606 474.06232157137606 474.06232157137606 30.634748379219552 51.570039108720565 -0.37725749668610087 5.48441977852851 0.6359581300981021 5.549364907717686
52.732376890238776 -4.478899163649758 20.863583804931306 55.0344208224747 -4.873165820580922 22.3901996958759 620.2571092444153 620.2571092444153 620.2571092444153 43.8813750768341 61.86222479210302 -6.324756101001361 -2.6348106179689412 12.154081014612416 29.245232652533705
33.07149140909635 -3.7463570802423836 15.426955733649953 32.35423935475232 -3.346804854702061 18.251282183222184 382.9994792690368 382.9994792690368 382.9994792690368 19.661976228449845 46.220919460712324 -6.190175368165852 -0.9489417878098955 7.123717012823056 24.64751330376585
35.0355031435734 -2.8960746022240267 28.039439318454704 26.686253994722513 -2.5016266992360507 24.14104083491474 705.1730593293606 705.1730593293606 705.1730593293606 9.021872890554395 61.059021745471206 -6.675068211748986 0.5282005574365547 9.313404994978258 44.64703986399004
43.97304047997004 -1.350489668367018 -13.272658167414889 47.89979132133366 -0.9690776827362968 -13.236201722041386 807.3942706615547 807.3942706615547 807.3942706615547 20.81582019890483 71.80643240883927 -3.0920500186935875 0.5237274551427307 -17.392348068973718 -9.588162097362481
30.993475281895407 -9.755700429231908 5.273617116353919 24.753165051028915 -7.966077341575284 1.8548852625743184 490.60085315426176 490.60085315426176 490.60085315426176 15.000415353017916 42.276851898272156 -14.330826518365903 -3.6803253184401195 -2.664270251195766 10.244256055864481
48.51201971033441 -9.59219243908259 23.95937380641586 47.83145299806027 -9.75861332570327 24.790833832556146 747.9193276430951 747.9193276430951 747.9193276430951 33.26638761538967 62.25498822989256 -11.981600162765734 -7.526399448527066 18.091724182857092 30.825820560659146
47.68638494592164 -4.00903973688787 17.061924225399515 50.8812900831211 -4.0071522595029885 18.794805008749993 787.532397058053 787.532397058053 787.532397058053 23.062875386871944 70.75193775272822 -7.9529089289008255 -0.4165150310874478 7.432075693817087 26.501333368952274
46.11889767098511 -9.637769142022641 24.913730606871788 43.16862934880507 -8.99443818934817 25.440040394337146 929.7900307952 929.7900307952 929.7900307952 19.265355092179938 70.29545374746425 -13.946321326267352 -4.844022546901763 12.046948967398619 37.155644942951994
28.935902080389855 -7.989604501154393 22.36511120211553 29.015018967211518 -8.165230648167348 23.564792415630887 350.0472523371172 350.0472523371172 350.0472523371172 19.109188803679167 38.44268633144331 -10.361038293665887 -5.78085757371713 16.79332783167184 28.534943175742296
35.20242311207931 -18.622117178730875 24.209093188057867 34.89113771539956 -19.892506308893278 24.207103582631905 728.4342179424556 728.4342179424556 728.4342179424556 21.866497156722083 46.708798484139635 -23.963843476748263 -14.072158935152949 16.16321527295441 31.543173179749758
40.585728063987034 -19.62181068116828 12.046370737248541 37.96492195716397 -17.52149854655799 9.827267851820409 753.2712704317308 753.2712704317308 753.2712704317308 27.47976643018451 49.623804231528524 -22.97660438940779 -14.870231885820123 3.371462101644107 17.576342276781777
36.825093600093396 -8.323991188930101 25.72537356696219 36.28643820409086 -8.757460540345042 26.99783832148306 488.3136959534793 488.3136959534793 488.3136959534793 25.168023650205612 48.290985853730604 -13.354426541372755 -3.1007965016954797 22.46440295186331 30.731919287939508
33.957249869141506 -2.1441973673286747 -5.106784620805754 22.92197099357156 -2.1538363870670585 0.8515390032445225 678.3092490179888 678.3092490179888 678.3092490179888 7.884339187195554 62.717167051778574 -4.280556841441643 -0.0002518471009238521 -7.986448267337809 4.403087629894964
37.94984622688123 -4.334912312236273 15.50680532952924 39.580592660493096 -5.58799535835014 17.956314090523072 377.39643823100727 377.39643823100727 377.39643823100727 30.58345861473262 46.42505906443792 -7.48454000834392 -2.498803710346602 8.970514342986391 22.096480639289283
23.171015407488795 -8.051848336180703 6.615750597906714 15.323500087819184 -7.8187311843855305 2.351797933181632 424.07743836787705 424.07743836787705 424.07743836787705 2.63738752190525 34.582620057634955 -11.877032463981385 -1.8637588649934727 -0.7467136674267683 9.36523981312215
54.765668030381 3.972802861436185 16.807824417580356 57.99237135562993 4.15123326472261 30.821703882738316 1185.9939974054957 1185.9939974054957 1185.9939974054957 39.44770292325322 68.29376509448535 0.8605835439793805 7.813298827979764 -6.195004377391594 50.26180310674249
54.725300514530566 -14.114918655083342 37.92151877289097 57.80262388966131 -16.0891271603833 39.65842125948974 1208.8361309968 1208.8361309968 1208.8361309968 39.3743768033032 71.71800560848874 -23.050616092231593 -5.6472944802858915 22.376584780472182 52.45623105095919
41.21027859531416 -3.9532409931652026 -3.1298209680670457 36.33393573446264 -2.8230203497737194 -5.764352577761253 751.9792572601908 751.9792572601908 751.9792572601908 19.207524555680102 57.86379946150284 -8.389706982160606 1.4832145201940858 -10.987412807423535 2.936803503142467
58.44143033602437 -1.1999249100364076 37.52780977303391 63.64143218438932 -2.637745489852933 40.6312506766332 849.9776589679605 849.9776589679605 849.9776589679605 45.30024588156476 74.29614257289023 -10.236764175438228 5.576184925788333 32.50822256976588 45.60533031770937
25.633695055423807 -3.794795076370313 8.318117835651 21.51416549470614 -3.7452617678213063 6.883009540519058 261.73719427246084 261.73719427246084 261.73719427246084 13.05811079774459 34.46319517577143 -6.230807026860408 -1.7180337128119976 3.8312744749123273 10.793556692233139
16.284839590976386 6.118741239685652 -7.429351532491962 9.105833005029606 4.740760352724998 -7.089611587780464 279.2017654491653 279.2017654491653 279.2017654491653 2.935266363363386 19.367459570261936 2.45124542596134 8.56121987776179 -11.769360780700278 -3.200825021719511
37.22578038801856 -16.13006317369758 21.241381175403735 34.676965710833144 -17.042203264263257 20.961194184614534 749.9871423730361 749.9871423730361 749.9871423730361 20.670441791137925 48.70610852041699 -21.253664741516133 -11.732315260827047 13.040172668128957 29.395175052623678
40.04315132815789 -3.668933145233794 24.943943790341912 37.810140949574745 -3.7633387153488407 25.050884169647233 743.688047876035 743.688047876035 743.688047876035 22.528900980058577 55.556636112281595 -7.881120396040525 0.15765245643521025 5.7396676801118875 42.03075395511015
48.05158860027678 -11.199452576110145 23.205749790364163 44.44201461907463 -11.225958575755424 23.360714041032438 732.5532295202547 732.5532295202547 732.5532295202547 33.69588913478408 61.256992682633935 -13.04296237404995 -9.61992390117756 19.318531965274406 27.145371867421197
38.986571906601775 -5.827092245237449 14.284937522156683 41.82260385875941 -6.056216629079348 15.767354833064894 526.7864143400362 526.7864143400362 526.7864143400362 18.337493906727126 55.75748969959441 -8.480769489633778 -3.2367455146279642 6.129767566670469 21.674622169102438
35.8964232446375 -14.466293645335245 18.404107983256495 31.963069555655565 -16.33057028898871 18.086208004121367 702.8835666812311 702.8835666812311 702.8835666812311 20.478425543100734 43.0009263687998 -20.823702235357512 -7.196220899402278 7.284108324109664 26.985691053786898
43.827587288387384 -2.2291156163944437 -1.3906704859701928 38.085579362772116 -2.0058968045696957 1.342893986186544 765.5994291117803 765.5994291117803 765.5994291117803 23.492655142231854 64.95127954651585 -3.4266826741504994 -0.5831959391233987 -4.272968162609403 7.759270847082261
46.80411209529776 -5.510136506189016 17.651522829049178 47.176893453244475 -5.944715812579771 17.52371217523002 501.8238333290992 501.8238333290992 501.8238333290992 40.082361551052465 53.79586646596867 -7.245321703006901 -4.4050567580033455 15.371764699599378 20.05534534493343
32.08462583005603 -13.244817440900558 17.61870866739782 29.791789475211175 -13.279963452926548 17.210983093751963 678.8445954120924 678.8445954120924 678.8445954120924 8.591482123230689 48.39157357753946 -20.47299450801278 -5.0742497252442424 3.5212927941419503 28.43336588393712
34.46245247612485 -16.48095762759387 0.680612349033772 29.07100908588109 -16.375412618896107 -0.4605276275457426 708.1892119521318 708.1892119521318 708.1892119521318 15.113158492404185 47.398623406362205 -23.14444056031204 -9.318301611094231 -3.1320710999724555 3.2490619457739567
33.13455015046674 -15.387276772865304 24.470531145641726 30.15169279774162 -16.5274514675475 24.128882706855038 615.9064732773872 615.9064732773872 615.9064732773872 19.07128794099162 44.38374944580155 -20.57569240674545 -11.033565467821472 17.368282364957786 30.44552626266104
30.004615713913072 -13.996720547227369 19.941987929476934 29.377914107333652 -12.377886030082594 15.185502498701037 675.0897014473754 675.0897014473754 675.0897014473754 6.494389836918501 48.42769175165197 -25.40584102630794 -2.1419335398634165 4.247655037740239 34.08188283442979
21.66333963464562 1.5332869947457728 11.459020936752218 21.003500307126956 2.6265550562665636 11.831257660065164 126.96605601088572 126.96605601088572 126.96605601088572 13.624249006961765 28.22982540084857 -0.35415775272487626 4.279305235169895 8.448231416971542 14.390199739798682
43.06416149002889 -13.81185030744957 17.058480813857827 37.30229146816246 -13.41597785387927 14.935202034664641 728.1578815235731 728.1578815235731 728.1578815235731 28.465194096408467 51.833364067736824 -15.868257608940839 -11.501000049363718 10.117880114100036 22.078058695719527
40.90605129478552 -19.14595375086406 27.2877869609619 39.801114021850196 -20.353486536254128 27.35768824392144 983.6719331775798 983.6719331775798 983.6719331775798 19.79113039324219 59.11781303309748 -26.031914746207143 -12.213252295320803 16.157232588503227 36.30538198631492
50.19578705072802 -5.678114485391088 2.2311385318207346 49.81303865607133 -3.786454381247792 1.415591227914692 941.1640649666291 941.1640649666291 941.1640649666291 30.261559626957755 70.565017360725 -12.223553505880973 1.3606612367426663 -3.695237610041313 8.011549368262067
32.720151472919746 -5.2706941819127495 12.932658264791035 30.04050027596348 -3.410506375117202 6.43162989848805 546.3189336276836 546.3189336276836 546.3189336276836 15.176730225870282 43.38836794999075 -9.965639872582754 -0.5933939033648944 -0.8697787507887522 25.664739626939607
41.86270998711445 -12.031277353916863 14.279545606889602 39.71622182739697 -12.890990679242154 13.463057270425761 662.2732148565455 662.2732148565455 662.2732148565455 26.46073323343098 54.98783228528528 -18.376138927812256 -6.665673844809941 10.066278129854034 18.054495114346135
19.127190054378573 -6.805487862866124 12.131231580940865 17.38048881185449 -7.396170789466389 12.49390110474335 209.7957782045115 209.7957782045115 209.7957782045115 8.631041471359701 26.42815609651796 -10.949286400372383 -1.8717663033396281 6.123645412747914 18.25308461711498
36.632298063760274 -21.42803534995093 18.777201806294137 34.82710202944763 -21.90192769400341 17.52440253726073 964.6772031631748 964.6772031631748 964.6772031631748 12.477427158315642 53.26525792317136 -31.342120042218347 -12.149987164550096 4.332673722368325 29.39989387238423
48.841849740092556 2.2690577054800345 -10.72649286085615 48.86499572531102 1.8753959970390643 -10.733042080268284 830.566696404236 830.566696404236 830.566696404236 34.25138459654581 63.03420138744001 0.749864350959889 3.29119458592439 -16.72904558723684 -4.921614954553233
28.309833201355858 -7.697571058629548 17.318826118041493 26.254639049820234 -7.956351687787813 17.71881343911633 338.3934135600271 338.3934135600271 338.3934135600271 17.783776159557007 35.13459676116608 -10.791429810175085 -4.503151747446747 12.627485009365657 22.34468633800753
31.765632063988555 -12.454630069762885 17.970072972937935 26.649992355743265 -12.743821470845795 15.901040456024463 611.4035882061893 611.4035882061893 611.4035882061893 16.4269997588095 42.10184537120216 -20.198544882724978 -4.812913679283034 6.323921996052716 27.158313408083863
59.00241743255063 -4.434149862911074 23.971760012914224 58.823575777661986 -3.0889091494319953 28.21005043451005 955.8455170732669 955.8455170732669 955.8455170732669 49.7396667931438 70.22173670105713 -9.266798078439525 0.20828153083561618 17.204289296498615 38.934058608083596
34.34985947438475 -2.1024136656352868 5.676580783857407 30.33115246376464 -2.2329504985818813 5.089333673224972 391.4299170038093 391.4299170038093 391.4299170038093 22.412406878436045 39.20624151236673 -5.0924427603993845 0.25559539282348637 1.2498036947234503 9.149726769774457
42.59750643884886 -9.828594866768647 14.455103632024237 40.04949184740474 -9.619845037831059 17.55656869247782 861.434605435271 861.434605435271 861.434605435271 23.51879962890074 58.83931083072265 -16.192068435239655 -3.077846371465867 -0.6494425816817417 30.47721669129228
43.12436082531744 -24.435707065332437 37.63695254625224 45.71098030087435 -27.90544980815421 40.378981342263785 1225.5376086197452 1225.5376086197452 1225.5376086197452 26.811324241642506 59.815248663515874 -33.561563580051015 -17.05795066984641 24.732193424019215 51.24881632729986
36.45752155096466 -0.01715235137083021 6.525129701734626 36.35334698969274 -0.43954073974074304 8.007796305709736 693.6756796539631 693.6756796539631 693.6756796539631 13.045326238993212 56.50280853998656 -3.3263400438181683 1.896545463484084 -0.9508286212377315 24.46227016278798
37.966593366685814 -9.996453687436441 6.201987823779021 32.01173746271483 -6.370312276151063 2.694645341303997 576.4261035047093 576.4261035047093 576.4261035047093 25.06716270880335 47.761138139720366 -14.894527638357967 -3.0303678832765693 -3.1629498368629605 14.003122691920877
47.85460012137786 -12.026014051484639 11.054021450916458 44.43303495261151 -12.30372722723022 9.714885187001858 882.6640206900861 882.6640206900861 882.6640206900861 27.80789537149984 64.06289440140888 -20.648318512611674 -1.5557845436177664 0.8324837724145828 19.89653877101344
48.256888902635524 -9.648910795641626 10.040736756064401 44.32904543165707 -8.811508635090004 9.138899006528922 764.5210992650244 764.5210992650244 764.5210992650244 32.946857101968504 58.26769655476792 -13.149621227995206 -4.946270490180503 5.842681638538616 13.375153645051064
44.28384918976296 -7.091387410673984 4.035460025198983 34.46734495700994 -2.525886243444991 0.021134117538690322 776.6108240783941 776.6108240783941 776.6108240783941 23.874078889662634 62.41623791178736 -12.069816171002737 -0.0008268210488493466 -2.661766856119785 8.648669783216
53.528409140380646 -2.69532826175689 12.874621059358224 53.7837275282587 -3.1523676564005063 11.705835776119445 637.5967569639845 637.5967569639845 637.5967569639845 46.1790273523571 61.563524986221445 -6.3940326915010175 0.9718815637862477 7.639670116995023 17.920753090311763
38.41536507396377 -9.995787036525842 1.9196603860437973 34.65564940160462 -9.870107464714604 0.7137847792932028 594.1381501879546 594.1381501879546 594.1381501879546 23.558869799867047 47.83548123760397 -13.046839294907741 -7.145166858228247 -1.3502869674475004 3.4969304839060245
56.16969886937701 -1.1360283379315281 16.986268639589102 57.13122167423011 -3.055926003158099 18.05505894179231 715.0058207015219 715.0058207015219 715.0058207015219 45.21601215580165 67.36151318281276 -7.0873733533287915 5.301054717438247 9.78051056481053 23.53389899857312
54.3631766835609 -6.366147431809494 20.70268989042816 54.74481152894408 -6.512430988687063 19.072628565870193 689.0439829949 689.0439829949 689.0439829949 45.87419316383825 62.81435494810705 -8.469055438717788 -4.735583933768495 14.884915450867886 27.175504723540158
24.69358982907936 -8.45729982359914 21.531062680990477 23.169042125812616 -9.011886631385579 22.241516530534334 336.2477921604239 336.2477921604239 336.2477921604239 14.977612755421848 30.799022179265883 -11.312814880219374 -5.733669854331623 14.586954235106658 29.11591334456486
37.43513594905013 -14.261775662748565 22.01298993013702 31.130474560956415 -17.216218482742256 23.827309442867254 937.1477423206501 937.1477423206501 937.1477423206501 12.188437149230534 58.459264783655854 -20.68210477297701 -9.962101715429563 7.7519441450275 37.719283887847304
52.0240769800499 -9.701192224883403 5.11320449068009 53.785589265589834 -10.43951680327232 7.35146169796651 924.7728371553038 924.7728371553038 924.7728371553038 37.74971990793497 65.79046315353717 -13.666254906101905 -5.739619701960352 -5.542606116789131 15.761498087410668
41.378573437605155 -3.9511429337240536 -1.899945456179134 38.72163640197871 -3.382741582604015 -4.578449647611704 706.3410746862169 706.3410746862169 706.3410746862169 24.50861297858213 53.76657713443472 -8.412778173916696 0.6817324392004165 -10.784470078261648 5.441427652735056
53.011409272797394 -20.13392501125684 37.53868783996428 51.85931038532683 -19.925396375480826 34.472550342128244 1416.8519076889063 1416.8519076889063 1416.8519076889063 33.41564939408072 74.68666741011967 -25.600140373932724 -15.013189233232458 18.152068129280018 57.61378430029769
42.048056051612534 -1.3044668925326484 25.632279596388898 41.769591559322606 -1.9486578236876246 25.833806299783667 663.2798595367975 663.2798595367975 663.2798595367975 22.02159517923632 61.09212659146773 -8.95359701027982 5.034466220084438 12.70151951527963 37.76156210023817
43.03197172161112 -9.60174709923897 12.426347911325621 43.31151550205317 -8.8640055285734 10.750103159617685 788.1618616665827 788.1618616665827 788.1618616665827 16.962717269686244 63.89651552453118 -15.687095734502346 -3.040236155191195 1.1311389140028938 22.188263410592924
55.28775787884227 8.739304261447923 23.894355523653665 54.90838778501194 8.031502704675535 18.680086661889455 697.6237417510998 697.6237417510998 697.6237417510998 38.27549382854282 71.92094892536834 3.1958660745207492 13.59230506522241 9.757871392527006 38.96617964236006
51.99155365764189 -9.717875811905431 24.527521223257494 51.44274478692394 -9.962423538308924 24.067410096851628 732.3917525427655 732.3917525427655 732.3917525427655 41.77306390681389 60.891202110439224 -11.543077997154649 -7.927083866358764 19.850431502217404 28.925263648767306
57.52730280491451 -8.68664700663091 24.823189761745073 59.15075191739351 -8.74917934074923 25.417219040107053 856.1069082208204 856.1069082208204 856.1069082208204 45.69523640605342 70.46082689925696 -10.658993857433435 -7.059685987974435 21.395702835573772 28.608545023553454
28.25998181373149 -6.432329469585785 1.4371124535224946 18.19157699740923 -5.441030385823671 1.1150736202501232 543.703127378677 543.703127378677 543.703127378677 4.555367488659549 36.356352699591625 -10.303451124043718 -2.4287906679354987 -1.5461462142095705 5.601725620914655
46.21509242362308 5.299239489001646 20.14935975169711 31.370057900660054 6.85632599951734 18.386867779944684 953.8644181512504 953.8644181512504 953.8644181512504 7.543425422450074 95.7361558605609 -8.065500654465305 15.65019254346954 4.925857686779084 34.29417568660824
46.56464235405864 -5.398398189807335 -8.95241522443864 39.971226610162944 -4.729106899709623 -10.071276115666073 909.7597446928386 909.7597446928386 909.7597446928386 27.88037034106764 65.78151057827966 -11.494265325953323 0.35699402038199407 -15.814985809999765 -1.4583678540398104
42.916694847628726 6.685583661117005 9.523902684210878 39.208219592743774 6.719419975677016 10.351957457674988 434.1090585039705 434.1090585039705 434.1090585039705 28.832047187362733 56.317413767757245 5.526219427286858 7.922198847796491 3.8521733530121782 15.705416371887432
47.64065232908615 -19.287449903135304 18.181889098046618 42.545415840495224 -16.045597427633716 14.996107986984642 1093.893102048379 1093.893102048379 1093.893102048379 30.493753473538632 63.561308328541415 -27.740332372498706 -10.165928627385828 3.960260473810129 30.712073227297452
43.301561803251744 -10.26598001677695 5.696618049496732 41.8494965118951 -9.545524017076312 4.326558473264508 699.016753810358 699.016753810358 699.016753810358 26.70844281917519 58.089086966644935 -13.863159686294036 -5.890787326571112 0.21713931563013822 9.878117820000764
41.026071281187974 -9.691030737101151 11.618775515198703 39.79019947490223 -10.764583218405594 8.319604221390748 722.9790924509093 722.9790924509093 722.9790924509093 19.756372773183394 57.656387858148925 -19.090316564076975 0.04984842534987155 2.5676700993277124 19.5575941242069
36.210654648891165 12.619726434325015 21.513369213168705 27.532349774476497 13.529867055388749 20.48018567835999 458.38242701289215 458.38242701289215 458.38242701289215 12.431490756586786 55.553378304203804 2.166070568086112 23.726716209260076 12.197581300190084 30.78156973903005
38.43401785709107 -7.293944291533827 8.487267468235423 37.03250814678519 -3.5382214905501987 6.000018628326625 685.7103716889659 685.7103716889659 685.7103716889659 13.081348136004777 56.116717293593794 -15.38051569277421 0.8987829103013489 0.02284591864287755 15.275419125183992
52.347662194239426 -9.3534062465328 10.937339398845417 50.79337694093081 -10.119504403660121 13.005323452574869 906.6747786538666 906.6747786538666 906.6747786538666 34.705950910714016 66.25605126960278 -14.551489079229116 -3.6770443498325145 3.9871638436353924 18.600405793170104
48.972660477366084 -11.567423873133748 15.834486766921156 49.66937949762536 -12.18464159498564 15.911617765305131 727.561242522264 727.561242522264 727.561242522264 37.977348443594764 59.73462008783463 -15.121536838412887 -8.093912367713813 10.922188706529868 20.97168189106323
33.9390039979037 -1.8838266546512343 12.904559742061464 24.47526741897572 -1.8340979708726113 13.703735838344883 514.4077585485062 514.4077585485062 514.4077585485062 12.367940653114335 49.90610296999181 -4.927789167669755 1.0779511403703756 5.828553699143383 20.493753379542095
51.628208750284045 -8.75397187320797 23.570372201796836 52.034925224665784 -9.002355606477414 23.947465936406942 718.817800013086 718.817800013086 718.817800013086 40.494273145531565 62.41177543303378 -11.23477500871209 -6.490876550154123 19.514870936024153 28.261893570509088
41.0224677631222 -4.494895650594419 36.65507745204921 38.513651365803774 -5.333789562265073 38.79197945054283 719.6880095685815 719.6880095685815 719.6880095685815 25.669189353484917 54.54652219519823 -10.465377615501135 0.4472893728928312 27.00051095058187 50.365282634016495
41.02027196734986 -14.211081461248984 14.794065929343576 39.01388169911601 -15.616508869092064 14.110215110978219 889.2761847390613 889.2761847390613 889.2761847390613 15.792818274296168 63.00506283861669 -23.414735220848552 -4.551980352547783 2.5768621867448935 24.73166867192638
20.29159615656841 -6.742228639435834 11.067393728874732 8.757010824982004 -2.5011104043046117 3.946542896003863 337.57936781069776 337.57936781069776 337.57936781069776 7.739519325797062 29.170765836717074 -11.981266483494736 -0.0004913779070581104 0.0009314070255728168 20.14944515766792
53.00936369342129 -14.539645114861116 36.770460002661345 54.49974509005044 -19.97510747090306 38.38952877899041 1073.3422958197932 1073.3422958197932 1073.3422958197932 45.97012891812167 64.44563384592351 -28.737782243001885 -4.611040086016288 30.151458114387502 45.39161720356576
40.60336053322937 45.113941487371115 30.942186448422227 40.9106229418292 49.412625391063756 33.57660528481662 268.1541205646703 268.1541205646703 268.1541205646703 31.970716399240736 49.369235726575724 38.1371304451178 56.9445095964621 25.222219185694662 39.384366672468914
39.94378093234773 -11.804340800687564 11.651994000073964 30.114323334364034 -10.91728370335976 9.649087465299155 756.8445182790197 756.8445182790197 756.8445182790197 17.81990846745351 57.72102456929457 -15.54330311931637 -7.8228604610275365 5.487106422887521 16.439199238648932
37.364934382591 0.11413544405726284 -14.924050007009953 30.65123261419684 0.06146479046036796 -13.390155798272552 698.0529273371741 698.0529273371741 698.0529273371741 15.3261828074362 64.10941826035278 -1.1476254925281426 1.4291827561117576 -22.377586947584717 -8.156143096053015
21.17191613434035 -3.290966614384834 3.2006025853095252 16.202558712254795 -2.403363221532034 1.857124963303114 274.3297806580115 274.3297806580115 274.3297806580115 3.193151960623563 32.417696977069454 -6.3149802904218095 -1.740712736453265e-05 0.0023908986541698596 4.817595599573443
49.47579165473108 -10.622999320991953 20.177930828729167 43.95786143091091 -9.702446625138084 15.880828135921838 1141.1896550922652 1141.1896550922652 1141.1896550922652 15.925614540111916 87.96693777079048 -15.071447688068451 -4.3020238026004325 4.236716091846477 36.2254829407011
50.24521500208798 -15.380610458771482 16.603668098905942 50.879899051949906 -15.362554870597789 17.42351744642523 812.4328490202779 812.4328490202779 812.4328490202779 40.48690477687038 60.04495415806734 -17.846936516113576 -12.780980477553827 10.848603094181286 22.651937383018208
40.59189822382906 -7.118889903480783 12.80664581572035 27.795765308335216 -3.9109790225109604 8.7519657995772 938.3677657065323 938.3677657065323 938.3677657065323 4.29849674943172 80.4766822767341 -12.43169919832662 -0.7997843852095843 1.9107433239418548 20.88777117169911
53.7905816303376 -1.7823454478638459 13.00048263690567 55.3193893458314 -5.796281565229489 18.550466074344957 815.3618169855489 815.3618169855489 815.3618169855489 40.08894963785998 67.994243549857 -9.759680042225716 3.515262411647374 7.566478252262709 25.042999434435696
48.56739694897099 0.46767545352278295 16.444745383623967 46.56302477468334 0.1690583074641372 17.42954704950086 550.8198358455005 550.8198358455005 550.8198358455005 36.46276310395766 56.684064095289685 -2.9411602824384877 3.617840458496918 10.407986319278839 24.737863831160244
21.207372855881964 -3.1391254177502703 2.5001008346619775 11.093964910261498 -1.9655017596825197 0.5079318416943313 286.65070936741364 286.65070936741364 286.65070936741364 3.966754460856418 34.01506233262897 -5.134854855565189 -0.0002518471009238521 -0.22842987491094036 4.7235465141451245
47.735036521668164 -6.1072381834785805 -9.270305410619482 50.11058283789713 -6.144965503671496 -8.770842485274988 821.9243430462275 821.9243430462275 821.9243430462275 33.9776337072357 60.616622952221206 -7.599823648437337 -4.549708284007886 -12.251741074179744 -5.943815415299303
54.10822271035339 -10.69298584600887 13.947932682236953 55.39596479651176 -11.144805738314833 19.959284037648324 1226.6506363416602 1226.6506363416602 1226.6506363416602 34.29248060487693 73.6760644000915 -17.205656071351605 -3.455410136846183 0.00462572474841938 35.06343830512436
22.00886504516206 -9.245088911150983 9.690113090841473 16.843123561274595 -8.320519595637302 6.076477931289748 328.3875720278567 328.3875720278567 328.3875720278567 8.568032077295335 28.695232363329573 -13.521813736109555 -3.834009856031148 1.7125319953404494 13.876420645141575
41.848889169836085 -18.35972380595033 28.432260394870084 43.49309797879535 -18.674747275909606 29.381760210577088 880.9993373606012 880.9993373606012 880.9993373606012 26.459421736722753 57.07665555391162 -24.700193578065807 -12.6683403933086 21.398271629253053 36.378449128167404
49.041262703465144 3.712936388496838 17.53352933262643 49.65923769856017 4.0136207401423185 37.26920367824992 1134.705510743622 1134.705510743622 1134.705510743622 36.91751247764431 61.2126310689457 -1.5016174629940495 8.822247857661024 -23.480828297794954 51.014205686254805