49.39179014623212 1.6247887861696564 1.743956890945368 45.63902235831914 1.358753970589953 1.3556127810724128 695.8662995662444 695.8662995662444 695.8662995662444 34.81778892600841 71.83018984553578 -0.0011390964293755967 3.197513730613999 -1.59594444525048 9.252954873047202
49.438404440695 2.6071368819617544 3.1955796683226705 39.87917279539935 2.5192284116625774 2.248010216282853 816.7927621010593 816.7927621010593 816.7927621010593 26.058152502105997 79.2197194570196 0.6428417905033901 4.074351795653186 0.0046395781180263995 5.277814808710845
44.119251606762475 -1.769196283385994 -3.554195583535072 36.22544008788558 -1.4574582348782228 -2.8806881284008767 825.2701643304857 825.2701643304857 825.2701643304857 18.105329046289825 59.21284760472794 -3.983436827369596 -0.0024183682527101347 -6.2487936053696185 -0.003553046994353437
43.835575294222295 0.45250368657366935 0.8720835984894597 38.21780394392179 -0.0023152246660385067 0.2727141536486899 655.131885251638 655.131885251638 655.131885251638 24.073833436248087 57.68246946924765 -1.8936741140729019 2.287566974831401 -3.0499083240028146 4.837676949238749
46.93424627805484 3.9142626670259055 5.944587433441702 38.06468447642925 2.932210182602951 4.135839445432376 589.3889173229477 589.3889173229477 589.3889173229477 33.030965951485506 55.94050271400246 1.6393665593329998 5.461578655471728 2.3608826763295787 9.925793648727698
51.561661138511205 1.2491300257929416 -1.724369120969367 50.009297046356934 1.3285640093972928 -0.2730564828169024 770.2788831186016 770.2788831186016 770.2788831186016 37.7398487598204 57.83901692368674 0.46788085342833186 1.921874518087785 -5.734766654578719 1.0769515008619113
52.208086032567294 1.0183262980243208 -7.496163549806639 51.624235603786545 1.7307409265283624 -6.66285548874006 872.14417123466 872.14417123466 872.14417123466 39.4902249532457 63.91786345116754 -0.6414906218433214 3.37498928227975 -9.22066461227627 -3.1773003653372545
50.368343036811794 3.672191692457839 3.2047748613962157 45.86907671818498 2.802133426646952 3.058267162966244 748.4323945181658 748.4323945181658 748.4323945181658 29.911641168227984 69.23395638836783 0.13439976658331798 5.752299909634974 0.004374542163043671 6.884642086339088
58.836519122223756 2.989300161917785 4.108111220613173 50.59863421827228 2.5284902785510655 3.4771901726943 968.183688387276 968.183688387276 968.183688387276 36.56942180861341 96.86059006338517 1.032407129904378 4.843839274646378 0.0046395781180263995 7.231937342478423
44.23988570274998 -5.032969274744935 -6.014248613780486 32.85835017122865 -5.228043790332315 -6.4297972785501205 891.4978202355102 891.4978202355102 891.4978202355102 21.449901248233935 60.0783868492061 -7.483520747448679 -2.0398142728687008 -10.517487922127325 -1.9575724895979252
52.10155621262941 1.4158026750256603 0.7382122495040742 53.70255927055 2.6945652607712756 2.575484082659951 764.9869803772281 764.9869803772281 764.9869803772281 39.03344347568347 65.38408013788579 -1.9948166257807431 4.588113306982389 -0.6572120786073832 7.15636394674296
55.90815655636433 2.192471245237595 4.698489723719906 50.49512411665155 1.077614453867004 3.708696025827418 862.8212109533816 862.8212109533816 862.8212109533816 36.63840958267553 75.50202063889469 -0.0024476348925439595 4.241853872487683 2.179442175846491 6.98614040358134
47.85308497520545 -5.606228670944088 4.8503389742379746 48.6768541709015 -4.557359978553832 6.2099866634142575 851.5600526590598 851.5600526590598 851.5600526590598 17.75608235882042 77.1085596807051 -7.964483003337381 -2.279894971728674 1.4892243770839864 8.499284369662846
51.37479911664353 -0.08213510800163515 -2.7288000018619 57.82640498591757 -0.020628983642773102 0.9573151460786189 1021.0623790485569 1021.0623790485569 1021.0623790485569 25.76346961304361 72.796377335526 -3.5463631079499236 3.599560982232547 -12.955617931102353 6.322810627996733
40.26990178696588 1.712659594200863 2.5320837405733014 35.06400887564162 1.8394692888559772 2.291823858499409 507.3758709415691 507.3758709415691 507.3758709415691 28.19819043984188 45.852435870784234 -0.0007712416818239642 2.9791499067398086 0.0018691234783152488 4.4205538783552605
41.51433425016521 0.5628483681186034 4.773784250631273 40.587662276601904 0.01653610767293756 2.941624535949805 716.8156164583912 716.8156164583912 716.8156164583912 10.776428870143011 63.2886161156288 -2.813590109475239 2.353493791602712 -1.4440015373812454 9.148784664788733
66.82960741243332 -8.650561209393498 3.054532766399764 77.58073124148713 -5.927699612617021 4.0040855915620455 1371.5856738514901 1371.5856738514901 1371.5856738514901 51.88116718593638 83.90212165761471 -15.370521316403096 -3.6505925129605155 -6.0686301525977315 7.472201786647226
47.78750451397378 1.3765183805850199 -8.159974832491017 49.238987446195196 1.2741354604096644 -6.648203757219228 868.1518888620949 868.1518888620949 868.1518888620949 21.702066200023516 71.70558320113452 -0.001497478829326493 2.8847403669677307 -14.17924455536892 -1.0650916903387486
46.243614178053356 2.9768296885067937 3.64079332982042 43.44774599780104 2.737308115909498 2.3888163776237037 653.6461012355134 653.6461012355134 653.6461012355134 29.100518069304556 56.846736563140865 1.396560160712934 3.71495507671106 2.1567880216143864 6.083498080842224
46.81717294531983 -4.832252118468034 11.977583897114725 55.46828174507892 -6.160776397390988 15.301700014340614 754.3733984412124 754.3733984412124 754.3733984412124 20.78363350359276 69.73025523389126 -7.677909011913675 -3.0940333153819806 2.9845079337948026 19.61600047874128
49.654436858087465 0.8494702714622359 1.6789904098135309 47.36736674176812 1.2459571065414066 1.8678445554704215 671.5634752082784 671.5634752082784 671.5634752082784 36.41195724619475 63.33041968890667 -1.609491218319603 3.322263190021657 -2.717535099520835 4.998129212420829
51.75171652225383 -0.04220012746914453 -0.8910881478138823 53.838571820458014 0.42747202529638817 -0.27464885931720584 762.9819286028137 762.9819286028137 762.9819286028137 36.157765777306395 61.92247672897531 -1.3838645053003973 1.6573050121765354 -3.3602088854670864 1.087193746583437
45.15187923807673 2.891467590766257 2.2369848893283866 43.5445415623097 3.531279925853517 3.180695971097691 613.3129451937783 613.3129451937783 613.3129451937783 23.64686046625252 67.89955904866065 -0.6101045302563529 6.060592825084699 -1.8303374592314041 5.645227393985808
52.05523876597782 1.6732661008113232 4.857354368858629 48.940226568195584 1.1467646853280944 2.9202947342883423 735.3272925832539 735.3272925832539 735.3272925832539 40.78506328974785 70.24272866904619 -0.41981027908222224 2.400506256719809 0.2611935682253874 6.886846242936806
46.219374642115696 0.2615375484234944 -10.957549132129296 37.46276375611375 -0.0024110377784269943 -11.23981299776029 911.0126896841626 911.0126896841626 911.0126896841626 26.446515033835556 61.03487579990846 -1.196925156626255 1.7206018666395262 -17.378413229922828 -5.379243343878727
44.75726356873736 2.429062231173308 4.681830596930266 41.51483850846357 2.135489491123632 5.528020367804254 647.5129979274692 647.5129979274692 647.5129979274692 16.41497896197577 73.05851199509647 -0.0006288404557908134 4.06438603865586 0.8511337229269694 7.977729032387628
64.44306363858904 1.307912437860638 -6.149783928348177 62.99342345394811 0.6952753287689795 -4.873545093044895 1217.3785970952197 1217.3785970952197 1217.3785970952197 46.67167107120327 90.43034208104827 -0.7831546166330999 2.5323049424191835 -12.560351083855114 -0.4823705044514459
51.635691964937855 -5.246493290805109 1.5697775184009113 37.78769858352815 -5.650285802998867 -0.4167481029321185 998.8208440283415 998.8208440283415 998.8208440283415 25.45575992069498 89.98865520130417 -8.245439841562312 -2.654000990969664 -2.534947953182709 5.172992026840068
38.496898570450796 2.65547330854937 4.428640996645445 32.39362356913651 2.258319726899105 4.342347471157748 472.1247687102639 472.1247687102639 472.1247687102639 24.721165061725664 44.3756749596395 1.4477394221828477 3.6374322759081257 2.4938502163083687 5.31809932709375
60.80183011370373 -5.400379363639765 5.207746410046935 66.86429642732693 -4.877344236475956 5.535938674850394 1163.4832782842602 1163.4832782842602 1163.4832782842602 43.086968117930134 79.97004435962906 -7.953070943930378 -2.015435646105304 0.2736507342220751 8.871691511346102
44.63193859803132 1.3731058677365664 -3.1815660361374665 36.003735745646786 1.841170281120047 -2.8651640192268735 681.0780464503438 681.0780464503438 681.0780464503438 27.80572217364753 59.34002073955251 0.28719794155818157 3.378149548307313 -5.191413962861787 -0.40320119051506786
50.571214640421935 3.3847119714792226 6.962791224571175 38.0994440243868 1.8282824799507325 3.862141891736448 774.825143007566 774.825143007566 774.825143007566 28.705525318329165 75.7629875291398 0.6975211532414538 5.068784832185869 2.332039216666759 11.566775597016148
54.53199637473263 1.8145053465081917 5.741855859381392 43.867168778358774 0.9993965129620197 2.728013032479437 795.1068657970991 795.1068657970991 795.1068657970991 37.5892155241531 70.54153023151645 -0.0011479330810082455 3.108570774344205 2.256947658112507 9.815721897641566
40.759205703596216 2.5869359897348168 3.278067693909085 33.458183858825784 2.373832270813531 2.538452877863384 565.7098692211783 565.7098692211783 565.7098692211783 22.90224224318998 52.52914461975095 1.0386688020806722 4.0403575936625575 1.1744825963415195 5.8376653145233215
44.15419569703826 3.0403274219385183 5.765103153213942 37.05812137452391 2.6481735248786165 4.50836524613144 548.3524549174675 548.3524549174675 548.3524549174675 31.306594342204704 51.40105528762683 1.0329074399329508 5.122871679923313 2.378648246960169 8.46397803807929
45.29818489280463 3.999013364627891 5.413381877432223 40.578159485814034 3.289960209845122 3.648268554691425 594.8479376729889 594.8479376729889 594.8479376729889 28.43717469874285 63.66460687012469 1.070535479765905 6.110641516648724 2.3103335028802907 8.761763848612024
43.25414076670416 -5.0538517656750575 2.3651794725734403 34.48221850312056 -3.2414714507582043 2.387736562647258 818.202997967495 818.202997967495 818.202997967495 20.053523360414474 60.71222959695612 -6.331493829886618 -1.2112909489274681 -2.4795436136233695 8.790636516590274
27.034580694068556 7.631453911594237 16.602809825388544 17.10809555817343 5.424231919028966 11.920927508178858 378.41588257718286 378.41588257718286 378.41588257718286 9.263234285789423 41.0014665220108 -0.0005346523307414586 14.692420867931315 0.0010134523176219545 27.160768017186253
45.96436069166917 0.28145235035903116 -12.855288849111622 33.22354196934189 -0.04367801195240273 -11.340788658519108 864.8864086733397 864.8864086733397 864.8864086733397 30.321562084097437 71.66360343880928 -1.5135184696392356 1.8596117793930333 -13.773623494899251 -7.094264617884146
44.48039641203355 3.2799351980348037 0.5391425131668335 35.81960731583677 3.4039279955061783 0.0046395781180263995 722.2464850124952 722.2464850124952 722.2464850124952 20.977332325715153 61.50089387027313 1.7515082604536714 4.558774435340501 -0.4717501290453896 2.3398727758477067
53.44345939413424 -5.627830046013275 7.866846319950419 52.15793896906837 -5.620493945862393 7.533116427495001 805.1555065852831 805.1555065852831 805.1555065852831 35.141146238927874 68.70127860395232 -7.83278245850029 -4.012148851836421 3.787057932074689 12.072072418511382
48.166680936179745 0.45585106571630496 -6.9317060914476745 39.722225200595865 2.6458898374144004 -6.882130493093131 857.6258786711909 857.6258786711909 857.6258786711909 27.580816098966224 69.8076280119111 -1.6674706217830424 4.473149221702305 -17.13330149359446 0.21592250940094537
61.924499860792054 2.0618240767492755 5.573266159670263 50.08144401330151 1.6033082279046096 4.3129531406890464 958.8679259166606 958.8679259166606 958.8679259166606 43.8548526770892 80.97339863130115 0.029077010886890964 3.141768285564228 2.0408102816748097 9.1800947823511
43.754005182736904 2.727084766995252 5.45006950614742 34.95110902334806 1.7217561958202399 4.595751514759749 600.0495925183908 600.0495925183908 600.0495925183908 29.802033507361834 49.55256155279214 -0.0024476348925439595 4.053716702223327 3.739940363331451 7.348089694655546
50.71345460753159 1.8525600323190774 -9.086042446804786 41.86726621566166 1.8572746600473145 -11.097785051035313 916.9004369540588 916.9004369540588 916.9004369540588 33.91072547486224 79.15698471315477 -0.0022781101039481833 3.931585158024109 -15.865660790638369 0.0038172890139742677
35.807676845318795 -0.1937128530051987 -3.51980442252557 32.56785033224563 0.3909010507810451 -4.347704856618195 467.6612970970553 467.6612970970553 467.6612970970553 24.6339324756078 46.95743637212926 -1.3398567746301104 1.0476668446813553 -6.8520711214760555 1.1577381128579782
58.8174014225868 0.6999007567593291 11.135894778848684 68.1757461612763 -0.5383061973106216 6.602523719801001 1009.5222855835679 1009.5222855835679 1009.5222855835679 36.6537287751618 86.7256721244706 -1.867489419351387 2.4440373296860383 1.3555828068169573 19.910464689981424
55.55864395351157 0.36581231261151426 -3.4775217973320363 52.07511314420442 -0.0012093249622258107 -3.1323261637487 1044.8453520141577 1044.8453520141577 1044.8453520141577 31.674686387341985 86.8518987600041 -1.0622226196915219 1.8953518579719746 -6.630177391988113 0.0045702069997544115
45.70310803451859 1.9132239411946812 5.258368769906793 40.58922864149338 1.5547881170242528 3.6982140410542765 643.1902721444991 643.1902721444991 643.1902721444991 29.757863259523326 58.292417907292716 0.8104422660759545 2.85260508424387 2.286092201001788 7.723992081173453
37.963746827306124 4.0379208410645315 3.33485168765025 33.271347630810254 3.720431546641756 2.5582623266418025 476.2493977192044 476.2493977192044 476.2493977192044 21.275511142245666 46.20458938354436 2.8434309189238336 5.394263356641337 2.044684316967049 4.6959592443465645
46.107840899653326 2.48916979825663 0.5205382660371574 32.84755095815556 2.2669917700993967 -1.2433778222762149 732.5578253416028 732.5578253416028 732.5578253416028 24.915646142422283 64.41768661122819 0.6115927498909213 3.8251105794639972 -4.448867382381513 3.2446039924063586
53.19743799484424 2.4918227582996733 2.1366019692428013 40.16812063890938 2.6734546409745152 1.952672436035563 906.8894519298259 906.8894519298259 906.8894519298259 30.69709638394285 92.22218531556298 0.833050842047045 3.872634234304173 0.0007596010343613457 3.770343465469561
42.771504688767415 1.4809232664174903 3.9878102473529182 37.35689025420067 1.2390652160595705 3.084876756462396 626.8474679673004 626.8474679673004 626.8474679673004 30.40391430426468 57.90309060723648 -1.4424206017268348 2.607001908763368 0.8838728167412602 10.316729666097785
55.9674501046247 6.100091015903349 -0.799857134014468 45.60309064530114 4.256732620128378 -1.1321791775418033 964.9904860496712 964.9904860496712 964.9904860496712 32.654693911854714 88.67485472062353 1.6904863462680746 6.527650322160183 -5.340654364427888 0.24993265138237852
46.55678789615943 2.890684405273667 6.778375390015634 40.59016493141475 2.1333584020645713 5.02116699006272 660.6293279244162 660.6293279244162 660.6293279244162 27.22779859182379 65.99947325117881 -0.0024476348925439595 5.31166385097051 2.737307976608372 11.325615065089467
56.68824677948436 2.0191943361489058 4.1143186943884835 67.56793237916094 -1.5183656844479643 2.406493805091303 1025.6651651888199 1025.6651651888199 1025.6651651888199 28.403064761578655 82.59284781058686 -2.9910706024838807 1.8085660879284955 0.021051630350310546 7.524276621206188
44.443886599738036 3.3369852508426123 5.783411664548611 36.27434897287296 3.2425359365940154 3.519394015852245 746.8588513865733 746.8588513865733 746.8588513865733 19.234348558372616 77.04916691796639 -0.013809271405595958 6.394254062594806 -4.990469707781739 17.033615383027506
49.25708010279951 3.344647376999775 4.360605590717956 41.40165840756183 2.8131440646761154 2.305621929059598 671.7308667576425 671.7308667576425 671.7308667576425 35.75176176471727 62.79151516887592 1.8167852293982933 4.827265958426724 0.0046395781180263995 9.42291631761294
49.36665388924317 3.6382810049522765 3.71000553647488 48.66087627363575 3.07585243202263 3.9433748723872952 610.233440330867 610.233440330867 610.233440330867 36.77807091844111 63.239948624261686 1.0577467605874178 5.293447119775724 0.7633799618863679 7.96173377959577
41.52731645900997 2.059654156506642 -4.025217482240539 33.81783235159555 1.4173896606239356 -4.735068012677979 781.2021611181049 781.2021611181049 781.2021611181049 12.351556210436335 79.25344682134862 -0.00015666414628079384 2.7541095555825845 -11.18060237263252 0.0003637886581919769
53.136498363069975 3.3020254153726447 1.28070090463421 56.06572973776892 3.291473236615994 5.605893808309487 771.8950751629453 771.8950751629453 771.8950751629453 39.88858927293056 65.87426531328435 1.214935181546417 5.302443094218581 -8.095589022935101 10.504608899474901
47.59674141192373 1.1647699362591994 2.450725740091416 49.6673663564967 1.9885597784307096 2.6901921722777056 677.5984630837045 677.5984630837045 677.5984630837045 29.360836774024854 67.25883015810213 -1.334082708383963 3.580299260202535 -1.188609429920573 8.107869311386672
35.00383407148293 -1.8181529719388239 -10.227643571748152 21.88588988522264 -1.115388335814066 -10.202683356419257 778.0249917188479 778.0249917188479 778.0249917188479 9.498477449198454 43.6283188050387 -3.8152303183639216 1.3176605203128744 -14.641219699939501 -4.841538003178125
35.11226871105207 1.669863278611702 1.4540181502298561 31.330725591978194 1.1157763479890115 2.1844382345702407 429.51347336845157 429.51347336845157 429.51347336845157 18.328463838252866 53.19408212419269 -0.36222543784930616 3.0326174958513614 -1.6941128399748207 6.105997500181337
49.979424947392786 1.0820546799130897 -1.1170695852194434 47.590984215183106 1.46964667606575 0.7622358167908017 757.9317639513388 757.9317639513388 757.9317639513388 31.794681507687926 72.37869192860039 -0.5161039019078301 3.0097757815504 -10.105368858202413 4.411985992106349
51.21587879324394 1.321859883225818 -1.9382334718035508 58.38515172860234 1.682030158806712 -1.1132315227346479 886.6170014863525 886.6170014863525 886.6170014863525 21.672152471274572 69.6286544783429 -0.4897563586010803 3.799321291238167 -5.8788083257847905 1.8659625715225447
45.54952187068895 4.203942238081065 3.4221339808105804 39.58011244907359 4.207200300622743 2.3774068539363036 576.144295399819 576.144295399819 576.144295399819 32.75967496853165 50.98533595330508 2.8372204346197027 5.227740982502005 0.020763951275748482 5.374043218677297
49.2107443688202 -0.6846931317085194 2.3738692205785337 48.64325464187772 -0.3993792495594617 1.7344573231128757 716.9925150407279 716.9925150407279 716.9925150407279 34.31014721311383 60.500305964016576 -1.9490143982942576 0.45096709669645296 -1.059481520752792 6.679187243094245
52.024733998361995 2.5822916806359903 -4.773796616689204 48.27287020922003 1.744747242136191 -3.811717069278575 853.9215884734855 853.9215884734855 853.9215884734855 32.735013677175154 70.74241185938648 0.14160959325298234 4.039704494284778 -11.986400583864775 0.009317740094005877
49.22467807499086 3.8126563525530575 -2.2374240874921716 44.338420700532545 2.582335403099989 -3.2763560847702933 704.6697302769302 704.6697302769302 704.6697302769302 38.22115069315348 57.589447310555784 1.0565200806730604 5.170845012483715 -6.925276708637562 -0.24222042565915647
49.65837796297271 8.434534162513401 5.862479438580758 53.5957101684035 8.975277271870752 4.636492097248346 777.6542654031678 777.6542654031678 777.6542654031678 20.77213077639115 69.94808382509511 2.775332982936217 14.020408343796934 -3.125832319862498 14.907208885374569
51.14982077185608 4.231748345179119 -0.7658196946382266 52.80713735971721 4.742953772641778 1.6460816332275252 737.160937128495 737.160937128495 737.160937128495 35.58651415022289 63.997275352895116 1.6932651525909947 6.4345732093858965 -5.388193283152762 3.1544154841768757
61.939547372870415 -2.827009111551272 5.768767966926529 56.93311010248855 -3.722273047076341 6.045621343973573 1102.4325471568336 1102.4325471568336 1102.4325471568336 40.39648668233413 85.86691423501229 -5.5371691703784975 -1.1210020993811658 -4.743416913934951 15.345537423453532
29.364522713770974 -0.9543549146636185 5.803092005733375 23.29291285691295 -1.3050381679762801 3.692901170548968 376.09226904207776 376.09226904207776 376.09226904207776 12.690498856307432 42.91400011140046 -3.234932475878 0.22483249357646562 1.6238725608604898 9.740549128389508
43.29394707777542 2.457917115412669 4.477365787979396 38.29846035925774 1.7273351275204074 4.480904248687367 582.3258013995718 582.3258013995718 582.3258013995718 27.04664959911176 52.058474634853994 1.5705818261795672 3.5636746060804803 2.9025245530085786 5.644370672353194
47.7789586951201 5.649570656363696 -10.212139561583276 51.773921594854855 5.304799111834346 -4.912335900539924 880.6017491290686 880.6017491290686 880.6017491290686 34.31761739824293 62.46904529174887 2.5095266881471625 7.7093751595819775 -29.147849950219488 3.9658644535248033
46.50507663951142 3.6992055354398774 1.3711627946695721 35.74743311039515 4.20062979880792 -0.4056853605476807 722.5472385765623 722.5472385765623 722.5472385765623 23.117970333535823 65.50648143438055 2.0247959027466234 6.10730089359135 -3.3965985020650957 4.298825715793211
48.33779912943899 1.9010563725940057 0.3829149003192913 50.170805828617596 1.7458405133282535 1.7609184429343228 747.907335746404 747.907335746404 747.907335746404 24.71394270432443 65.00529484734793 -0.6202400137364505 3.9903370973717047 -3.2764609534551097 5.3899408868169125
45.37265909532695 -6.818942809888013 -0.36977876454615854 35.708121114055906 -7.8624070234160905 -5.75173262684785 786.2159482742499 786.2159482742499 786.2159482742499 28.344929602886303 65.62560059159469 -9.940789364035973 -4.012759848622927 -9.02245844068046 7.79371681799958
44.40834517166213 1.7182421486363906 -1.2983157749545593 39.92977637213416 1.0943349971781062 -2.9893833381406276 775.1430351246509 775.1430351246509 775.1430351246509 19.0390149090888 77.43764338335382 -1.740712736453265e-05 2.322342554739704 -7.104845088356115 1.369098934505597
28.545676548689848 4.469013292669413 -8.505053948561677 24.334156091441287 2.9713420351952236 -4.238212266876523 403.9135428035056 403.9135428035056 403.9135428035056 16.995811510494008 37.57443665669483 0.9811856097196314 7.316106066627248 -23.59389971009214 4.294807963639347
51.56631186001502 4.2755198583360805 6.798705323261124 45.03213989452874 4.510229437118124 5.224776813779575 645.9579172041012 645.9579172041012 645.9579172041012 39.76397689337792 61.184830292758306 3.213201530310572 6.765548328359738 3.840084836559743 10.170983438208005
50.01155442391211 3.047168164605924 -3.0923593029149203 55.55708246807251 3.3693778547845277 1.074224110733013 797.5317033906346 797.5317033906346 797.5317033906346 34.43834783830541 65.87248554548772 1.1731682297805024 5.08907640498512 -6.763777677477467 6.330050726383574
54.27158940766415 4.3409117096671705 -3.9294440809522024 55.99011112030833 4.997895484324264 2.21799506512379 789.0131337158931 789.0131337158931 789.0131337158931 53.450734660769 60.12692811484092 2.9653725921326424 6.2728342109366615 -9.21115487405515 3.612866191980646
49.38307436579597 -0.06473777059937678 -2.246408748710747 40.69066486059336 -0.0022258938573438414 -2.6158044693044724 832.4053987691487 832.4053987691487 832.4053987691487 30.379867295138446 83.02827788135764 -1.3880178065265036 1.6266606218073298 -5.452325239686973 0.00421926017881713
48.08691119870171 -3.022697358853812 -3.0211441593787347 38.33568756897648 -3.0739587777124933 -3.976514657090069 945.8695208663493 945.8695208663493 945.8695208663493 25.92122197528866 76.60784816114263 -5.482807376746612 -0.0024183682527101347 -7.739960377886323 0.004584102171900639
48.95450535049671 3.139260355886096 7.190256032697548 41.60752196876619 2.269787814934199 4.780577844570811 631.8255846831465 631.8255846831465 631.8255846831465 34.938561625363015 62.43555916321486 1.6125528741672557 5.302339385707886 4.396123814403207 11.803549295843464
44.420353591678975 -0.70388250292505 4.838499671222423 30.736166881262704 -0.5867606654565427 4.235794857145869 705.4280721601564 705.4280721601564 705.4280721601564 21.646175083799747 64.55735480920028 -2.0191197644993384 0.3822978205756389 1.1835126035709465 8.056814275561653
51.268687636514436 2.5843896156192216 7.250100395767575 45.87898784060462 1.8098421038986456 5.350539131033949 724.701059379975 724.701059379975 724.701059379975 31.312672424350488 68.57868524916519 0.8599773273650219 4.552315292758721 2.4130952492972146 12.170046407741486
42.330866429341306 5.92285966246041 6.93051589120719 40.37309384300291 5.239077401149316 3.900508484056864 624.253637712861 624.253637712861 624.253637712861 13.661177314557989 68.6617328929282 0.058253867371391155 10.549040995561615 0.4244411238661927 13.554189013580082
45.739269909038136 -8.355412190202241 -6.014640218807158 44.88308353400379 -8.67349529718614 -3.1679544182573016 797.1045046276809 797.1045046276809 797.1045046276809 36.77292638931036 50.42402621028984 -10.046346669895623 -7.400091880989806 -21.466110568083963 5.725459792640342
43.96308616297428 4.180152306850832 6.288802544052983 40.78477785539307 3.4778312723571374 4.45526940806269 518.8885980356198 518.8885980356198 518.8885980356198 30.874905499500287 49.198918948683364 1.6228012528471947 5.7254690380379865 2.737608144102577 9.043172039481085
24.004562230470746 -0.246890795273201 1.500725895794307 20.63891092312028 -0.7088398067094243 0.8459628491027771 241.6816056653748 241.6816056653748 241.6816056653748 9.981382933725516 37.76868779531248 -1.9597873375478692 0.6222399416064284 -1.281913048944927 8.436102162960857
54.69388805166376 2.309360526851739 3.591582052195244 48.100697138757056 2.0481882455521405 2.5057279757921824 801.2450917612504 801.2450917612504 801.2450917612504 39.7840021572835 69.94534487221583 0.7191783732081458 3.621769202138303 1.6754546554675676 6.193689778044048
61.57096698177117 -0.0985962699876653 -3.411747228399279 69.49467464976772 -0.0022109188221319798 -1.8610176891700414 1136.9192854436394 1136.9192854436394 1136.9192854436394 38.586236700977594 84.25040647882713 -1.821610021736475 1.2150791262929284 -7.642857235132647 0.3520988598277236
51.040880688372425 3.4533846844728524 -0.29566168260294257 54.19347713270079 4.449719979388867 1.8337640331130167 673.7057462050319 673.7057462050319 673.7057462050319 38.20937645524125 62.89864493425797 1.2728373826463857 5.883390502527841 -4.793948773886669 3.5059494361706633
60.39393001799826 -0.5981227347857383 -3.267991837563313 52.348066786673016 -0.0024183682527101347 -2.108996780152972 1209.1053106194597 1209.1053106194597 1209.1053106194597 33.74438282837728 98.27202360073488 -1.4723201516264328 -0.0012180310346998624 -6.328466514623699 0.004584102171900639
42.3577770428351 -3.408048818063037 11.320891241511635 39.078677096798344 -3.2076986434578236 11.888442905934422 597.0817232101655 597.0817232101655 597.0817232101655 21.3009191337406 61.50805239229187 -4.927912253426363 -1.7670314883101514 8.153334488312272 16.05385399551994
53.66432929803237 5.364027666661473 -10.67870563600324 51.10278563098262 5.996644210729457 -11.341902583338847 985.9348295124937 985.9348295124937 985.9348295124937 37.201423903009086 63.60306916949577 3.2014353551139685 7.909107938295302 -14.227688239203395 -8.179111098886017
19.276957693860197 8.708359958947977 13.209644373708164 8.905050549329612 6.500782315680603 3.5584569446287184 290.148946578367 290.148946578367 290.148946578367 6.773815652389857 23.298510851576545 -0.0004300659017519859 14.046451860843018 0.0008151900942388046 20.837686588624255
49.65708660188495 2.5279281017703608 1.7954074278827648 45.46025650571277 1.7829273160345633 2.005195720777264 668.3837517321866 668.3837517321866 668.3837517321866 35.858822882788196 62.226311729902264 0.24510096850399732 3.7545853926047035 -2.938189468313543 8.94052461699002
50.00793601074795 3.3831906096463675 8.165816822429578 44.05854587440902 2.1578765945646783 6.205351535591319 698.5924528887543 698.5924528887543 698.5924528887543 34.09007354307799 61.13380694571099 1.2545561308442699 4.879797713693498 4.195571346198612 12.538330307535611
50.40989213823376 4.555469209436398 10.07647675918939 41.645881196301595 4.362614299025486 8.713305010945383 632.555780696934 632.555780696934 632.555780696934 28.685010717401774 81.1641726562542 1.8876257456962309 7.204638347740072 6.96722102185463 12.477337350622175
49.53720897143332 4.096922930156716 1.2480080726536191 45.87144988949332 4.151888339766541 0.004584102171900639 651.8891657566957 651.8891657566957 651.8891657566957 39.43895219763422 56.36691942982094 2.124681496658988 5.6527172746092536 -1.7891086501878872 2.620442022228758
47.06576092382788 2.5933441312605208 -0.8911239137504257 48.076786857707106 3.189022404529396 0.8122979216430348 698.8073960103756 698.8073960103756 698.8073960103756 25.009221784584874 60.82880924874961 0.5309386954567632 4.8027763856576815 -6.502240882269872 2.925611352508545
52.74177796559879 3.2410828235100038 -1.7320805518621414 51.67442934758601 2.732330948752082 0.004584102171900639 890.9350255176247 890.9350255176247 890.9350255176247 28.158658675419474 80.12110567491447 0.6938197693074355 4.5588483937755715 -7.79852813079871 2.457396169608561
48.97707495312166 1.7383784493215177 1.1082449904626046 41.00824551676167 1.1837612250387708 1.3837794364884137 774.8011916828359 774.8011916828359 774.8011916828359 31.51308624473358 70.20866425781365 -1.7348667351165803 3.903581298806025 -6.073985363825141 9.432672773006434
65.7209473153929 2.163816516166426 3.9748886514662995 52.86467839585289 2.1808297701833568 2.2656389015566214 1101.4356028401214 1101.4356028401214 1101.4356028401214 46.283301319882256 99.65492223276894 -0.0024476348925439595 3.3144923787563063 0.0046395781180263995 4.3129531406890464
44.675717962005685 -0.9366692984024805 -3.2351741767888975 35.02299447639024 -1.2736868163021193 -2.04037586912712 857.6786650852811 857.6786650852811 857.6786650852811 19.12596924423385 64.50627335991388 -3.4495013797794516 0.43017356822996206 -8.792582731027398 0.004653421154054982
47.54456921596505 -2.4493645423110677 10.176828149389102 46.25061340943755 -2.230326921389747 14.930747602129642 670.962480187923 670.962480187923 670.962480187923 30.97759862803644 64.69976252203473 -4.275990879784864 -0.3125101048379042 8.295987766473424 19.01726991519439
51.7619302347784 6.644167751009514 -17.369842690053137 53.73458659437314 6.657576453717562 -7.085426051791533 1098.2922329665994 1098.2922329665994 1098.2922329665994 42.70932519506844 60.78126497746537 3.4484617941256124 10.202522304528506 -40.63842482539706 -1.509628775172489
54.393339637359084 0.6166081817210026 -5.374019523721907 56.11876643008715 0.5021453513629204 -5.058517550870523 1013.3888180332207 1013.3888180332207 1013.3888180332207 24.762594494433866 82.14967790695108 -0.9379382337535991 2.0398955150467413 -10.74596037169383 -0.3343117671235546
46.58752817220623 2.2824191909858573 5.50831896716643 35.95325713044875 2.801541930025575 2.3718221021060915 682.6494136163657 682.6494136163657 682.6494136163657 31.318483484538937 54.987394814402016 -0.0024476348925439595 4.044912019663588 0.0046395781180263995 8.936253817136341
58.714563178144275 -5.662178308867986 5.57620450965557 65.48747218208722 -6.032779649594644 4.726315743867982 1110.9926359747599 1110.9926359747599 1110.9926359747599 40.81574631866548 70.8913087662593 -7.936907923185049 -4.164756383532323 -14.290941912736965 25.2975829507769
54.654942030868476 -3.8313762642412876 15.647221553439337 56.83452476639899 -3.716858938136336 14.141506434644036 776.0269626270455 776.0269626270455 776.0269626270455 37.952305842732024 71.50002619320254 -5.730457026900274 -2.38624783564384 8.12255855093982 23.31704207446338
45.73556367658201 1.4441666878514108 -3.958231296696118 30.82705173883309 1.290114365809586 -8.000544708356072 1003.5775500712039 1003.5775500712039 1003.5775500712039 14.461496093421914 87.40865472771507 -2.460298326826593 3.9636855918414593 -14.143022153974883 0.9608343924378149
58.06431106068813 -3.7240043265567904 9.378300373485446 67.24995117477634 -4.134270163857979 9.297209696390762 962.2149049463668 962.2149049463668 962.2149049463668 38.72066986197815 76.65543132103501 -5.8107601698111635 -2.1666463501785334 5.6599013711188695 15.972114349495005
23.860751191699187 4.253670688921278 -3.7025605568869406 20.64211337615391 2.5597529036603808 0.0007596010343613457 298.9034381521608 298.9034381521608 298.9034381521608 12.60982366881062 29.724682031705512 0.5173803359429241 6.235005266753787 -8.248188717438872 3.964110991571179
45.07603561337382 -5.407577850305586 3.8826003272422827 52.36090578233252 -5.633968220710176 5.023100184500551 758.6988142347278 758.6988142347278 758.6988142347278 21.756892403514954 64.59452898940809 -7.8811023274734655 -3.364730838205099 -9.284325477142069 19.091833154172704
49.070578222962695 4.551110275268488 7.947373766547524 47.03460107872831 4.675879458788557 6.802673396599368 597.878031828687 597.878031828687 597.878031828687 32.81061101540773 60.62054248349496 2.3673201145006373 6.551808724321095 4.059362200765582 11.42275529107607
43.083970843416346 2.9379532110106386 7.017348065303167 38.92599863530931 2.359470881029474 6.350655791049098 512.916927017874 512.916927017874 512.916927017874 30.443116027706388 51.135426717292816 1.307496550890408 4.893835521334378 4.427217865755229 10.423934724145411
49.90791192480148 4.219380411188277 5.471396715569925 49.46025061713715 3.829136211168385 1.2292752080468539 768.4371876357794 768.4371876357794 768.4371876357794 23.41475462878163 71.32802741977045 0.5519758779603118 7.005493316432215 -2.173536708751933 11.403990795080572
54.5065671143361 -4.185355783631448 1.8418679248804821 45.6286891365452 -1.9914864624850925 0.0010537665909748917 1090.052735532101 1090.052735532101 1090.052735532101 31.61172427845522 87.70967313402147 -8.476984426074573 -0.23231573947607442 -10.839871061274353 15.655966155590061
47.30169986850528 1.6840144446090788 -7.240029541922125 38.75003029389268 1.8194539178566782 -7.588052853798094 814.5563888231185 814.5563888231185 814.5563888231185 27.584764844884276 69.29380357976945 -0.3565040736850378 3.6291021661760126 -12.152079898778457 -0.271274156401935
47.380313918540594 1.5294537781641937 5.362845938033404 44.923577834617575 1.8098421038986456 6.349903544943025 757.5764828760008 757.5764828760008 757.5764828760008 18.606179880800255 73.30777933438729 -0.16026806785207626 3.4039279955061783 0.010322522484351726 14.002282575257514
35.00125016947456 -2.0174435443881205 5.50088615398791 35.823210298883666 -2.678451333756493 5.5204855576373335 337.9404481889036 337.9404481889036 337.9404481889036 26.109393728344997 44.41237477671528 -4.353768070163689 -0.5109072856627275 0.3805527667873565 9.245376309319736
56.886180694882775 -1.5998304878166818 23.233099780168864 60.4997989740294 -1.1785348161771347 26.020467053552892 776.9996706761689 776.9996706761689 776.9996706761689 46.03275647272395 69.32847755605775 -5.750036373267708 1.390145903919976 7.096398519210423 37.691219045569156
51.07789794570202 4.955898470436102 -2.0429621660794504 49.56652195812616 5.070291862392051 -1.7201490236760404 748.8443474481068 748.8443474481068 748.8443474481068 37.68202616181656 65.79336702654847 2.417968940577511 7.514385193465978 -9.292228385234369 4.673532584016171
60.10254761061723 1.0542121549261312 4.046969717630347 48.532894785786596 0.9828042811195342 2.873671175965653 1050.9435585794115 1050.9435585794115 1050.9435585794115 33.88448391220998 94.6744804877597 -0.5287884608183996 2.8625505747320035 1.0616702623063745 6.788570651250451
50.31654781134201 4.095120847761011 5.095881074911331 44.13784120875115 3.6412545740779763 3.862141891736448 657.5183159741013 657.5183159741013 657.5183159741013 33.87675155833822 61.768380299466706 2.6266656618824658 5.966134755063482 2.278506008863057 7.959339314350769
54.5618785276328 2.509946377532476 0.947305261486016 58.77462393330525 3.858046520165581 3.9594362918193293 754.3688180767526 754.3688180767526 754.3688180767526 53.26020487881988 63.636517300637486 1.149150828501977 5.660777576061093 -10.919280341850634 8.647506149387718
55.015099065307226 5.633056033232426 7.764667293113815 52.79893817931328 6.384513586430995 7.794480963237915 728.6028807787753 728.6028807787753 728.6028807787753 39.48508377019147 69.41497819931949 3.307461351005486 8.192925909959904 3.770343465469561 11.312957878169527
60.674473984305074 -3.201620813848311 -0.5586016819847348 61.13527543912329 -2.253984172348955 -0.6979558297439015 1066.5139587405386 1066.5139587405386 1066.5139587405386 43.63802512703777 82.03460876537645 -4.656196533050883 -0.5497191395403833 -3.157885854720144 2.5563867899157433
50.27041590010611 5.123568110358982 1.830704026007218 54.09211018813264 3.5925843486843134 2.479664574847762 664.2651715075502 664.2651715075502 664.2651715075502 38.83605261263016 59.61163331974676 2.1084117133415847 6.186746722507685 -1.119358252435254 8.177882374362923
48.512655269853084 0.7234823868310962 6.9456807479165255 40.75842807876676 1.0166519541340013 2.6931920915325422 642.7200431464536 642.7200431464536 642.7200431464536 35.58073504373521 58.570325090031915 -0.0024476348925439595 2.869093002608208 2.3038141301926274 12.248251079819427
51.48864807590237 2.902340918714156 -3.1933773544364787 49.470448815621594 3.0171472024336787 -3.427645406898283 762.095013002062 762.095013002062 762.095013002062 41.58285876378994 59.00071498285919 1.0627351999720134 4.607883192043582 -5.719997331790916 -0.26495193471640643
46.93749294875373 1.632028496813571 -0.745916039330631 44.598331842629676 1.7068669325652486 -0.3934345044345644 688.7143519236309 688.7143519236309 688.7143519236309 31.78990711390292 55.599383081674375 -0.0023152246660385067 3.1630843849663473 -2.600375683268541 0.004388589871728854
45.1859500058537 4.0277939495511905 -7.678204947214743 46.40749712603319 6.263680956899387 -9.763460923093081 681.3830897551612 681.3830897551612 681.3830897551612 29.82573525489223 53.21619258924032 -0.0023078137202370286 7.943021251784643 -14.254366282667498 -0.2444381663827988
49.391434274637234 1.9912318364978117 -8.303998785344 45.73071620617727 2.1976070520713376 -8.680509285476667 793.0791754219948 793.0791754219948 793.0791754219948 40.716533112499185 54.60156226787507 0.12470118913970873 3.8775140906950334 -15.197862777691928 -1.998714704994553
72.2006962439841 -4.388139889970464 1.3581770948798537 84.6014905934281 -3.719089918467866 1.2521815289495697 1457.9219303881976 1457.9219303881976 1457.9219303881976 58.22394247712705 91.09941825474316 -8.250130328151078 -2.237152773080675 -3.64440970627824 3.696064838011645
47.3224559666371 2.051431922558875 2.2447316931277204 35.276986728078334 2.1975064943087346 2.3888163776237037 764.6346694044622 764.6346694044622 764.6346694044622 25.26897336288598 76.09900621863939 0.9262514805719602 3.058649138595909 0.0046395781180263995 3.5088516827587872
51.44669558472038 5.239713191476748 5.277900805042482 42.48650692517091 4.736245150983503 3.924894388917466 684.8839564854896 684.8839564854896 684.8839564854896 34.33995716848552 67.86516251648212 2.9247914166425915 7.6776047687842635 2.269700332096683 8.833462518055368
45.463979337116 1.955539202986189 4.3079075840415735 37.44409655083364 1.3245813850308181 4.606108642726348 643.825633862279 643.825633862279 643.825633862279 28.053941462351652 54.601507829394336 -0.0024476348925439595 3.435713639248203 2.401278753320135 6.52073326543221
47.08736680518963 4.17107638301883 5.909966020877367 38.29846035925774 3.6695127320195695 4.527202953864318 601.5404254680709 601.5404254680709 601.5404254680709 32.16706843588945 60.37230195089583 1.710877050944054 6.1349321993310895 2.4864440098131046 9.092370999895671
52.14084775777472 4.637049245083081 3.1270845899361017 50.55267199576899 3.4481844963901165 2.493394396491988 687.8446072406358 687.8446072406358 687.8446072406358 42.02684838326493 59.897260464192 1.3036824870271135 5.276264709271617 0.8123624393848283 7.328543175287566
43.54612026589141 3.5647749993138564 -11.623524424548807 26.344065375479595 4.37942690289024 -13.37296545463551 1024.8049072919173 1024.8049072919173 1024.8049072919173 14.732483614112525 96.4670956063855 -0.0024549378619953544 7.407100635120872 -17.994107944421668 -3.708108646409203
50.61660616670109 3.319764404988481 1.4276082966419443 40.68034457050135 3.3704355912331785 0.0046395781180263995 773.935324171763 773.935324171763 773.935324171763 33.02375521544548 72.56118292162184 1.9030734159464768 4.377314613991934 -0.4071056797825934 2.849267242338432
49.2995524427359 -1.2467428069764959 -4.718825295289917 51.324122448504966 -1.3615056287127614 -2.1374402219762167 829.8028964791552 829.8028964791552 829.8028964791552 35.15606831246996 60.31401042952824 -3.003874928379266 -0.09269903631924092 -6.446695916506395 3.363774841101033
45.90345306362202 2.374712645273901 0.08106430688740535 43.58805935420403 1.47273816512411 -0.2696504063816496 577.2726450941001 577.2726450941001 577.2726450941001 32.17449149450333 59.78997202990983 -0.0191551245362076 3.9610026585084612 -2.489727836948008 2.407408998363722
52.029043678518995 2.69700895946141 -1.3510852380994463 53.951537949289786 3.117045000554819 -0.6551133659398412 716.2476730882632 716.2476730882632 716.2476730882632 41.93498409144173 62.46344836517832 -0.39403785330820174 6.03517386104363 -4.304060809627125 0.28975737276848434
50.34846903280575 2.453966641204264 5.035446603674328 42.90817387078699 2.295271726998921 3.4218548450568402 713.9977441992506 713.9977441992506 713.9977441992506 34.98795225425859 60.152987621484016 0.9713029925298433 4.219746929941224 2.277532440875063 8.047164855360311
40.45603863921647 10.424548073953952 -5.953292330220102 34.80656072452126 8.246525900713328 1.3967836608864803 849.3664096998185 849.3664096998185 849.3664096998185 24.87786324162776 43.98203267768788 0.7316658692557015 21.579274709505352 -12.902847530112343 8.58562382748487
50.85492209552244 4.858050598115986 -4.374052485155474 42.97798212438805 5.060272861813625 -3.899247590614169 828.432993144878 828.432993144878 828.432993144878 34.06231271244253 68.50482931890107 3.4815145372268375 6.725239014912912 -6.849104032992703 -2.0851943959723007
38.838807438389765 2.91152549280225 -7.672589933277934 28.76083925815873 2.3516236632785126 -7.487228667534673 811.415755342071 811.415755342071 811.415755342071 9.857016660026193 51.98635172724043 1.1850552143735649 4.467236766437187 -11.228896617685113 -2.9678338593860545
51.24417106476792 3.9261271835521523 3.563683925817959 48.96386424169704 3.1226184228159286 2.883153066059485 646.1165502896376 646.1165502896376 646.1165502896376 40.672866318568445 67.03147039851189 1.482600418817065 4.5872371683916136 -0.7229565914698477 8.459124413669416
46.675478576716486 3.0803111898799105 3.7625569642706362 42.50772119053655 2.7481098904630907 2.7670249024182914 673.6129779132098 673.6129779132098 673.6129779132098 24.268520739933845 66.50947290761745 -0.870169593584047 5.107861067862402 -1.1285901260827014 9.094716909015066
54.06603023798912 2.1042435572619542 -0.5016312739268163 52.04117679509993 1.840312929425214 1.9497344750383228 806.7166813409448 806.7166813409448 806.7166813409448 39.7418678751651 75.2689806255806 0.661307515647247 3.3775658760853977 -7.681725106231019 5.075627595721532
69.61732945243236 -2.8502389605917076 -2.3513044047667497 82.06611587616952 -3.187832767908405 -1.810001665244254 1398.7689193707147 1398.7689193707147 1398.7689193707147 56.540218938759736 87.70780806731332 -4.40334069124787 -0.936016507866122 -4.5575570649510455 -0.5611489456504914
45.25363031048268 1.4523933368321584 -2.524856770592375 38.09734209056496 1.341718057288721 -2.8601477241042117 737.8593213304985 737.8593213304985 737.8593213304985 23.144988415022134 78.17283183674982 0.2658969063488448 2.726922308313451 -5.189763365501632 -1.0043095001308622
39.859877315837146 1.985983973284962 5.450135707353751 31.099545378573456 1.6351391525929737 4.585532193651498 530.6855827228347 530.6855827228347 530.6855827228347 23.492655142231854 48.207093619560595 0.9205351304494465 3.0780657420785005 2.4938502163083687 7.202990581094513
50.381169475400874 4.292207355416105 -16.968880197818134 41.477694721339844 4.986004641938796 -18.175169904268817 1077.3522117892808 1077.3522117892808 1077.3522117892808 31.665860441964952 69.6606696987663 1.6753791659535056 6.701048206205429 -25.66768964894371 -11.897974917295539
45.36959331326858 -7.141274287250753 0.4233512372973055 33.53428474809441 -7.304702633239763 1.155273527219719 978.4222569507214 978.4222569507214 978.4222569507214 17.75711138095437 80.29452427144028 -9.413734742242497 -4.93109655194944 -4.945720809206557 7.798086534593041
68.64310633241512 -3.8046337048102603 0.30873257893124545 76.80473724152677 -3.427692723997011 -1.4029925965948653 1309.0561321020375 1309.0561321020375 1309.0561321020375 58.00370770996979 84.02780341998867 -5.868244966293887 -0.4523890496976879 -5.5364703084011815 4.278209097268948
57.44910267666357 1.8922888559388409 6.719613914541133 45.47647727058555 2.02565669025917 2.383070925035402 920.740605337377 920.740605337377 920.740605337377 39.33728982956534 95.5922098769905 -0.0024476348925439595 3.3693628254040373 0.7967241502070121 12.096777052372998
51.77161748162113 0.5828938939361282 -5.0179687143714204 46.378127382687964 -0.0024183682527101347 -5.534602804998939 898.3483975319896 898.3483975319896 898.3483975319896 32.784245319816776 66.54719311219233 -1.1244768427066258 1.899977813014292 -9.834427669446278 -0.32418668521395355
58.82883758476574 -1.862676760110417 -3.1757886919602294 72.66035202129923 -1.5466830752450256 -2.7417044899320397 1098.30622729361 1098.30622729361 1098.30622729361 40.11933379420886 79.74071237717072 -3.575247755358779 0.508420535806936 -8.671750661892386 -0.708646414971903
51.58196286148689 -3.355595646638762 7.010446349306139 52.47507909237226 -3.827370942093178 7.414939009931065 867.3488253619848 867.3488253619848 867.3488253619848 30.108005639604116 73.35760533022331 -7.422981381999219 0.2082240008203784 1.3846426009621937 9.674549242661875
40.49416944856096 3.076266841577301 4.147941619823167 33.458183858825784 1.9458057486516356 2.6426400959087215 524.347569384037 524.347569384037 524.347569384037 25.189401986807177 47.637333707955285 0.9753348834899422 4.768378483381293 0.00397271672507582 7.078000241954596
56.6757555824274 5.324494787525194 -0.12053616021461971 55.90893333965451 4.903880549516501 -0.4717501290453896 873.2443115441071 873.2443115441071 873.2443115441071 40.12464236637697 72.81071000401873 2.7774149116259474 6.817207995587826 -2.593989469805269 1.4678318152292258
49.885932366406394 -0.6314272655091172 6.100846150212582 47.841557154340315 -0.0013637836706603679 1.1089188338364364 701.3689392540509 701.3689392540509 701.3689392540509 35.97730612170545 66.27042807636452 -3.316618071427413 1.3791272512657313 -0.2806594140398744 8.60081230952584
49.35922939385182 2.3899345215866457 6.3809327598244865 42.781271850186286 3.3771237749201237 6.017452759975872 658.0605852708948 658.0605852708948 658.0605852708948 31.058059637868556 75.47083313701442 -3.552137384212284 5.925486215953013 3.0698332918822957 8.844218974106088
37.733577047679034 2.350961971846284 3.2906900751067707 32.077838379049844 1.9194907849590104 2.5464061640408153 480.3850915770088 480.3850915770088 480.3850915770088 23.49792260195653 43.80550119370011 1.0166519541340013 3.6532722064840373 0.24993265138237852 4.8406685848157105
40.189246331041815 3.217112848635142 5.346834839370694 30.61434338997369 3.030568766855729 4.499083393635828 547.4879058450932 547.4879058450932 547.4879058450932 22.91986981881069 47.964813296344545 1.108855985751278 4.747042441018548 2.45733236681549 7.4948401510519735
42.76810779357028 2.8623851518244843 -6.687179894876932 42.83693726037881 2.106393127742745 -5.102343419008426 769.2788127286582 769.2788127286582 769.2788127286582 16.32984895616815 69.25858904623816 0.4809032158544224 4.375869062323401 -14.25816454457406 1.276574760956517
32.62639690372512 -0.07608227235793946 0.39158756354929247 32.61746350659615 -0.31090142197555404 3.592735145511189 405.96045982384265 405.96045982384265 405.96045982384265 21.02333314783622 45.35924565691668 -1.8950137329798167 1.2418829093102102 -15.798287841931646 12.252939825382514
49.140579785144716 1.3949633763473752 1.7296142011855054 50.354102585402444 1.2470692732480804 0.8273510558611585 701.8241037672148 701.8241037672148 701.8241037672148 34.02862316443872 61.69057405622644 -0.4585104319405342 3.274610892311236 -0.2754645715258075 2.5307622563150387
33.33349015973247 8.285261747504189 -15.305474980498154 23.518534104676554 8.441278976878408 -18.593142846999854 731.0875155034561 731.0875155034561 731.0875155034561 13.61466692370378 44.655836137829844 5.041187534811153 10.987111357026263 -22.99269202508939 -10.455787406133451
53.307260491424515 2.2768091846855034 6.5694531848637805 45.94494099296909 1.666038800996028 4.586774821701834 794.1374898803459 794.1374898803459 794.1374898803459 33.28470812456475 72.49588570931897 0.4676576067013105 3.1760798310142278 2.300967280522026 11.345099197101561
45.007012340103344 2.7009882086367014 -6.669411491705444 41.930917226856494 2.0064793237806398 -8.297014576932327 754.210695981112 754.210695981112 754.210695981112 29.128458002300363 56.385706287832946 -0.0024110377784269943 4.700493485668332 -13.138209175455472 -0.9515937781807482
50.10306263988954 2.633716315472734 -1.0981442494307025 45.75682349008586 3.3544286830073933 1.7266947860548942 785.2917234541497 785.2917234541497 785.2917234541497 36.75862053567735 78.9481724441029 1.7065945276096182 4.736065115816091 -7.805604116277065 3.0698332918822957
57.856661447136695 3.7365527316125178 -4.668889384005376 47.460818904666695 3.765689049747639 -5.332478780234862 1007.4833225532948 1007.4833225532948 1007.4833225532948 36.222252395514666 83.89930089346885 2.1558749994078363 5.642682934774768 -7.249793861452625 -1.8326856112534484
47.48216145464651 2.503857113504889 4.511100436382546 42.92226364948762 2.4258813677588282 2.965790589591255 677.5701261606789 677.5701261606789 677.5701261606789 29.376032739865856 62.51879625895852 1.019260693798707 3.8697194890366244 2.261445307773635 7.300629371361711
48.35267734571973 3.1912150668310595 -1.1956641830725063 45.786912044323806 2.033589117972995 -0.40958238767102584 683.4273698818055 683.4273698818055 683.4273698818055 36.08192475661196 57.09074487283398 -0.0023374220615157704 6.398502806383711 -2.7075910852652765 0.5886773396756695
45.154293547692724 6.927579625536879 -12.026209430816952 41.797484375261 7.459839800297907 -13.01592370670424 838.8066427649557 838.8066427649557 838.8066427649557 26.818482948003087 55.161957085363184 4.417682361491121 9.792019393663393 -16.599985893662335 -8.670033045992454
48.600404734134756 3.4505381760402183 -18.82320251908519 45.922270421217036 2.2335782350834945 -22.356456093303073 1178.8041192651688 1178.8041192651688 1178.8041192651688 21.933966323219103 70.5353193441778 -0.0024549378619953544 6.86865902182953 -27.1840133387767 -11.425966433909323
61.763597061365196 6.117211412352526 8.290070516232095 55.33773388469169 6.650137316303873 6.084696211407358 839.7827069918491 839.7827069918491 839.7827069918491 48.76102779544122 79.31604212954088 4.239708503395355 8.010035681640604 3.712568097512481 12.89954694713305
43.96642160600029 1.8584503484032293 4.352809619462883 34.680849608447225 1.9444798826848686 2.6767337864723517 661.160410577333 661.160410577333 661.160410577333 26.882063774445026 54.021310470617706 -0.0024476348925439595 2.97102157194698 0.967277327570365 6.742475399960391
53.38670816578692 3.1594881870103566 -5.667549291023971 49.1342606044102 1.0490052801429839 -7.021338802334665 1013.6150820163731 1013.6150820163731 1013.6150820163731 32.51875579578881 77.16525755238345 -0.35205342335609124 5.0229221383059075 -13.592530702180316 0.00462572474841938
47.82290218274361 3.514380963054456 2.8785107362182543 40.89122571997053 4.404192131694823 2.1930550532667015 762.8251561362208 762.8251561362208 762.8251561362208 24.713339808232035 68.43188700680216 1.0364384795503134 6.4147526370657015 -3.4588815644587156 10.674159199167502
53.591832956062326 3.231536215648676 4.079125436487111 41.73576662362025 2.0772498549509466 3.2536390062380294 855.7511069138487 855.7511069138487 855.7511069138487 32.60281824089293 90.09230552928132 -0.0024330125741878206 3.3895048945700794 2.2945699502679773 6.0969242708287075
38.897661856496896 2.8503260361111815 4.914568870183425 35.86233618640868 2.381276436416085 4.618392741358512 491.6622427029809 491.6622427029809 491.6622427029809 19.953460406174578 46.48495340732015 1.6109522416003497 4.392209201012298 2.7049261284348978 7.127806994167132
44.030451335505404 1.9498391876823193 1.3765587653670721 45.89039511309065 1.3800432583882527 0.002192665583500286 541.4154688685586 541.4154688685586 541.4154688685586 29.679310168099157 53.508059236402374 -0.019709863677427886 3.1945536155019716 -1.4013137335018078 2.403652480291929
50.29560630775992 5.307821871553816 -1.7695372000076894 54.10110010437921 4.885128249138948 2.2234529377101575 698.1193528695645 698.1193528695645 698.1193528695645 44.73786218175563 59.94296666418718 3.4843291031901313 6.321647967381827 -8.176523756628516 6.22970309798645
37.86690595684578 0.761138135600064 0.13119923793037558 33.7662800621085 0.7764744230797094 0.2651194383393951 634.9327166617434 634.9327166617434 634.9327166617434 6.830679373413433 66.46230613785715 -0.5498240016165168 1.9300291782904795 -4.237308867396167 6.687305316085901
38.40964444129307 4.703689995390912 -12.56819030014889 40.892709483055356 3.393685002527902 -7.517477651271587 714.366757426972 714.366757426972 714.366757426972 16.312708800072663 59.18534154758635 0.3399398318667951 8.294042017182143 -20.67925170512775 -1.2113438386551545
50.70686183401064 0.9534950010764597 0.665041622462206 46.90193150493116 1.0122121602573475 -0.2836908628858714 731.2425891759935 731.2425891759935 731.2425891759935 35.350586018807235 62.68953538756118 -2.570661092813828 4.477066277336295 -8.384904703703988 9.856611752482253
52.9973677524832 5.044588760638683 -6.68315448708722 47.19568264554891 4.15611644755659 -6.1737597705928735 939.0228893450122 939.0228893450122 939.0228893450122 34.364912539820565 83.5140196163886 0.3931415381421416 6.572785515911727 -14.39287720886524 0.00421926017881713
48.23877327092763 4.005676771365394 3.0876750765101635 40.24889778750911 3.31920308756814 1.0742423094731723 679.5873736241213 679.5873736241213 679.5873736241213 33.83228755354219 62.581142850181436 2.477240312815543 6.113000153124492 -2.7177936503467337 7.826094306922357
48.83724503220519 4.622077960480884 6.206110257806948 41.669546643819004 4.036626792584707 3.314038205985201 682.7523055752405 682.7523055752405 682.7523055752405 31.27746833950004 68.61407892616215 2.4727676346363303 6.880268346904361 2.097354670537019 10.728469040559151
52.475898767047894 -6.384854011935638 -2.153517433969448 66.2639105294793 -7.149668715126345 -5.484576932470975 1114.5971504997735 1114.5971504997735 1114.5971504997735 19.697422276189002 81.34276823119689 -9.54518605141505 -3.6910605771019456 -12.758830871203905 3.3524455312738595
50.75310083027247 2.7792986288556936 -1.4523740046274396 48.94504652590339 3.2663859548366925 -1.7057366703942978 802.8863943427609 802.8863943427609 802.8863943427609 32.602870268190024 66.68606118000183 -0.0024183682527101347 5.454599255565629 -9.646707915828534 4.843491359175878
48.57565699786098 2.328388218768871 4.864567616630191 40.901934943829595 1.647142239738053 2.6872272097561267 718.2537127189499 718.2537127189499 718.2537127189499 28.920727224722356 62.09755307437922 0.9794652789650582 3.5203219908963024 2.2817880877095353 7.265393108134887
40.1824452334215 1.279136615986118 0.9315826209234265 43.84782950078426 -0.2781398606152147 3.2382811637728937 710.6429653961333 710.6429653961333 710.6429653961333 16.88009366244622 54.84683749143498 -1.6068695893346197 1.8030881083639927 -0.1940805143718749 10.563247847343238
38.67299865246241 3.6114306989206097 3.241027106473574 32.16706843588945 3.0491994155921187 2.4864440098131046 491.00473926734844 491.00473926734844 491.00473926734844 24.713975598246833 43.374334870377446 2.6755293972162004 5.015975658370003 2.198773121501374 4.517712897660465
45.24725163225321 2.917358210297164 7.0844261120803305 39.959063354609306 1.9923849982231152 4.7749885605903595 547.4029002281355 547.4029002281355 547.4029002281355 34.543220828973475 48.63703578899634 1.2045953917325103 4.64276523943194 4.429785615700135 10.584450834837567
54.635456030089095 0.19517841327565355 -1.2715607283613855 52.2120650740911 -0.5669820404669568 -3.1954391054383913 1003.7942491972168 1003.7942491972168 1003.7942491972168 27.78782117303168 86.63515352180109 -1.6453329848011289 1.0038177757607445 -5.886787217343481 2.892240321379486
38.070191141424374 4.986610926946987 -0.9310292642564102 37.48384036164677 4.922636164729266 0.47119164834841243 451.3509212827469 451.3509212827469 451.3509212827469 23.250872143239285 53.908890398872 1.3898442873234995 7.437246402895573 -6.650473991376105 3.4872585713185025
61.98768441596074 5.852422085506689 -2.136212164969995 63.46387896359889 5.799647988574658 -1.9392393727112323 1034.5909143051424 1034.5909143051424 1034.5909143051424 39.03455047733941 90.35790504751105 2.8775775107633406 7.7639978338474585 -5.7861491962877265 0.6305005600523605
41.06500101462354 1.245209728149126 7.360265580621074 26.009985581069863 1.026827892704238 2.7685979449753875 656.8391324009623 656.8391324009623 656.8391324009623 19.715436862758807 60.55879138665608 -0.04250182524681567 2.040255608302094 0.005102303354032056 11.046734715442748
65.14628022439419 -1.960578527977938 -3.461069958817597 60.264815023536 -0.442863091879353 0.0046395781180263995 1396.683607341696 1396.683607341696 1396.683607341696 45.86449577661965 99.65492223276894 -3.9379604755331865 -0.0024476348925439595 -8.070900802199542 0.0046395781180263995
38.82297429286378 1.800825719006544 -9.915893493712131 29.642722413799078 1.8194539178566782 -9.250593267333478 746.1963897794157 746.1963897794157 746.1963897794157 18.871498657571422 50.12221009699017 -0.5880556805130388 4.418790791744676 -16.408625354762528 -4.15127047533288
51.40813910890739 2.132208115255251 0.4434784825631705 51.47899532975124 1.6368870676029545 0.0044166516449672955 690.5455362912488 690.5455362912488 690.5455362912488 43.01192013973633 59.19224955825101 0.5660104013954226 3.4991125885758256 -2.5863869688036223 2.4138447163883248
47.645146190046766 3.5655488800716215 7.446832826791834 45.62960729180287 3.0313530221082186 3.571083558388055 868.1909519104298 868.1909519104298 868.1909519104298 9.522504169197124 89.72341619240558 0.05079030680867069 5.138938975374346 1.4544247181995207 11.860269035800087
39.583107246846154 1.2657591138477673 1.341157850281099 33.434245583029195 0.867673585352613 0.33914849070961206 570.5590654074241 570.5590654074241 570.5590654074241 18.703125723682987 59.78871023948777 -1.7801488612813055 3.3628251963333247 -1.926068385519858 2.90273446291176
48.551929854400086 1.3610815877258906 -0.9603106421786822 42.34558467036628 1.429475975586486 5.4265610149872856e-05 829.750287527257 829.750287527257 829.750287527257 28.327709258147536 55.46411356637381 -0.0024549378619953544 2.517380335767483 -2.478045163872422 1.0744777211233847
58.36932109571469 -3.7658385697923267 -1.2496590215769137 54.06830180580819 -3.8550637052826575 -0.6398877943312953 1075.1339426289737 1075.1339426289737 1075.1339426289737 34.37592644008999 83.50134395269322 -5.578832093122044 -1.989535545302179 -4.533593612004272 2.362635787748002
50.522956650664966 4.341336909462062 0.4191824691356234 48.49130033169352 2.585432707129187 1.2519064397615798 710.5552510637059 710.5552510637059 710.5552510637059 36.18193434904788 69.8778331954625 0.4445920000207271 6.015975461074998 -4.1467433434512095 9.27979871610744
53.172266812984475 2.9291852026717335 4.327596402626618 43.82689858962426 2.784649195788136 2.300967280522026 752.8194946893462 752.8194946893462 752.8194946893462 39.99400090060037 59.65454562605895 1.567833806986052 4.046872016909384 2.2333324889264095 6.343295466250254
50.845442049073775 1.972852271690408 1.89373726999958 36.12118881881993 1.8555745793861766 2.218171774251765 861.6128409614215 861.6128409614215 861.6128409614215 29.35694204429572 89.91837813940663 0.6777739576743214 2.9874083866504586 0.004500571618426541 3.460965582347586
44.52807321927128 3.5058112415332756 4.320564066778356 34.09007354307799 2.939739363569532 2.444569903534255 641.3529667742406 641.3529667742406 641.3529667742406 28.211818747943497 58.23313313389066 1.0416193102127103 5.496621275763156 1.953857340239118 7.441613726598872
58.647823235973135 1.8721983623094083 4.967110251931202 51.269400243624716 1.588593052517684 4.327382022790283 848.3118918364586 848.3118918364586 848.3118918364586 43.867168778358774 73.5206555754532 0.808028599044941 2.7468849897530068 2.226206920120166 7.417994016182411
50.38268283952264 1.6502525308983993 0.8731340872428632 51.14855755906088 1.4709197154247067 -0.2620279527026703 651.5714527720494 651.5714527720494 651.5714527720494 41.99314455470769 55.7694985421809 0.24163985332249435 2.9023214030703888 -2.431436659270103 2.7999490303354246
46.630613864205586 1.0602190202478843 1.8583201466816148 46.05763998549084 1.4764462225332065 1.5421354516587105 602.990847187648 602.990847187648 602.990847187648 30.565944272271274 59.79493293140516 -0.37583841750417346 3.1795216336665266 -1.2774569411054815 4.031835713670331
53.02807519983775 0.6621423153034085 -6.088243363878089 50.53414961365075 1.7877403475404647 -6.964435755754206 843.6509656288032 843.6509656288032 843.6509656288032 43.09870854327107 62.90395923151138 -0.37095011623343443 3.2245587449865054 -10.982001285089682 -1.2953074230845463
55.6276846941856 4.22636314730064 -7.375005486861297 53.88069980783247 3.6118198302017497 -5.838334939984064 1007.3565202376177 1007.3565202376177 1007.3565202376177 36.402618570890034 84.73624741458116 -0.0022408437479470855 6.710271422647073 -13.778862477413853 0.004275889080251893
59.49838837111864 -0.5250849119630773 -5.3060131702934346 57.21006759825449 0.1729424126409862 -3.0093119802595547 1223.2098402832578 1223.2098402832578 1223.2098402832578 29.956820497248906 88.85873221738014 -1.679874195685327 2.0588842396078997 -7.817244809811363 2.5057279757921824
47.70270197638489 -0.48759795453219057 1.881716121441843 39.69774574242409 -1.5302548743091615 -1.2951645691663516 715.175528409031 715.175528409031 715.175528409031 30.999179745949576 65.4891034083162 -3.7107368066536806 1.1726136280183486 -4.921095572720857 7.644705227384871
53.38039021442841 -4.665870137485014 1.0974911866645376 47.5635993104681 -5.074448747306892 -0.770767978562259 967.2618852681804 967.2618852681804 967.2618852681804 31.18104216524852 77.77308998166737 -6.675866995763225 -3.241883745977531 -3.656538095428913 5.941493494962047
47.95722420187652 4.485378204828638 7.979995020278596 41.56707386361507 3.7208269005946093 6.339631539192817 615.6164432961327 615.6164432961327 615.6164432961327 34.60217593773087 61.72857238213467 1.710877050944054 6.901384004673355 3.93317688016529 13.20275611270092
44.1676401441436 1.122731530343141 4.81437522304726 35.32522118064236 1.58305578035052 2.4507807790137504 712.1063687630891 712.1063687630891 712.1063687630891 19.67706102474024 64.06673888980882 -0.19808893418096774 2.423640648404654 -1.2358089336312994 10.311045891931522
51.96478835632204 9.001331908474151 8.189686735695616 53.24052859721937 8.958552456802687 8.220978139475962 823.4228059767132 823.4228059767132 823.4228059767132 23.14092164691742 74.90146331951973 2.588485712703377 14.636105527041622 -1.3887397779807742 16.349647915971726
65.07165459755709 -5.40650633833623 1.9887589902685925 77.43873506133546 -4.855439870931733 1.3499819044075823 1298.7894023063543 1298.7894023063543 1298.7894023063543 44.496430894828194 87.57260658864318 -10.549046213096268 -2.3924108335491856 -5.291859136480426 6.8158944788515194
47.68608259972351 3.6738523408444577 3.45051733139294 37.38114524284027 1.8434178910009535 2.3797040405499015 706.5480075485312 706.5480075485312 706.5480075485312 29.641233151017595 61.74184640110808 0.9597580628069591 5.1975469674507835 0.0004642911333729849 5.870280366119918
50.07015719636699 4.757407123116201 4.3194534430510165 43.8548526770892 3.991645440701408 2.5878462498524657 689.592000983423 689.592000983423 689.592000983423 32.04854046735473 65.91955069772247 1.8555745793861766 6.652636158507697 0.6677337156198269 7.090732485292528
50.670816392812135 -3.3640979371836353 -0.9700737894157858 49.672742978466474 -2.9031511624975637 8.189737987531975 877.3156430783815 877.3156430783815 877.3156430783815 43.39639419563 58.41102734775397 -5.056772990795149 -1.2218990028340926 -29.99472791690103 12.350175947035712
47.76347673404838 2.955306677277145 6.287575250349112 39.28885912805066 3.047452405720963 4.574942883633182 744.2750722904549 744.2750722904549 744.2750722904549 21.37267037978814 73.72832054101328 1.0670926612436626 4.713818901151995 0.002774363524804535 9.96320961642442
44.65676756592092 2.3819489765155666 4.029967514754494 34.309877783217196 1.9125604626428205 1.3276602563892514 615.9476586597895 615.9476586597895 615.9476586597895 27.51097637196265 58.69460182396416 1.0312478956862325 3.4800423026212917 0.001585498613099201 6.87789401957184
48.402495197137945 -7.074925134972509 -4.274434400778651 43.6286329138876 -7.253724007209361 -3.2799608832679183 1003.2373712923808 1003.2373712923808 1003.2373712923808 20.99485594743568 72.9162922252101 -9.409347098717419 -5.182089111473082 -19.609627261626493 2.4148233471143143
44.5044328830768 1.1192012408546552 -5.155420268725257 35.27588151944113 0.3366982885806835 -4.946137288189966 780.1174857077445 780.1174857077445 780.1174857077445 24.50861297858213 58.44639972869548 -0.8161100229628904 2.5153984150686757 -9.190937766444797 -0.6487695408393418
49.970760827898104 2.0738521220945083 0.8368996477574778 50.009297046356934 1.7220875832561489 0.004388589871728854 656.7323332692373 656.7323332692373 656.7323332692373 41.449494209552284 54.560470543719134 0.40436020986939214 3.494989812540872 -0.39698796875551334 2.7378895030546024
53.877042481713076 2.4023361743807614 -8.216123019418905 47.67759464491823 2.300674271581024 -8.521600213538116 979.3619923002053 979.3619923002053 979.3619923002053 39.18667424889975 68.74632794118341 -0.0024183682527101347 4.34893113884631 -12.638806258641555 -4.28693453508723
50.53597981078345 2.181756883423894 5.496425888455304 50.3681491661215 3.282661145254523 5.714241299248607 648.8692614512285 648.8692614512285 648.8692614512285 34.71223197859251 64.08456408184608 -1.0970777295362388 5.639615385597915 1.0044129033013216 8.920530499121782
52.135437333003885 1.9844881470982405 4.186411351692366 36.53391602507774 2.06489437286822 2.324822732862064 871.9006193218221 871.9006193218221 871.9006193218221 30.008558395726737 96.06828545216943 -0.0024476348925439595 4.268596858275103 0.0046395781180263995 7.180943498508407
41.250408074723644 3.55225492701787 6.479960602726561 35.58073504373521 3.1191323941354154 5.57964804846277 536.6209672666274 536.6209672666274 536.6209672666274 21.473165583230667 54.99736732592331 1.670717196347149 5.246275295269109 3.59767838367972 8.651417964591424
48.75238682699151 7.744662504051947 4.338495221834016 49.67012024497811 8.356951948171265 6.983739947138249 578.2026247882568 578.2026247882568 578.2026247882568 37.00853728214609 55.50960662329489 1.665816485072552 14.206086390444185 -0.27505504668756675 10.870328110874771
46.43307275637909 -4.659965982592208 0.20820237033074857 37.17026588623556 -3.74477874466049 2.195799740104276 887.2291421839342 887.2291421839342 887.2291421839342 22.291631160337595 74.89496617119323 -6.267007850181916 -2.0271491364576772 -2.471778526095325 6.680295807976413
40.10794390024741 -1.111348803252456 -0.7509298621456697 25.58522962132416 -0.8359906003126971 -0.8190658641786142 751.9525269401593 751.9525269401593 751.9525269401593 18.54722701345419 48.74438180884614 -2.5942376372396354 0.5082410433074475 -2.9674223540028577 0.40877745183054426
61.4078475644746 2.2200881194556863 7.145529423360008 53.95090284309927 0.6600685381523697 6.3381243647666174 1009.7196814043555 1009.7196814043555 1009.7196814043555 38.01805262738175 98.65913276526307 -0.1393252206527626 3.273146416579463 0.020763951275748482 11.118170288094575
45.17287637381697 2.58580585737811 -3.945961309248986 48.99245831858684 1.5161559763369747 -0.0007697548690899225 782.7447016661048 782.7447016661048 782.7447016661048 22.367267877979025 65.61836766417508 -0.00021084593698761367 3.4884120551887388 -17.13215741723633 6.404002719057544
50.87435386607432 1.3477743533216913 -1.8512999715336442 49.02071743588097 1.335039971156693 -0.28020541001052557 762.8826103075174 762.8826103075174 762.8826103075174 37.46295174908985 57.0908399379113 0.40122917824275683 2.218078507359611 -6.079183778036546 0.8331067675109605
42.73641042321096 0.22802946157743909 -5.255006322803804 32.55659369936126 -0.0023078137202370286 -6.806700371910601 780.1646531197338 780.1646531197338 780.1646531197338 23.07670283819605 65.74669427085186 -3.6497400221449374 2.1378035002338756 -11.766080461011885 0.004374542163043671
56.00695684612275 -3.825301564163603 0.38115646356853083 49.31716493490764 -4.118130169747269 0.004584102171900639 965.5832416202111 965.5832416202111 965.5832416202111 38.75402871121947 71.03518429895064 -5.8078523884724955 -1.6350322727189393 -1.7716300239264404 2.8893075377340898
49.775290747016726 3.735622837869755 5.465752541970237 50.856887521112725 3.130870620790316 3.9658644535248033 572.4944831749765 572.4944831749765 572.4944831749765 45.072077972320216 60.30964817102365 1.3276087896554878 4.509073555792997 1.981892167156718 9.06598162605588
49.79587810020777 4.176132177105273 7.17473789341617 41.73909238340048 3.867719269123909 3.2733020099844525 701.685534815876 701.685534815876 701.685534815876 33.952708283803396 62.23494328460477 0.6682640776082549 6.809945685485763 -4.5097308387071156 19.844137146316854
48.91167708237766 8.76225851377327 -20.389032240716364 54.702827142712295 10.053874821896569 -20.23991838694229 1152.6870581616945 1152.6870581616945 1152.6870581616945 39.06639271929893 62.441734779450925 5.178830797180248 11.963904287337678 -43.307270389772945 1.6863790412946944
47.981179049037756 2.481576294695918 0.6407175145090189 45.22431717727514 1.8394692888559772 0.004318237912404044 635.5308231158127 635.5308231158127 635.5308231158127 37.04474296519415 54.12387740881542 0.5991167762992161 3.8450219962596206 -0.4019324004439939 2.2733242738081194
56.81985828483321 -7.338787347769431 -6.181328379255398 57.45062638776584 -7.284216542903177 -2.392458691345123 1220.1199126384565 1220.1199126384565 1220.1199126384565 28.952474105832167 83.22598987198981 -10.734702152136538 -4.169068852131308 -17.382997625931672 2.914311743991882
59.6015685511942 -2.6243653821718453 -0.5598377214706436 50.21536985880807 -4.031095972568704 0.00016497608551491183 1163.1687482515213 1163.1687482515213 1163.1687482515213 38.94620691571973 96.67967308509986 -5.754630611633754 -0.0024549378619953544 -12.52964159801271 4.144444817869175
50.99693850820355 0.3563713280209191 -6.359807812845139 46.41428770041441 0.13709292402325213 -6.91387575673208 836.6578714682593 836.6578714682593 836.6578714682593 41.232007181443585 60.81506012194578 -0.8293655824327395 1.5909775258452565 -11.338057267300128 -1.4454567565514775
47.9916236726299 2.1053483948336247 -6.317901688887712 47.032753785633055 2.554608696647004 -5.565124515746039 814.444990394566 814.444990394566 814.444990394566 32.216976054711104 64.46575687107334 -0.6695482863452624 4.966728424730532 -13.570546699419157 1.478042439977234
59.593395737795355 -1.2461244334697723 -3.3287956296597176 70.9015478233548 -0.9731120535164117 -3.6623028165353233 1105.1653199566756 1105.1653199566756 1105.1653199566756 41.35016705521116 78.70663906043836 -6.965856345476057 1.9692352913661948 -9.565622071724555 -0.2937243971667197
61.50421411120776 -7.077282163887535 4.891947837124814 73.1177562959682 -4.725849599868409 6.496710809925055 1198.9485375584989 1198.9485375584989 1198.9485375584989 40.815721222364886 81.96182137601917 -9.279946068576683 -3.150120845921589 -0.550862861259338 10.177896036020307
45.295996099213646 2.393946555080298 4.324270923022649 37.25362179535755 1.7003522383313985 4.334706242241593 639.2815667485738 639.2815667485738 639.2815667485738 30.120821513891805 57.24386869034902 0.9902519177561464 4.047598560562415 2.336951127886011 6.6210025192901645
53.35699887915716 4.381859651670243 5.0739689031692 47.08753462475411 3.7616408644867705 3.6161403621553623 722.2706076638138 722.2706076638138 722.2706076638138 36.41450237618064 71.14012682285832 2.676441439085131 6.652636158507697 2.24913769188273 7.930447264529928
52.704803351683765 3.280685193558316 -9.395998489599506 48.96383696249066 3.528643394850428 -9.326628900800504 933.3604517883005 933.3604517883005 933.3604517883005 38.978538874478964 62.924996573273916 0.8343322793350483 5.236361402654932 -14.960787699647238 -5.203834964532272
46.079780144313524 3.490845423654359 -4.2406297815231975 38.922397900816755 3.838385014911627 -5.785509262515193 689.4159748272133 689.4159748272133 689.4159748272133 33.63572388425694 53.772076610767485 1.1235622107829135 5.513907965457504 -10.415338817379382 0.00434641283093562
51.02520991132326 2.3412965242959354 -0.023988663140405708 56.76642996835179 1.9223806983174052 -1.3158525652501973 676.8952608077541 676.8952608077541 676.8952608077541 39.02349589117749 63.57673153390962 0.6162765025878314 3.010027000643678 -2.637015697053391 2.69962049931205
66.64547691544088 1.8620361736335598 5.252473996669976 64.51638944631853 1.2922072316996074 6.537297928338415 1148.589497582025 1148.589497582025 1148.589497582025 47.950697037994665 99.50708551515658 1.0067474738698623 2.522308499409376 -0.7155749572810066 10.684569485293881
43.30823315869063 3.666383811460402 5.489720001918283 38.33608106320313 3.0725672006362004 5.00703437772505 493.6458710347276 493.6458710347276 493.6458710347276 31.91203679118643 57.650795071025144 -3.3390048411140323 7.410815020931604 1.3330642582456143 11.723024274022887
46.294813147601964 3.439322407719268 3.1492522971583856 43.42267403918358 2.644384846721012 0.43651138052689387 687.4132827917223 687.4132827917223 687.4132827917223 27.57641938095697 63.45106042444961 -0.8550808523067333 8.477342031271325 -3.942286999830996 12.27395453504459
48.14859534808401 0.006605705911405052 0.4768539460184051 49.63701437275088 -0.001497478829326493 0.0030403171333182044 727.070589238419 727.070589238419 727.070589238419 29.408361721297794 62.793712078814536 -1.248102815622515 1.2607004920739961 -2.2550829755510926 2.7443549821202726
44.01530543461018 5.793357410582722 0.9724507926174708 39.716104949504754 4.619359601381101 0.3410050231411582 777.1296460985969 777.1296460985969 777.1296460985969 20.036921318498074 71.47752995062646 1.648487131556256 8.785960589698723 -14.19382999093439 15.526185865778796
49.56955212341032 3.698943913085478 -0.21946683222059904 50.856887521112725 3.7439496077917855 -0.29535604866067766 670.9942782678933 670.9942782678933 670.9942782678933 34.939585254387566 58.527180542020176 1.9194907849590104 5.211751674740084 -2.5827343300341976 1.882025330532927
49.92978641532831 3.263281149335625 -1.323668263451764 51.639828737622466 2.163544772623122 0.8163530459041279 713.887538351792 713.887538351792 713.887538351792 36.45181738940187 60.98380182973851 0.446618273479249 3.849934731877225 -5.75409069976801 2.6767337864723517
66.84133081785315 0.7548225020035964 -0.3470288745245776 69.2303304604894 -0.5908812503883643 -1.0833279383182903 1178.6148888302566 1178.6148888302566 1178.6148888302566 57.09061656080718 87.57116409612362 -1.1964889297884085 0.5844533433195243 -3.7219786334997673 1.2745603533156347
33.15795365764709 0.0326302380025254 4.161499938622917 28.126032388454796 0.7395119142359907 3.018487717025198 345.31318133968193 345.31318133968193 345.31318133968193 22.115785411964517 38.63177491169381 -2.02312282237873 2.988275625901968 -1.5346758309282893 7.719103687222284
51.859048715218826 -0.4668772898479995 -0.5890342630282156 52.949160559115306 -0.002330028808394946 -0.004130225839804602 849.2493230347394 849.2493230347394 849.2493230347394 29.360836774024854 62.437672480702716 -2.3515730334473655 1.6552034491662537 -2.170677750532901 0.045192254870740634
51.063969150892525 -4.3140806734216195 4.7649624263386325 54.18144676968845 -4.48497796255004 8.995374712199844 903.6637954317697 903.6637954317697 903.6637954317697 30.799946276281844 70.09531204626467 -5.964624400326302 -2.962218149254209 -5.131500809157263 17.404393241790462
57.036252286132935 0.21467483526876266 3.2086333986293014 54.085260179046216 -0.0024549378619953544 2.6985953837037613 866.7342393177518 866.7342393177518 866.7342393177518 38.48563110406035 68.58440939824942 -1.0075968806315672 1.2604182466225133 0.004653421154054982 5.605925628670061
51.26423626367882 4.638369811105171 3.8784519437055467 43.44774599780104 3.058649138595909 3.1195382066309616 797.6688051523779 797.6688051523779 797.6688051523779 29.926626901369794 80.45352023971952 0.8174136447875457 5.1159404412549625 0.0046395781180263995 6.759844482375499
47.87912279822335 1.5936754508865532 -1.5945160113426031 54.21671890343454 2.2231859156853773 0.8304909452709786 697.553917626516 697.553917626516 697.553917626516 33.904536332854704 60.763195288882166 -0.5979480097440537 4.082033745778049 -6.2612614097716435 3.426122971865259
45.760659348389574 2.536285250771956 5.394475329622791 47.51287544837079 0.7638312685924187 3.941482312716049 663.8208740622791 663.8208740622791 663.8208740622791 24.084461184650287 64.50656082093984 -0.5588056345108561 4.278914224500059 0.0011529256227438278 8.226046925563628
46.83853882707257 3.8110722281918044 7.015339644001086 37.46343369418353 2.896164697414716 4.85502633146202 640.3507948184196 640.3507948184196 640.3507948184196 29.588102405613867 63.41401317832138 1.6901623893074147 6.092259198453798 4.489938769184354 10.642508890067193
57.64195547248349 -6.830026188229981 -1.5942995020586865 57.1682943346028 -7.312669526809507 2.2947587289901596 1047.6623629607873 1047.6623629607873 1047.6623629607873 46.34812593633498 69.24605143073471 -12.139573093808378 -3.0987428621925552 -15.946558894320152 8.06835139979466
37.19783256778904 -0.3553550115246562 6.161790794158172 37.37979508874807 -2.217309701628936 0.6527449172431865 588.0596886786979 588.0596886786979 588.0596886786979 17.27234063743301 52.75014064668967 -5.210602535253628 0.5460925104078668 -1.4140763404144607 6.671163177168871
45.950565676132406 2.2877781270351534 6.149161875504378 33.66449470901093 2.086834671967158 2.53295884089183 729.0021068955806 729.0021068955806 729.0021068955806 21.22438606499515 68.72446182703321 -0.0024476348925439595 4.668456817690875 0.002997331256249236 10.040379658843912
49.169706258154044 4.435781263833102 6.7816734144895765 43.2180328261398 3.4792697803783246 6.410818569972465 712.5975356693453 712.5975356693453 712.5975356693453 29.153016392674374 65.29485447917102 1.5645156770234814 5.634808748961523 3.6981514648080527 9.860835884867827
52.33372345415858 -1.793731763325426 20.75661667540832 57.68295592334094 -2.633514427008765 16.46585122396358 867.5968677626519 867.5968677626519 867.5968677626519 31.14201995430381 70.03263679278345 -4.750171758271499 0.16517755938000311 6.063734749295091 31.083953993247594
36.6106352277488 -0.2802968993750926 -8.70947837132475 31.93860678075089 -0.5913453176009109 -9.062015039115966 649.4872145196699 649.4872145196699 649.4872145196699 13.81837062243914 50.253630089434765 -1.9849871138558073 0.682251330963668 -11.512233242599137 -6.323098010592365
53.0978848045848 4.157812739312037 6.591247830366989 60.01630738187259 5.172959017424983 5.7586601859603626 616.5049888768048 616.5049888768048 616.5049888768048 42.338981023957615 63.814291894716675 -1.012666939212585 6.576118348581975 1.8668093270617803 10.846546763267114
50.92167135698647 7.34818566305348 -13.768061377859997 46.98629890075961 7.959069427117937 -15.274910909252775 918.8787632017411 918.8787632017411 918.8787632017411 37.68202616181656 58.74605478387687 5.74152838977629 9.436366284186427 -18.56596828640773 -11.086193591815686
49.724900854261044 1.5397463041953894 4.974553088437553 48.156386125664355 1.4930105505633895 8.298360542797823 683.8781992621322 683.8781992621322 683.8781992621322 37.62351104492777 65.24706876709499 -0.6791003076611624 3.613129466072784 -3.732094581991521 15.151916616375651