139 3411.0
105 6026.0
5 1702.0
31 2140.0
87 2568.0
160 3613.0
76 3787.0
28 3595.0
3 2150.0
98 3329.0
280 3922.0
292 4153.0
90 2752.0
534 6925.0
110 1514.0
286 4758.0
743 9878.0
107 2345.0
1517 13113.0
485 10699.0
107 3935.0
321 5320.0
38 1256.0
331 6682.0
165 4673.0
96 2440.0
366 3860.0
396 4405.0
63 1692.0
52 1441.0
90 2010.0
172 5041.0
240 4937.0
112 2671.0
560 5705.0
439 4370.0
429 8405.0
268 4955.0
445 3281.0
93 2804.0
141 2274.0
74 2167.0
360 3562.0
446 4900.0
159 5087.0
78 1987.0
251 4227.0
47 2324.0
884 6416.0
1245 7315.0
278 4363.0
573 5185.0
219 2849.0
327 5158.0
501 10863.0
55 3171.0
315 4925.0
14 1204.0
376 5929.0
10 1633.0
116 1397.0
117 3603.0
121 2683.0
204 1717.0
374 5126.0
63 1459.0
365 3377.0
118 1936.0
72 1963.0
300 3356.0
442 4516.0
386 5467.0
486 10359.0
574 3877.0
523 6304.0
725 13225.0
450 4812.0
256 4256.0
15 1553.0
411 5236.0
99 1964.0
351 6088.0
65 2100.0
321 3160.0
79 1567.0
127 4817.0
691 7706.0
684 8333.0
115 5083.0
73 6153.0
319 4133.0
210 5148.0
241 3406.0
345 5285.0
234 3014.0
825 15345.0
124 3675.0
472 7034.0
75 2869.0
73 2301.0
171 2232.0
238 5711.0
290 2833.0
119 2227.0
63 2921.0
353 6092.0
81 2455.0
324 5138.0
818 5984.0
282 3076.0
189 3247.0
37 5382.0
323 3829.0
540 22543.0
395 4779.0
753 10161.0
267 5289.0
646 6632.0
79 2755.0
285 7499.0
664 8049.0
119 4070.0
985 16802.0
340 6848.0
57 1513.0
64 1465.0
346 5022.0
468 3918.0
42 2085.0
372 5596.0
233 5271.0
264 5646.0
361 4724.0
136 4544.0
45 1795.0
384 4412.0
831 8691.0
39 2379.0
375 4367.0
1087 11630.0
283 4908.0
339 6091.0
707 11039.0
271 3373.0
1539 14357.0
157 3018.0
42 1932.0
118 3933.0
192 4426.0
230 3969.0
183 2594.0
254 2836.0
529 6576.0
531 7222.0
559 5701.0
89 2886.0
350 4599.0
243 2930.0
17 1357.0
372 4896.0
107 4525.0
127 3240.0
311 2835.0
207 2980.0
77 2355.0
489 4063.0
108 2308.0
181 2781.0
68 2041.0
150 3391.0
771 9733.0
191 3095.0
208 3778.0
240 7496.0
200 1898.0
455 4555.0
513 11604.0
185 8650.0
482 4428.0
438 5306.0
429 3723.0
203 3940.0
15 1658.0
129 2134.0
636 9855.0
345 5724.0
240 4096.0
366 4689.0
373 9294.0
377 10458.0
190 7602.0
275 2365.0
319 6337.0
751 12183.0
175 2085.0
466 7142.0
305 6217.0
43 1319.0
97 2803.0
349 6049.0
397 5132.0
133 4284.0
105 2643.0
424 5688.0
535 10814.0
429 3603.0
476 7869.0
121 4805.0
511 10854.0
57 2313.0
290 12308.0
104 3724.0
52 2047.0
168 3633.0
137 3446.0
339 6426.0
312 2920.0
207 5107.0
590 5318.0
962 9222.0
254 1899.0
161 4067.0
10 1900.0
155 1916.0
114 2297.0
302 6490.0
155 3155.0
204 6808.0
16 2591.0
22 1938.0
832 8951.0
263 3594.0
415 4350.0
488 4603.0
64 3282.0
241 3544.0
359 4254.0
425 6314.0
181 3494.0
712 6653.0
800 7684.0
628 12200.0
134 2277.0
52 4140.0
571 8376.0
176 2790.0
132 2874.0
623 6606.0
336 3244.0
411 4713.0
877 6021.0
220 2940.0
339 4484.0
178 2879.0
1071 9948.0
123 2374.0
482 6685.0
635 8826.0
76 2255.0
363 4114.0
197 5986.0
75 1954.0
103 3731.0
219 7686.0
209 3679.0
490 10097.0
90 2053.0
845 5713.0
155 2426.0
128 8170.0
453 3008.0
623 12428.0
186 3127.0
270 7360.0
1153 12134.0
172 3081.0
75 2298.0
90 2105.0
116 1558.0
574 7908.0
117 2787.0
717 8142.0
43 1371.0
431 7625.0
710 10909.0
141 5609.0
566 5382.0
28 1291.0
108 2344.0
85 4617.0
96 4842.0
321 6299.0