1872 23752.0
930 14793.0
2116 21561.0
1400 17244.0
516 8415.0
2146 17565.0
1541 28009.0
2263 26412.0
1292 18863.0
1233 19333.0
1712 11933.0
913 34166.0
964 17625.0
2099 19670.0
1764 16125.0
1078 28600.0
1799 16215.0
2222 28139.0
1562 15123.0
2519 13184.0
1142 13342.0
2273 15296.0
1098 32110.0
1483 29663.0
1446 8597.0
1404 22496.0
918 27492.0
1215 28848.0
1412 21378.0
1621 25775.0
2269 12984.0
1259 17400.0
2128 15769.0
1313 32715.0
1527 24575.0
2250 22383.0
1098 14741.0
839 22273.0
682 26622.0
942 10450.0
1219 20609.0
730 5908.0
960 30757.0
1194 32053.0
1737 13024.0
729 15642.0
934 13337.0
1608 13014.0
1456 28651.0
961 20355.0
391 2712.0
1129 9797.0
1727 10697.0
1023 26244.0
1546 14470.0
1569 12370.0
1157 13025.0
765 4742.0
1473 23766.0
2461 21174.0
1034 19824.0
783 8805.0
2010 28331.0
1775 12300.0
1528 8599.0
1201 11728.0
2291 16222.0
882 28694.0
1830 11725.0
689 4284.0
1616 20389.0
1423 7538.0
1577 15294.0
1546 22275.0
1958 8805.0
675 32674.0
2006 15098.0
1041 27617.0
1233 17823.0
1101 13909.0
1810 20233.0
1210 27740.0
1804 18200.0
1555 18560.0
1141 22620.0
868 10590.0
1344 20862.0
1170 15745.0
908 26240.0
1150 24483.0
813 30398.0
2253 21405.0
1305 21178.0
1981 22471.0
1590 12087.0
1795 17145.0
1681 11455.0
619 3975.0
1435 20606.0
1614 18269.0
2004 20349.0
2104 19214.0
1060 23288.0
1690 27303.0
1333 10557.0
1226 20605.0
1047 28210.0
1289 19470.0
1717 21783.0
1944 12678.0
1861 21587.0
1250 11060.0
1331 25721.0
1578 14690.0
2118 25690.0
1363 7981.0
796 17860.0
1939 18323.0
676 19781.0
1590 11671.0
1583 24910.0
2183 16296.0
1173 11106.0
899 27042.0
1281 19003.0
1349 7165.0
2128 9920.0
846 6450.0
1466 23449.0
2261 17138.0
1189 11691.0
277 20914.0
1522 23234.0
2323 23252.0
2395 17522.0
1299 12439.0
1578 21628.0
848 4643.0
1913 13593.0
1633 17927.0
1321 7945.0
1301 13756.0
1617 21292.0
940 28988.0
996 21777.0
110 1416.0
930 30091.0
1987 7700.0
1194 14993.0
1623 13851.0
1765 12326.0
1956 12907.0
1023 13482.0
1725 16185.0
1124 5538.0
2294 15791.0
1799 23054.0
1760 16654.0
1799 17428.0
980 5866.0
1122 11777.0
1665 15634.0
1108 11829.0
1744 13155.0
2354 20863.0
2407 18256.0
1770 16245.0
1744 16477.0
1159 10791.0
1357 11208.0
255 11623.0
1977 11572.0
2038 13376.0
831 22418.0
1086 27457.0
1831 16231.0
635 12343.0
1299 16065.0
1263 14562.0
1575 28577.0
1441 11897.0
893 8698.0
992 33680.0
1388 25635.0
1335 18029.0
628 8403.0
1341 19919.0
1713 5958.0
1656 16466.0
1056 7481.0
654 25311.0
915 4937.0
1512 10819.0
1273 10746.0
733 3661.0
2309 22437.0
1437 16994.0
686 8491.0
1225 19512.0
1488 28745.0
912 39020.0
1129 20091.0
2048 13403.0
2631 22216.0
1215 8755.0
1356 15936.0
680 13525.0
1242 10950.0
815 11556.0
1332 26599.0
1756 28447.0
1685 19324.0
1408 21114.0
1464 19400.0
319 7563.0
1790 17657.0
1874 27507.0
2045 14922.0
1440 20311.0
926 7576.0
1755 9238.0
1392 9836.0
1707 22623.0
1597 26015.0
1960 15337.0
1526 10283.0
1434 11362.0
1540 11642.0
1776 20097.0
1471 22069.0
1009 15192.0
2577 17197.0
898 6815.0
947 18151.0
1105 40865.0
573 5594.0
958 13018.0
1153 8783.0
649 6171.0
1208 20556.0
1603 30644.0
1617 21515.0
937 14276.0
1868 25031.0
1956 12387.0
1033 17241.0
1634 12773.0
822 11647.0
1499 24792.0
844 4270.0
388 2018.0
637 31590.0
1627 14391.0
1683 17682.0
2467 18700.0
1136 37271.0
1356 25484.0
1314 24393.0
1797 17111.0
1793 25200.0
1437 11855.0
473 21326.0
1242 20904.0
961 29536.0
1083 18310.0
1564 15897.0
2108 19919.0
974 29403.0
1237 21068.0
1238 14438.0
1363 17749.0
633 9800.0
1779 27369.0
1301 15142.0
1012 28435.0
868 13318.0
1840 14026.0
790 11163.0
818 11717.0
863 14132.0
885 6761.0
1317 19116.0
2274 26064.0
550 25654.0
1440 24663.0
929 11876.0
642 10999.0
1305 23960.0
1869 19237.0
952 13430.0
1787 19873.0
1971 21042.0