410 12159.0
777 7631.0
680 6617.0
613 16544.0
580 9100.0
378 5760.0
321 11820.0
256 8771.0
356 5042.0
450 7946.0
636 9811.0
767 11097.0
608 13629.0
858 18449.0
645 5718.0
376 14673.0
345 13422.0
595 14350.0
675 7733.0
403 9692.0
596 10984.0
496 9092.0
361 7861.0
473 12763.0
661 9364.0
267 12792.0
424 10050.0
537 9215.0
528 5802.0
426 17066.0
441 7433.0
482 8883.0
591 10527.0
723 9012.0
639 7716.0
572 13056.0
725 8193.0
388 16179.0
369 6630.0
549 10381.0
510 9627.0
262 12044.0
442 8063.0
637 9105.0
399 5678.0
404 14876.0
449 16262.0
686 18332.0
701 9989.0
691 8060.0
591 7846.0
656 10077.0
534 12459.0
344 6400.0
717 10897.0
324 12903.0
468 13057.0
571 10943.0
502 13450.0
378 11793.0
568 8721.0
492 6513.0
369 5376.0
491 10423.0
440 9514.0
461 6994.0
583 10165.0
618 14012.0
505 10242.0
453 9605.0
436 10552.0
389 8649.0
601 14600.0
573 12234.0
547 8510.0
316 13785.0
632 8863.0
479 13286.0
535 7946.0
361 13534.0
436 7544.0
577 11327.0
453 12137.0
153 8013.0
376 8803.0
408 7266.0
650 11748.0
515 7800.0
420 9968.0
489 22711.0
556 12078.0
717 8353.0
346 7239.0
610 11490.0
514 13854.0
273 8006.0
539 6730.0
535 17511.0
537 13388.0
317 12169.0
432 10954.0
781 9973.0
531 9295.0
630 8620.0
412 7463.0
229 6076.0
472 15249.0
300 6801.0
683 13448.0
571 12653.0
126 10371.0
456 21075.0
596 8819.0
436 9143.0
680 14270.0
454 11690.0
287 13181.0
467 8303.0
273 11296.0
712 10585.0
707 8716.0
665 12095.0
222 10440.0
384 9110.0
445 9007.0
404 9028.0
576 16832.0
509 14230.0
379 8778.0
626 10003.0
427 7514.0
381 6370.0
307 9434.0
324 12326.0
489 7708.0
611 13693.0
488 8632.0
328 4870.0
425 7496.0
355 12687.0
509 8572.0
515 9947.0
685 6937.0
591 10693.0
373 13184.0
424 5187.0
614 11369.0
634 9377.0
712 10440.0
357 9244.0
785 8413.0
488 8935.0
828 12595.0
431 6655.0
395 9992.0
393 9240.0
382 9617.0
279 10697.0
439 13218.0
534 8551.0
506 12309.0
403 8904.0
420 12330.0
773 9830.0
723 11716.0
345 11612.0
695 19612.0
674 7341.0
792 11920.0
578 9320.0
540 10864.0
757 6250.0
518 7802.0
397 11758.0
422 15267.0
680 12392.0
560 10438.0
468 6915.0
752 12232.0
165 6337.0
430 7694.0
675 9464.0
551 9351.0
662 11199.0
374 17204.0
658 12669.0
677 7421.0
462 15173.0
426 5877.0
492 6600.0
553 5956.0
638 14028.0
295 8382.0
647 17112.0
613 10887.0
532 11613.0
459 11466.0
678 12204.0
780 12961.0
358 7928.0
605 10837.0
467 9442.0
256 12449.0
522 7221.0
751 11982.0
254 5429.0
368 12212.0
421 7356.0
560 8700.0
385 11444.0
495 10871.0
621 13702.0
408 22932.0
677 17858.0
482 10608.0
712 12571.0
456 17116.0
435 7264.0
495 8256.0
876 11545.0
605 9840.0
611 8900.0
537 13080.0
551 8535.0
381 11483.0
278 6283.0
421 7123.0
510 10531.0
911 11237.0
591 8204.0
495 12355.0
414 14723.0
533 9399.0
498 11296.0
568 10175.0
542 9951.0
366 6710.0
376 7257.0
862 9161.0
646 10514.0
601 14191.0
896 11981.0
690 7781.0
602 9226.0
565 9293.0
361 7183.0
582 6607.0
299 7156.0
681 19219.0
353 5973.0
274 5523.0
592 9792.0
327 9889.0
330 8339.0
267 9253.0
523 12102.0
407 7670.0
491 5939.0
567 14891.0
615 17595.0
308 16830.0
446 13688.0
422 7339.0
439 9748.0
631 13581.0
431 13045.0
418 7890.0
702 7399.0
281 9449.0
699 16517.0
559 15640.0
765 14354.0
748 15622.0
369 13462.0
462 10029.0
464 6060.0
531 10045.0
275 13208.0
704 11261.0
751 7698.0
545 10652.0
461 22254.0
573 10068.0
454 10854.0
703 14089.0
727 7950.0
690 9884.0
526 18311.0
611 10496.0
540 8465.0
895 11513.0
685 10750.0
