49.39179 1.62479 1.74396
49.43840 2.60714 3.19558
44.11925 -1.76920 -3.55420
43.83558 0.45250 0.87208
46.93425 3.91426 5.94459
51.56166 1.24913 -1.72437
52.20809 1.01833 -7.49616
50.36834 3.67219 3.20477
58.83652 2.98930 4.10811
44.23989 -5.03297 -6.01425
52.10156 1.41580 0.73821
55.90816 2.19247 4.69849
47.85308 -5.60623 4.85034
51.37480 -0.08214 -2.72880
40.26990 1.71266 2.53208
41.51433 0.56285 4.77378
66.82961 -8.65056 3.05453
47.78750 1.37652 -8.15997
46.24361 2.97683 3.64079
46.81717 -4.83225 11.97758
49.65444 0.84947 1.67899
51.75172 -0.04220 -0.89109
45.15188 2.89147 2.23698
52.05524 1.67327 4.85735
46.21937 0.26154 -10.95755
44.75726 2.42906 4.68183
64.44306 1.30791 -6.14978
51.63569 -5.24649 1.56978
38.49690 2.65547 4.42864
60.80183 -5.40038 5.20775
44.63194 1.37311 -3.18157
50.57121 3.38471 6.96279
54.53200 1.81451 5.74186
40.75921 2.58694 3.27807
44.15420 3.04033 5.76510
45.29818 3.99901 5.41338
43.25414 -5.05385 2.36518
27.03458 7.63145 16.60281
45.96436 0.28145 -12.85529
44.48040 3.27994 0.53914
53.44346 -5.62783 7.86685
48.16668 0.45585 -6.93171
61.92450 2.06182 5.57327
43.75401 2.72708 5.45007
50.71345 1.85256 -9.08604
35.80768 -0.19371 -3.51980
58.81740 0.69990 11.13589
55.55864 0.36581 -3.47752
45.70311 1.91322 5.25837
37.96375 4.03792 3.33485
46.10784 2.48917 0.52054
53.19744 2.49182 2.13660
42.77150 1.48092 3.98781
55.96745 6.10009 -0.79986
46.55679 2.89068 6.77838
56.68825 2.01919 4.11432
44.44389 3.33699 5.78341
49.25708 3.34465 4.36061
49.36665 3.63828 3.71001
41.52732 2.05965 -4.02522
53.13650 3.30203 1.28070
47.59674 1.16477 2.45073
35.00383 -1.81815 -10.22764
35.11227 1.66986 1.45402
49.97942 1.08205 -1.11707
51.21588 1.32186 -1.93823
45.54952 4.20394 3.42213
49.21074 -0.68469 2.37387
52.02473 2.58229 -4.77380
49.22468 3.81266 -2.23742
49.65838 8.43453 5.86248
51.14982 4.23175 -0.76582
61.93955 -2.82701 5.76877
29.36452 -0.95435 5.80309
43.29395 2.45792 4.47737
47.77896 5.64957 -10.21214
46.50508 3.69921 1.37116
48.33780 1.90106 0.38291
45.37266 -6.81894 -0.36978
44.40835 1.71824 -1.29832
28.54568 4.46901 -8.50505
51.56631 4.27552 6.79871
50.01155 3.04717 -3.09236
54.27159 4.34091 -3.92944
49.38307 -0.06474 -2.24641
48.08691 -3.02270 -3.02114
48.95451 3.13926 7.19026
44.42035 -0.70388 4.83850
51.26869 2.58439 7.25010
42.33087 5.92286 6.93052
45.73927 -8.35541 -6.01464
43.96309 4.18015 6.28880
24.00456 -0.24689 1.50073
54.69389 2.30936 3.59158
61.57097 -0.09860 -3.41175
51.04088 3.45338 -0.29566
60.39393 -0.59812 -3.26799
42.35778 -3.40805 11.32089
53.66433 5.36403 -10.67871
19.27696 8.70836 13.20964
49.65709 2.52793 1.79541
50.00794 3.38319 8.16582
50.40989 4.55547 10.07648
49.53721 4.09692 1.24801
47.06576 2.59334 -0.89112
52.74178 3.24108 -1.73208
48.97707 1.73838 1.10824
65.72095 2.16382 3.97489
44.67572 -0.93667 -3.23517
47.54457 -2.44936 10.17683
51.76193 6.64417 -17.36984
54.39334 0.61661 -5.37402
46.58753 2.28242 5.50832
58.71456 -5.66218 5.57620
54.65494 -3.83138 15.64722
45.73556 1.44417 -3.95823
58.06431 -3.72400 9.37830
23.86075 4.25367 -3.70256
45.07604 -5.40758 3.88260
49.07058 4.55111 7.94737
43.08397 2.93795 7.01735
49.90791 4.21938 5.47140
54.50657 -4.18536 1.84187
47.30170 1.68401 -7.24003
47.38031 1.52945 5.36285
35.00125 -2.01744 5.50089
56.88618 -1.59983 23.23310
51.07790 4.95590 -2.04296
60.10255 1.05421 4.04697
50.31655 4.09512 5.09588
54.56188 2.50995 0.94731
55.01510 5.63306 7.76467
60.67447 -3.20162 -0.55860
50.27042 5.12357 1.83070
48.51266 0.72348 6.94568
51.48865 2.90234 -3.19338
46.93749 1.63203 -0.74592
45.18595 4.02779 -7.67820
49.39143 1.99123 -8.30400
72.20070 -4.38814 1.35818
47.32246 2.05143 2.24473
51.44670 5.23971 5.27790
45.46398 1.95554 4.30791
47.08737 4.17108 5.90997
52.14085 4.63705 3.12708
43.54612 3.56477 -11.62352
50.61661 3.31976 1.42761
49.29955 -1.24674 -4.71883
45.90345 2.37471 0.08106
52.02904 2.69701 -1.35109
50.34847 2.45397 5.03545
40.45604 10.42455 -5.95329
50.85492 4.85805 -4.37405
38.83881 2.91153 -7.67259
51.24417 3.92613 3.56368
46.67548 3.08031 3.76256
54.06603 2.10424 -0.50163
69.61733 -2.85024 -2.35130
45.25363 1.45239 -2.52486
39.85988 1.98598 5.45014
50.38117 4.29221 -16.96888
45.36959 -7.14127 0.42335
68.64311 -3.80463 0.30873
57.44910 1.89229 6.71961
51.77162 0.58289 -5.01797
58.82884 -1.86268 -3.17579
51.58196 -3.35560 7.01045
40.49417 3.07627 4.14794
56.67576 5.32449 -0.12054
49.88593 -0.63143 6.10085
49.35923 2.38993 6.38093
37.73358 2.35096 3.29069
40.18925 3.21711 5.34683
42.76811 2.86239 -6.68718
32.62640 -0.07608 0.39159
49.14058 1.39496 1.72961
33.33349 8.28526 -15.30547
53.30726 2.27681 6.56945
45.00701 2.70099 -6.66941
50.10306 2.63372 -1.09814
57.85666 3.73655 -4.66889
47.48216 2.50386 4.51110
48.35268 3.19122 -1.19566
45.15429 6.92758 -12.02621
48.60040 3.45054 -18.82320
61.76360 6.11721 8.29007
43.96642 1.85845 4.35281
53.38671 3.15949 -5.66755
47.82290 3.51438 2.87851
53.59183 3.23154 4.07913
38.89766 2.85033 4.91457
44.03045 1.94984 1.37656
50.29561 5.30782 -1.76954
37.86691 0.76114 0.13120
38.40964 4.70369 -12.56819
50.70686 0.95350 0.66504
52.99737 5.04459 -6.68315
48.23877 4.00568 3.08768
48.83725 4.62208 6.20611
52.47590 -6.38485 -2.15352
50.75310 2.77930 -1.45237
48.57566 2.32839 4.86457
40.18245 1.27914 0.93158
38.67300 3.61143 3.24103
45.24725 2.91736 7.08443
54.63546 0.19518 -1.27156
38.07019 4.98661 -0.93103
61.98768 5.85242 -2.13621
41.06500 1.24521 7.36027
65.14628 -1.96058 -3.46107
38.82297 1.80083 -9.91589
51.40814 2.13221 0.44348
47.64515 3.56555 7.44683
39.58311 1.26576 1.34116
48.55193 1.36108 -0.96031
58.36932 -3.76584 -1.24966
50.52296 4.34134 0.41918
53.17227 2.92919 4.32760
50.84544 1.97285 1.89374
44.52807 3.50581 4.32056
58.64782 1.87220 4.96711
50.38268 1.65025 0.87313
46.63061 1.06022 1.85832
53.02808 0.66214 -6.08824
55.62768 4.22636 -7.37501
59.49839 -0.52508 -5.30601
47.70270 -0.48760 1.88172
53.38039 -4.66587 1.09749
47.95722 4.48538 7.98000
44.16764 1.12273 4.81438
51.96479 9.00133 8.18969
65.07165 -5.40651 1.98876
47.68608 3.67385 3.45052
50.07016 4.75741 4.31945
50.67082 -3.36410 -0.97007
47.76348 2.95531 6.28758
44.65677 2.38195 4.02997
48.40250 -7.07493 -4.27443
44.50443 1.11920 -5.15542
49.97076 2.07385 0.83690
53.87704 2.40234 -8.21612
50.53598 2.18176 5.49643
52.13544 1.98449 4.18641
41.25041 3.55225 6.47996
48.75239 7.74466 4.33850
46.43307 -4.65997 0.20820
40.10794 -1.11135 -0.75093
61.40785 2.22009 7.14553
45.17288 2.58581 -3.94596
50.87435 1.34777 -1.85130
42.73641 0.22803 -5.25501
56.00696 -3.82530 0.38116
49.77529 3.73562 5.46575
49.79588 4.17613 7.17474
48.91168 8.76226 -20.38903
47.98118 2.48158 0.64072
56.81986 -7.33879 -6.18133
59.60157 -2.62437 -0.55984
50.99694 0.35637 -6.35981
47.99162 2.10535 -6.31790
59.59340 -1.24612 -3.32880
61.50421 -7.07728 4.89195
45.29600 2.39395 4.32427
53.35700 4.38186 5.07397
52.70480 3.28069 -9.39600
46.07978 3.49085 -4.24063
51.02521 2.34130 -0.02399
66.64548 1.86204 5.25247
43.30823 3.66638 5.48972
46.29481 3.43932 3.14925
48.14860 0.00661 0.47685
44.01531 5.79336 0.97245
49.56955 3.69894 -0.21947
49.92979 3.26328 -1.32367
66.84133 0.75482 -0.34703
33.15795 0.03263 4.16150
51.85905 -0.46688 -0.58903
51.06397 -4.31408 4.76496
57.03625 0.21467 3.20863
51.26424 4.63837 3.87845
47.87912 1.59368 -1.59452
45.76066 2.53629 5.39448
46.83854 3.81107 7.01534
57.64196 -6.83003 -1.59430
37.19783 -0.35536 6.16179
45.95057 2.28778 6.14916
49.16971 4.43578 6.78167
52.33372 -1.79373 20.75662
36.61064 -0.28030 -8.70948
53.09788 4.15781 6.59125
50.92167 7.34819 -13.76806
49.72490 1.53975 4.97455
