170.28996 162.93315 159.29713 194.00000 190.00000 187.00000 3558.84013 3806.24790 3833.87895 127.00000 219.00000 112.00000 215.00000 107.00000 211.00000
36.21829 68.81288 124.68517 15.00000 68.00000 110.00000 2435.65898 2103.85880 3619.51936 5.00000 47.00000 29.00000 99.00000 75.00000 181.00000
123.73183 86.48473 35.95525 130.00000 86.00000 27.00000 3916.67630 2938.02525 918.16079 82.00000 167.00000 46.00000 123.00000 12.00000 52.00000
106.80484 149.47498 160.22702 93.00000 149.00000 167.00000 1762.92154 1309.27345 1000.14622 72.00000 150.00000 121.00000 181.00000 146.00000 180.00000
88.32230 84.91957 114.19582 83.00000 87.00000 117.00000 785.11689 135.04692 205.60492 72.00000 96.00000 76.00000 93.00000 105.00000 125.00000
111.31799 124.13623 103.76909 106.00000 121.00000 98.00000 2383.66057 2265.71634 2799.90428 84.00000 147.00000 99.00000 159.00000 74.00000 149.25000
63.61217 142.73582 151.13597 69.00000 145.00000 153.00000 3023.44628 1445.73205 1753.63009 1.00000 97.00000 126.00000 162.00000 126.00000 177.00000
205.18556 155.82755 68.20349 234.00000 152.00000 69.00000 3303.08603 3505.87892 1863.53754 163.00000 252.00000 112.00000 207.00000 43.00000 91.00000
180.37560 164.30605 166.74146 189.00000 173.00000 175.00000 2141.81884 2224.09123 2696.82280 157.00000 216.00000 138.00000 202.00000 135.00000 209.00000
82.52151 95.25150 123.74597 65.00000 78.00000 114.00000 3324.27331 2813.90187 2474.37923 49.00000 74.00000 67.00000 83.00000 89.00000 125.00000
54.01733 78.53693 105.62247 27.00000 54.00000 99.00000 3251.63202 3699.55039 4672.10710 18.00000 66.00000 33.00000 112.00000 46.00000 165.00000
133.57077 139.68430 162.72565 133.00000 139.00000 164.00000 611.22079 993.75324 1807.18636 121.00000 153.00000 118.00000 167.00000 127.00000 193.00000
115.09534 94.25848 80.07445 125.00000 103.00000 90.00000 4120.14988 2082.10683 1416.18612 60.00000 167.00000 56.00000 129.00000 46.00000 110.00000
143.36847 157.76360 170.36493 132.00000 153.00000 177.00000 3587.80249 3186.27735 4582.64252 99.00000 197.00000 119.00000 210.00000 130.00000 236.00000
134.65968 68.44411 13.86108 121.00000 58.00000 14.00000 3781.71654 2384.07561 277.36574 96.00000 170.00000 47.00000 73.00000 9.00000 17.00000
155.48465 139.36082 135.47125 146.00000 125.00000 129.00000 4048.36762 3298.84733 2069.87857 113.00000 222.00000 102.00000 191.00000 109.00000 165.00000
97.12157 114.29674 122.72134 79.00000 99.00000 110.00000 2398.15305 2187.27317 3977.87773 57.00000 144.00000 79.00000 166.00000 80.00000 196.00000
96.97989 138.51193 185.25322 88.00000 128.00000 185.00000 1935.38326 906.61909 1238.52162 58.00000 142.00000 114.00000 167.00000 165.00000 216.00000
144.82840 136.81526 129.71817 160.00000 150.00000 144.00000 3649.57260 3055.60236 3064.91688 122.00000 186.00000 113.00000 174.00000 106.00000 168.00000
92.95869 104.57184 97.95541 100.00000 102.00000 86.00000 2737.67525 2904.89578 3694.81457 52.00000 127.00000 60.00000 154.00000 43.00000 168.00000
131.20651 120.93523 135.75572 143.00000 111.00000 123.00000 1861.38109 927.25104 3850.93674 94.00000 165.00000 99.00000 145.00000 76.00000 204.00000
124.91354 31.28769 20.84500 135.00000 5.00000 16.00000 5208.02194 2480.41162 330.52795 60.00000 194.00000 2.00000 41.00000 9.00000 31.00000
110.91481 153.93407 205.39195 110.00000 159.00000 243.00000 3072.29040 2919.54837 4052.37315 62.00000 153.00000 104.00000 201.00000 155.00000 254.00000
103.46176 136.22612 153.00165 97.00000 142.00000 180.00000 1827.77661 2497.82089 2960.53018 76.00000 131.00000 106.00000 175.00000 121.00000 197.00000
156.49037 152.70930 168.33525 162.00000 156.00000 172.00000 1663.28610 1689.16499 1781.14049 144.00000 175.00000 143.00000 168.00000 157.00000 192.00000
62.37907 84.14221 115.35106 52.00000 83.00000 122.00000 2348.60327 2244.07185 3459.37693 31.00000 86.00000 57.00000 113.00000 62.00000 158.00000
151.17114 116.81679 140.18088 152.00000 116.00000 138.00000 3971.11320 2269.30651 2897.80868 108.00000 197.00000 89.00000 147.00000 113.00000 182.00000
139.04762 158.62398 148.79375 118.00000 141.00000 143.00000 4043.74012 3811.41777 2347.75987 90.00000 209.00000 112.00000 232.00000 114.00000 206.00000
157.42433 81.72406 54.62074 154.00000 76.00000 54.00000 3937.29487 510.37036 36.90705 96.00000 219.00000 62.00000 101.00000 52.00000 57.00000
136.98001 180.63113 213.53433 139.00000 179.00000 212.00000 1490.01092 668.56871 339.54979 101.00000 175.00000 158.00000 208.00000 200.00000 231.00000
89.81256 42.39140 52.20741 87.00000 36.00000 47.00000 1830.13421 1137.27168 737.77178 59.00000 109.00000 17.00000 62.00000 35.00000 74.00000
85.97458 108.21927 130.49883 64.00000 95.00000 112.00000 3070.80581 2283.29497 4145.10806 44.00000 130.00000 73.00000 146.00000 88.00000 194.00000
133.56500 146.06137 154.96747 130.00000 149.00000 167.00000 1073.31514 1297.55263 1824.10426 113.00000 152.00000 117.00000 173.00000 116.00000 191.00000
145.71570 161.69887 156.00769 139.00000 155.00000 152.00000 3573.89015 3647.69672 3268.78839 107.00000 194.00000 121.00000 213.00000 123.00000 203.25000
92.54276 118.17310 158.36371 85.00000 115.00000 160.00000 1714.63788 1921.31437 2584.88169 63.00000 124.00000 95.00000 155.00000 138.00000 204.00000
126.12967 124.47787 158.01537 108.00000 107.00000 155.00000 3059.00247 2663.74869 1085.87286 79.00000 179.00000 84.00000 172.00000 141.00000 179.00000
66.19189 53.63834 70.83121 37.00000 28.00000 58.00000 3434.28239 2622.80136 2372.89460 24.00000 109.00000 18.00000 87.25000 28.00000 102.00000
94.06271 109.31116 125.52650 89.00000 101.00000 111.00000 3646.98255 2900.13637 2894.35672 51.00000 143.00000 64.00000 164.00000 81.00000 188.00000
99.13071 98.06277 82.03371 84.00000 90.00000 59.00000 4396.22007 3313.00845 3719.43446 52.00000 137.00000 55.00000 124.00000 32.00000 121.00000
118.49223 110.58354 101.03682 105.00000 101.00000 101.00000 3991.13117 2278.52732 1524.76016 66.00000 155.00000 72.00000 135.00000 68.00000 123.00000
35.22078 79.21967 127.93994 21.00000 67.00000 120.00000 1311.79276 1358.52444 1462.15725 11.00000 46.00000 53.00000 99.00000 106.00000 147.00000
159.48109 156.98369 121.68555 142.00000 155.00000 123.00000 2686.16023 816.43087 201.91980 121.00000 210.00000 141.00000 178.00000 114.00000 130.00000
116.01013 123.52425 140.27914 102.00000 109.00000 133.00000 2911.20250 2910.97710 3451.85491 76.00000 164.00000 86.00000 186.00000 98.00000 210.00000
79.11186 102.55968 119.38148 67.00000 98.00000 130.00000 1274.60515 1072.65641 2725.17809 58.00000 92.00000 90.00000 111.00000 88.00000 141.00000
118.71571 105.41270 74.37173 109.00000 94.00000 63.00000 4977.02964 4376.27030 2747.18051 66.00000 171.00000 57.00000 149.00000 43.00000 105.00000
99.94710 123.47862 162.07246 93.00000 125.00000 169.00000 812.75387 1042.28705 2488.88450 81.00000 117.00000 96.00000 149.00000 113.00000 209.00000
70.55583 98.36249 117.63936 53.00000 96.00000 142.00000 3386.18161 4083.71962 5983.67461 25.00000 107.00000 42.00000 146.00000 36.00000 182.00000
170.00650 98.03027 59.97350 206.00000 90.00000 63.00000 5611.02517 2590.00900 423.33372 107.00000 237.00000 62.00000 137.00000 51.00000 70.00000
85.99477 89.91217 105.21379 82.00000 87.00000 108.00000 1333.43743 1323.92704 2159.34338 58.00000 105.00000 59.00000 111.00000 69.00000 140.00000
86.63698 135.78857 140.07565 89.00000 132.00000 173.00000 3008.54224 3915.26801 6634.24650 38.00000 127.00000 85.00000 197.00000 59.00000 219.00000
73.98869 148.03981 184.84384 48.00000 146.00000 189.00000 4562.34843 2075.77080 2055.35940 11.00000 142.00000 109.00000 190.00000 165.00000 223.00000
144.78299 149.09653 149.31671 141.00000 149.00000 153.00000 4093.23114 3255.22817 3483.67090 89.00000 200.00000 99.00000 203.00000 95.00000 209.00000
85.53867 109.05711 123.90114 63.00000 98.00000 125.00000 4935.68576 4162.42815 5362.06458 31.00000 127.00000 59.00000 158.00000 55.00000 185.00000
130.01964 72.72122 70.48903 125.00000 63.00000 60.00000 3675.69067 2570.32591 1637.90585 81.00000 180.00000 30.00000 108.00000 35.00000 104.00000
137.50291 94.86517 64.92001 145.00000 93.00000 66.00000 2649.22222 1118.37544 468.85298 108.00000 179.00000 78.00000 118.00000 54.00000 78.00000
105.11206 100.11269 106.86029 98.00000 102.00000 124.00000 448.30766 333.63783 1180.15727 94.00000 118.00000 91.00000 105.00000 63.00000 133.00000
148.05957 79.52231 58.51642 139.00000 86.00000 61.00000 4652.41903 670.95482 203.46845 111.00000 208.00000 72.00000 95.00000 54.00000 66.00000
121.93706 110.74139 101.61888 115.00000 98.00000 85.00000 5231.90288 3830.55156 3715.80484 56.00000 191.00000 58.00000 168.00000 49.00000 156.00000
149.22136 145.29903 137.78990 150.00000 148.00000 151.00000 2118.42874 1815.41130 2095.90576 118.00000 182.00000 125.00000 169.00000 106.00000 171.00000
89.91902 75.60576 41.97435 82.00000 72.00000 26.00000 5201.57149 3619.37923 1766.83746 15.00000 143.00000 12.00000 119.00000 7.00000 70.00000
106.29936 105.33907 119.13492 101.00000 103.00000 115.00000 6036.12420 5528.00056 4608.49733 38.00000 165.00000 40.00000 159.00000 64.00000 171.00000
88.03967 109.10666 123.87909 87.50000 111.00000 128.00000 212.47313 225.93348 792.74933 79.00000 95.00000 102.00000 114.00000 106.00000 147.00000
112.30667 99.64499 104.13020 104.00000 86.00000 89.00000 2292.36295 2549.43668 2436.09860 83.00000 145.00000 64.00000 138.00000 67.00000 142.00000
118.80103 113.43073 145.14157 116.00000 120.00000 164.00000 5032.69011 3758.47454 5052.26939 75.00000 164.00000 79.00000 147.00000 107.00000 199.00000
85.94815 158.23436 154.39912 63.00000 172.00000 154.00000 5927.82809 4341.42934 3058.35665 22.00000 127.00000 105.00000 211.00000 115.00000 197.00000
204.13419 113.09500 53.67915 253.00000 116.00000 57.00000 4618.32117 1878.64674 190.84452 132.00000 255.00000 77.00000 139.00000 50.00000 62.00000
137.64998 142.69345 155.74573 137.00000 140.00000 152.00000 1032.49722 955.04052 964.12184 121.00000 154.00000 123.00000 165.00000 133.00000 186.00000
121.02245 111.95866 147.04475 121.00000 112.00000 144.00000 2285.79190 1661.77712 2656.76873 81.00000 162.00000 79.00000 148.00000 113.00000 171.00000
138.31544 147.62471 164.43619 135.00000 142.00000 154.00000 1300.66211 940.57206 1050.27355 115.00000 168.00000 130.00000 172.00000 144.00000 193.00000
106.37199 127.70316 148.18867 113.00000 124.00000 141.00000 1341.59314 917.68148 1369.37524 78.00000 133.00000 105.00000 155.00000 119.00000 184.00000
116.90730 132.70059 164.29774 108.00000 120.00000 140.00000 2097.46594 1802.70506 3645.98570 80.00000 148.00000 100.00000 172.00000 119.00000 236.00000
93.01407 131.98726 155.99498 81.00000 118.00000 148.00000 3208.28059 3327.07514 3219.91720 41.00000 144.00000 83.00000 184.00000 111.00000 207.00000
128.58125 134.27948 133.90240 143.00000 143.00000 140.00000 3911.21108 4224.99043 4527.21377 67.00000 179.00000 73.00000 192.00000 75.00000 198.00000
122.41489 154.32503 179.31459 114.00000 144.00000 168.00000 3903.35192 1994.68044 2491.67729 78.00000 172.00000 126.00000 189.00000 146.00000 242.00000
101.93674 140.45538 170.38477 115.00000 156.00000 186.00000 2133.29266 1799.30209 1913.03274 62.00000 141.00000 100.00000 175.00000 132.00000 208.00000
99.25839 127.64357 144.22806 94.00000 126.00000 149.00000 2189.99253 2687.10262 2625.37322 71.00000 111.00000 97.00000 144.00000 110.00000 173.00000
87.59782 107.23869 118.87257 73.00000 98.00000 131.00000 1509.62260 1142.69682 3264.34453 60.00000 117.00000 90.00000 121.00000 68.00000 146.00000
130.81651 122.69502 127.51889 117.00000 109.00000 121.00000 3165.63767 3626.91134 3336.83860 89.00000 191.00000 81.00000 186.00000 91.00000 184.00000
172.15685 197.49330 209.65302 170.00000 194.00000 216.00000 998.29399 341.67864 278.01312 142.00000 199.00000 185.00000 211.00000 196.00000 221.00000
104.70894 125.85593 142.27785 95.00000 123.00000 154.00000 4867.97948 5044.56243 5840.43884 54.00000 159.00000 62.00000 183.00000 75.00000 208.00000
155.11024 169.66399 184.75423 152.00000 161.00000 191.00000 1426.15876 1386.79925 2398.04203 130.00000 177.00000 146.00000 197.00000 161.00000 229.00000
110.26752 100.77016 73.21411 98.00000 99.00000 79.00000 5909.73675 3935.24403 1413.76418 34.00000 177.00000 44.00000 148.00000 43.00000 97.00000
158.26787 155.15497 168.60692 146.00000 147.00000 165.00000 1675.90626 1388.24442 1575.45491 132.00000 193.00000 128.00000 191.00000 134.00000 208.00000
160.29468 151.74608 147.89771 168.00000 160.00000 152.00000 1696.07024 1273.89565 1848.16648 145.00000 187.00000 146.00000 173.00000 132.00000 183.00000
138.62563 103.35910 114.92256 140.00000 99.00000 108.00000 9800.12518 6178.13994 7366.14059 20.00000 246.00000 16.00000 157.00000 17.00000 174.00000
83.05957 100.33299 113.97241 77.00000 104.00000 138.00000 1344.18905 1887.84006 2341.11472 54.00000 101.00000 64.00000 129.00000 62.00000 153.00000
145.68730 120.36487 137.55518 129.00000 106.00000 123.00000 1933.20341 1674.38009 1915.80805 114.00000 176.00000 91.00000 145.00000 106.00000 166.00000
78.17119 93.73863 111.80391 64.00000 83.00000 98.00000 2685.22465 3798.89096 5096.54802 36.00000 121.00000 40.00000 153.00000 48.00000 181.00000
107.73517 122.33508 173.82521 109.00000 136.00000 191.00000 1311.26013 1730.10650 2761.09050 80.00000 140.00000 86.75000 161.00000 132.00000 222.00000
144.74516 87.13213 14.72981 134.00000 66.00000 7.00000 7015.95192 6202.05043 538.12056 62.00000 246.00000 18.00000 130.00000 2.00000 23.00000
98.69179 105.70880 112.16447 94.00000 100.00000 100.00000 1563.76806 1963.69487 3361.27823 76.00000 121.00000 74.00000 130.00000 66.00000 166.00000
63.98553 92.53207 121.97591 41.00000 85.00000 134.00000 3250.49503 3688.72382 4760.45692 20.00000 93.00000 39.00000 133.00000 47.00000 176.00000
116.81982 105.57294 118.91505 107.00000 107.00000 127.00000 3090.34922 1058.42818 945.89108 80.00000 150.00000 85.00000 129.00000 101.00000 141.00000
54.72456 76.07227 90.34386 40.00000 67.00000 92.00000 3039.80342 2579.72046 2763.46179 9.00000 80.00000 38.00000 104.00000 48.00000 126.00000
100.29295 87.03001 67.39325 84.00000 76.00000 65.00000 2263.10114 885.34067 180.04933 69.00000 111.00000 69.00000 93.00000 59.00000 71.00000
48.96400 46.42589 60.01755 41.00000 44.00000 63.00000 2587.44208 1899.76852 1872.61383 3.00000 78.00000 3.00000 75.00000 13.00000 93.00000
107.85321 118.20107 132.48737 113.00000 120.00000 131.00000 6998.31817 3638.69869 1820.08242 15.00000 200.00000 65.00000 174.00000 104.00000 163.00000
141.02954 167.21272 172.42546 172.00000 199.00000 200.00000 4463.71153 4556.23205 4687.89032 77.00000 193.00000 103.00000 225.00000 112.00000 238.00000
125.62054 149.80321 185.51768 122.00000 156.00000 214.00000 454.13974 988.33287 2649.72836 112.00000 139.00000 126.00000 175.00000 128.00000 221.00000
66.00580 110.13754 145.42862 47.00000 101.00000 161.00000 3359.22677 3105.42734 4406.25137 28.00000 89.00000 67.00000 153.00000 74.00000 205.00000
99.19937 143.05252 145.74960 99.00000 152.00000 154.00000 1590.90672 2426.49230 3175.15785 64.00000 126.00000 93.00000 182.00000 96.00000 197.00000
119.33112 136.77531 143.49060 129.00000 150.00000 169.00000 4483.90507 4565.59083 5955.87879 53.00000 173.00000 68.00000 196.00000 64.00000 219.00000
112.24365 114.93182 127.41083 121.00000 123.00000 135.00000 2033.68331 2081.27843 2257.53282 82.00000 141.00000 88.00000 147.00000 104.00000 162.00000
157.88290 124.71199 108.11070 113.00000 93.00000 101.00000 6988.50826 3039.32597 713.08310 80.00000 253.00000 79.00000 182.00000 91.00000 128.00000
231.82458 186.57782 78.10689 253.00000 195.00000 72.00000 1922.18371 3524.98476 1354.55857 232.00000 255.00000 144.00000 242.00000 56.00000 99.00000
96.84669 124.58217 153.05865 79.00000 127.00000 148.00000 7556.19001 4968.05959 4132.48093 15.00000 171.00000 58.00000 183.00000 105.00000 215.00000
172.85745 153.46054 147.19925 176.00000 162.00000 160.00000 1449.91565 1363.26611 1678.91501 143.00000 202.00000 125.00000 183.00000 114.00000 181.00000
189.35942 190.47755 197.30176 217.00000 220.00000 234.00000 3209.83998 3082.50398 3130.50690 154.00000 235.00000 155.00000 234.00000 159.00000 239.00000
103.86295 125.51115 147.52533 98.00000 131.00000 164.00000 2112.41997 2346.13135 3065.51251 74.00000 126.00000 93.00000 157.00000 120.00000 186.00000
75.51582 108.78296 159.69009 66.00000 89.00000 174.00000 4105.14010 2979.36162 4405.66363 11.00000 119.00000 71.00000 147.00000 137.00000 214.00000
121.57938 77.38742 12.32616 119.00000 81.00000 5.00000 3432.23207 971.64886 454.24645 84.00000 148.00000 66.00000 90.00000 1.00000 16.00000
161.34560 114.75563 71.98372 197.00000 144.00000 75.00000 6540.20336 3638.43181 1470.38275 100.00000 222.00000 60.00000 161.00000 50.00000 107.00000
132.96526 140.56763 133.43018 123.00000 139.00000 133.00000 1804.83136 2238.21451 3172.29356 108.00000 152.00000 106.00000 169.00000 85.00000 177.00000
134.90973 149.42578 144.81372 133.00000 150.00000 150.00000 2468.66086 2262.44337 2492.45831 101.00000 151.00000 115.00000 164.00000 105.00000 171.00000
95.33673 168.72856 165.01785 91.00000 190.00000 158.00000 4087.35533 3634.27061 4682.09087 35.00000 150.00000 121.00000 216.00000 121.00000 239.00000
151.62154 117.21703 95.57727 143.00000 102.00000 95.00000 2496.27350 2122.55921 961.21608 118.00000 193.00000 89.00000 146.00000 84.00000 102.00000
104.31018 94.86057 94.26108 99.00000 91.00000 89.00000 4412.22865 2786.08050 1849.38203 52.00000 155.00000 55.00000 137.00000 65.00000 130.00000
92.86954 128.58611 152.23328 94.00000 136.00000 161.00000 1735.11094 1491.20581 2226.93801 71.00000 110.00000 110.00000 150.00000 124.00000 189.00000
143.09346 113.59384 105.69077 153.00000 106.00000 99.00000 6888.70103 5043.72359 3923.10649 59.00000 226.00000 50.00000 168.00000 56.00000 136.00000
94.69510 90.78290 68.95786 93.00000 84.00000 62.00000 4924.26241 4300.62511 3327.82198 22.00000 144.00000 28.00000 136.00000 14.00000 105.00000
103.55066 127.73576 154.71988 117.00000 138.00000 164.00000 1685.86664 1410.25673 1925.81695 74.00000 137.00000 103.00000 157.00000 124.00000 194.00000
63.97800 119.69183 139.47073 60.00000 114.00000 134.00000 489.44864 827.23648 698.07239 45.00000 87.00000 94.00000 148.00000 119.00000 166.00000
94.90509 99.46808 56.80608 79.00000 79.00000 41.00000 3641.69338 3854.61617 2425.55659 46.00000 138.00000 48.75000 149.00000 22.00000 79.00000
115.01138 40.21425 32.72066 107.00000 39.00000 32.00000 3852.29287 788.36174 301.87010 66.00000 156.00000 12.00000 62.00000 19.00000 45.00000
126.26715 142.59125 173.14755 122.00000 133.00000 155.00000 848.98066 1266.46970 2767.03423 100.00000 151.00000 108.00000 179.00000 122.00000 227.00000
125.90779 123.30605 125.00040 122.00000 128.00000 138.00000 2464.35086 2965.64408 3255.31030 90.00000 166.00000 72.00000 168.00000 69.00000 171.00000
87.86348 130.23640 119.65120 79.00000 138.00000 145.00000 3407.89657 5268.15607 8037.76144 46.00000 133.00000 71.00000 196.00000 17.00000 211.00000
122.98361 154.51057 179.57285 137.00000 154.00000 172.00000 3048.77808 1884.47471 2698.21070 80.00000 168.00000 122.00000 192.00000 141.00000 232.00000
105.46097 126.27293 195.54385 118.00000 141.00000 224.00000 2542.53281 2466.46663 5020.92194 70.00000 144.00000 104.00000 160.00000 179.00000 248.00000
119.90480 101.13663 54.66849 103.00000 93.00000 51.00000 4785.39723 3103.27192 957.37750 69.00000 159.25000 64.00000 121.00000 35.00000 76.00000
95.48337 57.74934 44.32668 94.00000 54.00000 43.00000 2132.30777 704.18957 245.34316 63.00000 125.00000 41.00000 71.00000 34.00000 53.00000
60.39709 76.13731 132.78865 44.00000 59.00000 145.00000 3362.98160 3034.79720 2709.46218 27.00000 56.00000 50.00000 88.00000 93.00000 164.00000
87.64853 100.83104 126.67953 59.00000 85.00000 132.00000 4180.99155 3051.19467 7246.29324 43.00000 128.00000 61.00000 148.00000 46.00000 221.00000
124.59412 105.75285 106.98430 98.00000 85.00000 92.00000 4673.68688 2695.91443 2145.95015 66.00000 172.00000 64.00000 132.00000 68.00000 144.00000
144.73729 159.55176 177.61893 141.00000 165.00000 189.00000 1817.13873 1738.13560 1713.48479 107.00000 180.00000 119.00000 196.00000 136.00000 215.00000
137.87938 148.74745 166.24872 137.00000 144.00000 161.00000 484.97390 508.76167 678.63434 125.00000 153.00000 135.00000 167.00000 149.00000 188.00000
110.70410 82.87585 57.85672 117.00000 73.00000 47.00000 5331.84253 3876.97986 2232.57920 43.00000 176.00000 25.00000 140.00000 22.00000 84.00000
165.84349 166.82722 176.70003 175.00000 183.00000 209.00000 4073.80816 3282.98011 3643.33493 93.00000 224.00000 99.00000 215.00000 102.00000 226.00000
136.45677 147.88022 162.43355 134.00000 156.00000 170.00000 2716.06725 2246.04425 1850.26069 98.00000 184.00000 115.00000 185.00000 155.00000 186.00000
95.73227 110.87622 128.79201 98.00000 120.00000 140.00000 2169.25367 2202.65436 2430.09582 61.00000 125.00000 84.00000 140.00000 108.00000 159.00000
123.47401 107.67603 107.24326 101.00000 98.00000 101.00000 5742.79000 3972.48931 2046.27325 65.00000 183.00000 61.00000 140.00000 70.00000 143.00000
118.18283 170.13245 181.27834 104.00000 172.00000 197.00000 4310.18883 2827.07203 2965.71390 66.00000 174.00000 136.00000 217.00000 143.00000 227.00000
110.28278 116.89687 140.04039 119.00000 120.00000 141.00000 1843.09191 1452.34424 1320.09595 67.00000 148.00000 81.00000 150.00000 106.00000 172.00000
111.66113 149.96262 164.12718 64.00000 147.00000 179.00000 9984.99610 6826.54462 6467.62810 23.00000 244.00000 69.00000 253.00000 110.00000 242.00000
85.81822 89.04221 89.53316 80.00000 69.00000 67.00000 3745.74099 3808.83147 3903.07834 30.00000 132.00000 42.00000 119.00000 49.00000 108.00000
116.44519 144.25545 153.82962 64.00000 142.00000 159.00000 10254.78200 4601.58662 2217.95364 22.00000 238.00000 81.00000 215.00000 119.00000 192.00000
125.76488 62.45021 26.69681 105.00000 54.00000 19.00000 5132.72333 2089.21920 583.46783 66.00000 181.00000 20.00000 94.00000 5.00000 48.00000
104.23001 109.08293 123.28340 91.00000 88.00000 97.00000 2757.48167 1861.05954 3617.59466 57.00000 144.00000 75.00000 139.00000 75.00000 181.00000
138.68179 162.56097 177.13310 137.00000 168.00000 195.00000 3093.19583 1223.50144 848.01276 107.00000 190.00000 133.00000 183.00000 153.00000 199.00000
78.23441 87.19751 106.23851 50.00000 64.00000 91.00000 4107.93150 4191.92324 3566.86043 27.00000 126.00000 40.00000 120.00000 68.00000 123.00000
141.65347 84.13998 28.11983 142.00000 75.00000 24.00000 2483.43503 1911.14560 511.87177 108.00000 176.00000 54.00000 104.00000 18.00000 33.00000
72.27753 65.90913 61.52785 71.00000 60.00000 55.00000 2322.66956 1958.00482 1767.83403 24.00000 115.00000 26.00000 93.00000 35.00000 68.00000
97.96962 120.66046 145.09288 104.00000 129.00000 177.00000 1441.03028 2727.92277 5989.50112 76.00000 121.00000 95.00000 153.00000 83.00000 213.00000
186.96037 191.02745 197.28528 196.00000 203.00000 210.00000 3307.79309 3129.17086 2740.92814 132.00000 247.00000 139.00000 247.00000 152.00000 247.00000
102.09691 110.63405 108.99568 89.00000 103.00000 101.00000 4944.24911 5442.44504 6650.89270 38.00000 161.00000 43.00000 177.00000 27.00000 187.00000
41.63850 69.69452 88.75957 20.00000 53.00000 81.00000 2436.45369 2680.07764 3193.07197 13.00000 49.00000 31.00000 95.00000 43.00000 128.00000
134.75197 79.24103 44.82797 150.00000 82.00000 45.00000 8542.75783 3570.34819 1191.32203 20.00000 223.00000 7.00000 122.00000 4.00000 72.00000
128.68735 139.10393 152.84634 128.00000 143.00000 160.00000 2188.94653 2294.60417 2407.92674 98.00000 157.00000 106.00000 172.00000 119.00000 190.00000
119.51564 129.20433 127.38641 134.00000 140.00000 138.00000 1049.59106 744.09401 480.91941 88.00000 148.00000 103.00000 153.00000 107.00000 146.00000
138.27020 109.86444 106.65392 139.00000 106.00000 100.00000 3457.79305 2102.34808 2063.37749 105.00000 170.00000 91.00000 121.00000 82.00000 127.00000
134.33275 93.34555 47.56322 129.00000 93.00000 46.00000 2436.70915 556.35713 273.21573 99.00000 150.00000 78.00000 109.00000 39.00000 61.00000
87.66365 114.76550 128.74295 71.00000 106.00000 117.00000 4471.50746 2824.55582 2212.64480 31.00000 124.00000 69.00000 153.00000 90.00000 165.00000
96.31987 153.50787 182.19945 87.00000 158.00000 208.00000 1498.19564 779.85828 2118.84921 65.00000 118.00000 131.00000 176.00000 148.00000 216.00000
99.05061 100.51573 121.31648 91.00000 86.00000 99.00000 1583.32366 1871.50030 3756.07853 71.00000 114.00000 71.00000 122.00000 78.00000 173.00000
122.34810 158.92111 190.27756 137.00000 172.00000 204.00000 2746.53695 2033.00958 1307.37767 83.00000 160.00000 127.00000 191.00000 163.00000 218.00000
54.20967 86.10155 146.76234 45.00000 88.00000 189.00000 1882.29126 2505.34423 6057.88876 27.00000 63.00000 47.00000 112.00000 62.00000 208.00000
87.50687 84.55629 69.74872 52.00000 64.00000 71.00000 4483.84358 2612.89994 483.12674 35.00000 140.00000 46.00000 119.00000 50.00000 87.00000
125.63863 113.10165 109.62898 118.00000 105.00000 104.00000 1673.49033 516.62407 766.07473 86.00000 166.00000 97.00000 134.00000 91.00000 127.00000
80.54875 59.04951 66.96205 59.00000 66.00000 71.00000 4749.95172 659.35267 267.84715 33.00000 93.00000 40.00000 74.00000 55.00000 80.00000
108.27460 126.84433 136.66669 106.00000 118.00000 133.00000 1202.14289 1527.74527 1427.14848 85.00000 119.00000 107.00000 138.00000 113.00000 144.00000
78.49924 103.61331 125.25119 73.00000 101.00000 127.00000 2595.43622 2347.71699 3293.20119 44.00000 106.00000 75.00000 134.00000 87.00000 170.00000
156.70341 95.35681 68.49158 148.00000 92.00000 65.00000 4459.06195 1760.58634 1771.82497 102.00000 225.00000 67.00000 115.00000 33.00000 94.00000
84.68515 103.35149 114.77136 61.00000 92.00000 115.00000 2777.48736 2793.25733 4235.50107 49.00000 122.00000 81.00000 114.00000 61.00000 133.00000
105.60185 133.24814 157.45741 107.00000 141.00000 171.00000 1180.27313 1213.80098 2001.80937 94.00000 120.00000 129.00000 150.00000 145.00000 187.00000
178.72098 97.17528 25.09546 198.00000 77.00000 17.00000 5067.04373 3732.28344 1799.72731 109.00000 252.00000 56.00000 110.00000 9.00000 24.00000
114.56642 137.50150 142.35739 110.00000 139.00000 148.00000 3018.49510 2812.40097 2976.31496 72.00000 151.00000 91.00000 169.00000 102.00000 172.00000
99.85031 85.80754 76.74541 90.00000 82.00000 81.00000 3318.13549 1888.51785 736.56325 53.00000 141.00000 53.00000 108.00000 57.00000 93.00000
104.18233 73.66737 58.99918 70.00000 49.00000 50.00000 5767.32557 3223.94739 1232.75961 56.00000 148.00000 38.00000 94.00000 37.00000 69.00000
98.79300 152.40643 173.26196 89.00000 157.00000 178.00000 2484.32019 2228.13886 3239.27043 60.00000 145.00000 122.00000 188.00000 133.00000 226.00000
51.28250 149.05251 137.44922 49.00000 163.00000 158.00000 425.08654 2037.28461 2419.91032 37.00000 66.00000 118.00000 187.00000 97.00000 179.00000
130.94740 160.63367 133.16002 109.00000 170.00000 143.00000 5819.47164 4560.69881 3820.68428 68.00000 199.00000 117.00000 218.00000 102.00000 179.00000
55.68173 70.63290 77.66843 42.00000 61.00000 68.00000 2791.97924 2393.36210 2013.10551 12.00000 76.00000 38.00000 94.00000 47.00000 104.00000
134.01428 78.84598 64.05008 177.00000 66.00000 65.00000 7057.08372 1087.15593 134.62493 48.00000 218.00000 53.00000 116.00000 59.00000 71.00000
170.86699 172.06390 181.63911 175.00000 170.00000 184.00000 4300.72918 3057.73697 3382.60919 134.00000 229.00000 144.00000 219.00000 157.00000 229.00000
81.09236 123.89745 142.57240 74.00000 122.00000 158.00000 1656.92340 2090.19421 5339.46390 53.00000 106.00000 97.00000 157.00000 81.00000 212.00000
130.70140 111.83389 58.80708 122.00000 98.00000 50.00000 7482.41290 5841.38845 2207.95428 48.00000 214.00000 40.00000 177.00000 13.00000 92.00000
134.10057 99.30261 43.53119 116.00000 87.00000 49.00000 5165.61609 3327.00779 680.00415 80.00000 188.00000 70.00000 112.00000 24.00000 65.00000
106.24196 130.71419 151.15024 96.00000 126.00000 157.00000 4607.31665 4537.13647 4837.59517 58.00000 160.00000 70.00000 185.00000 84.00000 210.00000
78.80667 105.83189 122.89912 57.00000 90.00000 126.00000 3697.66981 3044.71626 2911.66553 44.00000 83.00000 77.00000 108.00000 86.00000 133.00000
86.49960 138.58812 168.76138 62.00000 134.00000 192.00000 5027.43866 2850.14827 4086.99674 36.00000 125.00000 108.00000 163.00000 141.00000 213.00000
89.93890 51.99875 22.94695 95.00000 62.00000 29.00000 3147.30160 1680.66391 349.02058 35.00000 124.00000 10.00000 72.00000 3.00000 36.00000
107.60220 101.42282 126.40895 108.00000 101.00000 128.00000 1926.18624 974.45828 801.34986 74.00000 131.00000 82.00000 111.00000 115.00000 137.00000
69.44370 91.01648 126.14427 52.00000 80.00000 128.00000 3037.03830 2126.54837 1560.20686 25.00000 110.00000 56.00000 127.00000 101.00000 150.00000
113.25908 137.56393 132.98610 108.00000 144.00000 155.00000 3594.11447 4898.95908 5867.42045 64.00000 140.00000 73.00000 208.00000 50.00000 202.00000
140.93126 149.28780 158.07283 150.00000 153.00000 159.00000 3278.79848 1839.24641 413.52505 92.00000 195.00000 115.00000 188.00000 148.00000 171.00000
112.81792 119.21622 115.51338 119.00000 124.00000 118.00000 1107.78260 1653.02610 2684.44898 97.00000 134.00000 97.00000 151.00000 86.00000 158.00000
72.09407 101.93445 138.69725 58.00000 88.00000 131.50000 2796.48894 2517.54212 4488.13089 34.00000 94.00000 66.00000 138.00000 79.00000 207.00000
160.26198 87.55368 62.85457 204.00000 106.00000 66.00000 6024.23738 1413.26369 844.91524 103.00000 224.00000 61.00000 118.00000 47.00000 90.00000
102.13335 127.88951 142.92906 76.00000 134.00000 141.00000 8387.33474 5394.46080 3501.41848 13.00000 198.00000 64.00000 194.00000 105.00000 184.00000
127.33528 128.19907 139.35861 121.00000 122.00000 133.00000 1119.62164 1269.76118 1950.84817 105.00000 156.00000 104.00000 161.00000 109.00000 182.00000
163.15858 178.63058 189.55032 182.00000 197.00000 210.00000 3584.73964 3256.73600 3281.34824 133.00000 208.00000 155.00000 218.00000 168.00000 228.00000
64.60089 89.47742 114.91914 46.00000 73.00000 98.00000 1263.48057 1246.82929 1784.22941 37.00000 102.00000 65.00000 130.00000 90.00000 167.00000
109.64145 111.89893 126.67099 111.00000 113.00000 135.00000 164.52562 135.21027 544.95532 101.00000 114.00000 108.00000 116.00000 118.00000 143.00000
125.15488 142.60295 146.63100 131.00000 156.00000 170.00000 4316.12756 4611.26128 5871.98153 72.00000 167.00000 91.00000 188.00000 77.00000 204.00000
166.23648 173.51225 171.74693 187.00000 198.00000 193.00000 2812.43889 2657.85453 2339.03464 123.00000 210.00000 129.00000 215.00000 130.75000 213.00000
134.61111 128.84483 125.47911 131.00000 122.00000 124.00000 3735.30479 4349.83949 3741.31087 80.00000 192.00000 66.00000 194.00000 71.00000 184.00000
47.70534 69.33348 94.66843 35.00000 65.00000 86.00000 2218.29390 2790.06843 4573.56605 13.00000 71.00000 22.00000 111.00000 30.00000 160.00000
57.28610 101.57539 143.29834 25.00000 118.00000 175.00000 3835.39251 5227.53136 7058.21867 9.00000 98.00000 23.00000 165.00000 62.00000 222.00000
90.75847 110.73602 143.85158 80.00000 104.00000 142.00000 3239.02676 2039.27333 1884.67330 40.00000 130.00000 79.00000 134.00000 119.00000 169.00000
163.41704 175.76709 185.94670 172.00000 181.00000 192.00000 2115.95210 1726.04582 933.07267 122.00000 207.00000 139.00000 216.00000 163.00000 214.00000
117.62260 123.89160 138.70290 121.00000 129.50000 137.00000 1854.95991 2006.27722 2500.85175 85.00000 143.00000 88.00000 156.00000 95.00000 182.00000
67.56718 83.57574 187.84312 72.00000 90.00000 204.00000 763.11975 879.45142 2809.75601 57.00000 87.00000 74.00000 98.00000 181.00000 217.00000
133.41263 129.28642 117.85622 136.00000 130.00000 115.00000 5577.87286 2655.19666 1074.64935 73.00000 217.00000 91.00000 184.00000 88.00000 146.00000
122.66689 136.53737 145.14571 141.00000 163.00000 176.00000 6003.87639 6373.67930 6876.37091 24.00000 191.00000 37.00000 205.00000 42.00000 217.00000
85.37347 137.53990 193.56740 73.00000 136.00000 212.00000 1893.72914 1393.48663 2678.09095 58.00000 104.00000 115.00000 154.00000 156.00000 238.00000
139.74963 161.65411 178.56548 140.00000 169.00000 199.00000 5536.15149 4876.25613 4609.18846 64.00000 218.00000 91.00000 240.00000 111.00000 252.00000
122.88879 137.28531 147.63898 123.00000 131.00000 138.00000 1853.66616 1673.70223 2000.49027 92.00000 146.00000 103.00000 175.00000 112.00000 191.00000
75.22314 109.81845 131.37158 52.00000 81.00000 114.00000 4692.60728 5959.10217 3728.32671 8.00000 150.00000 40.00000 202.00000 83.00000 203.00000
98.59079 125.43771 156.12201 80.00000 110.00000 139.00000 2429.16177 2385.94915 3854.97950 56.00000 146.00000 84.00000 177.00000 105.00000 227.00000
121.87289 95.50291 71.94234 124.00000 96.00000 72.00000 1158.82067 826.32110 581.15917 105.00000 138.00000 83.00000 109.00000 61.00000 81.00000
129.44083 101.75914 78.51134 114.00000 99.00000 79.00000 1664.49116 333.92906 99.58468 98.00000 161.00000 92.00000 109.00000 74.00000 83.00000
139.05078 162.12407 188.87007 139.00000 168.00000 206.00000 3193.50999 1357.97476 796.45619 105.00000 188.00000 130.00000 182.00000 166.00000 211.00000
43.20837 91.54771 122.64111 39.00000 92.00000 138.00000 1352.35801 1038.97551 1594.65291 17.00000 62.00000 78.00000 109.00000 88.00000 151.00000
133.06921 137.14214 159.70366 124.00000 133.00000 159.00000 1199.53046 1143.75145 2025.40625 107.00000 150.00000 111.00000 158.00000 123.00000 185.00000
65.82187 92.98323 135.78906 61.00000 89.00000 132.00000 943.54319 465.00703 915.72281 45.00000 80.00000 79.00000 104.00000 115.00000 159.00000
144.69685 136.05446 104.67865 142.00000 127.00000 97.00000 7535.61106 6288.24742 4154.55540 71.00000 239.00000 81.00000 203.00000 66.00000 141.00000
111.58852 95.83914 89.63893 102.00000 85.00000 78.00000 3510.52436 3223.63395 3061.04768 61.00000 159.00000 49.00000 135.00000 45.00000 119.00000
72.54407 91.57721 135.48024 45.00000 81.00000 138.00000 4377.11985 4866.44680 5532.77024 9.00000 139.00000 17.00000 161.00000 62.00000 212.00000
104.47157 50.89706 50.97105 98.00000 51.00000 48.00000 5477.25612 1355.41256 1094.03439 48.00000 160.00000 15.00000 79.00000 27.00000 82.00000
79.82388 47.16083 63.30908 61.00000 49.00000 70.00000 3906.16130 916.47951 538.96837 44.00000 89.00000 27.00000 57.00000 53.00000 81.00000
154.43097 128.46884 146.23390 138.00000 113.00000 132.00000 2119.20758 1918.14365 2152.20745 116.00000 190.00000 93.00000 159.00000 107.00000 180.00000
121.30486 167.81451 228.83148 122.00000 173.00000 247.00000 535.88254 905.73348 2438.82847 108.00000 135.00000 158.00000 183.00000 234.00000 254.00000
145.04001 147.16678 147.96097 175.00000 170.00000 163.00000 3995.84807 3091.95851 2862.45130 93.00000 192.00000 110.00000 185.00000 118.00000 183.00000
94.66409 93.27168 78.19737 73.00000 74.00000 70.00000 5498.00069 4812.07406 2259.18829 34.00000 141.00000 38.00000 129.00000 39.00000 112.00000
94.42842 105.76038 123.61185 97.00000 114.00000 106.00000 2351.04660 1154.59596 1894.61756 54.00000 127.00000 77.00000 124.00000 87.00000 171.00000
111.13004 120.93571 130.82405 110.00000 128.00000 147.00000 1834.42306 2063.63544 2373.47464 76.00000 142.00000 78.00000 156.00000 90.00000 171.00000
150.08829 113.34053 78.57234 149.00000 96.00000 62.00000 6067.50740 5133.13109 2267.70036 73.00000 234.00000 47.00000 180.00000 41.00000 114.00000
102.45186 119.52823 139.01602 96.00000 117.00000 137.00000 1717.41855 1619.95562 1925.54692 71.00000 142.00000 90.00000 159.00000 111.00000 182.00000
114.59950 115.01976 117.96675 85.00000 90.00000 103.00000 7561.81313 7284.41619 5209.59696 36.00000 201.00000 39.00000 194.00000 56.00000 177.00000
57.59117 92.20746 129.96623 51.00000 88.00000 102.00000 1309.52672 1711.89840 6965.79120 32.00000 77.00000 63.00000 120.00000 67.00000 220.00000
63.07961 109.91774 131.67653 68.00000 110.00000 137.00000 1387.03228 1233.66000 2647.64190 32.00000 92.00000 89.00000 133.00000 96.00000 174.00000
145.10922 135.51503 143.93779 149.00000 136.00000 147.00000 4974.12943 5290.54802 4464.84499 89.00000 208.00000 75.00000 206.00000 93.00000 209.00000
101.83990 90.32220 65.03439 54.00000 59.00000 58.00000 6258.81583 3809.78519 1212.19938 40.00000 167.00000 43.00000 128.00000 35.00000 86.00000
69.16159 103.59650 156.05156 62.00000 101.00000 152.00000 1360.61393 870.84558 730.28633 46.00000 94.00000 85.00000 119.00000 138.00000 176.00000
135.68771 98.48787 30.61241 118.00000 84.00000 29.00000 6216.18895 3966.42002 766.31161 68.00000 213.00000 53.00000 125.00000 12.00000 42.00000
93.74446 99.98175 109.01346 93.00000 98.00000 114.00000 2855.31893 3640.40036 3778.71616 51.00000 131.00000 49.00000 146.00000 50.00000 164.00000
72.67522 117.62921 153.06331 31.00000 87.00000 141.00000 5712.21310 4379.15564 4453.34983 21.00000 157.00000 76.00000 201.00000 105.00000 247.00000
124.47821 148.35046 158.36076 127.00000 160.00000 179.00000 1963.80662 3088.84022 3585.12725 95.00000 161.00000 109.00000 198.00000 119.00000 211.00000
155.86203 166.67757 172.95387 169.00000 185.00000 203.00000 4257.55738 2927.48089 4735.01647 97.00000 216.00000 123.00000 215.00000 133.00000 230.00000
105.09808 131.01714 161.62700 81.00000 111.00000 139.00000 2593.13589 2344.06009 3190.68880 60.00000 157.00000 89.00000 184.00000 116.00000 224.00000
152.24834 145.37109 144.18513 165.00000 156.00000 153.00000 3015.27898 2868.46968 2713.16536 101.00000 202.00000 97.00000 195.00000 99.00000 194.00000
136.21138 126.14339 116.93275 102.00000 102.00000 116.00000 5628.75273 4119.86382 1914.00395 75.00000 214.00000 72.00000 182.00000 77.00000 150.00000
47.55934 86.06624 115.78207 19.00000 73.00000 106.00000 3367.29866 3399.71566 5151.04385 13.00000 43.00000 46.00000 90.00000 81.00000 125.00000
210.01239 134.73401 65.68613 218.00000 131.00000 57.00000 1620.88443 1755.12761 1048.37673 193.00000 240.00000 107.00000 162.00000 43.00000 84.00000
179.96056 123.58566 85.13455 199.00000 124.00000 81.00000 4189.09547 2552.95900 1031.98916 136.00000 231.00000 85.00000 158.00000 62.00000 103.00000
105.00011 145.77007 197.48830 100.00000 148.00000 236.00000 2693.62401 2662.01901 5263.58321 70.00000 140.00000 106.00000 186.00000 150.00000 254.00000
62.47511 119.49231 164.67990 32.00000 109.00000 168.00000 3582.21770 1880.91358 1340.45262 8.00000 135.00000 89.00000 169.00000 152.00000 195.00000
112.51677 116.58890 109.72229 111.00000 104.00000 100.00000 3177.66332 2631.47174 3115.48962 60.00000 157.00000 73.00000 161.00000 61.00000 168.00000
154.03479 114.36226 82.81923 183.00000 109.00000 63.00000 7688.00273 5928.33503 5006.42733 55.00000 234.00000 32.00000 174.00000 26.00000 109.00000
112.34807 95.86325 105.69354 98.00000 93.00000 108.00000 1414.03203 396.24345 285.40801 87.00000 132.00000 86.00000 104.00000 99.00000 114.00000
135.25002 150.07787 162.86703 166.00000 179.00000 199.00000 3153.50391 3461.62408 3769.84655 80.00000 183.00000 97.00000 203.00000 117.00000 216.00000
100.78030 124.32597 163.32668 94.00000 125.00000 170.00000 758.05830 956.24630 2330.80437 81.00000 117.00000 97.00000 149.00000 115.00000 209.00000
158.14833 153.59589 154.94669 179.00000 175.00000 176.00000 6525.71224 6697.06850 6568.23495 90.00000 233.00000 88.00000 226.00000 96.00000 230.00000
64.44720 91.43610 123.91589 53.50000 90.00000 133.00000 2151.40163 2367.23060 3913.86646 29.00000 95.00000 57.00000 131.00000 84.00000 180.00000
168.94179 162.25162 146.37300 179.00000 163.00000 143.00000 2201.96763 1989.59572 3524.41240 147.00000 202.00000 142.00000 196.00000 107.00000 206.00000
112.69141 146.63562 144.66992 95.00000 145.00000 165.00000 6595.59047 4372.88365 5022.28714 42.00000 183.00000 92.00000 199.00000 86.00000 206.00000
137.94203 148.66855 159.86116 131.00000 156.00000 185.00000 2004.47523 2371.77082 3965.85980 110.00000 171.00000 113.00000 188.00000 104.00000 221.00000
67.43756 42.88214 59.72025 57.00000 41.00000 59.00000 1644.97172 934.43298 651.25105 37.00000 87.00000 22.00000 55.00000 38.00000 73.00000
141.05415 160.68938 164.46136 135.00000 165.00000 176.00000 3981.46690 3587.97677 3718.26117 87.00000 209.00000 107.00000 224.00000 107.00000 226.00000
105.66797 112.08081 130.52974 111.00000 124.00000 157.00000 5337.85829 5012.61288 6036.43192 33.00000 153.00000 42.00000 159.00000 54.00000 191.00000
124.53783 159.33578 184.11418 111.00000 145.00000 169.00000 4189.97016 1869.57054 2258.73554 76.00000 193.00000 127.00000 204.00000 148.00000 248.00000
107.68668 111.47195 117.88223 110.00000 117.00000 128.00000 1147.52884 1186.18763 1164.36919 89.00000 127.00000 91.00000 133.00000 97.00000 139.00000
174.48592 188.28955 202.26369 194.00000 209.00000 223.00000 1836.87996 1655.17858 1715.89441 138.00000 209.00000 154.00000 223.00000 171.00000 236.00000
127.04327 123.82404 126.45688 128.00000 129.00000 129.00000 3986.04091 3291.86860 2691.87238 74.00000 163.00000 78.00000 151.00000 89.00000 150.00000
74.53691 132.96944 134.62135 66.00000 144.00000 168.00000 2055.91813 2941.80529 6151.12617 43.00000 94.00000 93.00000 178.00000 55.00000 208.00000
65.63443 64.70366 79.92198 67.00000 73.00000 88.00000 3083.29089 2043.16214 2906.60333 9.00000 90.00000 12.00000 98.00000 20.00000 126.00000
85.20189 100.90303 105.68402 76.00000 88.00000 98.00000 1501.26648 961.58708 707.90843 55.00000 112.00000 78.00000 127.00000 87.00000 124.00000
89.35643 146.73856 179.93010 68.00000 147.00000 176.00000 4384.81838 1980.04539 639.97395 33.00000 151.00000 110.00000 190.00000 168.00000 198.00000
180.52014 103.82227 34.96565 224.00000 111.00000 35.00000 4338.74123 1600.73562 187.84640 112.00000 229.00000 67.00000 129.00000 28.00000 40.00000
160.00525 66.66493 34.12326 160.00000 63.00000 30.00000 2587.43241 830.83416 513.15775 135.00000 188.00000 46.00000 84.00000 17.00000 45.00000
92.13454 138.13264 188.98238 111.00000 143.00000 185.00000 2494.40245 793.60452 1487.77397 43.00000 136.00000 123.00000 153.00000 161.00000 225.00000
146.74338 122.17828 113.98628 148.00000 130.00000 111.00000 6509.50818 4684.38435 3575.91007 72.00000 226.00000 57.00000 173.00000 58.00000 167.00000
161.21870 107.93988 86.38000 187.00000 127.00000 96.00000 3840.44419 2400.07338 1108.71735 104.00000 212.00000 66.00000 149.00000 57.00000 115.00000
55.00034 111.02838 155.89595 36.00000 119.00000 179.00000 3019.77808 2404.57894 3396.24334 5.00000 96.00000 80.00000 144.00000 153.00000 191.00000
112.50117 118.81444 141.84282 138.00000 139.00000 158.00000 1821.86136 1429.89661 1290.99023 69.00000 148.00000 82.00000 150.00000 107.00000 172.00000
94.00439 38.33446 38.29066 74.00000 25.00000 33.00000 4673.99598 1951.45508 549.95395 39.00000 137.00000 12.00000 46.00000 18.00000 57.00000
150.48311 83.32300 8.41843 151.00000 70.00000 2.00000 7134.05187 3311.83653 240.59781 63.00000 240.00000 35.00000 117.00000 0.00000 10.00000
207.03197 207.34686 214.17694 220.00000 219.00000 231.00000 1162.50906 1031.70311 1542.67435 175.00000 236.00000 177.00000 235.00000 175.00000 251.00000
41.25623 103.54306 151.43637 32.00000 103.00000 152.00000 1262.11800 957.77164 1303.93272 9.00000 70.00000 82.00000 127.00000 124.00000 183.00000
151.29941 166.84343 182.69749 165.00000 183.00000 205.00000 2544.09270 2809.26072 3120.11114 134.00000 180.00000 153.00000 200.00000 167.00000 223.00000
77.26303 95.70154 115.60265 71.00000 90.00000 108.00000 1505.91180 1079.46863 895.34618 53.00000 94.00000 76.00000 109.00000 95.00000 136.00000
103.08630 91.70561 73.93561 85.00000 78.00000 66.00000 4499.16571 3165.92025 1759.93869 57.00000 132.00000 57.00000 110.00000 49.00000 85.00000
80.37407 101.29468 147.08241 19.00000 41.00000 140.00000 8125.56492 9781.70775 6849.79504 13.00000 164.00000 18.00000 224.00000 68.00000 251.00000
101.47661 130.99409 152.69707 98.00000 143.00000 178.00000 3085.19947 3289.88609 4224.45018 70.00000 131.00000 103.00000 175.00000 128.00000 196.00000
144.01758 159.05069 157.97693 154.00000 177.00000 184.00000 3356.08139 3745.64611 4425.79531 115.00000 178.00000 140.00000 196.00000 135.00000 202.00000
85.16156 104.20747 160.28726 85.00000 106.00000 176.00000 3734.38442 3697.46347 3274.64517 27.00000 134.00000 51.00000 154.00000 112.00000 210.00000
103.52634 128.00861 140.99954 114.00000 158.00000 154.00000 6973.82841 3455.63448 1639.96841 9.00000 190.00000 75.00000 181.00000 136.00000 163.00000
128.86024 156.94431 185.29802 105.00000 142.00000 189.00000 3817.74116 3033.57295 3304.84751 82.00000 196.00000 125.00000 216.00000 163.00000 240.00000
66.48143 93.31540 91.61537 65.00000 96.00000 80.00000 1903.39132 1031.01332 1047.15524 32.00000 96.00000 67.00000 111.00000 67.00000 108.00000
137.95621 118.61874 38.40291 128.00000 101.00000 35.00000 5865.85422 5064.52127 1066.96970 63.00000 228.00000 53.00000 190.00000 17.00000 50.00000
100.15262 127.25316 163.05576 99.00000 126.00000 160.00000 830.32931 1095.49095 889.12189 74.00000 131.00000 97.00000 159.00000 139.00000 194.00000
86.43805 71.88202 36.04089 71.00000 58.00000 24.00000 4786.47150 3396.53799 1093.94016 28.00000 126.00000 22.00000 107.00000 10.00000 57.00000
75.92659 111.99648 133.79187 76.00000 123.00000 143.00000 1974.32260 2041.91175 1611.94463 42.00000 87.00000 66.00000 133.00000 96.00000 154.00000
111.52388 99.75258 78.77603 72.00000 74.00000 59.00000 6667.98414 4627.64272 2819.25456 49.00000 181.00000 49.00000 148.00000 33.00000 114.00000
47.25728 91.09206 109.59647 29.00000 86.00000 108.00000 2243.35832 1492.43917 380.61222 10.00000 75.00000 57.00000 118.00000 99.00000 117.00000
171.76662 100.14720 141.08791 192.00000 102.00000 134.00000 6243.12179 4179.64879 3883.46989 114.00000 248.00000 41.00000 156.00000 97.00000 189.00000
69.08865 89.55814 92.59988 57.00000 89.00000 94.00000 2639.45683 1818.26472 2151.31845 36.00000 91.00000 61.00000 103.00000 50.00000 125.00000
169.21649 156.02335 152.77194 174.00000 162.00000 159.00000 1365.02012 873.97232 939.21004 154.00000 192.00000 147.00000 174.00000 143.00000 173.00000
90.39474 97.78938 99.75859 75.00000 96.00000 88.00000 3328.26587 1921.99682 2046.06842 47.00000 123.00000 66.00000 108.00000 67.00000 128.00000
142.37566 153.05569 170.29675 147.00000 155.00000 174.00000 2151.33787 2059.35884 1721.75657 107.00000 184.00000 119.00000 195.00000 140.00000 209.00000
154.40215 165.39200 191.54826 165.00000 178.00000 208.00000 3040.50819 2113.92910 2215.43575 123.00000 202.00000 153.00000 195.00000 196.00000 214.00000
31.67111 43.83226 48.16811 15.00000 32.00000 38.00000 2646.19310 2464.72893 2478.47484 8.00000 28.00000 17.00000 45.00000 18.00000 56.00000
52.60199 45.22656 36.02646 39.00000 29.00000 24.00000 2316.12021 2165.32904 974.43701 26.00000 57.00000 14.00000 60.00000 13.00000 53.00000
99.69041 122.89691 107.50389 113.00000 135.00000 112.00000 2853.14364 3399.96789 2922.29634 58.00000 138.00000 77.00000 171.00000 58.00000 158.00000
108.92216 134.05316 133.89079 97.00000 123.00000 131.00000 811.05765 904.12077 974.35747 86.00000 135.00000 110.00000 167.00000 113.00000 167.00000
94.53412 89.93640 69.44389 78.00000 77.00000 61.00000 6109.03241 5026.74098 2977.29269 14.00000 163.00000 16.00000 150.00000 13.00000 115.00000
158.07492 186.29074 214.56367 157.00000 187.00000 230.00000 1209.23197 1246.33127 1678.81931 132.00000 190.00000 160.00000 219.00000 191.00000 248.00000
110.74597 130.09398 142.62483 117.00000 142.00000 144.00000 1849.76662 1148.77646 1504.85456 78.00000 142.00000 105.00000 157.00000 114.00000 179.00000
105.99113 108.81332 122.30504 108.00000 116.00000 139.00000 1763.10834 2262.77472 3026.38335 77.00000 128.00000 78.00000 136.00000 94.00000 161.00000
56.40118 112.57393 165.89644 35.00000 118.00000 196.00000 2876.21600 2899.10254 3910.72766 10.00000 92.00000 70.00000 156.00000 124.00000 210.00000
136.18967 130.07822 156.22540 138.00000 135.00000 162.00000 3953.57059 2854.22246 2877.30585 86.00000 186.00000 93.00000 172.00000 126.00000 200.00000
150.74617 83.39705 16.41380 138.00000 70.00000 6.00000 3614.85096 3162.12343 2126.52583 104.00000 204.00000 51.00000 98.00000 1.00000 9.00000
153.71771 162.35612 166.32985 151.00000 168.00000 178.00000 3295.81445 3410.19729 3573.53364 106.00000 214.00000 110.00000 224.00000 110.00000 226.00000
75.52679 173.57791 206.89697 83.00000 175.00000 224.00000 1852.00349 2714.29642 2278.53263 46.00000 96.00000 124.00000 226.00000 193.00000 238.00000
52.99136 94.79010 128.90897 45.00000 93.00000 128.00000 1769.39891 3238.41718 3142.07786 21.00000 70.00000 51.00000 128.00000 89.00000 168.00000
136.89497 114.29147 69.66682 115.00000 96.00000 67.00000 6012.26581 3725.57315 1108.16422 63.00000 216.00000 61.00000 161.00000 45.00000 95.00000
189.21799 191.12724 193.43173 209.00000 214.00000 214.00000 2821.59491 2700.88702 2203.89759 168.00000 230.00000 168.00000 231.00000 172.00000 227.00000
113.58682 91.75629 58.24748 93.00000 74.00000 32.00000 6882.56451 4532.23403 3167.05541 48.00000 184.00000 37.00000 140.00000 15.00000 91.00000
156.91609 107.02458 45.12927 158.00000 105.00000 42.00000 2476.76483 1286.04882 261.51857 118.00000 196.00000 81.00000 127.00000 37.00000 52.00000
102.50676 88.52351 66.16200 44.00000 40.00000 34.00000 7509.15288 5641.93972 2611.49120 36.00000 188.00000 32.00000 148.00000 27.00000 102.00000
70.56589 91.88576 98.87685 40.00000 79.00000 107.00000 3948.26244 2838.76104 3054.77812 26.00000 111.00000 51.00000 118.00000 39.00000 142.00000
122.08751 127.26109 180.39380 140.00000 144.00000 193.00000 1819.77117 2068.62002 4182.58873 82.00000 159.00000 90.00000 168.00000 137.00000 238.00000
110.33382 124.35976 167.80614 112.00000 127.00000 179.00000 2289.55524 1743.92110 1590.21350 81.00000 136.00000 96.00000 144.00000 143.00000 194.00000
126.77145 77.66788 34.44221 140.00000 73.00000 35.00000 3873.20286 1000.50075 54.62328 67.00000 184.00000 56.00000 105.00000 29.00000 40.00000
113.12257 146.64601 141.26991 123.00000 158.00000 167.00000 4677.51267 4882.23509 5429.97865 57.00000 151.00000 101.00000 212.00000 76.00000 202.00000
67.85469 103.74620 112.85284 76.00000 104.00000 96.00000 851.89632 828.18353 2765.47145 52.00000 88.00000 85.00000 124.00000 70.00000 165.00000
151.25633 98.71425 68.85179 194.00000 98.00000 76.00000 7857.10191 4401.21341 1793.85717 58.00000 234.00000 27.00000 165.00000 23.00000 105.00000
149.62209 113.54936 52.57152 152.00000 101.00000 58.00000 8479.80205 6836.14274 1221.78129 65.00000 253.00000 45.00000 188.00000 15.00000 76.00000
99.11783 157.20168 184.11459 82.00000 133.00000 178.00000 2391.60684 4050.90121 3810.16851 65.00000 129.00000 111.00000 222.00000 144.00000 254.00000
130.89815 138.05164 161.52922 134.00000 147.00000 178.00000 906.05647 1530.37932 1711.56192 117.00000 151.00000 115.00000 169.00000 135.00000 196.00000
117.38763 108.85141 98.16301 117.00000 110.00000 97.00000 3296.07243 2187.66112 2389.67608 91.00000 162.00000 91.00000 141.00000 77.00000 135.00000
80.95396 123.43214 118.25043 78.00000 122.00000 115.00000 856.36151 424.97422 680.39383 59.00000 107.00000 116.00000 135.00000 107.00000 137.00000
74.51945 111.21796 126.73381 77.00000 125.00000 151.00000 1468.17876 2379.03028 2946.08938 55.00000 102.00000 92.00000 140.00000 108.00000 163.00000
82.09158 80.13254 133.26416 76.00000 76.00000 143.00000 2494.41501 1880.52827 2006.88905 40.00000 111.00000 44.00000 102.00000 97.00000 162.00000
60.03285 83.32204 107.77625 47.00000 80.00000 121.00000 2300.04334 1317.87537 1854.11583 27.00000 70.00000 60.00000 100.00000 95.00000 138.00000
83.41219 80.91382 74.60313 79.00000 78.00000 68.00000 3279.28449 3019.53331 2904.41032 42.00000 100.00000 46.00000 91.00000 44.00000 83.00000
107.22176 108.75366 128.67754 105.00000 112.00000 172.00000 3968.21054 4051.45046 5990.47507 57.00000 163.00000 55.00000 166.00000 51.00000 198.00000
119.28319 170.21033 180.29077 125.00000 186.00000 201.00000 3730.23613 2672.69209 2634.36900 68.00000 175.00000 119.00000 218.00000 129.00000 226.00000
100.70053 104.77017 103.56665 103.00000 103.00000 100.00000 2402.84641 1670.92341 1238.79774 61.00000 139.00000 75.00000 136.00000 81.00000 131.00000
149.52122 183.52499 192.99184 147.00000 186.00000 196.00000 1862.21473 1408.69618 743.21382 117.00000 179.00000 156.00000 215.00000 173.00000 215.00000
94.11781 109.95020 126.20828 78.00000 95.00000 112.00000 4475.56383 4998.82210 6585.88927 46.00000 127.00000 57.00000 148.00000 60.00000 192.00000
39.43120 49.86888 59.38132 19.00000 32.00000 36.00000 2713.37826 2527.45911 3344.11513 13.00000 32.00000 22.00000 52.00000 18.00000 82.00000
115.71094 109.87317 119.54221 121.00000 117.00000 132.00000 3767.80341 4191.40887 4513.09505 65.00000 163.00000 52.00000 164.00000 63.00000 180.00000
103.34070 146.51588 174.66553 110.00000 151.00000 192.00000 1924.76048 868.72866 2132.66401 75.00000 138.00000 135.00000 166.00000 155.00000 209.00000
171.44958 169.00595 164.68800 173.00000 173.00000 173.00000 981.89843 463.27395 567.39913 160.00000 185.00000 164.00000 181.00000 151.00000 182.00000
66.47063 107.12372 139.64960 63.00000 105.00000 154.00000 2856.30639 3048.63170 4501.22899 14.00000 103.00000 60.00000 150.00000 93.00000 198.00000
118.03696 106.44667 93.81522 129.00000 131.00000 111.00000 7210.50532 5330.03753 4531.98990 19.00000 190.00000 16.00000 162.00000 10.00000 155.00000
155.70117 113.03395 67.74832 154.00000 114.00000 68.00000 2080.75576 773.27001 408.23469 125.00000 180.00000 96.00000 130.00000 63.00000 81.00000
96.52805 82.58836 80.85632 83.00000 71.00000 69.00000 2653.02961 1472.85090 949.93743 53.00000 129.00000 52.00000 110.00000 59.00000 103.00000
114.46368 124.96899 136.45067 122.00000 135.00000 147.00000 2107.89291 2382.05348 3406.82633 93.00000 153.00000 104.00000 164.00000 114.00000 184.00000
