64.36729 76.61153 48.68619 48.00000 61.00000 30.00000 3680.48166 3794.63939 3368.27606 20.00000 87.00000 31.00000 103.00000 6.00000 65.00000
93.18840 103.10199 116.23691 84.00000 98.00000 118.00000 4075.20268 4551.46973 5057.39727 46.00000 124.00000 48.00000 141.00000 52.00000 172.00000
90.58871 69.86557 56.38519 84.00000 65.00000 51.00000 3200.47174 1853.83471 1644.45423 45.00000 126.00000 36.00000 95.00000 26.00000 76.00000
132.96974 131.89310 69.53397 120.00000 123.00000 57.00000 6468.26118 2846.61229 3163.36796 52.00000 216.00000 82.00000 179.00000 14.00000 126.00000
44.97781 46.59697 27.74258 33.00000 37.00000 22.00000 1603.18615 1430.76162 615.18246 20.00000 52.00000 22.00000 55.00000 15.00000 33.00000
117.36215 124.58180 107.30038 110.00000 118.00000 96.00000 3209.72590 2953.92467 3389.17124 79.00000 141.00000 89.00000 148.00000 69.00000 128.00000
136.15744 104.56889 32.92416 136.00000 101.00000 20.00000 5074.51092 3754.46385 1709.85289 78.00000 195.00000 56.00000 151.00000 0.00000 49.00000
125.54025 126.50211 86.60811 128.00000 129.00000 87.00000 2094.54867 1977.54013 1794.69437 96.00000 157.00000 97.00000 157.00000 57.00000 115.00000
113.99016 98.96564 38.86246 112.00000 89.00000 33.00000 2878.11424 3028.08634 895.22776 77.00000 149.00000 57.00000 131.00000 18.00000 53.00000
104.55170 125.30110 140.13522 107.00000 129.00000 143.00000 2225.49077 2142.05803 2933.73373 70.00000 147.00000 92.00000 168.00000 99.00000 191.00000
79.80681 109.19028 92.51663 77.00000 104.00000 65.00000 1910.63142 1838.43535 5420.93503 43.00000 108.00000 80.00000 134.00000 37.00000 141.00000
138.68527 157.88411 80.75409 142.00000 162.00000 72.00000 5522.26231 5262.90489 4326.48228 80.00000 204.00000 102.00000 223.00000 25.00000 121.00000
100.55301 118.45377 87.91881 74.00000 94.00000 60.00000 6955.13138 6412.27768 5854.59642 33.00000 156.00000 55.00000 179.00000 30.00000 130.00000
112.79497 120.33496 98.53036 111.00000 120.00000 97.00000 2688.59915 2692.89140 2328.64663 71.00000 153.00000 78.00000 161.00000 61.00000 134.00000
36.38347 49.07895 22.32898 27.00000 42.00000 14.00000 1139.24268 1375.70968 625.27507 5.00000 65.00000 14.00000 80.00000 2.00000 35.00000
82.11740 94.77052 83.57561 83.00000 89.00000 57.00000 2802.41368 3687.51788 6377.56115 40.00000 112.00000 44.00000 141.00000 13.00000 151.00000
98.46716 109.35985 91.61235 86.00000 101.00000 74.50000 5040.95595 4952.57395 5259.56224 43.00000 135.00000 53.00000 151.00000 34.00000 128.00000
139.88522 127.36725 54.39519 143.00000 133.00000 53.00000 3394.38584 2328.79384 1348.03055 103.00000 180.00000 101.00000 161.00000 27.00000 78.00000
148.05186 147.27089 149.57776 151.00000 150.00000 153.00000 2099.27696 2029.86529 2201.27676 123.00000 178.00000 122.00000 177.00000 123.00000 181.00000
133.31090 130.12453 123.71362 132.00000 129.00000 121.00000 1492.24738 1385.97599 1760.01384 109.00000 156.00000 107.00000 151.00000 96.00000 148.00000
88.39749 82.97263 83.45695 68.00000 65.00000 69.00000 3774.40896 3720.09871 2953.71882 46.00000 108.00000 42.00000 103.00000 49.00000 96.00000
91.07724 103.19023 81.99348 83.00000 97.00000 76.00000 1736.74922 1725.96981 1453.78525 61.00000 116.00000 73.00000 129.00000 55.00000 104.00000
81.98103 90.91920 68.79025 75.00000 80.00000 46.00000 3137.56032 3880.95391 5071.86229 36.00000 118.00000 41.00000 137.00000 9.00000 102.00000
126.09042 100.06357 35.21806 120.00000 93.00000 24.00000 4174.55643 3088.87599 1549.15968 74.00000 175.00000 57.00000 141.00000 2.00000 55.00000
132.00496 105.97107 77.24301 141.00000 109.00000 77.00000 1696.16918 1284.31679 989.34195 104.00000 161.00000 82.00000 133.00000 54.00000 103.00000
87.08008 83.54996 66.12473 72.00000 70.00000 41.00000 3230.65615 4171.49949 4116.89423 43.00000 113.00000 34.00000 114.00000 24.00000 81.00000
100.58296 118.96143 47.09857 86.00000 109.00000 29.00000 5040.06050 5163.17197 2344.87899 39.00000 150.00000 56.00000 174.00000 11.00000 72.00000
107.08740 121.53590 79.85181 96.00000 113.00000 69.00000 4679.66634 4458.42950 3821.53651 54.00000 155.00000 71.00000 169.00000 28.00000 118.00000
131.34241 137.64153 104.41632 123.00000 129.00000 97.00000 2547.69721 2513.70415 3600.00295 98.00000 157.00000 104.00000 162.00000 62.00000 133.00000
131.22144 116.29370 90.01566 133.00000 120.00000 88.00000 3686.07154 2740.44414 3558.06021 81.00000 182.00000 78.00000 150.00000 41.00000 130.00000
68.46033 93.17537 49.11255 62.00000 95.00000 30.00000 1549.53129 1972.16796 1941.67611 31.00000 97.00000 54.00000 125.00000 25.00000 51.00000
161.80338 145.13974 133.71434 163.00000 147.00000 137.00000 5275.46430 4496.66907 3597.76445 91.00000 236.00000 82.00000 209.00000 81.00000 185.00000
126.50876 128.26767 113.01413 125.00000 127.00000 110.00000 1408.20229 1422.62299 1569.10390 103.00000 149.00000 104.00000 150.00000 88.00000 135.00000
96.92694 93.80330 87.82602 88.00000 87.00000 79.00000 5335.76758 4459.14782 4054.24872 31.00000 150.00000 36.00000 140.00000 35.00000 129.00000
149.67279 123.90074 119.84859 150.00000 125.00000 115.00000 2188.67742 2758.64602 4359.39790 118.00000 183.00000 85.00000 165.00000 66.00000 180.00000
123.61247 122.64758 92.72804 124.00000 123.00000 91.00000 1873.33723 1778.12467 2081.31720 95.00000 150.00000 95.00000 148.00000 59.00000 122.00000
90.88458 110.00256 146.01324 76.00000 108.00000 159.00000 3482.04546 2859.46743 3598.73603 61.00000 104.00000 83.00000 127.00000 100.00000 192.00000
63.54372 70.16080 68.21617 16.00000 25.00000 23.00000 6799.54683 6770.92739 6735.13218 2.00000 112.00000 5.00000 129.00000 5.00000 122.00000
97.52209 112.03853 124.66621 71.00000 98.00000 121.00000 6332.26401 5150.65582 5383.60540 35.00000 141.00000 61.00000 146.00000 61.00000 174.00000
35.35121 41.84995 35.43130 20.00000 23.00000 20.00000 1105.39113 1496.02991 1371.35731 18.00000 41.00000 18.00000 52.00000 17.00000 38.00000
97.82610 90.56165 85.58032 83.00000 75.00000 70.00000 3546.25169 3398.11168 3352.68627 46.00000 144.00000 40.00000 135.00000 35.00000 130.00000
108.36171 106.78767 59.34375 105.00000 106.00000 58.00000 1636.14115 1076.46885 526.69037 83.00000 126.00000 88.00000 125.00000 43.00000 75.00000
117.91605 83.19704 55.50470 98.00000 62.00000 24.00000 3810.08862 5572.41023 4763.53620 67.00000 159.00000 18.00000 136.00000 1.00000 89.00000
155.21483 138.82095 76.66362 159.00000 144.00000 53.00000 4196.81525 2796.61153 6268.34481 102.00000 208.00000 102.00000 174.00000 15.00000 106.00000
66.18030 72.99709 54.81914 60.00000 69.00000 47.00000 2469.96240 2168.97303 1934.85460 27.00000 93.00000 39.00000 98.00000 20.00000 78.00000
94.00053 101.60094 116.31560 63.00000 68.00000 96.00000 6311.09822 4481.06495 3453.32500 22.00000 173.00000 48.00000 167.00000 80.00000 171.00000
74.50203 89.20090 63.77563 58.00000 70.00000 51.00000 4225.80395 3852.87062 2735.77226 28.00000 94.00000 48.00000 108.00000 27.00000 78.00000
76.37511 86.70576 60.21185 70.00000 81.00000 53.00000 2060.42987 2058.10588 2035.20918 50.00000 92.00000 59.00000 105.00000 35.00000 72.00000
84.70815 98.61493 48.39755 76.00000 90.00000 36.00000 2995.17897 3670.61054 2191.06656 44.00000 115.00000 53.00000 135.00000 11.00000 71.00000
105.69791 118.01059 72.59148 100.00000 116.00000 60.00000 3482.11864 3156.99385 2221.07922 67.00000 131.00000 78.00000 147.00000 42.00000 88.00000
112.39528 115.42021 73.67384 108.00000 110.00000 61.00000 1363.89449 1564.26429 2073.81130 91.00000 127.00000 91.00000 133.00000 48.00000 81.00000
112.19077 113.59261 81.83572 125.00000 125.00000 87.00000 2064.92256 1811.71332 1579.99422 90.00000 143.00000 92.00000 143.00000 56.00000 107.00000
51.98306 60.33601 32.31151 38.00000 48.00000 10.00000 3166.65288 3030.57330 2622.09182 7.00000 74.00000 16.00000 85.00000 2.00000 40.00000
48.55237 55.74295 58.54489 27.00000 34.00000 37.00000 2648.64762 3016.22027 3252.29275 11.00000 70.00000 15.00000 81.00000 16.00000 85.00000
62.42001 103.52596 44.38335 53.00000 95.00000 36.00000 2156.83049 2636.66757 1499.67307 29.00000 83.00000 64.00000 135.00000 20.00000 57.00000
101.65662 134.90947 117.31967 107.00000 140.00000 106.00000 2921.42976 3761.19983 4515.63347 50.00000 141.00000 85.00000 188.00000 57.00000 191.00000
139.45427 137.27071 145.83392 136.00000 139.00000 140.00000 2155.72749 1413.30723 2432.65165 106.00000 179.00000 112.00000 164.00000 109.00000 188.00000
77.93315 85.00313 60.69409 76.00000 84.00000 59.00000 777.35391 678.61225 701.65605 59.00000 95.00000 68.00000 100.00000 43.00000 76.00000
101.96246 122.91072 134.07013 103.00000 124.00000 136.00000 3482.47311 3755.14439 4161.57070 54.00000 143.00000 74.00000 166.00000 80.00000 183.00000
70.36418 106.71115 88.56302 62.00000 98.00000 81.00000 2287.55007 2923.06076 1898.94708 35.00000 97.00000 66.00000 136.00000 56.00000 112.00000
68.69687 65.78229 56.43877 46.00000 47.00000 31.00000 3864.06366 2948.59591 3351.13761 18.00000 108.00000 22.00000 100.00000 13.00000 84.00000
42.92108 39.25124 27.82323 12.00000 10.00000 7.00000 2842.14923 2625.93860 1939.20024 9.00000 62.00000 9.00000 54.00000 7.00000 32.00000
84.22183 91.51059 85.53761 69.00000 78.00000 68.00000 5602.07457 5381.22080 5934.04784 16.00000 134.00000 25.00000 141.00000 16.00000 136.00000
119.92772 117.52756 86.66405 120.00000 118.00000 86.00000 1286.46607 1135.45975 1086.00095 96.00000 142.00000 96.00000 138.00000 67.00000 104.00000
79.26248 99.15199 72.34714 74.00000 96.00000 66.00000 1597.24101 1589.45357 1946.92134 50.00000 103.00000 68.00000 126.00000 40.00000 98.00000
47.59003 65.92848 92.70976 45.00000 70.00000 103.00000 1510.66639 1708.95242 2247.99515 23.00000 61.00000 37.00000 83.00000 58.00000 119.00000
64.20564 97.67583 58.02773 64.00000 102.00000 57.00000 1189.41653 1876.06598 1050.68727 38.00000 86.00000 66.00000 128.00000 33.00000 78.00000
105.99571 119.60925 95.58389 98.00000 116.00000 88.00000 4483.44357 4373.60849 3566.50978 48.00000 157.00000 64.00000 174.00000 45.00000 140.00000
104.45802 88.86353 52.33850 103.00000 89.00000 51.00000 1759.10035 1550.75481 877.77934 77.00000 129.00000 62.00000 113.00000 30.00000 71.00000
123.65634 124.90446 92.05508 121.00000 124.00000 91.00000 892.95249 740.86076 536.57637 102.00000 142.00000 105.00000 144.00000 76.00000 106.00000
114.42856 121.94760 97.18143 119.00000 128.00000 97.00000 1409.60937 1456.09650 1275.91368 96.00000 138.00000 103.00000 146.00000 77.00000 118.00000
74.12390 95.74844 43.22052 69.00000 93.00000 17.00000 3111.13693 2599.03801 3559.04936 36.00000 96.00000 63.00000 124.00000 2.00000 59.00000
46.69763 74.84535 46.63803 27.00000 59.00000 27.00000 2771.80967 3464.06915 2642.83404 9.00000 66.00000 27.00000 108.00000 9.00000 68.00000
100.95543 89.96846 40.83592 95.00000 88.00000 35.00000 3688.53038 2714.96994 1209.76863 57.00000 134.00000 53.00000 120.00000 13.00000 59.00000
82.00116 100.87436 47.90204 75.00000 97.00000 26.00000 3218.86615 2607.78503 4095.73961 51.00000 95.00000 73.00000 117.00000 7.00000 55.00000
129.95695 94.72803 67.38007 113.00000 79.00000 37.00000 4229.95553 6367.84217 5478.07689 72.00000 182.00000 19.00000 161.00000 4.00000 116.00000
118.36240 124.49149 78.86671 119.00000 125.00000 79.00000 1597.61046 1440.65706 1623.03260 93.00000 145.00000 100.00000 150.00000 49.00000 106.00000
138.50676 125.91956 99.77028 144.00000 130.00000 98.00000 5532.41008 4857.41412 4573.84400 76.00000 203.00000 67.00000 186.00000 37.00000 161.00000
116.01318 106.47702 63.11301 96.00000 89.00000 40.00000 5167.22096 4748.89803 3436.59413 54.00000 171.00000 48.00000 157.00000 18.00000 99.00000
86.47311 62.68060 28.00201 75.00000 53.00000 13.00000 2348.46537 1969.40693 1733.39975 56.00000 103.00000 37.00000 75.00000 5.00000 32.00000
136.57152 136.29477 98.76512 139.00000 139.00000 89.00000 3972.75032 3858.63928 4806.02200 86.00000 185.00000 86.00000 182.00000 43.00000 138.00000
169.85469 155.79410 109.68646 179.00000 164.00000 105.00000 4272.05690 4570.19476 3528.08892 116.00000 230.00000 101.00000 216.00000 61.00000 153.00000
77.76352 122.11763 76.79950 72.00000 119.00000 72.00000 2571.48793 3182.09394 1721.34078 37.00000 114.00000 77.00000 166.00000 44.00000 105.00000
134.80878 117.93648 87.84312 125.00000 107.00000 64.00000 5406.69341 5644.19047 5578.89459 75.00000 197.00000 58.00000 174.00000 28.00000 139.00000
93.10976 103.14888 79.89662 88.00000 98.00000 69.00000 3216.59734 3032.62134 2504.33705 54.00000 117.00000 63.00000 132.00000 47.00000 98.00000
139.56372 136.85471 92.40965 145.00000 143.00000 99.00000 1142.83777 1089.91990 820.10289 128.00000 157.00000 124.00000 154.00000 79.00000 108.00000
64.56004 63.90297 53.75484 45.00000 43.00000 33.00000 4283.88769 4371.57773 3492.94659 6.00000 107.00000 5.00000 107.00000 5.00000 87.00000
94.37074 87.34528 54.76442 86.00000 79.00000 48.00000 1821.48802 1733.46361 1115.58606 63.00000 121.00000 56.00000 114.00000 31.00000 73.00000
98.36084 122.24648 57.47588 68.00000 100.00000 25.00000 7129.73823 6361.24758 4839.45444 28.00000 166.00000 56.00000 191.00000 5.00000 92.00000
59.75151 123.16032 99.73982 52.00000 120.00000 93.00000 2378.11069 3842.39198 3208.72343 16.00000 97.00000 70.00000 172.00000 53.00000 135.00000
103.76535 116.54008 94.19939 85.00000 100.00000 70.00000 6209.63598 6232.61973 6616.35696 37.00000 159.00000 52.00000 174.00000 27.00000 142.00000
122.67314 125.30704 116.68187 127.00000 130.00000 118.00000 2368.42852 2381.17444 2050.16541 89.00000 156.00000 92.00000 158.00000 85.00000 148.00000
116.11246 117.10030 73.48537 125.00000 126.00000 77.00000 2659.87078 2582.90033 1831.96268 74.00000 156.00000 74.00000 157.00000 37.00000 106.00000
116.02365 123.19415 81.65202 118.00000 124.00000 80.00000 3401.07497 2968.48434 2389.66118 69.00000 159.00000 78.00000 164.00000 41.00000 116.00000
84.28563 114.32214 73.77261 70.00000 105.00000 56.00000 3709.37064 3198.83858 4153.25326 47.00000 100.00000 75.00000 138.00000 36.00000 83.00000
68.32098 84.01797 78.98184 61.00000 75.00000 61.00000 2576.49496 3604.66465 4237.26984 23.00000 99.00000 31.00000 119.00000 26.00000 109.00000
64.33328 84.75807 57.40147 49.00000 63.00000 14.00000 3394.66395 5361.02990 6546.99658 11.00000 116.00000 23.00000 137.00000 0.00000 71.00000
55.74066 64.45493 43.49776 44.00000 53.00000 30.00000 3358.67383 3228.61821 3265.11236 22.00000 65.00000 31.00000 76.00000 12.00000 49.00000
109.92873 128.72990 111.70515 109.00000 133.00000 97.00000 2302.02802 2204.36237 6713.65008 76.00000 135.00000 92.00000 160.00000 44.00000 185.00000
103.91798 96.10452 74.08183 96.00000 92.00000 66.00000 4170.27140 3369.67468 2735.87924 45.00000 154.00000 43.00000 141.00000 28.00000 109.00000
96.36143 94.35513 49.70250 85.00000 87.00000 36.00000 3587.03811 3379.11894 2680.54701 50.00000 136.00000 51.00000 127.00000 17.00000 63.00000
101.59438 105.23271 61.32834 101.00000 103.00000 63.00000 1494.32874 1275.89181 1032.25877 72.00000 129.00000 80.00000 129.00000 38.00000 82.00000
98.11292 99.07323 89.31004 84.00000 96.00000 101.00000 4338.84513 2748.97097 2259.86480 49.00000 134.00000 61.00000 130.00000 52.00000 122.00000
89.33853 109.86456 78.34500 91.00000 110.00000 70.00000 1872.59737 1806.72818 2707.01370 55.00000 118.00000 78.00000 138.00000 40.00000 103.00000
68.82295 95.11560 54.38451 57.00000 82.00000 50.00000 1587.44532 2557.21598 808.77084 37.00000 98.00000 56.00000 131.00000 32.00000 73.00000
100.94637 99.44211 90.57825 90.00000 97.00000 99.00000 2978.14811 1676.55082 1411.69224 61.00000 129.00000 70.00000 123.00000 62.00000 117.00000
149.95442 122.95831 98.82823 152.00000 124.00000 83.00000 6068.05296 7341.52728 6587.06563 72.00000 228.00000 37.00000 203.00000 23.00000 163.00000
92.17503 102.18356 92.88474 80.00000 88.00000 75.00000 2910.72597 3424.52194 3910.57912 51.00000 129.00000 58.00000 140.00000 49.00000 122.00000
63.82269 67.65984 31.62151 51.00000 57.00000 18.00000 3117.82516 3116.02822 1159.20173 15.00000 95.00000 16.00000 105.00000 5.00000 52.00000
71.61505 79.75244 82.38557 60.00000 72.00000 68.00000 2494.57002 2406.01537 3015.35620 36.00000 88.00000 45.00000 98.00000 44.00000 101.00000
72.67055 71.50703 54.59015 56.00000 54.00000 35.00000 4112.27398 4018.10408 3312.47622 27.00000 98.00000 26.00000 96.00000 16.00000 72.00000
70.20009 86.76427 94.35963 55.00000 74.00000 74.00000 3859.63539 4009.32329 5577.09666 17.00000 105.00000 36.00000 125.00000 28.00000 153.00000
74.49071 107.29120 77.43097 64.00000 102.00000 68.00000 3564.40146 4320.06910 3000.51605 19.00000 119.00000 50.00000 159.00000 30.00000 115.00000
74.55623 109.28307 100.14113 56.00000 109.00000 87.00000 3207.19365 3379.65356 5005.58178 29.00000 109.00000 55.00000 152.00000 35.00000 144.00000
87.19423 131.47591 67.10251 82.00000 129.00000 61.00000 2352.10081 2595.42349 1778.12548 53.00000 116.00000 95.00000 166.00000 38.00000 89.00000
70.43625 76.18250 38.97798 63.00000 66.00000 11.00000 4273.34844 4437.05269 4213.79985 15.00000 100.00000 21.00000 112.00000 0.00000 46.00000
118.93921 125.97603 137.53275 97.00000 103.00000 116.00000 6671.48831 6920.25091 7236.71902 47.00000 205.00000 53.00000 220.00000 61.00000 250.00000
120.60025 143.00317 72.19774 124.00000 148.00000 70.00000 1819.29067 1544.31453 1183.58442 91.00000 151.00000 118.00000 171.00000 50.00000 90.00000
74.20679 67.88799 67.25867 79.00000 64.00000 73.00000 2070.91928 2256.92985 2420.62032 36.00000 98.00000 35.00000 82.00000 19.00000 101.00000
64.86510 67.25343 54.53633 61.00000 61.00000 41.00000 998.08341 1385.48126 2363.54537 42.00000 84.00000 41.00000 88.00000 23.00000 67.00000
102.15100 88.00667 58.78958 101.00000 74.00000 26.00000 3582.33950 3677.48840 5753.30738 51.00000 141.00000 35.00000 144.00000 4.00000 78.00000
140.03230 138.53603 97.07549 140.00000 139.00000 94.00000 1494.55317 1303.86073 2323.92181 118.00000 161.00000 118.00000 159.00000 62.00000 130.00000
116.63745 125.39651 85.33693 113.00000 124.00000 81.00000 2545.40350 2510.49573 1304.83345 77.00000 147.00000 88.00000 156.00000 58.00000 108.00000
78.63130 87.47195 37.35268 63.00000 76.00000 6.00000 6024.61685 6422.32865 3503.22393 1.00000 134.00000 4.00000 147.00000 0.00000 53.00000
83.95648 72.67520 52.78659 72.00000 61.00000 38.00000 2723.24206 2290.51999 2037.28615 44.00000 116.00000 38.00000 96.00000 23.00000 65.00000
85.49870 114.96542 67.47049 84.00000 110.00000 67.00000 1295.83755 1850.20492 889.78905 65.00000 107.00000 85.00000 141.00000 50.00000 85.00000
66.68529 78.59550 71.95848 63.00000 75.00000 66.00000 1751.01361 1566.84656 1858.88391 38.00000 88.00000 50.00000 101.00000 42.00000 94.00000
86.36734 93.69797 78.26154 72.00000 78.00000 51.00000 3407.57960 3454.71075 4618.33315 45.00000 107.00000 53.00000 118.00000 32.00000 102.00000
142.34595 114.06471 82.75818 149.00000 109.00000 55.00000 5811.17561 5261.47718 6795.20654 78.00000 210.00000 55.00000 170.00000 16.00000 120.00000
95.60783 71.50165 48.47522 88.00000 64.00000 39.00000 3436.62781 2600.04065 1914.47622 50.00000 133.00000 26.00000 108.00000 10.00000 76.00000
105.53712 115.25575 102.09958 82.00000 90.00000 60.00000 5508.07855 5730.20804 8135.38257 46.00000 165.00000 55.00000 166.00000 31.00000 172.00000
106.77670 122.79840 150.53285 129.00000 146.00000 176.00000 2014.83963 2423.44373 3336.59407 72.00000 142.00000 83.00000 162.00000 102.00000 197.00000
113.58421 108.39673 75.25027 111.00000 109.00000 71.00000 1889.20131 2062.12956 1535.84087 79.00000 145.00000 70.00000 143.00000 45.00000 102.00000
133.25124 127.88443 97.28270 138.00000 133.00000 98.00000 2820.09540 2267.49540 2508.63216 98.00000 169.00000 98.00000 159.00000 62.00000 130.00000
125.78520 99.22060 30.89384 127.00000 102.00000 29.00000 3370.11489 1557.74182 555.87696 83.00000 168.00000 72.00000 128.00000 12.00000 46.00000
123.23804 130.19261 79.26155 122.00000 129.00000 81.00000 2544.64775 2505.70312 1284.25610 80.00000 170.00000 86.00000 177.00000 52.00000 104.00000
150.45990 98.02585 42.24438 157.00000 99.00000 22.00000 3417.51255 3672.66931 2408.57452 105.00000 192.00000 47.00000 142.00000 4.00000 66.00000
127.94954 129.73071 104.78107 127.00000 128.00000 104.00000 682.68500 746.73440 658.51826 110.00000 145.00000 111.00000 148.00000 87.00000 122.00000
125.25766 128.94385 86.44685 121.00000 126.00000 89.00000 1648.88579 1471.38369 1615.30147 99.00000 150.00000 105.00000 152.00000 59.00000 112.00000
109.70274 104.86435 72.14729 112.00000 101.00000 71.00000 2915.02216 2578.68384 1743.72811 67.00000 151.00000 67.00000 139.00000 37.00000 103.00000
99.13713 101.55444 81.84332 98.00000 101.00000 82.00000 689.47199 672.12359 520.12249 81.00000 116.00000 85.00000 118.00000 66.00000 96.00000
83.40884 92.04935 80.70064 73.00000 74.00000 42.00000 3488.08739 4682.21827 7469.78314 37.00000 112.00000 36.00000 137.00000 16.00000 117.00000
142.54037 98.19589 80.98505 146.00000 95.00000 60.00000 4341.01924 5410.64894 5605.81405 90.00000 197.00000 26.00000 156.00000 14.00000 132.00000
111.94334 131.27580 142.18764 98.00000 136.00000 140.00000 5718.41206 5570.42904 7111.10513 50.00000 162.00000 64.00000 180.00000 63.00000 236.00000
106.07820 125.79195 51.66237 99.00000 125.00000 27.00000 6050.64768 5903.85010 3812.57117 38.00000 153.00000 59.00000 187.00000 6.00000 72.00000
102.06577 104.51654 81.11484 101.00000 103.00000 80.00000 751.56843 575.55020 442.60998 82.00000 121.00000 87.00000 122.00000 67.00000 93.00000
80.05025 71.74030 56.26599 54.00000 44.00000 24.00000 5401.12576 5371.22351 5204.49794 24.00000 116.00000 16.00000 104.00000 5.00000 79.00000
125.21269 124.94116 120.18990 127.00000 127.00000 121.00000 1134.39356 1027.37200 883.47369 103.00000 149.00000 104.00000 147.00000 101.00000 140.00000
95.84959 103.05051 90.37541 80.00000 88.00000 68.00000 2833.37757 2485.45009 3243.47557 52.00000 131.00000 63.00000 134.00000 48.00000 119.00000
99.84225 99.49170 65.80345 107.00000 108.00000 70.00000 1251.21086 1159.21090 781.03991 77.00000 125.00000 78.00000 124.00000 48.00000 83.00000
47.68091 59.98903 49.72636 40.00000 55.00000 41.00000 1952.64119 2228.52535 1865.42706 6.00000 78.00000 14.00000 95.00000 13.00000 74.00000
72.45264 85.61217 60.50710 69.00000 85.00000 57.00000 2139.04362 2178.42980 2279.44792 40.00000 100.00000 55.00000 115.00000 20.00000 86.00000
40.10858 61.15904 60.63155 19.00000 39.00000 41.00000 2361.74865 3234.18892 2897.12146 10.00000 53.00000 19.00000 85.00000 26.00000 72.00000
103.96762 97.87134 71.54622 90.00000 87.00000 56.00000 4347.90352 3341.59081 2995.30377 50.00000 139.00000 49.00000 134.00000 28.00000 101.00000
114.42844 127.08676 104.32823 92.00000 105.00000 86.00000 4314.62848 4395.61781 3862.81852 65.00000 148.00000 75.00000 169.00000 62.00000 121.00000
102.42929 105.04768 95.51384 98.00000 99.00000 92.00000 1368.94858 1633.79993 901.34566 75.00000 125.00000 74.00000 129.00000 73.00000 114.00000
89.10501 67.13995 24.49068 78.00000 55.00000 10.00000 3365.39510 2492.02826 1111.85874 43.00000 125.00000 28.00000 93.00000 0.00000 35.00000
83.59035 140.51570 98.27486 71.00000 132.00000 81.00000 2222.54765 3455.94247 3087.63266 50.00000 103.00000 93.00000 180.00000 60.00000 116.00000
60.10590 91.65292 56.84529 58.00000 91.00000 53.00000 930.15688 1352.90233 1133.60724 40.00000 77.00000 69.00000 113.00000 33.00000 75.00000
97.30107 79.84273 54.21165 94.00000 76.00000 51.00000 1027.41789 883.97537 601.92324 74.00000 119.00000 59.00000 98.00000 38.00000 67.00000
74.71927 80.76204 49.56192 65.00000 74.00000 40.00000 2747.98256 2851.16467 1553.03419 34.00000 109.00000 41.00000 114.00000 19.00000 72.00000
120.97675 124.32503 87.71823 114.00000 119.00000 78.00000 2184.71284 2144.55609 1894.10798 90.00000 147.00000 96.00000 152.00000 59.00000 107.00000
125.84088 129.23615 76.65596 142.00000 147.00000 80.00000 3969.16880 3446.84997 1179.41040 76.00000 174.00000 86.00000 175.00000 54.00000 98.00000
131.21187 124.33997 115.50009 130.00000 126.00000 115.00000 1783.62319 1322.82607 1250.13086 99.00000 163.00000 99.00000 150.00000 91.00000 140.00000
66.81508 94.47496 42.91106 66.00000 95.00000 39.00000 1182.87823 1564.32280 853.57252 40.00000 91.00000 66.00000 122.00000 21.00000 61.00000
68.93896 84.34593 53.30231 50.00000 69.00000 39.00000 3799.38418 3523.17325 2349.47697 24.00000 94.00000 38.00000 116.00000 16.00000 77.00000
62.97620 70.83044 69.15207 45.00000 55.00000 51.00000 4071.92686 3954.57910 3821.56159 9.00000 98.00000 17.00000 107.00000 21.00000 101.00000
68.20927 78.69202 63.00896 68.00000 81.00000 52.00000 1838.77668 1998.65142 2310.53222 29.00000 93.00000 35.00000 113.00000 24.00000 83.00000
81.01338 105.80672 83.37854 46.00000 91.00000 57.00000 4908.66863 4246.55677 4765.77672 28.00000 120.00000 54.00000 143.00000 29.00000 113.00000
49.81047 72.48932 82.64034 37.00000 54.00000 54.00000 2184.22041 2946.84153 4773.87545 18.00000 64.00000 30.00000 117.00000 29.00000 135.00000
40.50781 45.21046 48.78737 13.00000 17.00000 19.00000 3977.11136 4445.97141 4745.35422 3.00000 39.00000 3.00000 47.25000 6.00000 52.00000
94.95250 102.54900 86.03973 86.00000 91.00000 48.00000 3947.54866 4110.18611 8165.50108 49.00000 127.00000 55.00000 137.00000 15.00000 131.00000
76.20520 84.31360 80.16820 63.00000 72.00000 61.00000 3290.91248 3151.73054 3959.02089 35.00000 98.00000 44.00000 118.00000 31.00000 126.00000
62.64632 56.83144 44.64771 35.00000 26.00000 12.00000 5151.55098 4834.11458 4420.55316 6.00000 92.00000 7.00000 79.00000 6.00000 55.00000
69.15013 80.41379 80.84616 42.00000 60.00000 55.00000 5754.24920 5763.01433 6194.14949 5.00000 105.00000 17.00000 119.00000 17.00000 121.00000
110.29294 121.87529 111.76997 111.00000 123.00000 112.00000 873.16580 881.13278 947.82131 92.00000 130.00000 103.00000 142.00000 92.00000 132.00000
65.63707 84.43063 92.81099 40.00000 47.00000 38.00000 4062.65132 5644.46046 9373.95126 15.00000 96.00000 20.00000 165.00000 14.00000 200.00000
63.96402 67.35840 35.19485 55.00000 56.00000 28.00000 1685.81905 2070.66925 921.58105 33.00000 90.00000 33.00000 96.00000 13.00000 50.00000
100.14622 112.06868 96.66264 82.00000 92.00000 58.00000 4873.61718 5209.44031 7808.30518 45.00000 141.00000 55.00000 152.00000 27.00000 158.00000
114.40059 92.30363 26.90074 103.00000 81.00000 14.00000 4758.56171 3604.33458 1171.99221 61.00000 162.00000 47.00000 129.00000 0.00000 41.00000
72.60324 68.54842 54.82431 61.00000 57.00000 42.00000 2305.51177 2335.32004 2414.00020 39.00000 91.00000 37.00000 87.00000 25.00000 68.00000
193.47984 167.48363 106.35756 207.00000 176.00000 104.00000 2509.31249 2143.39222 1739.62427 177.00000 227.00000 150.00000 198.00000 82.00000 129.00000
118.30368 122.58228 87.38751 114.00000 119.00000 80.00000 3515.92075 3536.68058 2975.76600 69.00000 160.00000 73.00000 165.00000 43.00000 124.00000
75.33238 88.01807 43.75288 68.00000 79.00000 31.00000 2585.14485 3408.13477 1997.54311 37.00000 104.00000 43.00000 123.00000 8.00000 64.00000
94.83591 101.59532 86.71783 72.00000 79.00000 58.00000 3377.14690 3790.13834 4442.36829 50.00000 130.00000 51.00000 143.00000 42.00000 116.00000
118.97083 119.83752 107.93484 104.00000 104.00000 89.00000 3148.40638 3069.82880 3607.00735 82.00000 133.00000 84.00000 133.00000 69.00000 119.00000
90.29533 104.81612 78.01714 79.00000 98.00000 67.00000 4307.76210 4203.57381 3170.03552 42.00000 125.00000 58.00000 143.00000 35.00000 109.00000
47.11832 59.89601 31.94510 38.00000 51.00000 19.00000 1939.76319 2152.92957 2179.98167 20.00000 58.00000 27.00000 79.00000 7.00000 35.00000
121.27629 130.24141 108.52545 123.00000 134.00000 106.00000 1649.72870 1591.10305 1674.55245 101.00000 144.00000 111.00000 153.00000 85.00000 131.00000
77.03070 80.70264 49.54546 78.00000 79.00000 25.00000 1746.94342 1840.14473 3476.07707 45.00000 104.00000 51.00000 100.00000 13.00000 57.00000
83.81885 103.21495 59.41417 55.00000 79.00000 30.00000 5889.86779 5473.61653 4742.21703 25.00000 121.00000 51.00000 140.00000 11.00000 84.00000
127.67239 129.77103 96.63489 128.00000 131.00000 95.00000 1019.76963 1015.16800 676.75335 104.00000 153.00000 106.00000 157.00000 80.00000 110.00000
133.03096 117.81619 81.32695 130.00000 112.00000 77.00000 2106.52368 2023.49954 1907.98739 100.00000 158.00000 86.00000 143.00000 52.00000 99.00000
108.42441 101.28081 97.88159 97.00000 86.00000 85.00000 1723.28869 2186.41475 1993.53789 81.00000 126.00000 69.00000 123.00000 68.00000 117.00000
131.99152 127.60286 89.98718 136.00000 133.00000 90.00000 1240.07787 758.28983 344.02709 103.00000 162.00000 106.00000 150.00000 78.00000 102.00000
80.86470 80.46843 53.52052 79.00000 77.00000 39.00000 1416.62780 1684.42115 2489.60627 52.00000 107.00000 48.00000 112.00000 10.00000 89.00000
95.20215 86.18327 33.67978 70.00000 63.00000 14.00000 6233.11298 4682.55600 2189.89706 23.00000 166.00000 27.00000 146.00000 2.00000 47.00000
90.91469 108.61914 128.83684 94.00000 115.00000 140.00000 2702.54861 3580.33487 4257.75275 41.00000 155.00000 51.00000 178.00000 64.00000 197.00000
60.14973 79.44644 66.17601 44.00000 63.00000 48.00000 1915.02114 2606.75995 2579.56660 28.00000 79.00000 40.00000 106.00000 32.00000 82.00000
115.14867 120.86201 75.40544 112.00000 117.00000 68.00000 2679.29737 2722.89574 2629.96671 76.00000 149.00000 81.00000 155.00000 38.00000 102.00000
120.21288 117.97127 86.63634 126.00000 122.00000 82.00000 5396.71562 5114.70082 4457.55026 56.00000 179.00000 56.00000 175.00000 26.00000 133.00000
110.36812 116.70090 67.82042 102.00000 105.00000 38.00000 6740.65515 5338.52992 5783.11248 32.00000 180.00000 51.00000 174.00000 3.00000 114.00000
68.47682 71.97438 31.73306 67.00000 71.00000 27.00000 994.82325 1001.03729 689.79068 45.00000 90.00000 49.00000 94.00000 11.00000 46.00000
66.03625 91.83990 41.79279 61.00000 90.00000 37.00000 2136.71805 2315.81882 1294.84955 33.00000 89.00000 59.00000 119.00000 13.00000 61.00000
67.85985 105.36552 75.64780 63.00000 97.00000 72.00000 1340.38888 1874.19780 648.47587 39.00000 89.00000 71.00000 127.00000 58.00000 89.00000
88.18716 90.83611 44.47476 84.00000 89.00000 39.00000 1487.65790 1607.13325 1045.65574 61.00000 111.00000 62.00000 119.00000 19.00000 63.00000
70.53180 85.59334 93.38373 49.00000 56.00000 46.00000 3765.59271 4650.22612 7510.62256 20.00000 101.00000 24.00000 156.00000 18.00000 190.00000
92.16928 91.36621 64.41115 95.00000 95.00000 65.00000 898.50037 764.51988 626.65376 72.00000 114.00000 73.00000 112.00000 49.00000 78.00000
46.69830 60.84824 45.79697 22.00000 43.00000 27.00000 3424.69618 3675.47468 2837.39707 4.00000 69.00000 11.00000 86.00000 9.00000 61.00000
132.08015 130.50645 99.39517 130.00000 138.00000 74.00000 4802.47522 2731.91481 8073.32263 68.00000 190.00000 88.00000 166.00000 20.00000 175.00000
129.32111 138.83144 60.01047 132.00000 145.00000 48.00000 3165.26377 3887.90785 2754.94533 90.00000 168.00000 97.00000 184.00000 19.00000 89.00000
89.49142 103.17439 104.91135 73.00000 88.00000 90.00000 4364.97255 4927.97647 4049.02275 36.00000 127.00000 47.00000 143.00000 58.00000 136.00000
160.25078 140.94246 73.97820 172.00000 150.00000 79.00000 3463.25112 2871.69336 1908.44018 121.00000 205.00000 105.00000 184.00000 38.00000 105.00000
61.14981 63.71158 49.17847 50.00000 53.00000 38.00000 1689.97472 1623.07346 1409.72465 33.00000 78.00000 35.00000 83.00000 23.00000 65.00000
44.88115 38.68932 53.15657 27.00000 24.00000 35.00000 2821.88601 2419.62850 2917.61439 12.00000 51.00000 9.00000 43.00000 19.00000 61.25000
74.29767 96.45834 52.96429 65.00000 89.00000 36.00000 3450.43862 3295.77027 3562.25712 32.00000 100.00000 56.00000 123.00000 12.00000 67.00000
102.39972 97.91443 49.47728 92.00000 90.00000 41.00000 4460.11238 3630.93317 1924.03009 51.00000 144.00000 54.00000 134.00000 10.00000 78.00000
111.09825 120.18108 75.75545 101.00000 109.00000 65.00000 2595.75626 2452.70258 1844.72283 72.00000 145.00000 84.00000 152.00000 44.00000 102.00000
93.37674 96.48201 69.98445 97.00000 101.00000 68.00000 2720.82822 2727.70939 2022.94338 44.00000 133.00000 46.00000 136.00000 28.00000 108.00000
72.90225 92.68805 55.34229 57.00000 82.00000 31.00000 3744.99850 3382.28538 4324.86160 33.00000 82.00000 55.00000 110.00000 17.00000 56.00000
98.80716 108.30725 110.16576 91.00000 90.00000 78.00000 3816.36983 4407.69414 6428.36121 55.00000 123.00000 57.00000 161.00000 45.00000 202.00000
113.38817 113.35548 81.67445 114.00000 114.00000 82.00000 666.76191 709.53429 580.22918 97.00000 130.00000 96.00000 131.00000 66.00000 97.00000
65.07405 83.31084 46.73663 55.00000 76.00000 29.00000 3716.84524 4298.98765 3305.55356 12.00000 97.00000 28.00000 123.00000 0.00000 66.00000
46.14778 91.28366 82.57002 18.00000 77.00000 65.00000 4149.73620 4111.00068 4062.59761 0.00000 62.00000 43.00000 123.00000 36.00000 110.00000
67.47672 85.59810 37.63979 57.00000 77.00000 29.00000 1600.13346 2150.14580 929.05001 38.00000 89.00000 50.00000 113.00000 15.00000 53.00000
58.60905 78.00519 35.16426 49.00000 77.00000 6.00000 3176.75196 3021.23795 2815.75825 6.00000 94.00000 25.00000 122.00000 2.00000 49.00000
60.87971 51.16585 34.93254 59.00000 49.00000 32.00000 761.30201 760.02573 536.56074 43.00000 75.00000 33.00000 66.00000 19.00000 46.00000
90.85806 109.58099 74.39426 74.00000 93.00000 64.00000 3169.82070 3014.78632 1706.13146 53.00000 109.00000 72.00000 130.00000 44.00000 94.00000
81.13417 107.11905 49.58597 71.00000 102.00000 36.00000 4190.54622 4137.24895 2734.11593 28.00000 118.00000 54.00000 152.00000 7.00000 72.00000
113.00255 125.78841 118.53906 105.00000 122.00000 114.00000 4627.06962 5327.34581 4527.23840 64.00000 157.00000 72.00000 178.00000 69.00000 163.00000
77.63922 81.45500 55.98656 67.00000 72.00000 51.00000 3883.85989 3498.47161 2221.17879 34.00000 101.00000 40.00000 104.00000 12.00000 89.00000
88.72717 105.76886 76.70848 79.00000 99.00000 69.00000 2735.10071 2712.33760 2284.24838 51.00000 118.00000 66.00000 138.00000 42.00000 103.00000
43.37370 49.67546 27.84308 38.00000 45.00000 20.00000 906.72251 1013.44834 786.88248 21.00000 58.00000 26.00000 66.00000 13.00000 36.00000
59.81055 98.43649 55.38110 44.00000 91.00000 48.00000 3127.29251 4839.68985 1963.63799 12.00000 91.00000 37.00000 139.00000 18.00000 77.00000
111.87573 117.83128 135.68910 108.00000 116.00000 135.00000 3155.62497 2958.53426 2577.53657 73.00000 148.00000 80.00000 152.00000 100.00000 169.00000
65.29488 70.94122 40.19220 59.00000 65.00000 30.00000 1332.90015 1590.07977 1644.94853 43.00000 77.00000 45.00000 87.00000 16.00000 48.00000
65.61766 81.78105 45.75360 56.00000 66.00000 38.00000 2211.04921 2921.74675 1314.35158 31.00000 84.00000 43.00000 107.00000 21.00000 59.00000
148.99048 144.81700 99.84961 140.00000 143.00000 88.00000 3060.59702 2483.74793 3551.65170 119.00000 185.00000 121.00000 171.00000 50.00000 159.00000
82.79857 83.41406 73.96713 71.00000 72.00000 59.00000 2440.96039 2387.10486 2745.16365 53.00000 94.00000 54.00000 93.00000 42.00000 82.00000
93.44334 107.96727 77.39464 79.00000 99.00000 65.00000 4633.08331 4493.61958 3428.63227 43.00000 128.00000 60.00000 147.00000 31.00000 111.00000
80.22963 113.56754 31.25031 80.00000 119.00000 26.00000 1993.47683 2933.12077 802.37610 43.00000 115.00000 70.00000 157.00000 7.00000 48.00000
87.28189 88.57327 77.30453 86.00000 86.00000 53.00000 3564.70673 3674.99826 5776.48889 35.00000 122.25000 33.00000 134.00000 15.00000 113.00000
75.95230 95.18161 79.73871 63.00000 79.00000 66.00000 1196.25416 1876.98469 1611.98861 53.00000 90.00000 61.00000 120.00000 56.00000 90.00000
101.17883 121.28453 96.48637 88.00000 111.00000 81.00000 3862.85590 3709.50014 3103.20654 49.00000 138.00000 70.00000 163.00000 54.00000 122.00000
106.27580 120.82932 99.60207 93.00000 109.00000 86.00000 3068.94217 3068.82099 3303.54213 69.00000 125.00000 81.00000 146.00000 62.00000 115.00000
96.35513 110.79257 99.73055 63.00000 84.00000 76.00000 4094.89326 4279.15854 3239.90333 53.00000 131.00000 57.00000 157.00000 61.00000 129.00000
132.46323 129.18283 106.28914 132.00000 129.00000 105.00000 930.73022 978.48494 878.72913 113.00000 152.00000 109.00000 150.00000 87.00000 124.00000
75.17554 97.17981 89.26613 64.00000 86.00000 76.00000 3089.40647 2769.77757 2885.67229 34.00000 96.00000 61.00000 119.00000 53.00000 108.00000
145.06233 135.55562 106.79446 146.00000 137.00000 106.00000 2383.63392 1993.20290 2642.13564 112.00000 176.00000 108.00000 163.00000 71.00000 139.00000
133.05699 132.83018 94.38275 131.00000 134.00000 93.00000 1171.89813 925.42320 621.30837 108.00000 156.00000 111.00000 154.00000 78.00000 108.00000
57.51326 62.68562 23.74800 52.00000 58.00000 16.00000 1188.15726 1222.61880 1237.71065 36.00000 69.00000 40.00000 76.00000 8.00000 25.00000
78.75125 97.86110 50.43707 56.00000 80.00000 41.00000 4905.13142 5325.06690 2027.71552 18.00000 125.00000 36.00000 149.00000 16.00000 71.00000
110.33444 130.75569 117.04179 111.00000 133.00000 115.00000 2688.72790 2786.97198 3399.53532 74.00000 141.00000 94.00000 163.00000 69.00000 170.00000
89.68585 102.37947 102.60895 80.00000 93.00000 92.00000 3749.54770 3644.48532 3291.95038 46.00000 117.00000 60.00000 131.00000 63.00000 128.00000
114.87959 137.80453 56.15515 110.00000 131.00000 56.00000 4508.77110 4625.57529 1022.67573 62.00000 170.00000 85.00000 194.00000 33.00000 78.00000
113.00079 101.10887 56.45038 108.00000 97.00000 51.00000 5399.06882 3884.95972 1954.95741 53.00000 168.00000 52.00000 146.00000 18.00000 87.00000
95.94173 109.26187 83.42017 86.00000 109.00000 69.00000 5013.05353 4456.24505 4027.37430 27.00000 146.00000 46.00000 160.00000 27.00000 127.00000
161.09769 128.50491 92.41579 166.00000 123.00000 77.00000 3996.04939 3973.37357 4195.73497 113.00000 212.00000 83.00000 169.00000 48.00000 121.00000
123.52281 128.70285 82.17088 120.00000 126.00000 78.00000 1546.12646 1505.45299 1154.32964 96.00000 146.00000 102.00000 151.00000 60.00000 101.00000
140.31587 142.84978 95.64920 143.00000 146.00000 96.00000 2275.40607 2165.41840 1829.53462 108.00000 174.00000 111.00000 176.00000 66.00000 124.00000
59.17078 73.65878 68.56943 29.00000 48.00000 37.00000 5374.54026 5535.19653 6328.89542 7.00000 74.00000 18.00000 89.25000 13.00000 78.00000
134.65175 112.23383 79.59441 106.00000 63.00000 44.00000 9529.20274 10767.98143 5226.92410 41.00000 254.00000 17.00000 246.00000 15.00000 160.00000
92.39734 116.75407 127.04834 75.00000 97.00000 111.00000 3249.14776 4239.02819 3416.80794 49.00000 133.00000 67.00000 166.00000 85.00000 163.00000
119.77843 99.07869 87.53755 108.00000 88.00000 82.00000 2988.88964 2566.04109 2109.79702 81.00000 155.00000 64.00000 130.00000 55.00000 115.00000
90.33473 123.83780 82.18478 77.00000 108.00000 71.00000 2561.52133 4031.79007 2428.27161 55.00000 119.00000 77.00000 166.00000 52.00000 99.00000
89.64998 109.33067 94.99092 81.00000 104.00000 84.00000 2842.69287 3027.45592 3094.07586 48.00000 122.00000 67.00000 146.00000 52.00000 127.00000
89.87094 103.66766 79.47437 80.00000 98.00000 71.00000 4253.17786 3903.48703 3054.31428 32.00000 134.00000 52.00000 142.00000 33.00000 115.00000
114.13239 79.01686 51.81969 93.00000 56.00000 20.00000 3767.57323 5498.31861 4557.41846 64.00000 154.00000 14.00000 130.00000 0.00000 81.00000
85.98204 97.17552 79.38173 76.00000 91.00000 66.00000 4098.74264 4757.30487 4100.34746 29.00000 122.00000 34.00000 140.00000 23.00000 116.00000
117.99020 131.45840 109.25372 110.00000 126.00000 92.00000 4218.22836 3672.58335 5327.77144 69.00000 157.00000 87.00000 165.00000 55.00000 138.00000
107.68869 122.57372 90.36639 106.00000 123.00000 90.00000 1647.59913 1764.52359 1553.76135 80.00000 132.00000 94.00000 150.00000 64.00000 114.00000
87.42422 83.96953 62.58638 64.00000 58.00000 28.00000 4829.40176 4735.55860 5277.91899 33.00000 135.00000 33.00000 116.00000 12.00000 85.00000
123.80170 127.54971 83.19366 124.00000 127.00000 82.00000 1758.64583 1724.55115 1636.60022 94.00000 151.00000 99.00000 154.00000 55.00000 109.00000
107.04865 99.21718 28.71768 99.00000 91.00000 13.00000 3281.99437 2275.27502 1542.52897 61.00000 147.00000 62.00000 130.00000 1.00000 38.00000
83.60002 106.51831 73.62781 72.00000 98.00000 66.00000 4018.09174 5387.46872 2651.51427 28.00000 127.00000 42.00000 162.00000 30.00000 108.00000
46.22173 53.82497 31.95665 23.00000 26.00000 23.00000 1535.92269 2269.05147 664.06769 23.00000 60.00000 23.00000 73.00000 21.00000 34.00000
122.02275 132.43037 59.95227 111.00000 138.00000 55.00000 3295.98113 1576.64600 1099.05989 82.00000 157.00000 117.00000 157.00000 36.00000 84.00000
169.21324 54.01070 48.36385 178.00000 46.00000 40.00000 2944.85890 1991.00991 1872.81130 142.00000 209.00000 27.00000 64.00000 23.00000 58.00000
84.79002 102.92387 78.51927 59.00000 76.00000 49.00000 5567.46981 5110.37993 5483.60925 29.00000 124.00000 48.00000 145.00000 21.00000 117.00000
75.82652 92.16562 115.65025 61.00000 73.00000 92.00000 2557.29734 3467.02732 5048.93256 30.00000 132.00000 39.00000 157.00000 51.00000 196.00000
48.16859 53.31848 46.62238 29.00000 44.00000 30.00000 3048.26160 2417.77851 2754.84672 4.00000 75.00000 14.00000 77.00000 5.00000 73.00000
116.90608 127.53847 85.17914 92.00000 109.00000 68.00000 8233.14949 7768.16545 4186.99208 31.00000 218.00000 42.75000 227.00000 28.00000 141.00000
103.75403 127.10178 91.14439 105.00000 128.00000 91.00000 1158.53245 1245.72664 650.93296 79.00000 128.00000 101.00000 152.00000 73.00000 109.00000
97.30734 104.77737 78.80179 54.00000 70.00000 32.00000 9136.96679 9132.58456 7823.07412 12.00000 195.00000 16.00000 205.00000 8.00000 149.00000
133.04221 130.43355 108.30835 137.00000 134.00000 95.00000 2026.11986 2614.28324 4301.71483 101.00000 162.00000 94.00000 167.00000 63.00000 132.00000
126.64484 115.60097 89.38493 125.00000 108.00000 80.00000 1944.52605 2061.10650 3067.91980 95.00000 149.00000 85.00000 134.00000 49.00000 113.00000
48.97145 54.39317 48.73611 22.00000 32.00000 26.00000 2817.28909 2741.51459 2450.15537 12.00000 75.00000 14.00000 82.00000 14.00000 73.00000
93.91861 118.89214 130.75114 98.00000 123.00000 133.00000 2351.23553 2370.33894 2971.21760 59.00000 124.00000 84.00000 150.00000 90.00000 168.00000
115.66151 137.51118 107.22252 111.00000 138.00000 75.00000 3935.07596 4636.77316 8203.39267 73.00000 151.00000 84.00000 187.00000 36.00000 201.25000
44.84225 58.17752 38.30231 31.00000 45.00000 29.00000 1593.57796 2000.07688 964.39610 18.00000 54.00000 27.00000 73.00000 17.00000 48.00000
85.19170 108.22389 50.00052 84.00000 111.00000 44.00000 2121.79048 2786.78695 1413.48364 50.00000 116.00000 68.00000 147.00000 19.00000 73.00000
113.59531 115.80600 82.18706 118.00000 116.00000 53.00000 4728.62892 1869.36047 5865.37597 59.00000 168.00000 84.00000 146.00000 20.00000 159.00000
97.66100 100.90582 90.47273 71.00000 75.00000 53.00000 5232.55910 5383.70311 6633.71380 46.00000 116.00000 47.00000 120.00000 33.00000 113.00000
52.12622 69.95615 56.77545 34.00000 58.00000 55.00000 2458.13147 2064.95038 1419.79815 15.00000 77.00000 38.00000 93.00000 26.00000 78.00000
88.51649 87.51822 28.95972 74.00000 71.00000 9.00000 6045.09955 6349.48798 1607.83450 13.00000 148.00000 9.00000 151.00000 0.00000 46.00000
161.28625 112.15163 78.54591 160.00000 115.00000 62.00000 2781.21509 4145.29233 4606.93619 122.00000 203.00000 58.00000 163.00000 18.00000 129.00000
126.37189 130.84164 98.55345 128.00000 132.00000 98.00000 2555.69568 2571.29844 2469.03511 90.00000 162.00000 94.00000 166.00000 63.00000 131.00000
79.18732 96.77127 79.28317 79.00000 94.00000 68.00000 1741.75410 1721.17132 2046.08311 50.00000 107.00000 64.00000 126.00000 47.00000 97.00000
79.71443 107.13895 63.26886 62.00000 91.00000 40.00000 3737.52894 4255.93278 3535.68415 30.00000 111.00000 56.00000 146.00000 22.00000 86.00000
89.67932 116.32553 103.59601 83.00000 105.00000 80.00000 2804.54603 4554.75548 5750.89523 47.00000 127.00000 62.00000 160.00000 41.00000 155.00000
100.22466 120.26180 144.21173 94.00000 112.00000 138.00000 2732.64303 3597.43313 4471.10236 55.00000 158.00000 68.00000 187.00000 84.75000 221.00000
95.34956 114.98074 54.26280 91.00000 113.00000 45.00000 3081.09566 3863.10498 1746.92277 50.00000 140.00000 63.00000 167.00000 18.00000 85.00000
85.49319 94.12222 86.83844 60.00000 65.00000 45.00000 5324.85905 5939.71992 7998.86526 27.00000 132.00000 34.00000 149.00000 20.00000 134.00000
43.74892 52.30914 43.24095 32.00000 44.00000 32.00000 1855.16173 1817.59138 1652.62430 12.00000 60.00000 19.00000 72.00000 13.00000 62.00000
115.78654 145.81322 110.12798 124.00000 150.00000 86.00000 3211.12825 3378.12742 6994.24670 68.00000 155.00000 97.00000 198.00000 44.00000 164.00000
99.32275 114.78842 81.24124 91.00000 109.00000 63.00000 6047.01198 5278.62357 5179.79358 28.00000 154.00000 54.00000 171.00000 21.00000 127.00000
94.70384 100.39529 65.33737 71.00000 80.00000 50.00000 6743.57704 6315.72146 3580.71055 24.00000 154.00000 34.00000 161.00000 13.00000 102.00000
107.63229 119.59348 152.63304 106.00000 123.00000 151.00000 2898.65047 2925.80990 3546.05777 74.00000 140.00000 81.00000 154.00000 108.00000 197.00000
111.97484 114.02907 77.81459 114.00000 118.00000 77.00000 2269.24847 2033.80651 1822.97705 79.00000 145.00000 83.00000 146.00000 46.75000 106.00000
95.97482 104.43643 56.76508 99.00000 109.00000 57.00000 2187.43919 1648.35045 732.00163 58.00000 133.00000 75.00000 135.00000 37.00000 76.00000
69.14799 89.07059 84.12814 59.00000 76.00000 68.00000 2680.29040 3831.72231 2959.96969 22.00000 98.00000 39.00000 120.00000 48.00000 101.00000
88.21001 87.71339 82.64262 73.00000 63.00000 44.00000 4402.57066 6039.37014 7393.96007 34.00000 125.00000 25.00000 120.00000 21.00000 106.00000
49.87015 66.28081 56.64423 34.00000 53.00000 42.00000 3278.51643 3206.63994 3411.39601 8.00000 67.00000 29.00000 85.00000 12.00000 78.00000
100.42314 123.11983 84.92635 97.00000 119.00000 85.00000 1259.26100 1399.54587 450.70849 76.00000 123.00000 98.00000 146.00000 72.00000 98.00000
85.64091 108.10895 30.06322 79.00000 104.00000 24.00000 2972.18669 3949.32938 751.85558 34.00000 128.00000 50.00000 158.00000 12.00000 41.00000
76.12921 109.51460 107.14244 65.00000 111.00000 100.00000 4007.32284 4299.10053 4382.02349 22.00000 115.00000 47.00000 157.00000 53.00000 141.00000
99.93280 68.08891 28.87155 83.00000 52.00000 6.00000 3983.59247 3442.88524 2778.56007 57.00000 126.00000 31.00000 85.00000 0.00000 30.00000
114.73451 113.83598 75.56160 113.00000 115.00000 73.00000 1698.91217 1815.83154 1306.99956 83.00000 144.00000 80.00000 146.00000 49.00000 100.00000
75.28992 75.79739 42.85339 76.00000 76.00000 37.00000 1227.35217 1014.47204 967.52618 49.00000 101.00000 53.00000 99.00000 21.00000 57.00000
107.13379 131.73831 112.60426 107.00000 134.00000 105.00000 4119.75819 4289.41141 5341.86056 60.00000 146.00000 85.00000 174.00000 50.00000 179.00000
115.88954 114.54616 96.41631 101.00000 103.00000 84.00000 3679.89956 3491.24595 3411.32216 72.00000 150.00000 71.00000 147.00000 55.00000 127.00000
106.37752 103.71773 64.41820 105.00000 105.00000 65.00000 1906.02437 1419.44469 936.10433 72.00000 138.00000 74.00000 134.00000 41.00000 88.00000
118.54590 121.84340 121.71428 90.00000 91.00000 89.00000 9668.51477 10139.19101 10711.08586 20.00000 237.00000 20.00000 249.00000 18.00000 253.00000
77.57486 104.53296 119.90857 84.00000 107.00000 81.00000 2452.37300 4243.43242 9906.44672 31.00000 104.25000 38.00000 158.00000 26.00000 248.00000
69.37753 86.10193 33.68718 55.00000 73.00000 18.00000 3462.56786 3899.89885 1948.03143 24.00000 98.00000 37.00000 121.00000 2.00000 46.00000
82.22050 85.40126 47.82140 71.00000 75.00000 36.00000 2146.80231 2333.66933 1713.91907 46.00000 112.00000 47.00000 117.00000 18.00000 68.00000
83.35051 92.28046 82.22543 72.00000 74.00000 41.00000 3663.35390 4919.26348 7751.24313 35.00000 112.00000 33.00000 140.00000 16.00000 124.00000
138.30415 141.00128 98.46509 140.00000 142.00000 101.00000 1389.62250 1379.09387 1451.35526 117.00000 161.00000 120.00000 164.00000 74.00000 124.00000
