122.49968 118.52426 116.99110 120.00000 105.00000 94.00000 2726.93359 2802.18893 3700.00326 82.00000 168.00000 81.00000 175.00000 77.00000 176.00000
128.08363 120.45586 116.91263 100.00000 93.00000 90.00000 6087.84583 6576.48060 6720.25674 70.00000 204.00000 59.00000 195.00000 54.00000 187.00000
102.54947 110.07991 114.46831 76.00000 86.00000 94.00000 7073.62774 6259.25663 5998.69400 33.00000 143.00000 46.00000 142.00000 51.00000 146.00000
107.39221 106.51697 105.31982 91.00000 89.00000 90.00000 4484.43980 4237.22060 4137.47922 58.00000 143.00000 57.00000 138.00000 54.00000 136.00000
123.98030 111.20935 103.94850 98.00000 87.00000 83.00000 3743.57577 3687.77798 3519.79482 84.00000 151.00000 76.00000 130.00000 72.00000 116.00000
125.56525 124.51595 128.38272 123.00000 118.00000 117.00000 2971.22649 3098.41042 3754.36787 91.00000 142.00000 88.00000 138.00000 90.00000 140.00000
120.70331 126.58452 139.51154 121.00000 122.00000 133.00000 2538.58019 2915.22275 3507.49944 90.00000 145.00000 92.00000 155.00000 103.00000 173.00000
130.90604 121.01311 118.24040 124.00000 104.00000 99.00000 4298.24984 4793.42166 5091.50756 82.00000 173.00000 67.00000 168.00000 60.00000 172.00000
152.84891 143.22676 138.48578 134.00000 118.00000 110.00000 5291.16516 5793.14861 6277.13212 93.00000 248.00000 84.00000 245.00000 79.00000 250.00000
92.64085 112.09908 118.24530 60.00000 81.00000 88.00000 6762.22580 6336.90976 5796.68601 28.00000 126.00000 55.00000 149.00000 64.00000 158.00000
127.96169 125.28661 125.46611 136.00000 127.00000 124.00000 2616.98927 2487.18896 3699.53099 91.00000 161.00000 93.00000 155.00000 79.00000 148.00000
144.16206 135.62608 129.33266 130.00000 118.00000 110.00000 4846.09643 4795.67282 4995.28108 90.00000 202.00000 85.00000 182.00000 79.00000 172.00000
109.06938 120.35860 109.68428 103.00000 119.00000 104.00000 4595.90282 5347.08410 5374.71296 42.00000 174.00000 44.00000 196.00000 33.00000 187.00000
119.92476 126.38284 131.14699 124.00000 137.00000 138.00000 5466.75528 5170.97663 6635.73934 51.00000 176.00000 62.00000 180.00000 48.00000 215.00000
102.01268 96.40054 93.43953 86.00000 82.00000 80.00000 3547.69443 3415.70498 3416.14710 70.00000 117.00000 66.00000 107.00000 65.00000 102.00000
104.99777 101.34290 93.42799 94.00000 96.00000 89.00000 6310.93499 6082.03641 5354.59696 31.00000 162.00000 25.00000 153.00000 21.00000 133.00000
146.96483 169.69339 159.74188 155.00000 200.00000 190.00000 4148.74472 4096.74217 4604.26586 107.00000 201.00000 128.00000 214.00000 109.00000 211.00000
111.31688 116.90077 130.63278 113.00000 117.00000 125.00000 4087.86490 4614.28192 5259.97523 49.00000 171.00000 51.00000 175.00000 67.00000 186.00000
120.07928 111.06638 107.10062 111.00000 101.00000 97.00000 4403.72379 4645.02941 4762.74271 77.00000 146.00000 66.00000 134.00000 60.00000 129.00000
113.04837 115.95395 93.31697 138.00000 134.00000 107.00000 4712.74848 4327.54591 2914.86778 42.00000 173.00000 50.00000 173.00000 37.00000 135.00000
122.09764 119.16264 117.08981 112.00000 112.00000 117.00000 2661.97663 2405.08028 2582.46868 86.00000 161.00000 86.00000 152.00000 78.00000 149.00000
124.21548 125.41257 127.10594 130.00000 128.00000 129.00000 2690.15449 2736.94038 3211.17071 86.00000 152.00000 85.00000 149.00000 82.00000 150.00000
116.05408 107.83530 105.81148 110.00000 102.00000 104.00000 4310.80445 3227.42871 3040.55597 55.00000 181.00000 57.00000 161.00000 58.00000 156.00000
132.49896 125.34378 118.36993 121.00000 116.00000 109.00000 3618.13208 3468.97306 3532.05758 102.00000 184.00000 95.00000 168.00000 85.00000 147.00000
102.26903 114.08511 130.56493 75.00000 89.00000 112.00000 6127.38690 5398.79485 4526.81625 45.00000 143.00000 63.00000 147.00000 86.00000 166.00000
117.04193 107.94121 101.76645 100.00000 97.00000 92.00000 5304.16764 4393.14161 4072.54320 43.00000 195.00000 40.00000 177.00000 38.00000 168.00000
154.89891 158.44836 169.29112 144.00000 152.00000 172.00000 3987.98888 4067.32256 3667.88932 102.00000 224.00000 111.00000 228.00000 129.00000 233.00000
117.90724 130.39626 125.18243 88.00000 90.00000 84.00000 5536.72844 6805.18330 7203.62016 54.00000 205.00000 62.00000 231.00000 56.00000 235.00000
100.44334 91.84021 86.59464 82.00000 75.00000 70.00000 3655.16003 3862.78623 3995.88588 66.00000 114.00000 57.00000 103.00000 52.00000 97.00000
137.98792 151.90269 140.56258 153.00000 168.00000 158.00000 4779.25846 4482.29188 4962.39016 72.00000 194.00000 102.00000 204.00000 75.00000 199.00000
107.50688 108.03630 113.73451 86.00000 84.00000 88.00000 3451.63838 4100.32643 4151.84665 67.00000 141.00000 65.00000 142.00000 71.00000 147.00000
133.86456 121.90274 112.67708 102.00000 88.00000 80.00000 5607.65603 5938.09683 5784.14171 74.00000 207.00000 66.00000 183.00000 62.00000 159.00000
140.03131 131.74927 123.43074 110.00000 102.00000 96.00000 4263.51541 4267.47681 4310.33773 92.00000 189.00000 88.00000 169.00000 84.00000 153.00000
105.92397 98.04646 94.45706 85.00000 77.00000 73.00000 4617.07184 4696.62994 4771.87389 60.00000 136.00000 53.00000 123.00000 49.00000 117.00000
115.67923 105.00711 97.68307 94.00000 86.00000 80.00000 3703.40007 3711.53959 3763.29180 79.00000 137.00000 72.00000 119.00000 67.00000 107.00000
120.51613 107.66444 101.21407 105.00000 93.00000 88.00000 4478.17610 3956.93271 3713.90198 74.00000 172.00000 65.00000 150.00000 60.00000 139.00000
94.99030 108.98679 102.48183 70.00000 83.00000 68.00000 4964.72030 6116.67265 6626.82435 45.00000 124.00000 49.00000 150.00000 44.00000 145.25000
84.23657 60.82362 38.40024 62.00000 34.00000 26.00000 4107.93341 2444.63981 785.67389 29.00000 116.00000 26.00000 83.00000 25.00000 42.00000
98.72108 112.44901 133.35126 69.00000 79.00000 95.00000 3141.50230 3796.67980 5119.88864 60.00000 143.00000 72.00000 176.00000 89.00000 233.00000
115.17149 107.96144 109.00485 91.00000 82.00000 83.00000 5776.54989 6241.68307 6228.77821 58.00000 154.00000 48.00000 147.00000 48.00000 148.00000
124.77069 132.04199 115.72186 118.00000 127.00000 113.00000 2930.32117 2852.23087 2460.00510 78.00000 161.00000 85.00000 171.00000 73.00000 146.00000
109.71596 117.62637 128.30258 92.00000 93.00000 109.00000 3592.15350 4301.55218 3917.48602 56.00000 170.00000 64.00000 169.00000 87.00000 171.00000
159.38736 150.53699 142.57477 128.00000 117.00000 109.00000 3860.32273 4254.16303 4541.30337 111.00000 213.00000 102.00000 199.00000 98.00000 185.00000
114.40950 104.92151 98.14246 88.00000 81.00000 75.00000 4540.49764 4805.54215 5082.99341 79.00000 133.00000 68.00000 114.00000 59.00000 103.00000
118.55942 123.39645 138.25746 94.00000 98.00000 120.00000 4878.36033 4411.34710 3557.36348 70.00000 196.00000 80.00000 196.00000 103.00000 196.00000
82.19296 86.53979 91.94884 73.00000 77.00000 81.00000 2140.72351 2193.52814 2659.20901 53.00000 108.00000 59.00000 112.00000 58.00000 118.00000
152.79007 144.38014 126.00237 179.00000 164.00000 136.00000 5558.38131 6179.86366 7153.98252 103.00000 214.00000 83.00000 218.00000 40.00000 216.00000
134.63396 137.25311 142.86012 123.00000 124.00000 132.00000 6193.75104 6038.25026 5750.98008 71.00000 212.00000 75.00000 218.00000 80.00000 228.00000
118.11488 110.21133 102.85316 102.00000 94.00000 88.00000 4483.02884 4625.77504 4518.81131 76.00000 150.00000 69.00000 138.00000 62.00000 126.00000
100.91872 90.13719 87.36131 87.00000 76.00000 73.00000 3867.64294 4066.30807 4137.43465 60.00000 121.00000 49.00000 107.00000 46.00000 103.00000
117.13336 111.73900 111.83092 82.00000 76.00000 78.00000 5361.49070 5549.59626 4981.87029 62.00000 164.00000 57.00000 155.00000 64.00000 148.00000
136.92369 129.98154 128.02965 102.00000 93.00000 91.00000 6162.24306 6680.68429 6715.21792 79.00000 236.00000 71.00000 232.00000 69.00000 229.00000
106.18022 102.78291 97.24135 92.00000 87.00000 81.00000 3319.78879 3791.13892 4752.98736 76.00000 139.00000 70.00000 139.00000 53.00000 143.00000
145.88031 134.08870 139.54630 117.00000 105.00000 115.00000 5265.52309 6249.58208 5931.02999 86.00000 234.00000 75.00000 219.00000 86.00000 223.00000
123.12752 111.90787 102.67046 106.00000 93.00000 83.00000 5187.87209 4857.93203 4753.22650 71.00000 178.00000 63.00000 157.00000 55.00000 141.00000
143.78638 138.21570 133.44106 172.00000 164.00000 154.00000 5070.61614 6032.84773 5983.92511 77.00000 202.00000 58.00000 208.00000 56.00000 204.00000
116.40308 107.03870 99.27460 95.00000 82.00000 83.00000 5638.32169 5787.00992 5220.62784 52.00000 190.00000 44.00000 188.00000 37.00000 152.00000
128.08994 117.62439 112.28191 105.00000 96.00000 94.00000 4029.10998 3880.33609 3548.12745 90.00000 168.00000 83.00000 148.00000 82.00000 133.00000
127.29182 116.81895 113.41025 127.00000 113.00000 110.00000 2253.81149 2340.41838 2894.03342 100.00000 163.00000 82.00000 151.00000 74.00000 144.00000
101.19424 101.62642 109.89854 85.00000 78.00000 78.00000 5524.35186 6110.68855 7701.60966 33.00000 193.00000 30.00000 195.00000 31.00000 212.00000
133.07874 126.68549 126.59770 139.00000 132.00000 122.00000 2355.40872 2264.08989 3209.45435 105.00000 166.00000 91.00000 159.00000 75.00000 180.00000
119.09540 114.65248 111.83412 127.00000 116.00000 113.00000 3809.18060 3257.01804 3730.59671 68.00000 177.00000 68.00000 161.00000 66.00000 148.00000
72.63892 89.42958 103.56488 42.00000 53.00000 72.00000 5904.99205 7316.86656 7228.08154 15.00000 91.00000 27.00000 105.00000 43.00000 123.00000
86.83038 83.93842 82.59930 75.00000 73.00000 77.00000 2573.03904 2496.19384 2726.10632 46.00000 129.00000 43.00000 127.00000 36.00000 126.00000
121.13232 120.75778 123.99413 118.00000 112.00000 109.00000 2822.71174 3028.69045 4436.24208 76.00000 170.00000 75.00000 178.00000 65.00000 197.00000
126.09911 125.38292 128.60124 133.00000 142.00000 139.00000 5492.78414 5286.38348 4696.95731 53.00000 178.00000 51.00000 168.00000 60.00000 167.00000
119.48485 107.87187 104.85674 101.00000 91.00000 91.00000 3498.07713 3657.50301 3549.30725 86.00000 134.00000 74.00000 119.00000 72.00000 114.00000
118.94279 119.43364 115.82164 117.00000 115.00000 113.00000 2903.61033 3167.20748 4238.42114 82.00000 149.00000 80.00000 146.00000 70.00000 141.00000
126.07043 125.67958 134.91783 108.00000 115.00000 131.00000 3468.33333 3868.19968 4036.49464 80.00000 170.00000 74.00000 172.00000 78.00000 186.00000
123.02855 117.05902 122.49861 107.00000 103.00000 111.00000 2927.16146 2979.88205 2748.15262 94.00000 145.00000 86.00000 136.00000 94.00000 131.00000
139.16568 116.90987 112.49493 149.00000 120.00000 120.00000 6150.95766 5910.14375 5149.46827 65.00000 199.00000 45.00000 162.00000 38.00000 173.00000
129.81387 121.78738 125.75900 132.00000 124.00000 133.00000 3070.43289 3171.17934 3616.27313 83.00000 167.00000 83.00000 151.00000 82.00000 151.00000
150.11597 153.37788 141.24078 139.00000 138.00000 124.00000 5466.21638 4308.16026 3481.76136 77.00000 228.00000 98.00000 215.00000 102.00000 183.00000
73.67044 71.78711 62.05125 55.00000 56.00000 47.00000 3644.65677 3208.63446 2664.31837 32.00000 103.00000 34.00000 101.00000 28.00000 83.00000
112.51633 103.88457 98.24081 97.00000 89.00000 83.00000 4369.80659 4319.47357 4317.37319 70.00000 135.00000 62.00000 122.00000 57.00000 114.00000
113.03952 113.41917 132.96396 122.00000 122.00000 128.00000 3116.27078 2910.77643 3971.75261 74.00000 141.00000 77.00000 149.00000 86.00000 204.00000
120.66779 112.06726 111.51205 92.00000 82.00000 81.00000 5162.79802 5558.60323 5055.96040 61.00000 173.00000 52.00000 156.00000 59.00000 145.00000
120.81053 117.02914 117.76138 127.00000 117.00000 112.00000 4126.55729 4361.76661 4950.98234 61.00000 168.00000 58.00000 155.00000 58.00000 149.00000
94.57422 113.48529 109.31696 63.00000 88.00000 94.00000 5255.26390 3512.16702 2240.61106 40.00000 154.00000 71.00000 161.00000 78.00000 146.00000
109.87813 108.28485 111.71222 96.00000 93.00000 93.00000 5347.09307 5766.10911 6778.94239 50.00000 193.00000 44.00000 190.00000 40.00000 201.00000
65.44347 67.26476 80.84436 57.00000 57.00000 76.00000 1981.31315 1462.73043 1005.36915 30.00000 84.00000 40.00000 88.00000 64.00000 95.00000
136.51093 122.17206 113.73996 118.00000 104.00000 98.00000 3204.83203 3270.97253 3259.76148 103.00000 165.00000 91.00000 144.00000 85.00000 129.00000
121.25990 119.73026 127.02112 130.00000 131.00000 126.00000 2641.88681 2592.17602 4230.21119 86.00000 152.00000 80.00000 159.00000 75.00000 180.00000
133.88152 128.79185 137.96841 142.00000 132.00000 131.00000 1494.62962 1555.89465 2090.41297 120.00000 150.00000 125.00000 145.00000 124.00000 179.00000
118.62006 121.11676 124.73488 97.00000 96.00000 99.00000 4944.10503 4811.19138 5085.77067 68.00000 200.00000 72.00000 207.00000 70.00000 222.00000
109.45584 120.51149 123.07492 79.00000 92.00000 98.00000 7727.14704 6429.62938 5812.06064 45.00000 185.25000 64.00000 189.00000 72.00000 165.00000
128.67262 116.69333 106.86626 106.00000 96.50000 89.00000 3854.01637 3678.35642 3604.71553 88.00000 169.00000 81.00000 147.00000 74.00000 130.00000
111.31007 109.19962 101.56230 74.00000 72.00000 65.00000 5916.02475 5624.29145 6057.85458 52.00000 164.00000 53.00000 155.00000 44.00000 146.00000
134.58218 123.40269 113.03369 120.00000 106.00000 95.00000 4752.86031 4533.54967 4379.49304 79.00000 185.00000 72.00000 164.00000 65.00000 146.00000
116.50946 100.31859 92.74469 115.00000 89.00000 75.00000 5192.44779 5377.39012 5257.54575 46.00000 193.00000 30.00000 161.00000 27.00000 152.00000
81.83900 114.37044 119.34261 59.00000 112.00000 123.00000 2432.45456 1960.78705 2124.63566 49.00000 103.00000 91.00000 125.00000 90.00000 153.00000
116.79823 103.61818 96.31989 105.00000 94.00000 87.00000 3200.32692 3432.78907 3571.37530 84.00000 131.00000 70.00000 114.00000 62.00000 105.00000
57.52525 58.33897 55.79875 46.00000 50.00000 47.00000 1645.30286 1331.22172 1202.90126 26.00000 91.00000 27.00000 89.00000 27.00000 85.00000
139.94234 131.95647 127.51704 121.00000 113.00000 110.00000 4008.85411 4041.97645 4099.46535 99.00000 183.00000 92.00000 168.00000 88.00000 161.00000
147.72560 151.92787 157.11937 164.00000 171.00000 174.00000 4902.37293 4378.09070 3918.77663 79.00000 212.00000 93.00000 210.00000 104.00000 211.00000
128.02867 120.97931 123.59186 137.00000 128.00000 136.00000 2216.92815 1817.05197 2089.33745 89.00000 164.00000 89.00000 149.00000 90.00000 149.00000
145.93866 150.48740 155.09991 123.00000 125.00000 129.00000 7431.65777 6779.61892 6229.41620 70.00000 250.00000 81.00000 250.00000 90.00000 250.00000
104.74860 104.31230 84.00203 94.00000 93.00000 73.00000 4237.52475 3949.08736 3040.58229 51.00000 153.00000 52.00000 149.00000 38.00000 123.00000
130.94225 129.00717 148.78464 124.00000 119.00000 141.00000 4214.07371 4549.44029 3761.76627 88.00000 156.00000 85.00000 151.00000 108.00000 176.00000
66.61581 43.28175 26.68338 38.00000 21.00000 21.00000 3874.44090 1855.92368 425.19129 21.00000 85.00000 21.00000 45.00000 19.00000 23.00000
123.90601 118.27190 117.30188 120.00000 105.00000 99.00000 2103.29973 2360.19348 3389.57479 88.00000 166.00000 83.00000 148.00000 80.00000 136.00000
132.53506 119.75500 108.67505 115.00000 102.00000 92.00000 4526.97600 4775.98313 4957.81729 90.00000 167.00000 77.00000 144.00000 66.00000 127.00000
136.06253 119.62567 106.20323 115.00000 94.00000 80.00000 3590.73571 4003.34618 4051.34943 84.00000 211.00000 63.00000 200.00000 50.00000 186.00000
127.31654 117.47777 117.82469 116.00000 106.00000 109.00000 2904.43137 3034.06823 3035.87807 101.00000 146.00000 90.00000 132.00000 87.00000 133.00000
117.61713 113.07892 116.49335 124.00000 111.00000 110.00000 3738.04201 3735.83511 4630.11797 63.00000 156.00000 60.00000 144.00000 61.00000 144.00000
132.15331 127.81000 132.95695 131.00000 121.00000 120.00000 4672.80891 5245.68900 5928.22369 74.00000 197.00000 65.00000 198.00000 67.00000 214.00000
120.78250 118.10187 117.29576 107.00000 94.00000 94.00000 4066.00290 3804.81406 4471.03824 68.00000 169.00000 75.00000 168.00000 79.00000 155.00000
168.66722 160.81232 155.57674 136.00000 124.00000 117.00000 4240.95345 4800.37243 5154.41379 117.00000 254.00000 108.00000 254.00000 104.00000 254.00000
104.86165 111.03082 115.33908 77.00000 83.00000 89.00000 7034.00224 6744.45214 6380.55199 35.00000 156.00000 47.00000 157.00000 58.00000 160.00000
114.60388 115.53040 98.21623 108.00000 110.00000 79.00000 2493.25737 2481.66363 4071.53868 77.00000 146.00000 74.00000 159.00000 42.00000 153.00000
116.38036 123.01546 155.16016 110.00000 126.00000 194.00000 2548.78506 2503.61266 4039.36653 98.00000 125.00000 98.00000 144.00000 105.00000 211.00000
129.34152 133.88931 142.41708 131.00000 134.00000 141.00000 5449.83997 5205.01982 4764.86776 51.00000 200.00000 59.00000 204.00000 74.00000 209.00000
120.76848 112.36308 105.00851 92.00000 83.00000 80.00000 4797.59393 5275.52718 5595.24038 82.00000 143.00000 72.00000 130.00000 61.00000 115.00000
133.61478 146.51888 133.43980 126.00000 163.00000 147.00000 4279.67546 3625.54246 3905.57426 100.00000 179.00000 96.00000 180.00000 68.00000 196.00000
136.08719 133.79692 105.06233 136.00000 138.00000 107.00000 3194.12951 2753.34760 1824.73630 88.00000 178.00000 91.00000 177.00000 70.00000 141.00000
109.29817 113.65164 119.82072 82.00000 69.00000 70.00000 7126.93134 8140.10591 8210.89445 29.00000 195.00000 36.00000 223.00000 51.00000 250.00000
141.26494 143.70753 124.87595 164.00000 165.00000 140.00000 3768.36058 3751.23571 2968.91033 90.00000 189.00000 92.00000 191.00000 87.00000 169.00000
58.94139 56.30603 63.06145 50.00000 49.00000 63.00000 1907.96863 1388.31577 1182.22247 26.00000 73.00000 30.00000 70.00000 39.00000 77.00000
99.06805 111.87924 102.90483 108.00000 127.00000 95.00000 3188.14255 3165.75239 4246.92910 44.00000 133.00000 55.00000 160.00000 43.00000 179.00000
131.45833 115.98172 105.91693 128.00000 108.00000 94.00000 3376.23551 3448.47812 3614.61148 86.00000 163.00000 75.00000 142.00000 68.00000 130.00000
113.49138 102.27580 92.96341 100.00000 90.00000 81.00000 3468.39391 3445.71286 3575.94315 79.00000 136.00000 70.00000 119.00000 61.00000 106.00000
131.46623 119.61977 112.70416 129.00000 115.00000 101.00000 4705.65834 4942.90710 4733.89585 64.00000 194.00000 53.00000 170.00000 52.00000 150.00000
126.37753 136.58466 132.64523 113.00000 109.00000 99.00000 5424.82820 6110.74027 9190.79235 65.00000 199.00000 78.00000 222.00000 45.00000 250.00000
110.38687 114.71091 127.11293 94.00000 90.00000 98.00000 3755.39196 4022.97029 4524.90187 60.00000 149.00000 65.00000 169.00000 82.00000 177.00000
121.39543 115.35681 107.29709 116.00000 104.00000 89.00000 5074.85119 5372.32505 5227.95553 51.00000 166.00000 44.00000 181.00000 44.00000 172.00000
83.36313 84.05730 74.38802 84.00000 85.00000 74.00000 1159.18467 1181.00479 984.11023 61.00000 104.00000 62.00000 107.00000 56.00000 93.00000
147.60117 137.64653 96.70720 150.00000 145.00000 99.00000 2308.38305 2143.47728 2531.30500 120.00000 182.00000 107.00000 170.00000 55.00000 144.00000
129.36632 120.92519 127.66914 126.00000 115.00000 122.00000 2832.73500 2578.11554 3813.18343 91.00000 168.00000 87.00000 157.00000 86.00000 173.00000
152.94507 147.93681 142.06676 124.00000 114.00000 103.00000 5696.34345 6286.79278 6676.22887 86.00000 239.00000 79.00000 240.00000 74.00000 239.00000
132.46014 119.63977 113.90273 114.00000 102.00000 97.00000 3662.04855 3746.33288 3828.71348 88.00000 166.00000 78.00000 145.00000 72.00000 136.00000
135.43874 130.13356 130.45030 148.00000 139.00000 134.00000 1505.61917 1309.78287 2479.68726 128.00000 158.00000 124.00000 153.00000 118.00000 175.00000
149.20576 130.66164 121.28369 144.00000 121.00000 111.00000 4024.66513 3874.44021 3816.65859 106.00000 192.00000 89.00000 164.00000 81.00000 151.00000
140.74693 150.41246 149.74422 144.00000 148.00000 142.50000 3063.77823 3557.87271 3941.68288 97.00000 187.00000 105.00000 210.00000 104.00000 218.00000
129.97621 118.47159 118.78615 139.00000 127.00000 125.00000 2395.40796 2417.11192 2938.31897 112.00000 151.00000 85.00000 141.00000 78.00000 138.00000
122.88081 116.66911 105.84583 101.00000 95.00000 90.00000 3238.24103 3508.28924 3348.85599 89.00000 142.00000 83.00000 142.00000 78.00000 117.00000
127.26736 123.45018 130.15860 121.00000 116.00000 126.00000 3128.80730 3086.73586 2895.98119 102.00000 146.00000 97.00000 140.00000 102.00000 146.00000
116.20695 113.30499 115.40199 110.00000 104.00000 107.00000 3877.14264 3850.19909 3838.93916 77.00000 136.00000 74.00000 132.00000 74.00000 134.00000
109.41974 107.24292 121.80269 111.00000 107.00000 130.00000 2789.30707 2666.20686 2974.60284 70.00000 129.00000 69.00000 124.00000 76.00000 152.00000
115.06837 118.79417 132.92642 100.00000 108.00000 132.00000 3130.26859 2707.60099 2408.93676 89.00000 129.00000 95.00000 130.00000 110.00000 143.00000
170.94954 182.17744 177.53058 191.00000 217.00000 217.00000 3900.75391 4481.20708 4854.30683 137.00000 222.00000 141.00000 232.00000 129.00000 229.00000
121.34293 115.37589 112.99170 88.00000 82.00000 80.00000 5828.21486 6174.03214 6117.48766 66.00000 193.00000 58.00000 187.00000 56.00000 181.00000
137.67319 122.01480 116.56923 113.00000 97.00000 93.00000 4188.65525 4048.04907 3971.56283 90.00000 188.00000 79.00000 159.00000 76.00000 147.25000
116.83290 109.62375 104.08443 95.00000 87.00000 80.00000 4566.42336 4785.30216 5032.35077 71.00000 141.00000 66.00000 128.00000 59.00000 121.00000
125.01300 111.71062 104.73346 99.00000 88.00000 82.00000 3954.63408 3946.97517 3943.63730 84.00000 164.00000 73.00000 141.00000 69.00000 129.00000
135.00325 123.41533 121.59315 129.00000 118.00000 115.00000 2268.14927 2749.91858 3555.96257 116.00000 166.00000 94.00000 141.00000 84.00000 132.00000
103.83766 108.44118 126.91234 61.00000 60.00000 89.00000 8800.93661 9139.04537 7533.06133 32.00000 228.00000 35.00000 248.00000 60.00000 254.00000
130.39902 122.03442 121.58092 103.00000 93.00000 94.00000 4790.95684 5075.53159 4921.17747 84.00000 186.00000 76.00000 176.00000 78.00000 171.00000
109.32343 120.21278 128.03287 119.00000 123.00000 123.00000 1822.95561 2598.57830 4812.76180 81.00000 135.00000 83.00000 146.00000 77.00000 147.00000
113.96104 109.00412 110.32480 109.00000 102.00000 103.00000 2354.20770 2167.75557 2265.33350 77.00000 149.00000 75.00000 143.00000 76.00000 145.00000
128.99255 124.16968 128.02446 136.00000 127.00000 131.00000 2313.35657 2086.88271 2232.18866 99.00000 160.00000 98.00000 148.00000 100.00000 153.00000
130.01294 121.05661 114.59157 109.00000 100.00000 94.00000 4220.12795 4476.28213 4747.70924 89.00000 159.00000 81.00000 142.00000 75.00000 130.00000
102.92139 92.53720 106.90523 77.00000 73.00000 84.00000 3993.88936 3649.23415 3825.41092 59.00000 123.00000 53.00000 98.00000 54.00000 166.00000
129.11484 121.95717 131.60716 108.00000 99.00000 109.00000 4674.71820 4713.27339 4495.20608 83.00000 176.00000 78.00000 163.00000 88.00000 176.00000
94.98047 95.89189 109.01009 66.00000 67.00000 84.00000 8048.20366 7710.12224 6983.19526 24.00000 125.00000 26.00000 123.00000 39.00000 138.00000
131.49652 121.20374 118.30371 126.00000 114.00000 111.00000 1730.95891 2191.47409 3156.66853 110.00000 170.00000 92.00000 161.00000 76.00000 150.00000
120.85735 112.00819 107.96754 111.00000 98.00000 96.00000 4204.35598 4460.07411 4591.47278 64.00000 178.00000 55.00000 159.00000 51.00000 145.00000
133.00549 129.86479 132.53902 132.00000 123.00000 120.00000 2363.68668 2497.08485 3709.48111 97.00000 178.00000 92.00000 184.00000 91.00000 184.00000
164.58604 174.89027 177.26268 194.00000 207.00000 208.00000 3932.15806 4497.62967 4563.00099 131.00000 207.00000 137.00000 223.00000 141.00000 226.00000
111.04492 110.11035 115.14270 90.00000 89.00000 92.00000 4826.96954 4822.53876 5203.29079 54.00000 194.00000 55.00000 193.00000 60.00000 198.00000
104.00037 95.90659 88.51797 78.00000 72.00000 66.00000 4547.73196 4492.55478 4458.01506 61.00000 126.00000 55.00000 112.00000 50.00000 100.00000
113.03009 122.42760 150.65761 89.00000 96.00000 132.00000 5711.68492 5097.41865 3769.58859 55.00000 163.00000 74.00000 169.00000 113.00000 199.00000
95.74414 115.98466 111.82150 68.00000 82.00000 71.00000 5875.31555 6717.73477 8109.62219 30.00000 159.00000 47.00000 204.00000 40.00000 212.00000
160.21017 171.70453 169.20990 172.00000 194.00000 199.00000 2574.44145 3374.90858 4030.07649 135.00000 196.00000 140.00000 213.00000 126.00000 218.00000
148.69550 140.01878 130.29106 116.00000 106.00000 99.00000 5047.63082 5647.81976 6275.51643 101.00000 247.00000 91.00000 242.00000 73.00000 229.00000
122.80226 126.55804 134.46361 107.00000 110.00000 118.00000 4971.72611 4575.37810 4008.41326 70.00000 157.00000 78.00000 162.00000 89.00000 172.00000
137.31758 146.18471 150.21010 159.00000 180.00000 183.00000 3791.54717 4459.08138 4642.18646 94.00000 186.00000 94.00000 201.00000 97.00000 205.00000
123.92056 127.26125 114.10046 119.00000 128.00000 114.00000 5479.20844 4647.73856 4561.24561 69.00000 180.00000 73.00000 182.00000 54.00000 171.00000
106.01262 96.55774 91.74811 84.00000 77.00000 74.00000 4147.06724 4099.52300 3981.17218 65.00000 128.00000 58.00000 110.00000 58.00000 100.00000
147.38145 135.67325 139.26619 143.00000 131.00000 135.00000 3911.99983 4241.17793 4267.24419 101.00000 190.00000 92.00000 175.00000 96.00000 180.25000
122.49966 120.58234 109.92917 116.00000 113.00000 111.00000 2787.86618 2621.81799 3285.43859 88.00000 158.00000 85.00000 161.00000 60.00000 154.00000
128.30507 117.91405 109.23726 104.00000 101.00000 88.00000 4266.96533 3241.39039 3305.36087 74.00000 203.00000 73.00000 182.00000 63.00000 176.00000
97.63019 90.33270 86.55507 80.00000 74.00000 70.00000 3888.32860 3931.45913 3914.37398 62.00000 112.00000 54.00000 101.00000 53.00000 95.00000
106.59746 96.30583 89.91646 79.00000 70.00000 64.00000 4759.03939 4966.30880 5111.87722 62.00000 129.00000 52.00000 110.00000 48.00000 99.00000
102.23569 103.63568 116.27274 101.00000 101.00000 101.00000 4222.55886 4542.37121 5859.96730 40.00000 155.00000 39.00000 168.00000 46.00000 198.00000
75.06006 78.37022 76.88676 60.00000 78.00000 91.00000 2360.55508 1612.93601 1375.15299 37.00000 118.00000 50.00000 106.00000 45.00000 105.00000
121.98653 118.12263 116.54364 125.00000 119.00000 118.00000 3130.01705 3306.59063 3497.70143 89.00000 155.00000 78.00000 147.00000 76.00000 147.00000
80.12456 78.97177 105.56781 51.00000 53.00000 90.00000 5671.91169 5242.94268 4656.96943 28.00000 112.00000 31.00000 100.00000 60.00000 133.25000
138.60434 128.94954 119.47519 120.00000 107.00000 94.00000 4713.67536 4994.73599 4816.13690 84.00000 188.00000 77.00000 176.00000 72.00000 159.00000
107.06149 108.41673 120.19589 97.00000 97.00000 116.00000 4195.46585 4036.50976 3934.27904 64.00000 134.00000 67.00000 134.00000 75.00000 148.00000
125.34981 120.98004 124.98251 118.00000 106.00000 104.00000 3944.25662 4102.94327 5351.91421 91.00000 193.00000 85.00000 194.00000 83.00000 212.00000
144.51344 140.21432 149.80833 117.00000 110.00000 122.00000 4604.62442 4803.48171 4433.48232 86.00000 218.00000 83.00000 205.00000 96.00000 211.00000
123.22159 114.37819 108.65962 108.00000 100.00000 95.00000 4607.26261 4681.13110 4794.61814 76.00000 164.00000 68.00000 148.00000 61.00000 138.00000
121.24353 115.51869 119.27290 119.00000 105.00000 109.00000 3180.65853 3366.24544 3318.97925 87.00000 141.00000 82.00000 136.00000 87.00000 139.00000
111.60948 107.41148 129.65840 101.00000 95.00000 125.00000 4852.09830 5034.75562 4232.13717 63.00000 135.00000 60.00000 129.00000 86.00000 155.00000
103.14796 119.63582 150.30324 88.00000 108.00000 151.00000 7315.81418 6490.46391 5451.75947 28.00000 151.00000 52.00000 174.00000 89.00000 214.00000
167.32283 147.13123 136.89214 150.00000 128.00000 119.00000 3204.61442 3378.42544 3252.93464 131.00000 220.25000 111.00000 191.00000 107.00000 169.00000
113.41084 106.62796 100.99991 88.00000 80.00000 74.00000 5201.93208 5613.06145 5861.06216 71.00000 137.00000 62.00000 128.00000 51.00000 119.00000
129.38742 129.62630 140.24132 114.00000 117.00000 133.00000 5738.82894 5490.94120 5251.47447 75.00000 192.00000 74.00000 189.00000 89.00000 199.00000
123.50063 115.42715 112.99176 110.00000 93.00000 82.00000 4594.67691 5659.73835 6329.52334 67.00000 179.00000 56.00000 162.00000 54.00000 138.00000
139.36095 129.74187 125.24600 107.50000 96.00000 91.00000 5223.21367 6038.78794 5871.25586 84.00000 230.00000 75.00000 227.00000 71.00000 216.00000
102.36536 92.98967 87.13707 93.00000 83.00000 76.00000 3989.64038 4115.23749 4299.76031 56.00000 119.00000 47.00000 108.00000 40.00000 101.00000
109.51180 104.58279 103.62689 112.00000 107.00000 108.00000 2290.94838 2186.34700 2309.50636 76.00000 133.00000 68.00000 127.00000 65.00000 126.00000
127.62354 118.64951 124.72214 138.00000 126.00000 122.00000 2131.45071 2264.19173 2741.83719 105.00000 154.00000 103.00000 142.00000 100.00000 167.00000
93.61856 92.62726 93.02104 80.00000 79.00000 78.00000 5467.83058 5296.51173 5523.45261 20.00000 164.00000 21.00000 160.00000 23.00000 148.00000
87.06599 91.47047 114.11140 100.00000 96.00000 98.00000 2535.25652 2924.72319 4781.78210 35.00000 124.00000 37.00000 141.00000 54.00000 174.00000
123.09779 121.87605 121.34161 116.00000 110.00000 106.00000 2714.29560 2535.75308 2891.06924 78.00000 167.00000 83.00000 149.00000 92.00000 140.00000
131.45282 127.00786 140.78738 115.00000 108.00000 134.00000 4292.94946 4621.53487 4239.43871 82.00000 206.00000 78.00000 208.00000 94.00000 215.00000
125.93970 114.97327 112.29521 100.00000 93.00000 96.00000 4407.47814 4240.41786 4041.69799 84.00000 169.00000 77.00000 147.00000 77.00000 137.00000
131.17912 116.50414 109.19020 114.00000 95.00000 86.00000 4967.15699 4792.25801 4706.92877 83.00000 187.00000 71.00000 162.00000 64.00000 147.00000
111.68474 133.16672 132.65474 149.00000 162.00000 124.00000 5793.59310 5903.74439 6255.79637 31.00000 163.00000 51.00000 208.00000 53.00000 228.00000
126.24702 122.10645 126.68117 121.00000 114.00000 124.00000 3736.91803 3914.37826 4980.13264 79.00000 172.00000 76.00000 160.00000 64.00000 170.00000
125.97351 117.35928 110.90251 103.00000 95.00000 89.00000 5061.47226 5171.87159 5149.72660 74.00000 164.00000 67.00000 147.00000 61.00000 136.00000
93.58412 96.84312 95.87260 93.00000 103.00000 98.00000 4527.39209 3970.09763 5154.25908 32.00000 146.00000 41.00000 132.00000 22.00000 172.00000
102.01059 92.02612 89.08124 83.00000 74.00000 71.00000 4031.38081 4109.75264 4112.81078 66.00000 114.00000 56.00000 100.00000 54.00000 95.00000
118.55342 107.50853 98.14223 100.00000 93.00000 86.00000 3306.74544 3473.23995 3810.46474 93.00000 130.00000 79.00000 112.00000 65.00000 100.00000
133.11224 135.01938 137.70369 126.00000 124.00000 124.00000 5256.84580 6157.84505 7039.84398 66.00000 208.00000 65.00000 218.00000 64.00000 229.00000
97.17143 88.65088 93.24023 94.00000 86.00000 100.00000 2360.21559 2128.01227 2293.69171 60.00000 140.00000 52.00000 126.00000 53.00000 128.00000
160.16992 149.20815 156.64145 165.00000 150.00000 156.00000 3484.21545 4329.00125 4882.60734 107.00000 226.00000 87.00000 226.00000 90.00000 246.00000
107.59906 100.33578 89.06444 65.00000 61.00000 55.00000 6247.07554 6139.99156 5945.63115 51.00000 166.00000 47.00000 143.00000 44.00000 103.00000
154.74335 163.69901 168.34554 132.00000 148.00000 168.00000 7583.65834 6788.04850 6809.35480 93.00000 254.00000 111.00000 254.00000 114.00000 254.00000
87.66872 95.17062 110.91034 63.00000 69.00000 90.00000 4993.08866 5687.97449 5205.03063 34.00000 125.00000 46.00000 116.00000 65.00000 133.00000
128.00049 122.93852 123.39961 125.00000 121.00000 123.00000 2440.90262 2296.13524 2266.36199 104.00000 150.00000 100.00000 140.00000 100.00000 140.00000
128.96901 115.90117 105.86432 125.00000 104.00000 84.00000 8663.29199 8092.19307 8056.32696 33.00000 238.00000 24.00000 223.00000 17.00000 211.00000
99.01003 95.68164 94.33676 83.00000 77.00000 79.00000 4543.59873 3885.80255 3847.61544 46.00000 150.00000 45.00000 142.00000 42.00000 143.00000
120.81012 118.91029 121.20389 103.00000 99.00000 103.00000 5784.50340 6098.15786 6107.92327 70.00000 134.00000 66.00000 132.25000 67.00000 146.00000
134.27959 145.39941 145.38795 120.00000 132.00000 132.00000 4648.19080 4771.53230 4929.45610 75.00000 187.00000 82.00000 213.00000 83.00000 211.00000
127.62959 119.58855 122.06311 127.00000 111.00000 106.00000 2215.73235 2549.20529 3776.13817 90.00000 167.00000 83.00000 169.00000 80.00000 160.00000
137.15224 127.68459 122.46942 110.00000 101.00000 98.00000 3774.40616 4216.68541 4399.27647 102.00000 154.00000 92.00000 141.00000 90.00000 132.00000
129.89655 124.39246 122.56064 90.00000 84.00000 83.00000 6215.24439 6662.38043 6709.26955 75.00000 229.00000 68.00000 226.00000 64.00000 222.00000
117.18031 106.88083 102.15916 87.00000 79.00000 75.00000 4941.85007 5205.91478 5381.37144 76.00000 156.00000 64.00000 136.00000 57.00000 126.00000
149.89815 141.76210 134.68375 129.00000 121.00000 115.00000 3247.13021 3429.38724 3516.15822 109.00000 191.00000 102.00000 179.00000 97.00000 164.00000
124.67415 120.40359 119.99149 125.00000 121.00000 123.00000 2112.42326 2031.00716 2105.70198 104.00000 139.00000 98.00000 132.00000 95.00000 134.00000
115.49614 111.78619 109.41368 116.00000 108.00000 103.00000 2722.23720 2551.32138 2596.45623 72.00000 150.00000 72.00000 142.00000 70.00000 142.00000
123.99309 128.27191 138.54741 116.00000 120.00000 138.00000 2792.87662 2412.02055 2437.57237 96.00000 152.00000 102.00000 151.00000 113.00000 161.00000
137.01816 134.52315 148.88910 126.00000 125.00000 158.00000 4410.03458 4507.14046 4308.31921 88.00000 212.00000 83.00000 210.00000 95.00000 220.00000
139.17480 148.06177 156.61200 143.00000 136.00000 126.00000 5229.60287 6194.87665 7002.52539 70.00000 195.00000 70.00000 228.00000 77.00000 252.00000
114.35121 115.61359 112.55638 98.00000 93.00000 86.00000 3500.47866 3239.39808 3994.53112 61.00000 179.00000 75.00000 158.00000 73.00000 145.00000
122.79211 133.59866 129.07339 106.00000 115.00000 105.00000 4930.20092 5404.09799 5428.74028 66.00000 185.00000 75.00000 195.00000 71.00000 181.00000
129.03444 113.73012 103.52722 108.00000 96.00000 88.00000 4158.05986 4096.34902 4049.67776 93.00000 170.00000 78.00000 144.00000 68.00000 126.00000
113.57674 108.04111 100.56921 88.00000 82.00000 69.00000 5975.51169 6075.89388 5602.21494 50.00000 165.00000 47.00000 154.00000 50.00000 133.00000
147.10371 122.35410 114.43202 153.00000 119.00000 116.00000 6413.66138 6478.79024 5442.46974 72.00000 218.00000 49.00000 174.00000 39.00000 183.00000
149.70979 163.93472 157.90706 166.00000 197.00000 187.00000 4017.58102 5075.51963 5653.13078 102.00000 203.00000 108.00000 224.00000 92.00000 223.00000
124.31865 114.52559 111.41556 95.00000 86.00000 84.00000 4768.83894 5439.67885 5545.64518 80.00000 155.00000 66.00000 148.00000 59.00000 143.00000
132.46501 119.01065 115.10141 115.00000 101.00000 96.00000 4138.16247 4361.87245 4419.06128 82.00000 176.00000 73.00000 156.00000 71.00000 150.00000
108.69806 124.00769 123.36772 98.00000 120.00000 130.00000 2475.47032 1840.99533 2923.69692 69.00000 139.00000 105.00000 143.00000 86.00000 168.00000
126.46864 115.68561 106.79825 103.00000 90.00000 79.00000 5977.04476 5939.83445 5274.16874 58.00000 199.00000 49.00000 176.00000 51.00000 149.00000
115.24104 107.24879 102.02634 88.00000 79.00000 75.00000 4354.03389 4377.78156 4139.98270 69.00000 153.00000 64.00000 139.00000 64.00000 126.00000
97.90076 122.62834 125.89200 95.00000 106.00000 98.00000 4630.04762 5003.81886 6026.79925 34.00000 137.00000 54.00000 185.00000 52.00000 216.00000
106.35080 108.97546 117.21863 79.00000 83.00000 96.00000 5706.03780 5462.13203 4960.63500 53.00000 139.00000 58.00000 140.00000 68.00000 149.00000
124.67723 119.43820 119.28189 124.00000 118.00000 118.00000 2469.56307 2486.21911 2473.92524 102.00000 137.00000 96.00000 129.00000 95.00000 128.00000
128.70535 131.09375 145.36293 110.00000 112.00000 133.00000 4862.74427 4636.36777 4064.92039 88.00000 166.00000 92.00000 166.00000 106.00000 185.00000
129.63437 120.61067 113.11229 128.00000 118.00000 113.00000 3011.90495 2631.81814 2770.30787 87.00000 168.00000 80.00000 152.00000 72.00000 144.00000
134.40767 127.37581 121.95839 94.00000 85.00000 78.00000 6143.62249 6709.62694 7077.93023 78.00000 247.00000 69.00000 243.00000 63.00000 240.00000
110.30396 98.43452 90.36838 92.00000 82.00000 74.00000 4373.78984 4502.54344 4565.63908 60.00000 147.00000 49.00000 128.00000 43.00000 115.00000
131.55023 112.78868 110.90561 139.00000 113.00000 105.00000 2432.89671 2461.44132 2985.82923 96.00000 162.00000 81.00000 125.00000 76.00000 127.00000
102.65280 116.68057 113.79926 73.00000 91.00000 82.00000 5622.74573 5846.34368 6277.97511 49.00000 125.00000 54.00000 192.00000 52.00000 177.00000
96.86864 100.46198 100.88210 57.00000 61.00000 64.00000 6986.97840 7368.60164 7203.27612 43.00000 114.00000 45.00000 117.00000 46.00000 112.00000
159.60567 149.79869 139.62105 145.00000 126.00000 110.00000 5090.36704 5643.85335 6149.62310 96.00000 253.00000 88.00000 252.00000 77.00000 245.25000
108.56038 108.88829 116.99652 114.00000 116.00000 113.00000 3830.06752 4047.36177 5246.49688 58.00000 147.00000 52.00000 159.00000 52.00000 184.00000
123.93398 122.85089 126.98331 121.00000 115.00000 115.00000 3053.60048 3221.84367 3896.12066 90.00000 141.00000 88.00000 136.00000 90.00000 139.00000
99.33047 105.18774 113.40947 70.00000 76.00000 91.00000 5405.32438 5517.92187 5549.90532 48.00000 185.00000 55.00000 148.00000 67.00000 143.00000
129.87578 138.90144 136.07079 110.00000 120.00000 116.00000 4801.93765 4201.11326 4226.02024 80.00000 168.00000 93.00000 176.00000 95.00000 170.00000
129.18039 117.21619 110.73116 131.00000 119.00000 115.00000 1728.24010 1594.20601 1891.69953 117.00000 155.00000 102.00000 144.00000 88.00000 133.00000
130.92290 118.23694 108.72304 112.00000 95.00000 94.00000 3830.54845 3802.20668 3986.16083 84.00000 186.00000 78.00000 142.00000 76.00000 117.00000
108.49503 115.30803 154.03395 113.00000 128.00000 192.00000 2632.53022 2737.54558 5848.83688 91.00000 136.00000 86.00000 148.00000 84.00000 221.00000
120.45183 114.63658 115.02002 112.00000 106.00000 107.00000 2800.23022 2988.37579 2929.60241 93.00000 135.00000 85.00000 128.00000 85.00000 127.00000
116.14317 144.22986 151.22421 136.00000 139.00000 130.50000 3599.29571 5219.94979 7203.59688 58.00000 158.00000 71.00000 214.00000 68.00000 254.00000
139.44374 148.31314 147.29364 109.00000 122.00000 127.00000 6741.73655 5472.46884 5140.72365 70.00000 233.00000 94.00000 254.00000 103.00000 253.00000
118.42136 123.98775 134.13239 103.00000 111.00000 126.00000 3574.76319 3315.21071 2985.28164 90.00000 145.00000 97.00000 146.00000 108.00000 153.00000
112.35579 115.72702 126.64453 109.00000 111.00000 125.00000 3739.67308 3281.67487 3509.00215 66.00000 157.00000 76.00000 156.00000 81.00000 165.00000
138.80064 147.34322 152.40434 156.00000 175.00000 182.00000 3128.50349 4136.47395 4681.72297 97.00000 181.00000 97.00000 199.00000 99.00000 209.00000
138.73114 155.35602 143.32364 147.00000 188.00000 176.00000 4464.10389 4752.73000 5177.55953 86.00000 199.00000 98.00000 207.00000 72.00000 200.00000
117.31216 109.05641 103.70297 93.00000 86.00000 81.00000 4686.27224 4796.50620 4943.45636 77.00000 151.00000 70.00000 134.00000 64.00000 124.00000
140.83447 127.08992 121.48073 123.00000 109.00000 104.00000 3862.23618 3713.61232 3739.75592 93.00000 193.00000 83.00000 169.00000 78.75000 160.00000
125.69905 127.35107 143.88220 114.00000 115.00000 137.00000 4277.52428 4023.77698 3374.17018 88.00000 153.00000 91.00000 151.00000 108.00000 168.00000
113.94853 110.13077 118.41945 94.00000 89.00000 107.00000 3657.56466 3593.73055 3183.83656 77.00000 135.00000 78.00000 126.00000 89.00000 132.00000
126.83812 121.87154 123.40445 141.00000 135.00000 134.00000 2050.74221 2092.18999 2262.06665 103.00000 156.00000 88.00000 153.00000 87.00000 158.00000
171.84319 163.78499 156.41443 166.00000 155.00000 141.00000 4629.12218 5196.14016 6028.21796 125.00000 255.00000 112.00000 253.00000 97.00000 255.00000
112.70682 101.37482 95.60945 113.00000 85.00000 73.00000 2330.41548 2205.24535 2879.02226 76.00000 147.00000 72.00000 136.00000 60.00000 135.00000
118.24124 110.21761 106.99529 108.00000 100.00000 94.00000 4443.08176 3659.08633 3706.00182 64.00000 176.00000 63.00000 149.00000 58.00000 147.00000
117.18236 117.00998 116.40402 118.00000 119.00000 117.00000 3952.10443 3763.85934 3837.66846 68.00000 153.00000 70.00000 151.00000 67.00000 152.00000
112.86467 104.57343 106.93375 107.00000 89.00000 71.00000 4032.58336 4963.97630 7760.00538 60.00000 169.00000 44.00000 173.00000 40.00000 190.00000
126.02361 117.95566 120.47945 128.00000 119.00000 121.00000 2998.87064 2952.37917 2943.95426 87.00000 149.00000 81.00000 138.00000 83.00000 141.00000
123.52776 118.78043 123.15431 129.00000 121.00000 119.00000 2361.06384 2444.57816 3181.10703 89.00000 149.00000 83.00000 146.00000 83.00000 145.00000
164.77339 164.24017 165.66301 167.00000 169.00000 175.00000 3146.51440 3481.07791 3744.92222 134.00000 220.00000 137.00000 219.00000 138.00000 222.00000
81.77293 79.40720 72.85017 69.00000 65.00000 64.00000 1878.37692 1910.45763 1729.16867 56.00000 92.00000 52.00000 91.00000 49.00000 87.00000
125.40384 127.06389 127.76602 128.00000 126.00000 127.00000 4724.90231 4456.24578 4458.28891 65.00000 154.00000 70.00000 151.00000 70.00000 153.00000
117.57756 126.82292 116.33411 112.00000 131.00000 106.00000 4239.08212 4139.10947 4471.57926 69.00000 151.00000 74.00000 175.00000 57.00000 189.00000
141.79980 138.79689 133.63458 133.00000 129.00000 121.00000 3705.21703 3651.11544 3691.53780 92.00000 171.00000 90.00000 167.00000 86.00000 160.00000
135.20332 122.94673 119.96602 114.00000 100.00000 94.00000 5036.17947 6098.28380 6055.91890 81.00000 203.00000 68.00000 199.00000 65.00000 194.00000
116.08536 114.91028 118.47165 129.00000 128.00000 127.00000 2925.88023 2420.07307 3004.93639 77.00000 149.00000 80.00000 145.00000 79.00000 144.00000
119.11598 109.82065 102.41487 116.00000 111.00000 104.00000 4830.37398 4279.88342 4150.41170 62.00000 170.00000 56.00000 154.00000 47.00000 143.00000
125.12447 111.94189 102.93756 96.00000 87.00000 80.00000 4842.67837 4826.24043 4785.04203 78.00000 173.00000 68.00000 149.00000 60.00000 133.00000
120.54440 143.54918 142.28935 102.00000 143.00000 149.00000 3786.56007 2238.23397 2247.65408 71.00000 171.00000 114.00000 171.00000 110.00000 175.00000
89.78543 89.00797 78.91016 82.00000 82.00000 72.00000 3690.42054 3104.19702 2868.29573 37.00000 127.00000 40.00000 127.00000 32.00000 117.00000
120.65919 111.71573 102.69286 87.00000 77.00000 69.00000 6048.18245 6272.98041 5620.43043 57.00000 183.00000 49.00000 166.00000 49.00000 138.00000
131.73570 117.63892 109.53622 115.00000 99.00000 91.00000 5020.94249 5489.81627 5484.55417 81.00000 176.00000 65.00000 155.00000 57.00000 141.00000
136.50578 127.95770 90.57236 142.00000 140.00000 80.00000 4945.31668 4745.25953 4468.15739 80.00000 188.00000 73.00000 171.00000 42.00000 128.00000
80.66365 90.55351 103.35130 63.00000 76.00000 92.00000 4967.95292 4639.57303 4317.44807 26.00000 110.00000 36.00000 121.00000 49.00000 135.00000
139.39012 124.94061 116.96240 159.00000 138.00000 126.00000 2037.10685 1393.33372 1680.47625 101.00000 170.00000 101.00000 150.00000 84.00000 150.00000
124.20128 120.56136 146.37605 111.00000 108.00000 140.00000 3491.70126 3587.45205 2918.88277 90.00000 143.00000 85.00000 138.00000 111.00000 168.00000
123.03148 118.69672 111.84496 126.00000 112.00000 96.00000 1845.13129 2011.57297 3650.73223 96.00000 147.00000 87.00000 157.00000 67.00000 156.00000
