0.06567
0.06518
0.05999
0.07677
0.04938
0.04571
0.12188
0.03913
0.08062
0.03696
0.05038
0.08251
0.06364
0.03846
0.07226
0.07470
0.05439
0.07796
0.10312
0.06486
0.07585
0.02197
0.07420
0.10760
0.05226
0.07555
0.07674
0.05974
0.05084
0.07045
0.04441
0.10253
0.03832
0.08298
0.08329
0.04713
0.05026
0.09814
0.08026
0.04480
0.06251
0.03459
0.12062
0.10550
0.04037
0.08630
0.04500
0.02720
0.06720
0.03914
0.03356
0.03700
0.07982
0.05571
0.04444
0.04091
0.07398
0.01356
0.04603
0.02666
0.05842
0.05297
0.07947
0.03632
0.02605
0.03750
0.02221
0.04273
0.04820
0.02495
0.03411
0.08460
0.05839
0.07383
0.07778
0.12109
0.03984
0.08092
0.07531
0.10324
0.06693
0.08356
0.03097
0.08780
0.03680
0.03549
0.08892
0.03878
0.08969
0.04157
0.07029
0.05518
0.04384
0.04194
0.04179
0.04419
0.09310
0.05554
0.06580
0.05285
0.07362
0.03648
0.05796
0.03188
0.02883
0.04591
0.11786
0.05148
0.07342
0.04393
0.07481
0.05311
0.04313
0.04918
0.03760
0.10815
0.07874
0.03870
0.07479
0.03850
0.10149
0.05227
0.03357
0.11731
0.05373
0.02617
0.03935
0.04093
0.11215
0.08332
0.06725
0.03943
0.04041
0.05073
0.09312
0.03799
0.12113
0.02850
0.04288
0.05457
0.01773
0.07888
0.11776
0.07629
0.09059
0.01588
0.09606
0.06117
0.03555
0.02376
0.05053
0.04635
0.05084
0.04973
0.05057
0.05141
0.11005
0.02978
0.02274
0.03478
0.04586
0.04140
0.04750
0.05766
0.03918
0.04430
0.06498
0.03486
0.04851
0.06076
0.08240
0.07884
0.05072
0.09098
0.08366
0.03090
0.08107
0.05073
0.06417
0.11499
0.04268
0.08858
0.04383
0.06796
0.05655
0.05230
0.05082
0.06801
0.03776
0.06302
0.07373
0.03032
0.04767
0.07762
0.03177
0.06557
0.10370
0.03777
0.03335
0.04626
0.07829
0.09439
0.05731
0.05262
0.01663
0.04735
0.07423
0.02712
0.06087
0.10589
0.08232
0.04993
0.07990
0.02476
0.07521
0.05978
0.08093
0.03167
0.03571
0.05899
0.06475
0.01959
0.07800
0.07008
0.04730
0.08958
0.04045
0.02614
0.06792
0.06783
0.06882
0.03212
0.04602
0.05391
0.06045
0.04277
0.04917
0.06597
0.04132
0.05387
0.07345
0.07817
0.02768
0.04775
0.03736
0.05575
0.04094
0.03075
0.05876
0.03118
0.07132
0.06681
0.04041
0.04907
0.06347
0.07998
0.05423
0.09811
0.02980
0.04335
0.06685
0.11953
0.03734
0.07028
0.03836
0.03324
0.05457
0.12321
0.06269
0.05102
0.02632
0.06974
0.03669
0.10072
0.05300
0.05246
0.05711
0.13120
0.05752
0.04074
0.08097
0.07240
0.01920
0.08921
0.06048
0.05143
0.05500
0.03390
0.07633
0.03134
0.04806
0.08863