0.07190
0.11004
0.08490
0.06795
0.06397
0.10279
0.07142
0.08237
0.10298
0.06508
0.07791
0.08454
0.05652
0.08922
0.08425
0.08747
0.07715
0.08256
0.07196
0.05151
0.07020
0.08973
0.07180
0.07796
0.06434
0.07221
0.09098
0.06863
0.04963
0.07671
0.08379
0.08620
0.07590
0.06868
0.05527
0.07150
0.06807
0.09001
0.05496
0.11776
0.04601
0.06603
0.09092
0.06534
0.07085
0.05050
0.10470
0.09899
0.06719
0.06327
0.09620
0.12064
0.07410
0.12235
0.06742
0.09360
0.08125
0.08997
0.06929
0.08877
0.06727
0.06464
0.07121
0.06380
0.07364
0.09145
0.08856
0.07059
0.08444
0.08623
0.10792
0.09098
0.07482
0.04632
0.05945
0.07700
0.10498
0.08315
0.04522
0.09123
0.06055
0.06596
0.07927
0.08141
0.08117
0.08252
0.06268
0.06481
0.06931
0.08544
0.03651
0.05811
0.03684
0.08681
0.09328
0.07708
0.11258
0.03846
0.08037
0.10140
0.07285
0.07310
0.06821
0.10679
0.08816
0.09423
0.07112
0.10714
0.08287
0.04978
0.07916
0.08115
0.09185
0.05886
0.04794
0.08637
0.06389
0.07346
0.04368
0.06434
0.05053
0.09255
0.08567
0.07533
0.08904
0.02819
0.06481
0.08728
0.09768
0.06789
0.06631
0.07881
0.07739
0.07507
0.06002
0.09793
0.10755
0.06755
0.06400
0.09745
0.09457
0.07517
0.06166
0.06427
0.07746
0.08328
0.12391
0.06293
0.08639
0.09413
0.06971
0.07788
0.10868
0.09118
0.06911
0.08196
0.07567
0.09691
0.09162
0.05121
0.06568
0.06848
0.08639
0.09268
0.07987
0.07710
0.07077
0.08437
0.13467
0.07705
0.06884
0.07204
0.06049
0.07722
0.04049
0.09506
0.06936
0.08456
0.06896
0.08700
0.10392
0.06790
0.10442
0.07432
0.08145
0.09127
0.07502
0.09061
0.09218
0.09662
0.05226
0.08600
0.07740
0.07769
0.06910
0.06057
0.08767
0.09981
0.07980
0.06654
0.08266
0.07160
0.08456
0.06126
0.05945
0.09057
0.08157
0.11823
0.08867
0.11381
0.06651
0.09496
0.11458
0.07906
0.10756
0.07442
0.07810
0.07938
0.11022
0.07796
0.08079
0.08911
0.07506
0.06625
0.09761
0.10260
0.05868
0.06427
0.06790
0.08700
0.10967
0.08183
0.10654
0.09538
0.05126
0.10212
0.10609
0.05479
0.08017
0.10188
0.08191
0.07226
0.11138
0.05849
0.07023
0.06506
0.08398
0.09451
0.07808
0.10015
0.06654
0.06899
0.06064
0.08182
0.07569
0.10801
0.07288
0.08239
0.06895
0.07064
0.08053
0.07320
0.06339
0.08078
0.07822
0.07942
0.08679
0.11857
0.05850
0.06896
0.07803
0.08687
0.11223
0.08217
0.09839
0.05021
0.10195
0.05677
0.08195
0.10802
0.07441
0.07970
0.06726
0.05576
0.05957
0.10252
0.07788
0.08285
0.05990
0.07981
0.06667
0.05818
