139.00000 24.53957 3411.00000 1107.97274 2.0313112745098425 0.5722288211167127
105.00000 57.39048 6026.00000 1059.34414 4.923468137255032 0.46116676944363183
5.00000 340.40000 1702.00000 407.20784 1.527711397058835 0.555746060491031
31.00000 69.03226 2140.00000 1192.92223 2.826654411764739 0.3897401090202346
87.00000 29.51724 2568.00000 520.24953 1.002619485294133 0.7039444755682734
160.00000 22.58125 3613.00000 738.92380 3.8094822303921276 0.31641623811208164
76.00000 49.82895 3787.00000 1343.00930 3.707352941176526 0.4693118369403063
28.00000 128.39286 3595.00000 877.54621 1.9196078431372763 0.5118171908697816
3.00000 716.66667 2150.00000 1052.97138 2.4865349264705916 0.4140348343414243
98.00000 33.96939 3329.00000 729.67592 2.345848651960815 0.5459723649874291
280.00000 14.00714 3922.00000 704.60739 4.7697150735292935 0.4409005391773656
292.00000 14.22260 4153.00000 989.42197 3.3592371323529355 0.5245202859531127
90.00000 30.57778 2752.00000 425.12735 1.8333792892157001 0.5484102060010125
534.00000 12.96816 6925.00000 1287.31877 7.55274203431347 0.237862326389145
110.00000 13.76364 1514.00000 375.34931 2.0606311274510425 0.5626370468200084
286.00000 16.63636 4758.00000 851.40379 3.4905484068627515 0.34385614579411533
743.00000 13.29475 9878.00000 805.13010 8.99031862745075 0.296490405773186
107.00000 21.91589 2345.00000 1344.99747 2.918060661764691 0.49497163496723817
1517.00000 8.64403 13113.00000 813.44653 26.09485294117807 0.09161413010436269
485.00000 22.05979 10699.00000 689.12224 10.717493872548937 0.23859977106421676
107.00000 36.77570 3935.00000 924.21405 3.8513633578431676 0.40814389719877286
321.00000 16.57321 5320.00000 432.73184 3.3634497549020557 0.48540547918350063
38.00000 33.05263 1256.00000 1700.16669 1.7989276960784346 0.5750843389439791
331.00000 20.18731 6682.00000 1076.94501 4.789935661764529 0.42632547894384143
165.00000 28.32121 4673.00000 1072.22890 3.6682598039215693 0.4517753914798131
96.00000 25.41667 2440.00000 703.77661 2.304794730392202 0.5887362391241383
366.00000 10.54645 3860.00000 810.91191 5.063327205882191 0.22075848223839603
396.00000 11.12374 4405.00000 1196.94961 7.127267156862613 0.3410663049609892
63.00000 26.85714 1692.00000 307.45670 1.0805147058823639 0.6813587128457141
52.00000 27.71154 1441.00000 1697.34549 1.1902879901960917 0.6555804189431147
90.00000 22.33333 2010.00000 242.09364 2.793367034313778 0.5090113723942529
172.00000 29.30814 5041.00000 865.77902 5.090870098039141 0.3546008098421199
240.00000 20.57083 4937.00000 990.96415 3.6515625000000176 0.3530410088325568
112.00000 23.84821 2671.00000 1196.58211 2.824586397058757 0.5154649972664916
560.00000 10.18750 5705.00000 1048.23561 5.316038602940768 0.3462425738860385
439.00000 9.95444 4370.00000 1087.24160 4.432843137255008 0.49088410972760643
429.00000 19.59207 8405.00000 379.67018 4.54662990196114 0.5421084591475671
268.00000 18.48881 4955.00000 765.59126 4.105453431372701 0.5057190932776736
445.00000 7.37303 3281.00000 618.15071 5.851179534313296 0.26166364077157833
93.00000 30.15054 2804.00000 576.50349 2.0663296568627576 0.4856969244755296
141.00000 16.12766 2274.00000 806.62772 1.9977328431373385 0.6119490221609615
74.00000 29.28378 2167.00000 946.59124 1.7750612745098233 0.5345358886278277
360.00000 9.89444 3562.00000 902.59115 3.9236825980392576 0.4427670144199052
446.00000 10.98655 4900.00000 732.81522 5.080958946078256 0.4138789897440955
159.00000 31.99371 5087.00000 599.46697 3.129856004902053 0.4092699001253388
78.00000 25.47436 1987.00000 1067.10362 1.7359987745098169 0.6163305831559217
251.00000 16.84064 4227.00000 823.01988 4.277236519607981 0.33603835082456046
47.00000 49.44681 2324.00000 491.69158 1.3767156862745205 0.671922207541138
884.00000 7.25792 6416.00000 521.39509 6.571461397058964 0.37473678197203086
1245.00000 5.87550 7315.00000 1220.45576 8.94796262254852 0.32477742010003524
278.00000 15.69424 4363.00000 1486.07254 5.100582107842937 0.36939856735605864
573.00000 9.04887 5185.00000 1034.62792 3.4408700980391647 0.4744548138844981
219.00000 13.00913 2849.00000 929.65705 4.511151960784356 0.3207759980443617
327.00000 15.77370 5158.00000 364.10898 2.245343137254853 0.48169090517790497
501.00000 21.68263 10863.00000 311.91057 3.2913449754902206 0.3542229134152856
55.00000 57.65455 3171.00000 512.48921 1.4360447303921955 0.7766101834939219
315.00000 15.63492 4925.00000 357.79829 2.7150888480391804 0.509447085411883
14.00000 86.00000 1204.00000 632.81410 1.5857843137255017 0.5077822252452361
376.00000 15.76862 5929.00000 902.38886 4.758716299019515 0.31268499344611145
10.00000 163.30000 1633.00000 487.62066 1.5435355392157002 0.5308244690447474
116.00000 12.04310 1397.00000 819.77858 2.512775735294081 0.4602093991690075
117.00000 30.79487 3603.00000 663.01149 1.4554381127451377 0.6589888973703333
121.00000 22.17355 2683.00000 512.71456 1.8140471813725747 0.5389029214505866
204.00000 8.41667 1717.00000 970.31711 2.709972426470595 0.5044959619255941
374.00000 13.70588 5126.00000 1700.22277 5.6330422794116775 0.2596435651114042
63.00000 23.15873 1459.00000 522.68476 1.438878676470588 0.664048953623834
365.00000 9.25205 3377.00000 931.15009 2.7638327205882165 0.44678300491635453
118.00000 16.40678 1936.00000 889.33131 3.187699142156899 0.4076994852758123
72.00000 27.26389 1963.00000 1032.08107 2.395266544117632 0.42704358134826215
300.00000 11.18667 3356.00000 903.51803 2.9738970588234763 0.5177169315913412
442.00000 10.21719 4516.00000 1112.67843 4.363281249999946 0.32310478413944277
386.00000 14.16321 5467.00000 1114.36626 5.441130514705953 0.2876559588094897
486.00000 21.31481 10359.00000 925.82246 6.639644607842686 0.28425760187788385
574.00000 6.75436 3877.00000 1321.89437 4.843520220588034 0.2544400292253829
523.00000 12.05354 6304.00000 1201.16372 5.447594975490279 0.28371320347811785
725.00000 18.24138 13225.00000 965.39429 13.319408700980278 0.22000899965376866
450.00000 10.69333 4812.00000 770.37438 6.429457720587965 0.3723832018873082
256.00000 16.62500 4256.00000 779.47084 2.909757965686249 0.4235949790887281
15.00000 103.53333 1553.00000 1672.17390 1.5206648284313855 0.5108258268540804
411.00000 12.73966 5236.00000 1055.38952 7.350628063725676 0.346979862004504
99.00000 19.83838 1964.00000 1360.89917 4.19229473039206 0.24767235482262298
351.00000 17.34473 6088.00000 647.20599 3.666344975490144 0.38770923863303897
65.00000 32.30769 2100.00000 1064.50789 1.5823529411764776 0.5501912344463384
321.00000 9.84424 3160.00000 904.09996 9.769944852940629 0.1445904268384834
79.00000 19.83544 1567.00000 827.87339 4.762561274509622 0.2754802882566036
127.00000 37.92913 4817.00000 664.22324 1.7405330882353387 0.5921570494968911
691.00000 11.15195 7706.00000 687.26636 5.115088848039273 0.4436493253739423
684.00000 12.18275 8333.00000 694.20196 8.184865196078357 0.2874869193609098
115.00000 44.20000 5083.00000 1219.18514 3.744102328431358 0.39204074317766363
73.00000 84.28767 6153.00000 806.87378 2.05652573529419 0.5061762673261725
319.00000 12.95611 4133.00000 654.79278 5.818229166666332 0.247741406402609
210.00000 24.51429 5148.00000 807.38145 3.7020373774510213 0.35562409632027686
241.00000 14.13278 3406.00000 623.24765 2.264123774509799 0.5127977215615785
345.00000 15.31884 5285.00000 536.98565 5.817570465685934 0.32371841117145633
234.00000 12.88034 3014.00000 344.09744 2.6066176470589144 0.4382386933589876
825.00000 18.60000 15345.00000 272.79546 6.134727328431179 0.4193254310032689
124.00000 29.63710 3675.00000 962.54420 2.5939031862745443 0.518572736310809
472.00000 14.90254 7034.00000 1436.30215 7.68291973039177 0.21378679200509138
75.00000 38.25333 2869.00000 1327.73197 1.5051011029411854 0.5878931192942645
73.00000 31.52055 2301.00000 1132.70208 2.7677236519607376 0.41484747070454747
171.00000 13.05263 2232.00000 1121.89075 3.3825980392156616 0.38701906547629145
238.00000 23.99580 5711.00000 1059.97218 4.33432904411769 0.3712116361971955
290.00000 9.76897 2833.00000 707.16895 3.642585784313664 0.3741555453422211
119.00000 18.71429 2227.00000 758.70142 2.091130514705924 0.49193643175292795
63.00000 46.36508 2921.00000 1270.56933 2.8986825980392306 0.5048201828523996
353.00000 17.25779 6092.00000 1300.53059 6.023636642157014 0.26625465159988415
81.00000 30.30864 2455.00000 839.76877 3.0077052696078326 0.31580890274909107
324.00000 15.85802 5138.00000 1508.75366 4.133394607843108 0.5663017224338134
818.00000 7.31540 5984.00000 980.98693 6.521583946078541 0.33688068723644504
282.00000 10.90780 3076.00000 1277.60720 4.304549632352908 0.39972766903986384
189.00000 17.17989 3247.00000 391.44575 1.7275888480392074 0.5031823686454343
37.00000 145.45946 5382.00000 606.98565 2.550398284313762 0.5601407873145631
323.00000 11.85449 3829.00000 882.45609 4.118520220588282 0.323577005160871
540.00000 41.74630 22543.00000 1005.98322 19.53561580882513 0.30697806035381076
395.00000 12.09873 4779.00000 1731.65309 6.737882965686248 0.24128855645161457
753.00000 13.49402 10161.00000 505.50166 8.408593750000582 0.3560427702632643
267.00000 19.80899 5289.00000 548.10071 3.227542892156868 0.3772184535991342
646.00000 10.26625 6632.00000 1062.86572 5.983746936274224 0.3334298650237209
79.00000 34.87342 2755.00000 708.51587 3.316038602941218 0.4109665235929387
285.00000 26.31228 7499.00000 554.12335 6.019990808823553 0.34217823254762303
664.00000 12.12199 8049.00000 994.43261 7.170312499999805 0.4132169275273271
119.00000 34.20168 4070.00000 901.16078 2.083226102941183 0.500052016067393
985.00000 17.05787 16802.00000 748.46184 16.506295955882962 0.10844516672512503
340.00000 20.14118 6848.00000 248.81458 1.9752450980392369 0.45935562122668216
57.00000 26.54386 1513.00000 1153.78233 1.6679993872549048 0.521569499116488
64.00000 22.89062 1465.00000 740.46383 1.6171109068627652 0.5538351349114663
346.00000 14.51445 5022.00000 1150.80638 4.272824754901821 0.4034523859929544
468.00000 8.37179 3918.00000 1321.05559 3.2321537990195517 0.4732002687878369
42.00000 49.64286 2085.00000 1609.06355 1.676179534313739 0.5409476524022324
372.00000 15.04301 5596.00000 643.78118 4.401700367647056 0.4318937359070162
233.00000 22.62232 5271.00000 167.18377 2.4709865196077736 0.4043662941714147
264.00000 21.38636 5646.00000 1099.61085 3.624080882353182 0.4862278039008497
361.00000 13.08587 4724.00000 1077.83876 6.223192401960595 0.3431556168108513
136.00000 33.41176 4544.00000 627.04846 3.199341299019763 0.5206815936147888
45.00000 39.88889 1795.00000 1221.91047 1.3460171568627497 0.5775874517150676
384.00000 11.48958 4412.00000 1032.29761 3.0324908088235456 0.4986730124069388
831.00000 10.45848 8691.00000 571.87825 6.12904411764695 0.42995099096903866
39.00000 61.00000 2379.00000 1268.33036 1.5357536764706294 0.5960892485672816
375.00000 11.64533 4367.00000 1186.83891 5.1141237745097365 0.4210804708952289
1087.00000 10.69917 11630.00000 756.82620 10.278477328430352 0.23136906902689894
283.00000 17.34276 4908.00000 754.25883 3.6178002450980338 0.3696210178456268
339.00000 17.96755 6091.00000 1543.95026 4.9602941176469235 0.3718976136620106
707.00000 15.61386 11039.00000 784.70971 11.058287377450517 0.44983840538036296
271.00000 12.44649 3373.00000 1622.99131 5.488373161764111 0.4506913524224326
1539.00000 9.32878 14357.00000 563.06554 16.522503063726926 0.2368278166189943
157.00000 19.22293 3018.00000 1328.30369 3.7614736519608996 0.3697006136843507
42.00000 46.00000 1932.00000 384.83709 1.6273590686274755 0.5377649077125658
118.00000 33.33051 3933.00000 770.14042 3.4956954656863926 0.4326935912466732
192.00000 23.05208 4426.00000 1299.04132 3.736749387255019 0.5705334340841244
230.00000 17.25652 3969.00000 677.13905 3.0893382352943206 0.4187164309000186
183.00000 14.17486 2594.00000 283.60221 2.7112438725489634 0.3968862832762646
254.00000 11.16535 2836.00000 315.81521 2.903140318627451 0.440976963122714
529.00000 12.43100 6576.00000 1161.61124 6.876562499999553 0.45296303785776043
531.00000 13.60075 7222.00000 1524.95117 5.602144607843023 0.4062711800964384
559.00000 10.19857 5701.00000 808.08805 6.008103553921243 0.35609952999951977
89.00000 32.42697 2886.00000 507.04525 1.9534313725491588 0.6061138969073423
350.00000 13.14000 4599.00000 552.80377 4.58841911764706 0.37427305536649297
243.00000 12.05761 2930.00000 978.98457 4.903967524509614 0.24109129367775725
17.00000 79.82353 1357.00000 723.84220 2.503354779411774 0.337398029939417
372.00000 13.16129 4896.00000 669.00079 5.183333333332929 0.31085523473078086
107.00000 42.28972 4525.00000 363.02234 1.6222273284313724 0.4901165385596489
127.00000 25.51181 3240.00000 850.01176 3.396231617647004 0.3283464011293498
311.00000 9.11576 2835.00000 1495.59880 2.5193321078431685 0.6031418290028832
207.00000 14.39614 2980.00000 694.82564 4.6289368872548655 0.3617953379473953
77.00000 30.58442 2355.00000 1434.85196 2.3211397058823846 0.4849453692364991
489.00000 8.30879 4063.00000 1310.66212 5.720833333332964 0.40780277930712266
108.00000 21.37037 2308.00000 509.09459 2.9256127450979825 0.36164203235003756
181.00000 15.36464 2781.00000 614.59940 6.222840073529489 0.1963441809655143
68.00000 30.01471 2041.00000 453.38802 1.326317401960781 0.5408408878230935
150.00000 22.60667 3391.00000 845.40878 1.9582107843138137 0.6553665550223383
771.00000 12.62387 9733.00000 766.32615 9.48544730392132 0.2333710983541818
191.00000 16.20419 3095.00000 374.47191 2.7598192401960393 0.38060072684123164
208.00000 18.16346 3778.00000 772.99349 3.7390471813727557 0.45492919032822343
240.00000 31.23333 7496.00000 1046.30054 6.058884803921231 0.4550404319145596
200.00000 9.49000 1898.00000 606.26169 2.5066329656862267 0.5120669198571968
455.00000 10.01099 4555.00000 992.08820 4.651363357843129 0.392164219522014
513.00000 22.61988 11604.00000 424.00264 5.2349111519605 0.307976693238219
185.00000 46.75676 8650.00000 450.77448 3.2905484068629525 0.39822165479197474
482.00000 9.18672 4428.00000 1352.63517 3.5319852941176006 0.3981587767618466
438.00000 12.11416 5306.00000 1392.92833 4.139996936274493 0.26312411058860796
429.00000 8.67832 3723.00000 1409.82166 6.219316789215518 0.23094157801081813
203.00000 19.40887 3940.00000 396.47442 3.0296262254902477 0.5320092541239166
15.00000 110.53333 1658.00000 568.39248 0.6543198529411827 0.7541546493287119
129.00000 16.54264 2134.00000 1328.73618 4.330759803921518 0.4084302421109999
636.00000 15.49528 9855.00000 1185.76875 9.171308210784181 0.3787581613339065
345.00000 16.59130 5724.00000 784.73364 4.324754901960858 0.35212935822464264
240.00000 17.06667 4096.00000 687.29059 3.54892769607841 0.5737452161602772
366.00000 12.81148 4689.00000 1105.81715 6.205821078431601 0.38586627190389916
373.00000 24.91689 9294.00000 823.96512 5.382077205882552 0.5241431415544668
377.00000 27.74005 10458.00000 1417.73750 7.240732230391791 0.28899090083678425
190.00000 40.01053 7602.00000 250.27689 3.4206188725490843 0.5932654654933333
275.00000 8.60000 2365.00000 646.09997 4.731954656862841 0.4827999698385751
319.00000 19.86520 6337.00000 788.77570 4.857107843137195 0.38842997195219836
751.00000 16.22237 12183.00000 1104.35171 12.592830882351697 0.2621083377038748
175.00000 11.91429 2085.00000 1184.53589 3.4289981617647896 0.42050198539907563
466.00000 15.32618 7142.00000 667.61528 4.589399509803829 0.3373622287230362
305.00000 20.38361 6217.00000 998.47121 4.764828431372502 0.3862435467198431
43.00000 30.67442 1319.00000 350.46241 1.54978553921571 0.5640389573486713
97.00000 28.89691 2803.00000 1184.68591 6.759528186274498 0.2036767687219551
349.00000 17.33238 6049.00000 781.81929 5.499387254901758 0.36558495960666754
397.00000 12.92695 5132.00000 1475.80739 4.656832107843108 0.3968809677687518
133.00000 32.21053 4284.00000 609.40550 3.953339460784365 0.5109684178848953
105.00000 25.17143 2643.00000 622.50378 0.9312346813725758 0.791094705796136
424.00000 13.41509 5688.00000 1109.52467 5.810723039215339 0.4265498399333494
535.00000 20.21308 10814.00000 1265.55793 5.898866421568272 0.3199670338424513
429.00000 8.39860 3603.00000 816.24164 6.543826593136923 0.18240623161680752
476.00000 16.53151 7869.00000 614.01851 8.494500612745059 0.24925306701439076
121.00000 39.71074 4805.00000 1129.41518 3.3422947303923567 0.5121880035358622
511.00000 21.24070 10854.00000 973.14322 7.7907169117652275 0.2788492544918044
57.00000 40.57895 2313.00000 1359.14209 1.6562959558823906 0.5924850031945028
290.00000 42.44138 12308.00000 815.10891 9.56672794117646 0.4808401494770277
104.00000 35.80769 3724.00000 1941.41131 3.1844822303921676 0.4694272242594221
52.00000 39.36538 2047.00000 868.41884 2.4061274509804074 0.41520637178039277
168.00000 21.62500 3633.00000 1121.99665 3.2207873774510656 0.43756706658201516
137.00000 25.15328 3446.00000 1639.45703 4.338771446078422 0.41241248462550684
339.00000 18.95575 6426.00000 1424.25859 4.007643995098122 0.3650064774778593
312.00000 9.35897 2920.00000 944.50158 5.68587622549014 0.22837077360801183
207.00000 24.67150 5107.00000 1089.31776 4.890104166666821 0.37203915115746633
590.00000 9.01356 5318.00000 1050.62787 4.21697303921563 0.34471078408698735
962.00000 9.58628 9222.00000 277.63570 7.825260416666836 0.37168258613609756
254.00000 7.47638 1899.00000 377.69832 2.6280790441176327 0.4275796749790946
161.00000 25.26087 4067.00000 1395.57212 3.115211397058908 0.5892855144957662
10.00000 190.00000 1900.00000 747.67185 1.1974264705882243 0.6302973056383478
155.00000 12.36129 1916.00000 963.47563 3.5499693627451108 0.3613634412348179
114.00000 20.14912 2297.00000 800.21383 2.640242034313706 0.5422896670062244
302.00000 21.49007 6490.00000 1008.06068 5.339966299019241 0.4837870083320059
155.00000 20.35484 3155.00000 505.47723 1.6749846813725957 0.5218138167366738
204.00000 33.37255 6808.00000 1008.71527 3.8106464460786422 0.4926822864654566
16.00000 161.93750 2591.00000 459.19754 1.1724264705882639 0.7891746367123684
22.00000 88.09091 1938.00000 413.86237 0.9594362745098342 0.7352052462514777
832.00000 10.75841 8951.00000 770.23757 6.377542892157056 0.444374803772302
263.00000 13.66540 3594.00000 1954.75681 3.2836856617646464 0.5524179819597579
415.00000 10.48193 4350.00000 1006.46460 4.232123161764797 0.44751767815344784
488.00000 9.43238 4603.00000 608.96865 5.637132352940742 0.2378726929804655
64.00000 51.28125 3282.00000 736.84742 1.9065563725490773 0.6041579414000571
241.00000 14.70539 3544.00000 772.64767 2.5352328431372895 0.4970072038287338
359.00000 11.84958 4254.00000 639.54105 4.800045955882348 0.2953553249823423
425.00000 14.85647 6314.00000 831.88496 3.3928002450980177 0.4115273648127439
181.00000 19.30387 3494.00000 922.64864 2.6012408088235066 0.4461533089081273
712.00000 9.34410 6653.00000 1037.59740 7.438633578431192 0.3669420759561637
800.00000 9.60500 7684.00000 858.56635 5.5333486519606145 0.3162041351599802
628.00000 19.42675 12200.00000 978.77367 8.629687499999648 0.18694126516448328
134.00000 16.99254 2277.00000 562.53108 2.0607536764706524 0.4985495856608289
52.00000 79.61538 4140.00000 1017.73360 2.556464460784209 0.437572748812177
571.00000 14.66900 8376.00000 715.82257 5.884191176470363 0.302150030554181
176.00000 15.85227 2790.00000 662.24651 2.7292738970588046 0.4154438512113161
132.00000 21.77273 2874.00000 1156.19650 2.891115196078373 0.451454004953369
623.00000 10.60353 6606.00000 1135.57849 5.533088235293977 0.28967628545327145
336.00000 9.65476 3244.00000 1323.72560 7.59967830882329 0.2295631301825468
411.00000 11.46715 4713.00000 1089.36033 3.011657475490124 0.4228863771118757
877.00000 6.86545 6021.00000 904.12094 7.575781250000421 0.36875329643200433
220.00000 13.36364 2940.00000 807.66694 2.624540441176465 0.4397489555160913
339.00000 13.22714 4484.00000 776.93502 4.597640931372556 0.3750992189451378
178.00000 16.17416 2879.00000 404.04356 2.431280637254916 0.5304124321555379
1071.00000 9.28852 9948.00000 542.07722 7.9884497549022395 0.19296421995092844
123.00000 19.30081 2374.00000 1644.49683 3.329947916666625 0.5298413276552414
482.00000 13.86929 6685.00000 1182.61088 4.4071078431371475 0.4458377961492072
635.00000 13.89921 8826.00000 703.56728 8.139139093137233 0.256032323869791
76.00000 29.67105 2255.00000 721.74776 2.4959252450980687 0.49583466435684836
363.00000 11.33333 4114.00000 445.45998 5.589935661764653 0.23390670221503782
197.00000 30.38579 5986.00000 1192.04376 4.7851256127449275 0.5340288519054218
75.00000 26.05333 1954.00000 1076.84918 1.7377910539215926 0.6289668704005266
103.00000 36.22330 3731.00000 1274.77712 3.826256127451006 0.5093568755058931
219.00000 35.09589 7686.00000 816.81136 3.933593750000214 0.5768889944971374
209.00000 17.60287 3679.00000 1057.69471 3.29132965686272 0.48556184863669055
490.00000 20.60612 10097.00000 1377.45398 7.442708333333449 0.2710605819404625
90.00000 22.81111 2053.00000 1150.35844 2.57117034313723 0.4111708744715835
845.00000 6.76095 5713.00000 275.88375 3.9226409313727006 0.48657760515935305
155.00000 15.65161 2426.00000 1248.30697 2.197074142156886 0.5337728512973255
128.00000 63.82812 8170.00000 906.29985 5.4755514705882415 0.4095008741080153
453.00000 6.64018 3008.00000 1387.12992 5.007613357842968 0.24423241599526935
623.00000 19.94864 12428.00000 598.34267 6.146155024509749 0.3958941490560052
186.00000 16.81183 3127.00000 1539.03314 4.472855392156852 0.2799521251887432
270.00000 27.25926 7360.00000 775.35347 7.6515931372551265 0.42234463381096726
1153.00000 10.52385 12134.00000 1283.03501 11.965870098037735 0.29718190729836713
172.00000 17.91279 3081.00000 437.03774 2.8644607843136476 0.4512280302902432
75.00000 30.64000 2298.00000 549.54554 2.53930759803915 0.39869899311850354
90.00000 23.38889 2105.00000 1422.32690 3.588633578431512 0.4865570978234541
116.00000 13.43103 1558.00000 471.83281 1.8913756127451036 0.5826821477939889
574.00000 13.77700 7908.00000 210.19106 6.093351715686185 0.22810708084088469
117.00000 23.82051 2787.00000 1509.70568 1.7079197303921763 0.605507474835003
717.00000 11.35565 8142.00000 807.44359 7.616498161765105 0.26906476791759426
43.00000 31.88372 1371.00000 386.32876 0.7883272058823663 0.7303835413700724
431.00000 17.69142 7625.00000 1170.06679 4.578906249999941 0.4351006891229287
710.00000 15.36479 10909.00000 799.88121 11.169561887254362 0.43218679900999646
141.00000 39.78014 5609.00000 439.43146 1.8920496323529827 0.5363662802963607
566.00000 9.50883 5382.00000 614.86359 6.163235294117539 0.3581247476104577
28.00000 46.10714 1291.00000 1638.13590 3.357781862745082 0.40631006295730027
108.00000 21.70370 2344.00000 979.55945 1.9472426470588244 0.5133337198133233
85.00000 54.31765 4617.00000 1350.27704 2.4714001225489715 0.5847935029628966
96.00000 50.43750 4842.00000 591.35366 2.897028186274543 0.47237386053303954
321.00000 19.62305 6299.00000 475.86726 5.437913602940773 0.24573559575621506
