1872.00000 12.68803 23752.00000 504.25928 35.35261948530521 0.08295536677508748
930.00000 15.90645 14793.00000 780.03942 15.006081495096323 0.355999588545835
2116.00000 10.18951 21561.00000 326.20930 19.807981004905518 0.06055651715152109
1400.00000 12.31714 17244.00000 1425.18225 15.940012254903698 0.3162329403546362
516.00000 16.30814 8415.00000 234.25623 10.426302083332926 0.16844005739810433
2146.00000 8.18500 17565.00000 746.64907 27.225122549023265 0.06339050231479712
1541.00000 18.17586 28009.00000 726.54608 32.24378063726182 0.05566441874962516
2263.00000 11.67123 26412.00000 693.84420 29.66677389706134 0.03860568436334106
1292.00000 14.59985 18863.00000 698.91635 14.33457414215593 0.11137796983818062
1233.00000 15.67964 19333.00000 880.42879 15.780836397057797 0.19603166358998178
1712.00000 6.97021 11933.00000 1088.65540 16.062270220588307 0.21737094088974654
913.00000 37.42169 34166.00000 1465.64560 31.30853247549497 0.10102275971955164
964.00000 18.28320 17625.00000 970.29796 22.294071691180427 0.1301227332375521
2099.00000 9.37113 19670.00000 715.22008 24.922395833335194 0.051889859313170986
1764.00000 9.14116 16125.00000 288.55406 14.07444852941128 0.1684774826901788
1078.00000 26.53061 28600.00000 718.58701 36.74514399510855 0.09477071606844449
1799.00000 9.01334 16215.00000 758.93068 22.92616421569029 0.1038832959436364
2222.00000 12.66382 28139.00000 828.87552 26.268658088236254 0.047989145202500694
1562.00000 9.68182 15123.00000 929.55929 14.607398897057687 0.07982495467651579
2519.00000 5.23382 13184.00000 706.19090 23.445389093139962 0.0506231506310549
1142.00000 11.68301 13342.00000 472.65497 21.37270220588665 0.0863334666404279
2273.00000 6.72943 15296.00000 543.73180 17.38321078431452 0.0970944145629671
1098.00000 29.24408 32110.00000 623.51835 38.59964767158329 0.06040026589522196
1483.00000 20.00202 29663.00000 626.25424 29.209849877457522 0.06429540876163554
1446.00000 5.94537 8597.00000 403.81268 10.274050245097513 0.12128585890404686
1404.00000 16.02279 22496.00000 506.69473 31.895634191186105 0.06941578235546202
918.00000 29.94771 27492.00000 1147.08565 22.9750459558877 0.09027125325829063
1215.00000 23.74321 28848.00000 923.05007 31.18481924020438 0.07128872627414745
1412.00000 15.14023 21378.00000 874.33744 20.459053308826086 0.13600067802452998
1621.00000 15.90068 25775.00000 648.68821 27.411580882355956 0.04806458532219605
2269.00000 5.72234 12984.00000 790.35389 16.013802083332795 0.11440760062852559
1259.00000 13.82049 17400.00000 932.20573 21.557276348039444 0.08591962273398349
2128.00000 7.41024 15769.00000 669.43409 19.045726102943366 0.05918852074889012
1313.00000 24.91622 32715.00000 588.69629 40.7412683823706 0.05007965334564351
1527.00000 16.09365 24575.00000 753.92037 22.75805759803967 0.07602373853437583
2250.00000 9.94800 22383.00000 654.24709 26.275168504904986 0.04636920921944055
1098.00000 13.42532 14741.00000 1028.96284 15.62778799019459 0.39786166227643416
839.00000 26.54708 22273.00000 631.41278 26.19169730393002 0.1589148712098069
682.00000 39.03519 26622.00000 934.38708 26.789996936280765 0.19322029315556616
942.00000 11.09342 10450.00000 180.82662 11.494500612744838 0.3144480637181802
1219.00000 16.90648 20609.00000 464.87747 19.05863970588505 0.09280863606587593
730.00000 8.09315 5908.00000 579.89267 8.458762254901886 0.15060200711112057
960.00000 32.03854 30757.00000 479.36011 31.19572610295269 0.08505099855923719
1194.00000 26.84506 32053.00000 1145.24120 33.472212009811095 0.07492397375986397
1737.00000 7.49799 13024.00000 365.34797 19.998039215690017 0.11138957436860437
729.00000 21.45679 15642.00000 785.12401 16.792830882354036 0.35786777076908594
934.00000 14.27944 13337.00000 603.37681 17.683440563726453 0.1167992325727881
1608.00000 8.09328 13014.00000 453.56133 20.078308823532726 0.06800558616518196
1456.00000 19.67788 28651.00000 757.73095 31.190441176478508 0.04633736301647655
961.00000 21.18106 20355.00000 813.62020 26.157720588241393 0.0712471464674619
391.00000 6.93606 2712.00000 634.02465 9.222594975489596 0.1296408752522056
1129.00000 8.67759 9797.00000 600.81895 10.64541973039162 0.1317116214656745
1727.00000 6.19398 10697.00000 396.21385 15.581188725489897 0.17639781993538836
1023.00000 25.65396 26244.00000 306.35011 25.055085784322124 0.09704149616295024
1546.00000 9.35964 14470.00000 1003.24709 15.085585171568187 0.09337485391298109
1569.00000 7.88400 12370.00000 1056.95468 15.305223651959748 0.19332767875245402
1157.00000 11.25756 13025.00000 885.45517 11.207383578430836 0.12440652930053311
765.00000 6.19869 4742.00000 348.57310 10.23465073529358 0.11022217856059124
1473.00000 16.13442 23766.00000 902.40002 22.44166666666987 0.08711013488093547
2461.00000 8.60382 21174.00000 746.56538 19.562101715689884 0.06666110980340213
1034.00000 19.17215 19824.00000 384.60827 22.17530637255501 0.1037489773090689
783.00000 11.24521 8805.00000 230.20883 11.194745710784504 0.4473053416588427
2010.00000 14.09502 28331.00000 640.17590 43.03086703433244 0.0579848054145356
1775.00000 6.92958 12300.00000 569.60987 16.607582720589072 0.071644863359495
1528.00000 5.62762 8599.00000 589.15857 13.333333333332735 0.1083465949461271
1201.00000 9.76520 11728.00000 465.72543 14.45061274509721 0.19433770624054
2291.00000 7.08075 16222.00000 725.76814 19.92742034313941 0.0758780438265626
882.00000 32.53288 28694.00000 808.77238 23.244715073533346 0.06274786188444118
1830.00000 6.40710 11725.00000 338.88740 13.536933210783369 0.08469579640913599
689.00000 6.21771 4284.00000 610.66269 8.50905330882324 0.12917911748178815
1616.00000 12.61696 20389.00000 672.72588 18.47017463235444 0.06526225337276262
1423.00000 5.29726 7538.00000 795.27478 11.077573529410996 0.12315246752831607
1577.00000 9.69816 15294.00000 601.53153 23.31355698530076 0.07988730800455242
1546.00000 14.40815 22275.00000 556.64712 21.31401654412151 0.06985903096994736
1958.00000 4.49694 8805.00000 789.15793 13.787086397057951 0.10462920970325296
675.00000 48.40593 32674.00000 596.70168 30.149708946088072 0.11127269564921384
2006.00000 7.52642 15098.00000 757.23430 20.494623161766686 0.06557320734239741
1041.00000 26.52930 27617.00000 752.26852 24.156587009805126 0.0937829563398182
1233.00000 14.45499 17823.00000 658.31831 24.3642922794179 0.0815407926703673
1101.00000 12.63306 13909.00000 243.07778 18.63621323529645 0.1530092809069772
1810.00000 11.17845 20233.00000 883.90748 25.190916053922848 0.0608730008017832
1210.00000 22.92562 27740.00000 986.79370 27.42207414215635 0.054642770355746585
1804.00000 10.08869 18200.00000 1059.52695 17.309865196079848 0.08153708123809252
1555.00000 11.93569 18560.00000 709.03708 22.246063112748168 0.09572370876444457
1141.00000 19.82472 22620.00000 634.55746 26.849509803928402 0.07012735712705921
868.00000 12.20046 10590.00000 717.28668 11.133930759803244 0.20106198678974263
1344.00000 15.52232 20862.00000 398.61938 23.94522058824349 0.1833330589800823
1170.00000 13.45726 15745.00000 387.81255 13.938495710783497 0.11626534276488545
908.00000 28.89868 26240.00000 1222.95155 29.71326593138164 0.08751192988993467
1150.00000 21.28957 24483.00000 1110.29612 18.109482230393574 0.08758039046924268
813.00000 37.38991 30398.00000 956.73677 31.768137254911508 0.1272137465326045
2253.00000 9.50067 21405.00000 714.68965 27.09077818627739 0.04519830742801875
1305.00000 16.22835 21178.00000 672.14939 22.721001838236724 0.08782679749975997
1981.00000 11.34326 22471.00000 771.34348 26.856250000003037 0.046508839129809215
1590.00000 7.60189 12087.00000 908.81121 14.069424019606998 0.17440552762197162
1795.00000 9.55153 17145.00000 536.20979 18.892892156866296 0.12784957807613032
1681.00000 6.81440 11455.00000 723.46360 20.591161151965462 0.16289308164063654
619.00000 6.42165 3975.00000 378.76747 9.135125612744627 0.19672001765013064
1435.00000 14.35958 20606.00000 1147.68346 25.835707720592595 0.13376207355808287
1614.00000 11.31908 18269.00000 526.44295 18.095802696080394 0.07837130267893144
2004.00000 10.15419 20349.00000 777.63982 26.94209558824166 0.05461684505736114
2104.00000 9.13213 19214.00000 569.02909 19.23941482843328 0.06365742014156603
1060.00000 21.96981 23288.00000 669.39007 26.35113357843688 0.07651141701723238
1690.00000 16.15562 27303.00000 740.30796 26.321446078434313 0.06439029636228492
1333.00000 7.91973 10557.00000 755.06453 12.64347426470448 0.10210772704485667
1226.00000 16.80669 20605.00000 560.19348 20.50409007353304 0.10059070864298535
1047.00000 26.94365 28210.00000 811.49148 37.2543198529533 0.06037961805918859
1289.00000 15.10473 19470.00000 701.82878 21.167401960788652 0.09167804654743317
1717.00000 12.68666 21783.00000 473.74973 25.277083333340112 0.10851178143439048
1944.00000 6.52160 12678.00000 450.03050 17.776271446080774 0.0847760220809059
1861.00000 11.59968 21587.00000 425.33393 43.32349877452371 0.05845472842214307
1250.00000 8.84800 11060.00000 619.00452 13.614031862743513 0.1523486487944765
1331.00000 19.32457 25721.00000 867.00327 26.77742034314475 0.07677964525511013
1578.00000 9.30925 14690.00000 886.80574 16.228707107843263 0.13475739736834508
2118.00000 12.12937 25690.00000 1261.09330 29.17532169118097 0.043712324035437546
1363.00000 5.85547 7981.00000 604.32093 11.36335784313657 0.2447631565184471
796.00000 22.43719 17860.00000 1027.88603 19.64915747549173 0.1927186694008265
1939.00000 9.44972 18323.00000 1147.56039 19.87389705882444 0.05756826286340555
676.00000 29.26183 19781.00000 385.91959 23.156893382357726 0.11462800302796616
1590.00000 7.34025 11671.00000 302.79626 14.45087316176405 0.09987714613853943
1583.00000 15.73594 24910.00000 648.37166 30.528339460792893 0.09691357807246555
2183.00000 7.46496 16296.00000 789.36051 20.214705882355158 0.06144192480656418
1173.00000 9.46803 11106.00000 796.26409 13.800873161763404 0.1244574895145059
899.00000 30.08009 27042.00000 890.35803 26.430009191185484 0.23817457625169286
1281.00000 14.83450 19003.00000 322.58406 18.390364583336424 0.08957999492202624
1349.00000 5.31134 7165.00000 856.17744 12.211795343136378 0.09952917781914775
2128.00000 4.66165 9920.00000 434.31643 20.84912683823793 0.0575537329942421
846.00000 7.62411 6450.00000 560.00056 8.902343749999668 0.18413872272218376
1466.00000 15.99523 23449.00000 742.26003 25.35333946078782 0.12778106360876498
2261.00000 7.57983 17138.00000 384.88313 17.852527573532285 0.08132727606966837
1189.00000 9.83263 11691.00000 850.26183 15.76989889705775 0.18595877644547332
277.00000 75.50181 20914.00000 953.24579 14.164966299017593 0.1995449650838122
1522.00000 15.26544 23234.00000 535.98107 17.354319852942503 0.07331293536953952
2323.00000 10.00947 23252.00000 688.00989 24.798223039218026 0.046111165731878435
2395.00000 7.31608 17522.00000 564.52116 15.670802696077802 0.07153812088118043
1299.00000 9.57583 12439.00000 849.62419 15.32333026960682 0.08715894681513846
1578.00000 13.70596 21628.00000 461.85390 29.668443627457076 0.061360046879187946
848.00000 5.47524 4643.00000 639.68880 9.49025735294077 0.11755756958322847
1913.00000 7.10559 13593.00000 767.23167 21.57319240196338 0.06473459570611585
1633.00000 10.97795 17927.00000 647.18948 16.150337009803934 0.07580367957717114
1321.00000 6.01438 7945.00000 427.64830 10.272426470587709 0.10959656142292253
1301.00000 10.57341 13756.00000 717.81212 20.47948835784713 0.15430430648527177
1617.00000 13.16759 21292.00000 581.18837 28.913143382359785 0.06678868569470509
940.00000 30.83830 28988.00000 1128.19110 34.43618259804677 0.1428430822730276
996.00000 21.86446 21777.00000 1291.04687 27.06513480392597 0.09767019531303221
110.00000 12.87273 1416.00000 447.76269 6.269699754901881 0.16854762334778253
930.00000 32.35591 30091.00000 470.87651 34.23291973040484 0.10047188234356688
1987.00000 3.87519 7700.00000 649.82367 19.855790441177078 0.060545342882359215
1194.00000 12.55695 14993.00000 566.36476 15.50661764705773 0.10085055956418185
1623.00000 8.53420 13851.00000 447.04283 13.574433210783633 0.10184062465811168
1765.00000 6.98357 12326.00000 315.60290 19.10857843137577 0.14064890068388367
1956.00000 6.59867 12907.00000 498.31917 18.529518995100524 0.08426429553890262
1023.00000 13.17889 13482.00000 392.21258 19.550306372552054 0.1347989156541549
1725.00000 9.38261 16185.00000 529.22391 22.545435049024558 0.09003020663916093
1124.00000 4.92705 5538.00000 891.51805 14.583026960783252 0.16904105058405744
2294.00000 6.88361 15791.00000 540.17178 21.846875000003138 0.058012329805156616
1799.00000 12.81490 23054.00000 369.32283 30.101302083341658 0.08063461699609688
1760.00000 9.46250 16654.00000 1355.30139 17.97287071078603 0.10514789040339781
1799.00000 9.68760 17428.00000 617.73005 13.63368566176392 0.08842982877423647
980.00000 5.98571 5866.00000 238.07193 11.600612745097475 0.10916057107312803
1122.00000 10.49643 11777.00000 500.17746 12.14036458333224 0.1115627899420334
1665.00000 9.38979 15634.00000 715.94108 17.803553921570412 0.10050796284365011
1108.00000 10.67599 11829.00000 935.25914 15.748988970588059 0.09102048989436437
1744.00000 7.54300 13155.00000 646.65909 15.378033088234782 0.07453434416109889
2354.00000 8.86279 20863.00000 735.89739 17.49269301470704 0.06641154821985047
2407.00000 7.58455 18256.00000 573.61328 23.04214154412376 0.07060079714535723
1770.00000 9.17797 16245.00000 442.68002 20.395863970593254 0.09315784153696754
1744.00000 9.44782 16477.00000 441.01544 15.082184436273934 0.1364318458273905
1159.00000 9.31061 10791.00000 811.51105 12.122870710783783 0.21059818010343634
1357.00000 8.25940 11208.00000 508.11094 19.41968443627841 0.11228750700405288
255.00000 45.58039 11623.00000 330.16857 10.805484068627615 0.3793872649628171
1977.00000 5.85331 11572.00000 772.84231 16.345511642156325 0.18203729114141198
2038.00000 6.56330 13376.00000 491.92088 18.554503676473097 0.11010630200015463
831.00000 26.97714 22418.00000 401.22505 26.716528799028218 0.23832934339172016
1086.00000 25.28269 27457.00000 609.46146 27.598345588244484 0.1392936316421673
1831.00000 8.86455 16231.00000 651.56362 14.072166053920945 0.07788000322293206
635.00000 19.43780 12343.00000 740.53548 20.359926470591756 0.180576870903954
1299.00000 12.36721 16065.00000 378.75819 15.182781862744056 0.08363353982281921
1263.00000 11.52969 14562.00000 818.10161 17.889307598039785 0.15728137790624197
1575.00000 18.14413 28577.00000 645.92166 27.186044730399598 0.06018421088458573
1441.00000 8.25607 11897.00000 307.35455 20.13612132353318 0.07582160153171294
893.00000 9.74020 8698.00000 940.26533 12.362576593136426 0.10355903373638917
992.00000 33.95161 33680.00000 742.47154 31.527297794124213 0.04130519223585407
1388.00000 18.46902 25635.00000 642.04522 27.616911764712537 0.05254832770860093
1335.00000 13.50487 18029.00000 637.47126 18.937285539219385 0.09682637561195132
628.00000 13.38057 8403.00000 675.18736 16.524938725489253 0.1425949671885672
1341.00000 14.85384 19919.00000 823.97076 22.12202818627922 0.0902218651561441
1713.00000 3.47811 5958.00000 375.81422 12.974754901959875 0.10392512465529051
1656.00000 9.94324 16466.00000 746.55702 23.511136642159205 0.05382875540382271
1056.00000 7.08428 7481.00000 477.31550 8.847778799019146 0.16518585049098314
654.00000 38.70183 25311.00000 895.68849 28.436121323537485 0.1009085495587896
915.00000 5.39563 4937.00000 683.27678 9.685294117646702 0.12175513583780798
1512.00000 7.15542 10819.00000 531.51649 20.628170955885412 0.07576686509626848
1273.00000 8.44148 10746.00000 474.06232 24.624571078435913 0.05985792451942421
733.00000 4.99454 3661.00000 620.25711 7.344791666666564 0.14616729106012916
2309.00000 9.71719 22437.00000 382.99948 32.75261948529606 0.041127263998177004
1437.00000 11.82603 16994.00000 705.17306 21.331050857847657 0.08919264679300248
686.00000 12.37755 8491.00000 807.39427 9.049999999999386 0.27360891861958997
1225.00000 15.92816 19512.00000 490.60085 18.734191176473992 0.10947236681226973
1488.00000 19.31788 28745.00000 747.91933 29.892340686279468 0.0457440615407233
912.00000 42.78509 39020.00000 787.53240 43.13970588237026 0.034118394962013146
1129.00000 17.79539 20091.00000 929.79003 24.079335171572975 0.10207225063438519
2048.00000 6.54443 13403.00000 350.04725 11.243060661764037 0.10655311231593897
2631.00000 8.44394 22216.00000 728.43422 27.13650428922012 0.10315012135260622
1215.00000 7.20576 8755.00000 753.27127 11.082261029410711 0.14958158078937117
1356.00000 11.75221 15936.00000 488.31370 10.925260416665994 0.12024935555643831
680.00000 19.88971 13525.00000 678.30925 14.993060661764211 0.1982153689569135
1242.00000 8.81643 10950.00000 377.39644 10.878630514705316 0.11574365359415474
815.00000 14.17914 11556.00000 424.07744 14.68183210784305 0.21678282993552656
1332.00000 19.96922 26599.00000 1185.99400 33.9611366421646 0.09426395154578988
1756.00000 16.19989 28447.00000 1208.83613 42.34420955883191 0.03215600071115837
1685.00000 11.46825 19324.00000 751.97926 25.410064338241423 0.092225955912761
1408.00000 14.99574 21114.00000 849.97766 17.315441176470483 0.07180387147070783
1464.00000 13.25137 19400.00000 261.73719 19.639705882357024 0.0704763420001973
319.00000 23.70846 7563.00000 279.20177 7.776102941177004 0.41646477370499646
1790.00000 9.86425 17657.00000 749.98714 17.956939338237827 0.1170654518890165
1874.00000 14.67823 27507.00000 743.68805 32.65839460785246 0.06357188832073862
2045.00000 7.29682 14922.00000 732.55323 18.453446691179376 0.0771877488948692
1440.00000 14.10486 20311.00000 526.78641 20.48374693627683 0.0887118059708172
926.00000 8.18143 7576.00000 702.88357 11.08785232842998 0.158622502167518
1755.00000 5.26382 9238.00000 765.59943 18.62856924019836 0.21800878330279755
1392.00000 7.06609 9836.00000 501.82383 11.649800857842601 0.09409708263983817
1707.00000 13.25308 22623.00000 678.84460 23.513495710789783 0.1412120493994915
1597.00000 16.28992 26015.00000 708.18921 27.648284313733573 0.0749879298075265
1960.00000 7.82500 15337.00000 615.90647 18.32187500000318 0.0721850424573819
1526.00000 6.73853 10283.00000 675.08970 12.819178921567923 0.14429655139580208
1434.00000 7.92329 11362.00000 126.96606 10.760171568626815 0.12226597170310988
1540.00000 7.55974 11642.00000 728.15788 14.25713848039114 0.10780784792389463
1776.00000 11.31588 20097.00000 983.67193 21.376853553925535 0.09342842217733364
1471.00000 15.00272 22069.00000 941.16406 25.317294730397222 0.09498225266775244
1009.00000 15.05649 15192.00000 546.31893 18.529304534315994 0.11508872208105925
2577.00000 6.67326 17197.00000 662.27321 23.48342524510245 0.05190408217567462
898.00000 7.58909 6815.00000 209.79578 9.021032475489754 0.18895466007498662
947.00000 19.16684 18151.00000 964.67720 18.96003370098355 0.12868982890516892
1105.00000 36.98190 40865.00000 830.56670 46.06744791668031 0.02560675531514146
573.00000 9.76265 5594.00000 338.39341 10.515042892155757 0.1284542886127041
958.00000 13.58873 13018.00000 611.40359 13.177879901959939 0.1422327685289289
1153.00000 7.61752 8783.00000 955.84552 13.98451286764531 0.1828551172887442
649.00000 9.50847 6171.00000 391.42992 10.485125612743987 0.1499714768289322
1208.00000 17.01656 20556.00000 861.43461 22.732720588240063 0.1114282226012021
1603.00000 19.11666 30644.00000 1225.53761 24.59025735294209 0.10632950841164307
1617.00000 13.30550 21515.00000 693.67568 21.99263174020065 0.1352670750982291
937.00000 15.23586 14276.00000 576.42610 13.495802696077813 0.15277130729422597
1868.00000 13.39989 25031.00000 882.66402 27.317233455889635 0.07929021681609506
1956.00000 6.33282 12387.00000 764.52110 20.875520833336527 0.10372052607011539
1033.00000 16.69022 17241.00000 776.61082 18.211642156866457 0.23156989196482172
1634.00000 7.81701 12773.00000 637.59676 16.226792279411857 0.07776381789367295
822.00000 14.16910 11647.00000 594.13815 14.59321384803823 0.11873343401820494
1499.00000 16.53903 24792.00000 715.00582 19.410891544119153 0.060600987728686426
844.00000 5.05924 4270.00000 689.04398 11.131295955881733 0.10184898372119343
388.00000 5.20103 2018.00000 336.24779 8.654273897058564 0.13462510545166903
637.00000 49.59184 31590.00000 937.14774 32.36302083334565 0.14266382043968368
1627.00000 8.84511 14391.00000 924.77284 17.49739583333394 0.13954134962582962
1683.00000 10.50624 17682.00000 706.34107 20.720251225494405 0.10450509822890404
2467.00000 7.58006 18700.00000 1416.85191 25.291789215689874 0.057119568486549525
1136.00000 32.80898 37271.00000 663.27986 37.41072303922928 0.048059997113708675
1356.00000 18.79351 25484.00000 788.16186 25.846476715691338 0.08387244617732706
1314.00000 18.56393 24393.00000 697.62374 29.605698529416035 0.0625103371985868
1797.00000 9.52198 17111.00000 732.39175 18.00520833333576 0.08323686644218477
1793.00000 14.05466 25200.00000 856.10691 21.79718137255036 0.05198413858548589
1437.00000 8.24983 11855.00000 543.70313 16.182184436274003 0.15703359111108373
473.00000 45.08668 21326.00000 953.86442 24.1574754902012 0.2513679257043
1242.00000 16.83092 20904.00000 909.75974 20.8365042892194 0.0906884059092232
961.00000 30.73465 29536.00000 434.10906 27.860370710792083 0.05674019303388819
1083.00000 16.90674 18310.00000 1093.89310 20.56655943627839 0.1259229228449986
1564.00000 10.16432 15897.00000 699.01675 17.403216911766194 0.07206869727344908
2108.00000 9.44924 19919.00000 722.97909 25.712990196083748 0.06359124891032682
974.00000 30.18789 29403.00000 458.38243 30.21685049020744 0.10075353773026022
1237.00000 17.03153 21068.00000 685.71037 22.492846200985166 0.1389565591282499
1238.00000 11.66236 14438.00000 906.67478 12.96026348039106 0.15033573262464284
1363.00000 13.02201 17749.00000 727.56124 18.61908700980618 0.06343479232606034
633.00000 15.48183 9800.00000 514.40776 11.906587009802912 0.17351170515000314
1779.00000 15.38449 27369.00000 718.81780 23.37765012255168 0.04874847818826416
1301.00000 11.63874 15142.00000 719.68801 16.8871936274524 0.09496896659174417
1012.00000 28.09783 28435.00000 889.27618 25.728400735300585 0.08249387787100099
868.00000 15.34332 13318.00000 337.57937 9.820618872549334 0.42399693446051356
1840.00000 7.62283 14026.00000 1073.34230 13.67215073529343 0.10137711455735045
790.00000 14.13038 11163.00000 268.15412 11.667264093135927 0.13751332305036912
818.00000 14.32396 11717.00000 756.84452 14.203431372548929 0.1517299365505313
863.00000 16.37543 14132.00000 698.05293 11.955882352940224 0.17735226986575686
885.00000 7.63955 6761.00000 274.32978 8.468979779411555 0.185169305497977
1317.00000 14.51481 19116.00000 1141.18966 23.124586397062753 0.13268323165001175
2274.00000 11.46174 26064.00000 812.43285 23.361642156864402 0.045536852450395834
550.00000 46.64364 25654.00000 938.36777 27.104197303929304 0.15097503500248333
1440.00000 17.12708 24663.00000 815.36182 20.338327205884454 0.12655410129133599
929.00000 12.78364 11876.00000 550.81984 16.960094975490833 0.12929640800425987
642.00000 17.13240 10999.00000 286.65071 13.215134803921199 0.24417896461102304
1305.00000 18.36015 23960.00000 821.92434 22.353691789218647 0.10908367749794137
1869.00000 10.29267 19237.00000 1226.65064 23.2317708333365 0.18270955341746015
952.00000 14.10714 13430.00000 328.38757 15.497809436273958 0.1780533949331225
1787.00000 11.12087 19873.00000 880.99934 19.141084558825483 0.11666574695055221
1971.00000 10.67580 21042.00000 1134.70551 20.63517156862961 0.15437710080517833
