410.00000 29.65610 12159.00000 695.86630 9.273682598039025 0.3952979293716189
777.00000 9.82111 7631.00000 816.79276 12.895833333332776 0.3266531593815091
680.00000 9.73088 6617.00000 825.27016 9.810217524509408 0.2957262141119592
613.00000 26.98858 16544.00000 655.13189 14.144148284312868 0.2382222105757654
580.00000 15.68966 9100.00000 589.38892 12.315977328430973 0.3820212369909674
378.00000 15.23810 5760.00000 770.27888 6.490946691176187 0.46857052687454415
321.00000 36.82243 11820.00000 872.14417 10.027022058822991 0.31568582456568467
256.00000 34.26172 8771.00000 748.43239 8.744148284313814 0.34221807255534553
356.00000 14.16292 5042.00000 968.18369 7.075811887254938 0.4387855009088433
450.00000 17.65778 7946.00000 891.49782 9.386151960784426 0.32226228953860425
636.00000 15.42610 9811.00000 764.98698 9.62593443627392 0.30413474857172884
767.00000 14.46806 11097.00000 862.82121 13.314031862744425 0.30076517216896126
608.00000 22.41612 13629.00000 851.56005 12.425490196077352 0.2492739418348547
858.00000 21.50233 18449.00000 1021.06238 16.817907475488806 0.21047268687718557
645.00000 8.86512 5718.00000 507.37587 9.827680759804014 0.33989504574536505
376.00000 39.02394 14673.00000 716.81562 20.315686274511645 0.17127432210970062
345.00000 38.90435 13422.00000 1371.58567 11.38086703431232 0.3267836259878472
595.00000 24.11765 14350.00000 868.15189 13.750291053920131 0.25795256042917086
675.00000 11.45630 7733.00000 653.64610 11.863664215685546 0.2629555145820342
403.00000 24.04963 9692.00000 754.37340 9.101470588234985 0.22422749880574963
596.00000 18.42953 10984.00000 671.56348 10.537162990195231 0.2854979762507351
496.00000 18.33065 9092.00000 762.98193 9.412699142156493 0.3216636351974939
361.00000 21.77562 7861.00000 613.31295 9.436933210783964 0.2838455597368292
473.00000 26.98309 12763.00000 735.32729 13.621997549019172 0.2520004226501293
661.00000 14.16641 9364.00000 911.01269 9.17774203431373 0.31030732109832787
267.00000 47.91011 12792.00000 647.51300 11.578661151960015 0.24268323906889314
424.00000 23.70283 10050.00000 1217.37860 9.027527573529364 0.36342660889131356
537.00000 17.16015 9215.00000 998.82084 10.699923406862261 0.3369355838491164
528.00000 10.98864 5802.00000 472.12477 9.651531862744926 0.34504116568435866
426.00000 40.06103 17066.00000 1163.48328 13.441299019607056 0.26898364684205717
441.00000 16.85488 7433.00000 681.07805 10.034037990196024 0.3449989300429068
482.00000 18.42946 8883.00000 774.82514 11.684175857843679 0.3888099917103692
591.00000 17.81218 10527.00000 795.10687 13.354733455882766 0.40580528589807324
723.00000 12.46473 9012.00000 565.70987 12.596384803921346 0.2977664507662148
639.00000 12.07512 7716.00000 548.35245 11.140150122548434 0.37173158356031266
572.00000 22.82517 13056.00000 594.84794 15.049371936274989 0.27448540884311423
725.00000 11.30069 8193.00000 818.20300 10.55934436274499 0.2598986528092958
388.00000 41.69845 16179.00000 378.41588 11.543979779412329 0.40056731874608237
369.00000 17.96748 6630.00000 864.88641 6.493658088235119 0.4398147434210573
549.00000 18.90893 10381.00000 722.24649 16.18005514705873 0.2689892727100082
510.00000 18.87647 9627.00000 805.15551 10.770603553921333 0.28902633776559267
262.00000 45.96947 12044.00000 857.62588 10.072212009803708 0.34322344672058275
442.00000 18.24208 8063.00000 958.86793 9.609681372549074 0.47666365744785627
637.00000 14.29356 9105.00000 600.04959 12.936197916666522 0.37936448276146534
399.00000 14.23058 5678.00000 916.90044 6.137147671568568 0.43253566731830007
404.00000 36.82178 14876.00000 467.66130 11.84664522058766 0.296031831651735
449.00000 36.21826 16262.00000 1009.52229 15.73541666666455 0.24090403633220053
686.00000 26.72303 18332.00000 1044.84535 18.25133272058814 0.23651664555693078
701.00000 14.24964 9989.00000 643.19027 14.30839460784264 0.22610561632462783
691.00000 11.66425 8060.00000 476.24940 11.548560049018871 0.2763375167901578
591.00000 13.27580 7846.00000 732.55783 11.689001225490916 0.39677622529860795
656.00000 15.36128 10077.00000 906.88945 14.511979166666857 0.4072667895289547
534.00000 23.33146 12459.00000 626.84747 13.38462009803818 0.16964024043855644
344.00000 18.60465 6400.00000 964.99049 9.05435049019624 0.39692938582683546
717.00000 15.19805 10897.00000 660.62933 13.977098651960507 0.27345227731741223
324.00000 39.82407 12903.00000 1025.66517 10.899371936273385 0.31372813357353957
468.00000 27.89957 13057.00000 746.85885 14.063511029412231 0.2472254844971736
571.00000 19.16462 10943.00000 671.73087 13.569469975490565 0.37294117616086997
502.00000 26.79283 13450.00000 610.23344 11.787882965685336 0.2911055324860093
378.00000 31.19841 11793.00000 781.20216 13.413097426469971 0.3508532495902621
568.00000 15.35387 8721.00000 771.89508 8.703553921568604 0.31537260987530513
492.00000 13.23780 6513.00000 677.59846 7.299188112745202 0.39040595290619345
369.00000 14.56911 5376.00000 778.02499 7.122257965686464 0.36164683166436346
491.00000 21.22811 10423.00000 429.51347 11.652159926470128 0.19444140506756413
440.00000 21.62273 9514.00000 757.93176 7.614338235293865 0.3870964055766083
461.00000 15.17137 6994.00000 886.61700 7.754947916666335 0.37775456673396124
583.00000 17.43568 10165.00000 576.14430 14.754932598038652 0.265081486038254
618.00000 22.67314 14012.00000 716.99252 13.444776348038674 0.29538544906630115
505.00000 20.28119 10242.00000 853.92159 10.496139705881845 0.2785299756991495
453.00000 21.20309 9605.00000 704.66973 8.68739276960773 0.32024442503730655
436.00000 24.20183 10552.00000 777.65427 10.616743259803213 0.28826450923050406
389.00000 22.23393 8649.00000 737.16094 10.58143382352862 0.2967695916597417
601.00000 24.29285 14600.00000 1102.43255 12.980055147059693 0.3080719425433155
573.00000 21.35079 12234.00000 376.09227 12.260876225489746 0.30491115153130155
547.00000 15.55759 8510.00000 582.32580 12.329289215685755 0.31021256957271515
316.00000 43.62342 13785.00000 880.60175 15.820235906861477 0.2963444179341687
632.00000 14.02373 8863.00000 722.54724 12.578860294118172 0.38933269343308247
479.00000 27.73695 13286.00000 747.90734 10.52423406862648 0.31666384715977
535.00000 14.85234 7946.00000 786.21595 8.774724264706352 0.24321422496439782
361.00000 37.49030 13534.00000 775.14304 12.68696384803856 0.3670308099344257
436.00000 17.30275 7544.00000 403.91354 7.502757352941513 0.4249299127323922
577.00000 19.63085 11327.00000 645.95792 15.287484681372549 0.3398549004433772
453.00000 26.79249 12137.00000 797.53170 11.401623774508993 0.3047730217219344
153.00000 52.37255 8013.00000 789.01313 6.319898897058479 0.49173778240204136
376.00000 23.41223 8803.00000 832.40540 8.152083333333344 0.37117745182996403
408.00000 17.80882 7266.00000 945.86952 7.850980392157059 0.3668350610461319
650.00000 18.07385 11748.00000 631.82558 14.04483762254857 0.3331644910626645
515.00000 15.14563 7800.00000 705.42807 11.200995710783682 0.23979091088798543
420.00000 23.73333 9968.00000 724.70106 13.021047794117829 0.3122281845870716
489.00000 46.44376 22711.00000 624.25364 23.1619025735332 0.19764081738368314
556.00000 21.72302 12078.00000 797.10450 11.898988970587867 0.19360693252881495
717.00000 11.64993 8353.00000 518.88860 12.14065563725403 0.285216944848509
346.00000 20.92197 7239.00000 241.68161 6.826286764705555 0.2809713771797296
610.00000 18.83607 11490.00000 801.24509 14.425275735293813 0.2865925528916838
514.00000 26.95331 13854.00000 1136.91929 12.225995710782867 0.25464677716768974
273.00000 29.32601 8006.00000 673.70575 8.449800857843087 0.3296257303505734
539.00000 12.48609 6730.00000 1209.10531 7.271124387254812 0.45162541839192527
535.00000 32.73084 17511.00000 597.08172 13.075628063724473 0.19251123557081576
537.00000 24.93110 13388.00000 985.93483 12.148268995096968 0.275297375401324
317.00000 38.38801 12169.00000 290.14895 9.7544730392163 0.48061124348179024
432.00000 25.35648 10954.00000 668.38375 9.206464460784646 0.3106224011519443
781.00000 12.76953 9973.00000 698.59245 14.271200980391013 0.2420307667610439
531.00000 17.50471 9295.00000 632.55578 11.198299632352331 0.22627562876866433
630.00000 13.68254 8620.00000 651.88917 12.324938725489613 0.272116270699062
412.00000 18.11408 7463.00000 698.80740 7.154304534313447 0.39564544155438397
229.00000 26.53275 6076.00000 890.93503 6.238097426470155 0.40393394562089313
472.00000 32.30720 15249.00000 774.80119 15.969669117646426 0.2196652364905453
300.00000 22.67000 6801.00000 1101.43560 7.685232843137514 0.5855367952141706
683.00000 19.68960 13448.00000 857.67867 14.064705882352541 0.2862308137760695
571.00000 22.15937 12653.00000 670.96248 13.38763786764613 0.32302025104563026
126.00000 82.30952 10371.00000 1098.29223 10.52665441176432 0.47791701277796556
456.00000 46.21711 21075.00000 1013.38882 17.459635416666618 0.206448268924679
596.00000 14.79698 8819.00000 682.64941 12.260998774509536 0.44002869576118947
436.00000 20.97018 9143.00000 1110.99264 8.316436887255344 0.39510602055726474
680.00000 20.98529 14270.00000 776.02696 11.26885723039129 0.22936002300203828
454.00000 25.74890 11690.00000 1003.57755 13.193213848038953 0.3314848312115029
287.00000 45.92683 13181.00000 962.21490 13.05533088235139 0.22767099108621702
467.00000 17.77944 8303.00000 298.90344 9.542264093136978 0.3308993138351914
273.00000 41.37729 11296.00000 758.69881 11.095940563725478 0.3656290697326383
712.00000 14.86657 10585.00000 597.87803 12.513020833332742 0.2874465997520509
707.00000 12.32815 8716.00000 512.91693 12.574954044117003 0.2915649314709701
665.00000 18.18797 12095.00000 768.43719 11.352573529410867 0.25304103404090145
222.00000 47.02703 10440.00000 1090.05274 13.804212622548457 0.3091171585159081
384.00000 23.72396 9110.00000 814.55639 9.178278186274463 0.3830336484647523
445.00000 20.24045 9007.00000 757.57648 10.808180147058911 0.3340993928331918
404.00000 22.34653 9028.00000 337.94045 10.277542892156271 0.1997503475720316
576.00000 29.22222 16832.00000 776.99967 14.494132965685385 0.2450796015614617
509.00000 27.95678 14230.00000 748.84435 11.738756127449864 0.2583656968120872
379.00000 23.16095 8778.00000 1050.94356 12.618183210784842 0.3653360240859262
626.00000 15.97923 10003.00000 657.51832 12.501363357843033 0.33706065610747155
427.00000 17.59719 7514.00000 754.36882 8.092509191176152 0.40185057723875417
381.00000 16.71916 6370.00000 728.60288 9.087806372548984 0.3102690715005276
307.00000 30.72964 9434.00000 1066.51396 8.25545343137274 0.3519177055540226
324.00000 38.04321 12326.00000 664.26517 10.124509803920683 0.3364622289634159
489.00000 15.76278 7708.00000 642.72004 10.80156249999996 0.3911705948933682
611.00000 22.41080 13693.00000 762.09501 14.33074448529326 0.2705991946533828
488.00000 17.68852 8632.00000 688.71435 6.299571078431398 0.35669195705552864
328.00000 14.84756 4870.00000 681.38309 6.583609068627251 0.3527391281244268
425.00000 17.63765 7496.00000 793.07918 7.478783700980357 0.3892004012713503
355.00000 35.73803 12687.00000 1457.92193 11.395664828429723 0.41671543544984974
509.00000 16.84086 8572.00000 764.63467 14.228799019608314 0.3481136699803934
515.00000 19.31456 9947.00000 684.88396 11.63299632352938 0.3945434667470288
685.00000 10.12701 6937.00000 643.82563 10.910661764705484 0.3691207077086357
591.00000 18.09306 10693.00000 601.54043 14.237331495098257 0.32225812062533865
373.00000 35.34584 13184.00000 687.84461 10.571997549018823 0.3845805100282237
424.00000 12.23349 5187.00000 1024.80491 7.56640625000011 0.39263538508372736
614.00000 18.51629 11369.00000 773.93532 12.727221200980242 0.3575368108760994
634.00000 14.79022 9377.00000 829.80290 10.120772058822663 0.2977256867232544
712.00000 14.66292 10440.00000 577.27265 10.985447303920612 0.19397486858877513
357.00000 25.89356 9244.00000 716.24767 12.445251225489427 0.18049219022103402
785.00000 10.71720 8413.00000 713.99774 12.29793198529341 0.29164277078416406
488.00000 18.30943 8935.00000 849.36641 11.434681372548646 0.2091590926145085
828.00000 15.21135 12595.00000 828.43299 16.3283394607849 0.28713346229983416
431.00000 15.44084 6655.00000 811.41576 9.885906862745093 0.3433985702125734
395.00000 25.29620 9992.00000 646.11655 8.34761029411755 0.3984380805871381
393.00000 23.51145 9240.00000 673.61298 9.723820465685806 0.3077812828540333
382.00000 25.17539 9617.00000 806.71668 7.307306985294122 0.4084609722927388
279.00000 38.34050 10697.00000 1398.76892 9.07051164215612 0.3982799149824567
439.00000 30.10934 13218.00000 737.85932 9.919178921568221 0.38735145842212726
534.00000 16.01311 8551.00000 530.68558 12.714460784313484 0.30969433111169903
506.00000 24.32609 12309.00000 1077.35221 13.37236519607791 0.28765234947304
403.00000 22.09429 8904.00000 978.42226 9.636044730392126 0.319024315388856
420.00000 29.35714 12330.00000 1309.05613 10.822319240194684 0.3327070596172354
773.00000 12.71669 9830.00000 920.74061 13.819975490195704 0.4410254098078693
723.00000 16.20470 11716.00000 898.34840 12.387101715685072 0.23998026782729687
345.00000 33.65797 11612.00000 1098.30623 9.967264093136107 0.34005617513776193
695.00000 28.21871 19612.00000 867.34883 19.60873161764804 0.18007998489837918
674.00000 10.89169 7341.00000 524.34757 11.535646446078234 0.3036726085229213
792.00000 15.05051 11920.00000 873.24431 15.564016544118195 0.2379910238845533
578.00000 16.12457 9320.00000 701.36894 9.99180453431355 0.2526926559133221
540.00000 20.11852 10864.00000 658.06059 14.088189338234178 0.25173631258616813
757.00000 8.25627 6250.00000 480.38509 10.655897671568233 0.29136551612626554
518.00000 15.06178 7802.00000 547.48791 11.432935049019342 0.3453452822070598
397.00000 29.61713 11758.00000 769.27881 12.195909926469753 0.25781021552151034
422.00000 36.17773 15267.00000 405.96046 11.353462009803648 0.2897368454931114
680.00000 18.22353 12392.00000 701.82410 10.385094975489425 0.2409115123244833
560.00000 18.63929 10438.00000 731.08752 11.436948529411685 0.26564214030789035
468.00000 14.77564 6915.00000 794.13749 10.046920955882431 0.30402312805980464
752.00000 16.26596 12232.00000 754.21070 14.210569852940242 0.26997075770956647
165.00000 38.40606 6337.00000 785.29172 5.285830269607583 0.4704169447438433
430.00000 17.89302 7694.00000 1007.48332 10.285094975490248 0.36964788529639253
675.00000 14.02074 9464.00000 677.57013 12.678875612744 0.2372793180039699
551.00000 16.97096 9351.00000 683.42737 10.231786151960101 0.2821534075797543
662.00000 16.91692 11199.00000 838.80664 12.000735294116732 0.27896452284705253
374.00000 46.00000 17204.00000 1178.80412 15.66662071078392 0.28976390792226514
658.00000 19.25380 12669.00000 839.78271 16.123100490196826 0.30937154709485626
677.00000 10.96160 7421.00000 661.16041 10.636611519607422 0.36273055351772904
462.00000 32.84199 15173.00000 1013.61508 13.616053921567238 0.2379643450326108
426.00000 13.79577 5877.00000 762.82516 8.432092524510013 0.397574383698081
492.00000 13.41463 6600.00000 855.75111 9.213112745097975 0.4405321785723227
553.00000 10.77034 5956.00000 491.66224 10.606035539215055 0.238239095757706
638.00000 21.98746 14028.00000 541.41547 14.285018382351831 0.2072271396821528
295.00000 28.41356 8382.00000 698.11935 10.388955269606917 0.3064409896317154
647.00000 26.44822 17112.00000 634.93272 14.797870710783462 0.1988375034890687
613.00000 17.76020 10887.00000 714.36676 6.7760416666669485 0.3985675886564498
532.00000 21.82895 11613.00000 731.24259 9.416666666666439 0.3142344890804918
459.00000 24.98039 11466.00000 939.02289 12.014522058822864 0.323914655381353
678.00000 18.00000 12204.00000 679.58737 15.01991421568667 0.3433219728714552
780.00000 16.61667 12961.00000 682.75231 16.374555759804576 0.2645422124440021
358.00000 22.14525 7928.00000 1114.59715 8.026118259804445 0.3967487197773082
605.00000 17.91240 10837.00000 802.88639 10.13043811274446 0.26118410799976843
467.00000 20.21842 9442.00000 718.25371 11.971966911764646 0.3516007602590834
256.00000 48.62891 12449.00000 710.64297 10.741498161764419 0.24685648736976967
522.00000 13.83333 7221.00000 491.00474 11.54270833333286 0.32969728422671585
751.00000 15.95473 11982.00000 547.40290 16.886963848039144 0.35720359478064506
254.00000 21.37402 5429.00000 1003.79425 5.62181372548993 0.42185050347060105
368.00000 33.18478 12212.00000 451.35092 10.077113970587394 0.27287709287724116
421.00000 17.47268 7356.00000 1034.59091 9.048866421568329 0.32946991965565936
560.00000 15.53571 8700.00000 656.83913 11.494546568627841 0.4362918433808004
385.00000 29.72468 11444.00000 1396.68361 15.48717830882264 0.38489679028311774
495.00000 21.96162 10871.00000 746.19639 10.146966911764357 0.30044749820142025
621.00000 22.06441 13702.00000 690.54554 13.37961090686199 0.30279935106514744
408.00000 56.20588 22932.00000 868.19095 31.737101715695562 0.2279758406607299
677.00000 26.37814 17858.00000 570.55907 19.36282169118002 0.14510358126477518
482.00000 22.00830 10608.00000 829.75029 10.852420343136826 0.34297699903337153
712.00000 17.65590 12571.00000 1075.13394 13.039384191175829 0.27365039036792616
456.00000 37.53509 17116.00000 710.55525 12.09590992646949 0.2684671552088758
435.00000 16.69885 7264.00000 752.81949 8.27786458333361 0.5259627136131717
495.00000 16.67879 8256.00000 861.61284 13.423560049020221 0.3695075523958775
876.00000 13.17922 11545.00000 641.35297 16.597625612745304 0.3393310714004987
605.00000 16.26446 9840.00000 848.31189 12.589813112744006 0.3213718137653276
611.00000 14.56628 8900.00000 651.57145 11.159803921567548 0.3217642649124678
537.00000 24.35754 13080.00000 602.99085 11.29606311274413 0.17842151520163513
551.00000 15.49002 8535.00000 843.65097 8.456985294117613 0.3236721181847236
381.00000 30.13911 11483.00000 1007.35652 10.410998774509217 0.28782577627511896
278.00000 22.60072 6283.00000 1223.20984 7.848697916666966 0.46409774067376985
421.00000 16.91924 7123.00000 715.17553 8.228339460784294 0.3196044699021574
510.00000 20.64902 10531.00000 967.26189 12.157368259803233 0.27465891353775906
911.00000 12.33480 11237.00000 615.61644 14.684834558823903 0.32182941315389846
591.00000 13.88156 8204.00000 712.10637 12.068642769608084 0.3538944812324881
495.00000 24.95960 12355.00000 823.42281 11.466636029410786 0.29754306059001584
414.00000 35.56280 14723.00000 1298.78940 12.311029411763014 0.37051174710446
533.00000 17.63415 9399.00000 706.54801 14.691498161764704 0.31680531456680955
498.00000 22.68273 11296.00000 689.59200 14.261458333332726 0.31225084933389935
568.00000 17.91373 10175.00000 877.31564 10.936580882352386 0.3571390175418733
542.00000 18.35978 9951.00000 744.27507 13.317984068627778 0.322877943796737
366.00000 18.33333 6710.00000 615.94766 10.263036151960977 0.3676325100225892
376.00000 19.30053 7257.00000 1003.23737 8.245588235294084 0.37708071575141067
862.00000 10.62761 9161.00000 780.11749 12.259160539215067 0.26290581419034326
646.00000 16.27554 10514.00000 656.73233 10.201577818626745 0.302893597071128
601.00000 23.61231 14191.00000 979.36199 14.021063112743677 0.2883272320225927
896.00000 13.37165 11981.00000 648.86926 11.498161764704589 0.26056241695986854
690.00000 11.27681 7781.00000 871.90062 11.809099264705617 0.4585963153573886
602.00000 15.32558 9226.00000 536.62097 13.17438725490131 0.27136688023919736
565.00000 16.44779 9293.00000 578.20262 9.201623774509441 0.30569064817813835
361.00000 19.89751 7183.00000 887.22914 8.330637254902458 0.32582943589183694
582.00000 11.35223 6607.00000 751.95253 10.055346200980342 0.3439380313491354
299.00000 23.93311 7156.00000 1009.71968 9.87034313725511 0.40834403664784646
681.00000 28.22173 19219.00000 782.74470 22.281648284316343 0.22184720042434367
353.00000 16.92068 5973.00000 762.88261 6.125275735293959 0.4203299236538525
274.00000 20.15693 5523.00000 780.16465 6.023008578431337 0.4517928006448249
592.00000 16.54054 9792.00000 965.58324 10.572947303921303 0.3296780157843072
327.00000 30.24159 9889.00000 572.49448 6.49883578431358 0.3623344033282077
330.00000 25.26970 8339.00000 701.68553 11.620986519607188 0.2517253799138818
267.00000 34.65543 9253.00000 1152.68706 9.598682598038861 0.4539373829898133
523.00000 23.13958 12102.00000 635.53082 9.287729779411697 0.3586198165754768
407.00000 18.84521 7670.00000 1220.11991 6.713097426470427 0.4179871702773834
491.00000 12.09572 5939.00000 1163.16875 6.579396446078464 0.41377850865122134
567.00000 26.26279 14891.00000 836.65787 14.952068014705077 0.27441245561955857
615.00000 28.60976 17595.00000 814.44499 15.308471200978705 0.21046126184631722
308.00000 54.64286 16830.00000 1105.16532 12.662285539214075 0.29604818246511955
446.00000 30.69058 13688.00000 1198.94854 12.796185661762982 0.2981907756498855
422.00000 17.39100 7339.00000 639.28157 10.051256127450928 0.3698517904584879
439.00000 22.20501 9748.00000 722.27061 11.840962009803542 0.35359781323512995
631.00000 21.52298 13581.00000 933.36045 12.343658088234166 0.28795287994282337
431.00000 30.26682 13045.00000 689.41597 11.773238357842812 0.3018136566271508
418.00000 18.87560 7890.00000 676.89526 8.423590686274414 0.3495440203034886
702.00000 10.53989 7399.00000 1148.58950 10.917876838234191 0.3309963124470594
281.00000 33.62633 9449.00000 493.64587 8.487285539215492 0.31231786126294175
699.00000 23.62947 16517.00000 687.41328 14.316007965685603 0.1862946644981902
559.00000 27.97853 15640.00000 727.07059 14.613066789214104 0.24421786739198625
765.00000 18.76340 14354.00000 777.12965 18.214690563727792 0.2515043698543805
748.00000 20.88503 15622.00000 670.99428 19.69275428921893 0.1943130986033049
369.00000 36.48238 13462.00000 713.88754 11.787040441175519 0.2812894763459609
462.00000 21.70779 10029.00000 1178.61489 8.403676470588447 0.3368595973838121
464.00000 13.06034 6060.00000 345.31318 6.754473039215503 0.29047863972017046
531.00000 18.91714 10045.00000 849.24932 10.88769914215599 0.3812766414990644
275.00000 48.02909 13208.00000 903.66380 12.3041207107836 0.3342724553771546
704.00000 15.99574 11261.00000 866.73424 17.401011029412068 0.22065356772575506
751.00000 10.25033 7698.00000 797.66881 12.65193014705831 0.3002650672600002
545.00000 19.54495 10652.00000 697.55392 10.495312499998947 0.24442920575640414
461.00000 48.27332 22254.00000 663.82087 22.815150122552527 0.18038787686342259
573.00000 17.57068 10068.00000 640.35079 13.451485906862521 0.35764664336422575
454.00000 23.90749 10854.00000 1047.66236 8.375582107843176 0.3610225062529542
703.00000 20.04125 14089.00000 588.05969 14.479549632352143 0.1692123244857699
727.00000 10.93535 7950.00000 729.00211 13.345082720588893 0.3743729207215532
690.00000 14.32464 9884.00000 712.59754 14.380300245096775 0.2371634796331091
526.00000 34.81179 18311.00000 867.59687 22.314016544118644 0.19103635210707876
611.00000 17.17840 10496.00000 649.48721 10.63788296568571 0.24014457420383672
540.00000 15.67593 8465.00000 616.50499 11.270220588234722 0.25707946506159807
895.00000 12.86369 11513.00000 918.87876 13.236289828430216 0.30009527441070666
685.00000 15.69343 10750.00000 683.87820 11.04443933823448 0.2947606591666801
