0.07143
0.62500
0.10504
0.56000
0.71505
0.32222
0.53801
0.12433
0.91667
0.62931
0.60271
0.69444
0.16667
0.59701
0.07111
0.68391
0.59957
0.60889
0.11111
0.56039
0.60584
0.98384
0.60290
0.57143
0.81818
0.60784
0.93939
0.53431
0.05556
0.57407
0.93791
0.62500
0.57333
0.50000
0.60452
0.71111
0.88889
0.62719
0.48077
0.50000
0.59365
0.34722
0.62366
0.58861
0.12185
0.60714
0.57865
0.08939
0.64242
0.53814
0.57479
0.58333
0.57895
0.96847
0.08095
0.63333
0.06604
0.38889
0.58333
0.13889
0.67708
0.58454
0.80556
0.74242
0.54874
0.07463
0.66667
0.71591
0.64216
0.60215
0.62083
0.57108
0.56667
0.62092
0.57831
0.58095
0.59053
0.81250
0.58696
0.58743
0.59770
0.21429
0.76923
0.82222
0.94444
0.59583
0.90278
0.61404
0.64461
0.08800
0.57801
0.59568
0.69231
0.60452
0.16667
0.66667
0.59319
0.55864
0.60544
0.58788
0.53556
0.57692
0.68750
0.69048
0.15542
0.58796
0.71212
0.69444
0.61574
0.60667
0.11667
0.08924
0.52778
0.53205
0.53974
0.11985
0.64444
0.58170
0.72464
0.28788
0.60588
0.55618
0.23765
0.95690
0.61310
0.63889
0.51990
0.60354
0.67228
0.16923
0.05556
0.64815
0.63043
0.75000
0.59896
0.63333
0.55952
0.73810
0.61972
0.59829
0.75000
0.54321
0.65333
0.56838
0.57292
0.57864
0.07738
0.64319
0.58073
0.62719
0.08743
0.62222
0.61879
0.62500
0.57456
0.58571
0.07483
0.62121
0.52941
0.68910
0.11538
0.56322
0.57489
0.64815
0.58095
0.61039
0.56667
0.61520
0.68750
0.59091
0.59155
0.07381
0.58442
0.59387
0.07870
0.55172
0.61728
0.88889
0.56878
0.49094
0.49573
0.57292
0.62500
0.85000
0.58333
0.14124
0.11224
0.58772
0.59146
0.57984
0.07639
0.86667
0.61364
0.51780
0.61275
0.54545
0.61594
0.04861
0.58524
0.65789
0.58333
0.59314
0.64706
0.56838
0.54487
0.81250
0.59859
0.70430
0.70588
0.59524
0.63333
0.65989
0.60043
0.57895
0.60559
0.59226
0.58772
0.60112
0.60417
0.08333
0.14286
0.59662
0.58416
0.69048
0.61228
0.23333
0.60345
0.64056
0.85354
0.82609
0.90278
0.62500
0.57143
0.53333
0.61688
0.60417
0.12121
0.59667
0.65909
0.60624
0.56854
0.82222
0.38889
0.61905
0.12403
0.66667
0.58537
0.56522
0.67857
0.60354
0.91667
0.64394
0.59583
0.08831
0.08333
0.60550
0.58046
0.57353
0.10417
0.90196
0.59009
0.60753
0.65351
0.59319
0.62500
0.57018
0.60674
0.94298
0.54264
0.63095
0.62121
0.61667
0.59091
0.66667
0.56863
0.65217
0.56349
0.57682
0.08943
0.04949
0.60417
0.68750
0.05936
0.58222
0.65333
0.96726
0.09259
0.69231
0.58689
0.59091
0.60317
0.16346