0.27044
0.61538
0.22778
0.59957
0.36667
0.32222
0.13934
0.19333
0.20588
0.58519
0.58521
0.23538
0.36508
0.27451
0.30556
0.53646
0.37879
0.18519
0.73333
0.57692
0.76923
0.32407
0.24253
0.14080
0.11979
0.52381
0.23611
0.27652
0.20430
0.19318
0.33333
0.63194
0.19608
0.60417
0.81863
0.18750
0.61232
0.59375
0.59314
0.45833
0.11728
0.19608
0.14693
0.14719
0.32222
0.61111
0.36905
0.25000
0.24638
0.23737
0.20930
0.19444
0.27778
0.56818
0.31707
0.50321
0.75000
0.23737
0.57292
0.46000
0.40741
0.16667
0.60417
0.18750
0.40741
0.60458
0.32407
0.32500
0.12560
0.19333
0.26812
0.25676
0.38462
0.18519
0.23881
0.17134
0.21212
0.12667
0.16000
0.11299
0.18954
0.14695
0.37805
0.13131
0.27132
0.17063
0.36667
0.15152
0.27567
0.47154
0.50758
0.44444
0.19006
0.21069
0.32857
0.53333
0.33333
0.27500
0.61304
0.21111
0.28056
0.20085
0.57738
0.31034
0.33333
0.57870
0.12963
0.60417
0.22619
0.65217
0.22222
0.59091
0.43939
0.53604
0.31173
0.22115
0.62121
0.24848
0.79688
0.23148
0.16667
0.18333
0.23413
0.22436
0.16667
0.29592
0.66146
0.40909
0.17500
0.22917
0.50000
0.61364
0.18750
0.18841
0.15778
0.20502
0.10569
0.19444
0.20833
0.26812
0.20290
0.48333
0.68750
0.58278
0.24031
0.20588
0.14706
0.61111
0.37879
0.18687
0.47222
0.35185
0.57292
0.19048
0.31250
0.63889
0.12500
0.43496
0.36752
0.12092
0.29825
0.19919
0.25000
0.51111
0.28571
0.31250
0.59091
0.33333
0.41892
0.59701
0.61111
0.59772
0.54545
0.45833
0.58333
0.44118
0.57500
0.21667
0.50000
0.15439
0.21429
0.13333
0.19504
0.24806
0.56818
0.20833
0.56250
0.25379
0.27778
0.30952
0.31008
0.19444
0.13842
0.88889
0.19271
0.20398
0.19444
0.60345
0.51515
0.19444
0.19811
0.29012
0.19298
0.28571
0.43519
0.19828
0.57749
0.19608
0.48485
0.58054
0.20225
0.61111
0.16667
0.28788
0.73016
0.30303
0.20930
0.21914
0.20000
0.28571
0.56177
0.17778
0.31034
0.50000
0.24848
0.31034
0.12179
0.31061
0.28744
0.62366
0.51515
0.32407
0.23810
0.40404
0.64394
0.21250
0.29412
0.17484
0.28788
0.50000
0.25516
0.58608
0.54348
0.44444
0.30303
0.57143
0.18827
0.48438
0.16959
0.19136
0.19444
0.32639
0.53448
0.59649
0.26736
0.21839
0.38462
0.11167
0.19444
0.19298
0.50758
0.16875
0.59829
0.08772
0.40152
0.45833
0.38571
0.14352
0.45833
0.38235
0.26667
0.20430
0.19318
0.18408
0.38889
0.23333
0.23043
0.04520
0.35185
0.60833
0.44444
0.31818
0.32051
0.27778
0.19512
0.15278
0.48148
0.56884
0.47596
0.36667
0.24667
0.58466