0.61966
0.52778
0.58333
0.57317
0.07407
0.91667
0.69231
0.16667
0.09091
0.55952
0.60417
0.11667
0.39583
0.60321
0.70000
0.55882
0.50704
0.66667
0.07353
0.40278
0.63889
0.73810
0.56522
0.46667
0.61224
0.24561
0.63333
0.51042
0.07692
0.44444
0.72222
0.09444
0.09568
0.07895
0.07692
0.07323
0.52525
0.12038
0.61404
0.90741
0.33333
0.63333
0.08772
0.11667
0.63580
0.61667
0.23810
0.66667
0.09936
0.05263
0.76667
0.91667
0.26923
0.90909
0.11667
0.52424
0.62500
0.20455
0.56250
0.64444
0.61585
0.54545
0.60377
0.59105
0.63095
0.66667
0.13333
0.58140
0.69697
0.78571
0.88272
0.65333
0.54167
0.30556
0.07692
0.64368
0.86667
0.60784
0.53571
0.66667
0.63194
0.07317
0.61502
0.64368
0.63333
0.55952
0.08333
0.27778
0.09091
0.44444
0.55496
0.07692
0.56190
0.11594
0.61538
0.63333
0.59804
0.22464
0.72059
0.09524
0.61111
0.08772
0.09444
0.90741
0.63580
0.63580
0.59091
0.07692
0.58772
0.20290
0.73810
0.63194
0.14167
0.55303
0.23611
0.62121
0.21111
0.68750
0.54598
0.07692
0.08333
0.69444
0.59091
0.64646
0.59430
0.43939
0.26923
0.74561
0.13580
0.06439
0.62366
0.07143
0.53333
0.60569
0.11224
0.78788
0.90741
0.70513
0.65333
0.50901
0.12500
0.05319
0.10417
0.07692
0.58333
0.66667
0.94444
0.58333
0.80556
0.93939
0.07692
0.66667
0.86667
0.73333
0.60897
0.59091
0.62057
0.55263
0.69444
0.09091
0.64646
0.52047
0.53483
0.10976
0.64286
0.60753
0.44340
0.30556
0.94444
0.53448
0.23403
0.13333
0.07895
0.65333
0.57692
0.77778
0.69271
0.10976
0.66667
0.64706
0.78571
0.07692
0.94444
0.72222
0.62727
0.07317
0.10417
0.68280
0.76667
0.12500
0.07870
0.80556
0.66667
0.61905
0.66667
0.60163
0.69444
0.80556
0.07292
0.55556
0.67593
0.07895
0.55952
0.05556
0.09314
0.59091
0.92857
0.92157
0.18750
0.57471
0.66667
0.73333
0.16667
0.69444
0.73333
0.54248
0.61333
0.07692
0.55667
0.07895
0.09314
0.73333
0.63333
0.65789
0.70588
0.64286
0.57456
0.53030
0.07895
0.70000
0.86957
0.51389
0.91667
0.07471
0.58000
0.94444
0.95833
0.56439
0.67857
0.91667
0.66129
0.33333
0.41667
0.07895
0.57292
0.53333
0.60417
0.11667
0.61594
0.83333
0.61538
0.50000
0.09722
0.63889
0.62698
0.93939
0.55039
0.56098
0.62500
0.65789
0.61538
0.48077
0.07692
0.06481
0.67857
0.70833
0.73810
0.83333
0.36111
0.61111
0.62500
0.62083
0.93939
0.62222
0.59804
0.57143
0.86667
0.54444
0.23333
0.20000
0.62000
0.50000
0.07692
0.53901
0.50000
0.91667
0.08025
0.19298
0.60784
0.23958
0.70202
0.58333
