23752.00000 617.79165 2791.3301930154635 0.08295536677508748
14793.00000 723.21582 798.431357230498 0.355999588545835
21561.00000 349.32188 697.9986366422345 0.06055651715152109
17244.00000 448.04352 675.6323529412813 0.3162329403546362
8415.00000 254.85814 329.8644761029914 0.16844005739810433
17565.00000 459.86835 1569.0472732845228 0.06339050231479712
28009.00000 612.97137 2050.8302389711894 0.05566441874962516
26412.00000 315.81109 1571.3437346815338 0.03860568436334106
18863.00000 433.45077 451.47804840693135 0.11137796983818062
19333.00000 358.62808 617.8614430147555 0.19603166358998178
11933.00000 280.64503 631.1390165441946 0.21737094088974654
34166.00000 782.11305 1995.3722886034525 0.10102275971955164
17625.00000 990.61639 1356.0056832111077 0.1301227332375521
19670.00000 426.17179 1159.0684436275967 0.051889859313170986
16125.00000 242.62679 523.8862438725946 0.1684774826901788
28600.00000 606.83191 3114.0622395841565 0.09477071606844449
16215.00000 792.36312 1227.2784313727439 0.1038832959436364
28139.00000 383.95884 1175.4015318628278 0.047989145202500694
15123.00000 315.76632 401.05715379902847 0.07982495467651579
13184.00000 215.81999 1016.395940563817 0.0506231506310549
13342.00000 586.85045 1196.1828125002498 0.0863334666404279
15296.00000 278.11097 616.661335784372 0.0970944145629671
32110.00000 629.33290 3099.0433057608366 0.06040026589522196
29663.00000 513.68970 1685.6117187504688 0.06429540876163554
8597.00000 213.65770 206.21792279412122 0.12128585890404686
22496.00000 639.43832 2313.574218750696 0.06941578235546202
27492.00000 785.63929 1121.4645986523212 0.09027125325829063
28848.00000 691.97882 2154.1367493879743 0.07128872627414745
21378.00000 373.21536 906.0509344363767 0.13600067802452998
25775.00000 463.36700 1489.4893995100585 0.04806458532219605
12984.00000 315.02419 488.5162224265183 0.11440760062852559
17400.00000 682.20985 1155.7955116423254 0.08591962273398349
15769.00000 220.52512 676.8846354167287 0.05918852074889012
32715.00000 756.17328 3282.8727634817246 0.05007965334564351
24575.00000 369.19909 1006.9351102941872 0.07602373853437583
22383.00000 283.73185 1294.4380974266269 0.04636920921944055
14741.00000 464.35964 917.5729779412725 0.39786166227643416
22273.00000 1100.48572 2058.828982843893 0.1589148712098069
26622.00000 811.77192 1911.7851562504516 0.19322029315556616
10450.00000 261.61927 419.3691023285099 0.3144480637181802
20609.00000 574.42069 833.4193933824896 0.09280863606587593
5908.00000 181.79764 152.52043504902826 0.15060200711112057
30757.00000 758.92457 2077.3958486528295 0.08505099855923719
32053.00000 402.80601 2136.043811275092 0.07492397375986397
13024.00000 384.48261 959.4661458334501 0.11138957436860437
15642.00000 737.45733 1031.0394607845556 0.35786777076908594
13337.00000 609.05538 833.3419577207488 0.1167992325727881
13014.00000 337.97511 902.2828737746103 0.06800558616518196
28651.00000 556.05682 1921.3157475495611 0.04633736301647655
20355.00000 495.30199 1620.3437193631248 0.0712471464674619
2712.00000 231.21859 161.01962316177497 0.1296408752522056
9797.00000 317.47369 258.5695006127496 0.1317116214656745
10697.00000 512.33774 651.7321997550094 0.17639781993538836
26244.00000 516.78128 1374.0975183828155 0.09704149616295024
14470.00000 396.28977 479.5380667892912 0.09337485391298109
12370.00000 571.26642 639.0359528186847 0.19332767875245402
13025.00000 244.99823 271.687775735315 0.12440652930053311
4742.00000 122.97467 210.69221813726085 0.11022217856059124
23766.00000 594.42989 1073.3205269609687 0.08711013488093547
21174.00000 437.45136 720.5423406863883 0.06666110980340213
19824.00000 549.77316 1298.195312500366 0.1037489773090689
8805.00000 453.96902 537.4763327206929 0.4473053416588427
28331.00000 892.29198 3704.9628829671187 0.0579848054145356
12300.00000 182.00582 544.4068167892682 0.071644863359495
8599.00000 264.85333 375.46412377454664 0.1083465949461271
11728.00000 298.08064 691.5571691177169 0.19433770624054
16222.00000 294.09700 761.2984987745671 0.0758780438265626
28694.00000 697.54306 1018.8226256129722 0.06274786188444118
11725.00000 267.91477 333.5504136029634 0.08469579640913599
4284.00000 116.19490 141.5282015931396 0.12917911748178815
20389.00000 233.52725 662.6837162990648 0.06526225337276262
7538.00000 439.70509 241.4712622549185 0.12315246752831607
15294.00000 550.58885 1415.0843290444802 0.07988730800455242
22275.00000 469.33337 920.031755514856 0.06985903096994736
8805.00000 434.61299 362.1874540441474 0.10462920970325296
32674.00000 842.32302 2070.567233456717 0.11127269564921384
15098.00000 228.15217 840.5817248775163 0.06557320734239741
27617.00000 793.07102 1308.941421568858 0.0937829563398182
17823.00000 754.24355 1469.958440564221 0.0815407926703673
13909.00000 339.08930 1047.1268995099733 0.1530092809069772
20233.00000 605.37510 1271.4817555148686 0.0608730008017832
27740.00000 657.83861 1401.7747395834879 0.054642770355746585
18200.00000 467.83553 581.4749387255713 0.08153708123809252
18560.00000 862.18417 1018.275628063876 0.09572370876444457
22620.00000 488.12379 1657.5403492650994 0.07012735712705921
10590.00000 168.03008 337.5292126225768 0.20106198678974263
20862.00000 722.31556 1338.1061580887056 0.1833330589800823
15745.00000 289.88143 416.08947610299003 0.11626534276488545
26240.00000 979.92537 2145.790165441936 0.08751192988993467
24483.00000 553.29445 642.1104319853555 0.08758039046924268
30398.00000 972.73772 2304.3047487752847 0.1272137465326045
21405.00000 377.24793 1416.6096507354762 0.04519830742801875
21178.00000 420.99380 1170.7787530638577 0.08782679749975997
22471.00000 479.21144 1348.5479166669068 0.046508839129809215
12087.00000 501.00133 419.78042279416155 0.17440552762197162
17145.00000 584.75961 742.6384497550218 0.12784957807613032
11455.00000 823.15053 1219.6157322306647 0.16289308164063654
3975.00000 525.65833 200.84554227942382 0.19672001765013064
20606.00000 356.01626 1609.7492493875727 0.13376207355808287
18269.00000 585.95163 645.922120098125 0.07837130267893144
20349.00000 480.67795 1403.5917892160533 0.05461684505736114
19214.00000 210.16573 716.3736672794706 0.06365742014156603
23288.00000 472.16696 1570.6897671572317 0.07651141701723238
27303.00000 299.77535 1314.7016850491964 0.06439029636228492
10557.00000 370.77256 337.90196078435366 0.10210772704485667
20605.00000 300.24631 953.7729013481847 0.10059070864298535
28210.00000 1052.94611 3015.2576286776084 0.06037961805918859
19470.00000 534.09723 982.0492340688473 0.09167804654743317
21783.00000 522.16393 1490.4706495101952 0.10851178143439048
12678.00000 415.69223 629.4336243873598 0.0847760220809059
21587.00000 655.30516 4247.303799020883 0.05845472842214307
11060.00000 677.41208 506.12503063732356 0.1523486487944765
25721.00000 671.07915 1438.7170649515 0.07677964525511013
14690.00000 545.19585 622.278462009885 0.13475739736834508
25690.00000 376.89609 1547.5708486522522 0.043712324035437546
7981.00000 704.76923 355.9498774510129 0.2447631565184471
17860.00000 1068.21271 1184.652313112905 0.1927186694008265
18323.00000 237.97747 783.9254595588748 0.05756826286340555
19781.00000 377.63173 1586.7463848042196 0.11462800302796616
11671.00000 240.90943 459.80016850495264 0.09987714613853943
24910.00000 608.44194 2197.0577818634933 0.09691357807246555
16296.00000 206.30372 782.9808517157572 0.06144192480656418
11106.00000 378.18771 451.66692708338 0.1244574895145059
27042.00000 995.10974 1738.0316942408683 0.23817457625169286
19003.00000 403.77915 773.0128829658198 0.08957999492202624
7165.00000 267.12616 308.0730085784563 0.09952917781914775
9920.00000 270.80589 844.4891084559495 0.0575537329942421
6450.00000 553.67459 180.7649969362846 0.18413872272218376
23449.00000 829.68632 1366.9719056375475 0.12778106360876498
17138.00000 422.47410 606.9304993873382 0.08132727606966837
11691.00000 897.93085 751.0381280638336 0.18595877644547332
20914.00000 407.70051 637.591773897067 0.1995449650838122
23234.00000 316.98401 572.7823529412298 0.07331293536953952
23252.00000 380.25834 1113.116758578554 0.046111165731878435
17522.00000 302.17811 449.0303308823833 0.07153812088118043
12439.00000 380.73874 507.50617340690707 0.08715894681513846
21628.00000 528.24152 1955.2490502457042 0.061360046879187946
4643.00000 110.45092 171.60220588235586 0.11755756958322847
13593.00000 224.83788 937.9799325981153 0.06473459570611585
17927.00000 394.56811 501.5460171569232 0.07580367957717114
7945.00000 110.35867 198.52919730392767 0.10959656142292253
13756.00000 742.01166 1158.3738204659344 0.15430430648527177
21292.00000 760.24789 1871.4054227947936 0.06678868569470509
28988.00000 880.50762 2873.985386030196 0.1428430822730276
21777.00000 906.48758 1868.6085477945976 0.09767019531303221
1416.00000 98.33337 75.7541053921578 0.16854762334778253
30091.00000 871.44145 2903.243305760798 0.10047188234356688
7700.00000 162.93938 746.1602328431715 0.060545342882359215
14993.00000 412.72325 595.422058823608 0.10085055956418185
13851.00000 203.28297 386.9634344362909 0.10184062465811168
12326.00000 387.07481 870.7798713236582 0.14064890068388367
12907.00000 374.95329 701.0592984069265 0.08426429553890262
13482.00000 519.22486 1179.4130208335603 0.1347989156541549
16185.00000 572.54486 1191.2624387257397 0.09003020663916093
5538.00000 641.74789 468.9659926471184 0.16904105058405744
15791.00000 240.31697 924.4437193628567 0.058012329805156616
23054.00000 447.41628 2040.4948376231164 0.08063461699609688
16654.00000 463.69430 734.8338082109024 0.10514789040339781
17428.00000 214.79331 358.1632199755236 0.08842982877423647
5866.00000 153.47767 291.10330882355254 0.10916057107312803
11777.00000 469.31138 332.10586703435695 0.1115627899420334
15634.00000 327.77455 717.3027573530404 0.10050796284365011
11829.00000 563.94604 562.1741115196538 0.09102048989436437
13155.00000 211.44707 447.42190563728826 0.07453434416109889
20863.00000 249.99528 541.7659466912187 0.06641154821985047
18256.00000 582.41223 1064.7332567404635 0.07060079714535723
16245.00000 668.83311 909.3567095589996 0.09315784153696754
16477.00000 355.23029 476.54790134807973 0.1364318458273905
10791.00000 679.62768 373.09229473046264 0.21059818010343634
11208.00000 499.85611 897.912331495259 0.11228750700405288
11623.00000 718.46982 554.7204044118613 0.3793872649628171
11572.00000 683.92714 700.3865042892984 0.18203729114141198
13376.00000 542.35717 742.8921875001206 0.11010630200015463
22418.00000 798.04878 2190.583471201705 0.23832934339172016
27457.00000 931.33998 1779.5227022064864 0.1392936316421673
16231.00000 140.40742 361.0479932598249 0.07788000322293206
12343.00000 929.64061 1468.7941789219294 0.180576870903954
16065.00000 340.91257 457.0871017157408 0.08363353982281921
14562.00000 822.93936 879.9183210785507 0.15728137790624197
28577.00000 588.41409 1431.822594975968 0.06018421088458573
11897.00000 388.29121 973.0353860295407 0.07582160153171294
8698.00000 320.43110 353.0664368872525 0.10355903373638917
33680.00000 549.92502 1851.3776960790221 0.04130519223585407
25635.00000 523.57863 1561.695557598424 0.05254832770860093
18029.00000 590.15890 847.7635416668671 0.09682637561195132
8403.00000 457.80010 822.0241115197039 0.1425949671885672
19919.00000 659.21083 1128.571446078666 0.0902218651561441
5958.00000 360.39573 333.2324754902246 0.10392512465529051
16466.00000 254.88921 1080.7531096814637 0.05382875540382271
7481.00000 321.31296 168.87838541667296 0.16518585049098314
25311.00000 854.59303 2201.142187500656 0.1009085495587896
4937.00000 152.79852 186.1586703431411 0.12175513583780798
10819.00000 308.67935 1004.6064797795575 0.07576686509626848
10746.00000 316.71130 1528.3349264708363 0.05985792451942421
3661.00000 128.08785 101.87748161764944 0.14616729106012916
22437.00000 291.87547 2110.275995710988 0.041127263998177004
16994.00000 805.22009 1128.872717524844 0.08919264679300248
8491.00000 571.91650 332.41063112747497 0.27360891861958997
19512.00000 413.21687 835.9415441178049 0.10947236681226973
28745.00000 423.06644 1699.9938112748623 0.0457440615407233
39020.00000 825.61750 3345.853370099436 0.034118394962013146
20091.00000 876.68687 1508.643060662216 0.10207225063438519
13403.00000 182.81226 233.48246017157433 0.10655311231593897
22216.00000 372.41361 1449.0516084560895 0.10315012135260622
8755.00000 269.03017 282.7202818627744 0.14958158078937117
15936.00000 264.60642 242.58733149511266 0.12024935555643831
13525.00000 788.95455 716.9320618874065 0.1982153689569135
10950.00000 136.05421 238.34152879902362 0.11574365359415474
11556.00000 597.51903 724.6420343138599 0.21678282993552656
26599.00000 420.98627 2440.587055760568 0.09426395154578988
28447.00000 561.02651 3326.0098958339972 0.03215600071115837
19324.00000 753.53632 1451.6541819856745 0.092225955912761
21114.00000 442.57830 556.5601409313873 0.07180387147070783
19400.00000 289.38657 807.503033088365 0.0704763420001973
7563.00000 429.11122 321.46204044122777 0.41646477370499646
17657.00000 537.47291 642.004672181453 0.1170654518890165
27507.00000 588.58455 2076.1591911771625 0.06357188832073862
14922.00000 377.37565 686.0888020834724 0.0771877488948692
20311.00000 465.22340 907.3551011030453 0.0887118059708172
7576.00000 553.39980 310.4421721814056 0.158622502167518
9238.00000 695.23538 927.4272518383635 0.21800878330279755
9836.00000 111.76920 259.1905484068706 0.09409708263983817
22623.00000 676.43406 1251.539905024791 0.1412120493994915
26015.00000 650.94628 1686.0693933828306 0.0749879298075265
15337.00000 335.11112 660.4620098040319 0.0721850424573819
10283.00000 516.89376 356.2822916667044 0.14429655139580208
11362.00000 141.29344 260.5323223039375 0.12226597170310988
11642.00000 455.97635 430.3697303922235 0.10780784792389463
20097.00000 656.07006 1001.6568780639046 0.09342842217733364
22069.00000 801.06819 1398.0999846817315 0.09498225266775244
15192.00000 572.27220 900.6267003678165 0.11508872208105925
17197.00000 430.92722 1081.943596813909 0.05190408217567462
6815.00000 181.55956 202.41652879903157 0.18895466007498662
18151.00000 707.93926 925.8217984070917 0.12868982890516892
40865.00000 467.76913 3472.121246937144 0.02560675531514146
5594.00000 260.70702 265.9242647059066 0.1284542886127041
13018.00000 439.53551 463.3766850490936 0.1422327685289289
8783.00000 391.88808 467.42786458337144 0.1828551172887442
6171.00000 385.28760 269.25019914218063 0.1499714768289322
20556.00000 699.93076 1223.6022977943942 0.1114282226012021
30644.00000 433.34837 1168.6615196079504 0.10632950841164307
21515.00000 628.91355 1034.9452665443057 0.1352670750982291
14276.00000 271.75154 506.3064031863503 0.15277130729422597
25031.00000 559.76279 1535.3456341917058 0.07929021681609506
12387.00000 459.97721 944.310814951092 0.10372052607011539
17241.00000 633.01086 980.2565870101056 0.23156989196482172
12773.00000 145.76441 552.6693780637684 0.07776381789367295
11647.00000 451.05636 540.5953890932353 0.11873343401820494
24792.00000 318.99902 709.1704503676997 0.060600987728686426
4270.00000 144.32476 237.91392463236286 0.10184898372119343
2018.00000 211.21561 149.2607077205967 0.13462510545166903
31590.00000 810.93497 2430.8867340695547 0.14266382043968368
14391.00000 436.16331 693.8788296569437 0.13954134962582962
17682.00000 571.45295 910.4336397060332 0.10450509822890404
18700.00000 669.69862 1177.2559742649655 0.057119568486549525
37271.00000 653.72324 2433.0127144616577 0.048059997113708675
25484.00000 739.88098 1469.73759191215 0.08387244617732706
24393.00000 585.84409 1926.1315870102505 0.0625103371985868
17111.00000 226.77208 674.9933210785123 0.08323686644218477
25200.00000 330.64459 850.5578737745798 0.05198413858548589
11855.00000 894.76815 709.7569699755966 0.15703359111108373
21326.00000 1559.42191 1880.258455882801 0.2513679257043
20904.00000 612.30108 917.8078584561275 0.0906884059092232
29536.00000 420.30029 1474.847074142633 0.05674019303388819
18310.00000 550.25884 1210.210952818922 0.1259229228449986
15897.00000 485.09297 613.4080575981399 0.07206869727344908
19919.00000 629.44829 1329.2516544120838 0.06359124891032682
29403.00000 753.55014 2004.2825674027747 0.10075353773026022
21068.00000 747.00149 1218.0361672796719 0.1389565591282499
14438.00000 588.28521 357.6863357843444 0.15033573262464284
17749.00000 274.16320 638.9055759804513 0.06343479232606034
9800.00000 780.16949 395.450398284385 0.17351170515000314
27369.00000 266.81780 976.2610140932218 0.04874847818826416
15142.00000 382.14220 631.767279411874 0.09496896659174417
28435.00000 799.04493 1436.2265318632212 0.08249387787100099
13318.00000 364.92535 321.32956495104406 0.42399693446051356
14026.00000 273.11125 389.2186274509931 0.10137711455735045
11163.00000 289.85864 343.208103553957 0.13751332305036912
11717.00000 817.10575 537.2169730393379 0.1517299365505313
14132.00000 582.61434 416.5475183823998 0.17735226986575686
6761.00000 441.71754 171.8935202206008 0.185169305497977
19116.00000 1185.64639 1302.8789368875737 0.13268323165001175
26064.00000 185.05409 900.6293811275018 0.045536852450395834
25654.00000 1428.54444 2318.1166973047057 0.15097503500248333
24663.00000 385.17766 858.6046875000756 0.12655410129133599
11876.00000 312.22441 786.119500612869 0.12929640800425987
10999.00000 482.05629 598.1715073530512 0.24417896461102304
23960.00000 392.88799 1123.6029258579406 0.10908367749794137
19237.00000 702.77443 1246.7730698531507 0.18270955341746015
13430.00000 328.42311 644.426026348151 0.1780533949331225
19873.00000 430.94322 762.8513480392999 0.11666574695055221
21042.00000 297.72528 914.4378063726695 0.15437710080517833
