12159.00000 448.28030 399.687928921614 0.3952979293716189
7631.00000 975.85818 630.3160539216567 0.3266531593815091
6617.00000 992.27514 349.2255667892461 0.2957262141119592
16544.00000 666.64783 686.4575061275689 0.2382222105757654
9100.00000 546.77160 645.7426011030634 0.3820212369909674
5760.00000 481.44918 203.98288909314266 0.46857052687454415
11820.00000 442.50416 439.12576593142006 0.31568582456568467
8771.00000 724.60065 290.2189950980694 0.34221807255534553
5042.00000 835.27656 277.9018229166824 0.4387855009088433
7946.00000 966.98222 403.64059436279115 0.32226228953860425
9811.00000 405.10102 352.2470435049328 0.30413474857172884
11097.00000 719.01867 612.3764705883355 0.30076517216896126
13629.00000 838.20299 521.0702512255715 0.2492739418348547
18449.00000 830.59796 862.5076439952229 0.21047268687718557
5718.00000 531.45887 404.12195159318935 0.33989504574536505
14673.00000 967.83551 1601.1575367650626 0.17127432210970062
13422.00000 610.89760 531.5739430147423 0.3267836259878472
14350.00000 732.35378 766.5384957108984 0.25795256042917086
7733.00000 709.84250 502.55572916671576 0.2629555145820342
9692.00000 710.07525 320.96479779414994 0.22422749880574963
10984.00000 378.63803 384.80612745102167 0.2854979762507351
9092.00000 429.72039 369.38224571081594 0.3216636351974939
7861.00000 570.27415 348.23123468140165 0.2838455597368292
12763.00000 542.73724 736.0891544118755 0.2520004226501293
9364.00000 832.45144 320.84817708336755 0.31030732109832787
12792.00000 748.94051 487.3211550245768 0.24268323906889314
10050.00000 582.52079 349.55461090689056 0.36342660889131356
9215.00000 999.85133 453.711228553988 0.3369355838491164
5802.00000 585.61133 404.94114583337023 0.34504116568435866
17066.00000 663.81734 732.5585784314517 0.26898364684205717
7433.00000 608.42354 419.70790441181924 0.3449989300429068
8883.00000 865.22862 664.0217064952178 0.3888099917103692
10527.00000 617.86003 778.8694699756379 0.40580528589807324
9012.00000 728.90881 549.9979473040155 0.2977664507662148
7716.00000 561.73659 549.2534160539798 0.37173158356031266
13056.00000 642.13072 809.9556832109403 0.27448540884311423
8193.00000 902.85215 427.1696997549588 0.2598986528092958
16179.00000 455.85011 475.4456341912867 0.40056731874608237
6630.00000 580.47839 217.62101715687987 0.4398147434210573
10381.00000 945.05526 1165.5684129903511 0.2689892727100082
9627.00000 426.61560 402.793336397113 0.28902633776559267
12044.00000 625.28381 437.1751838235871 0.34322344672058275
8063.00000 588.67872 496.6757965686796 0.47666365744785627
9105.00000 716.53125 783.7426623775634 0.37936448276146534
5678.00000 660.38245 183.94937193628445 0.43253566731830007
14876.00000 376.38089 561.7316329657613 0.296031831651735
16262.00000 952.94158 893.1950367647723 0.24090403633220053
18332.00000 922.69369 1035.3911917893793 0.23651664555693078
9989.00000 710.38191 655.2011642157939 0.22610561632462783
8060.00000 630.72618 482.78158700985585 0.2763375167901578
7846.00000 822.61299 584.24969362757 0.39677622529860795
10077.00000 982.30686 1020.8071384805523 0.4072667895289547
12459.00000 589.02272 627.6176776961789 0.16964024043855644
6400.00000 857.76415 474.05533088241367 0.39692938582683546
10897.00000 766.05008 656.2236979167906 0.27345227731741223
12903.00000 899.51068 536.4359221814223 0.31372813357353957
13057.00000 902.93963 673.0300857844466 0.2472254844971736
10943.00000 583.31685 816.4267616423195 0.37294117616086997
13450.00000 372.06267 491.4120863971124 0.2911055324860093
11793.00000 987.26141 825.6597886030622 0.3508532495902621
8721.00000 356.88352 291.20223651963227 0.31537260987530513
6513.00000 553.99990 212.1831648284454 0.39040595290619345
5376.00000 1106.73834 243.84636948531258 0.36164683166436346
10423.00000 428.56060 463.79005821084803 0.19444140506756413
9514.00000 494.94868 258.15459558824807 0.3870964055766083
6994.00000 827.36468 245.24649203432767 0.37775456673396124
10165.00000 545.41021 823.6309129903343 0.265081486038254
14012.00000 495.33248 657.728140318694 0.29538544906630115
10242.00000 574.35509 401.55238970593444 0.2785299756991495
9605.00000 438.94629 316.5643841912049 0.32024442503730655
10552.00000 922.09169 427.8092064951497 0.28826450923050406
8649.00000 490.82119 488.499724264746 0.2967695916597417
14600.00000 632.64284 548.308731617746 0.3080719425433155
12234.00000 545.70553 557.5241421569651 0.30491115153130155
8510.00000 671.48549 600.3611825981421 0.31021256957271515
13785.00000 482.11265 1080.0555606618846 0.2963444179341687
8863.00000 824.34911 667.4184129903332 0.38933269343308247
13286.00000 687.23071 425.88707107847455 0.31666384715977
7946.00000 579.60103 251.56648284316978 0.24321422496439782
13534.00000 915.26248 724.4724417893176 0.3670308099344257
7544.00000 256.33561 278.78186274512814 0.4249299127323922
11327.00000 477.85000 933.7678462011451 0.3398549004433772
12137.00000 435.85163 499.9931985294612 0.3047730217219344
8013.00000 248.47374 259.6485753676486 0.49173778240204136
8803.00000 755.01177 272.7812806372737 0.37117745182996403
7266.00000 1011.28678 279.1763174019883 0.3668350610461319
11748.00000 559.34917 770.5996783089502 0.3331644910626645
7800.00000 875.91883 450.0986672794785 0.23979091088798543
9968.00000 692.15799 724.5405943628738 0.3122281845870716
22711.00000 864.86249 1372.228354779753 0.19764081738368314
12078.00000 298.66840 478.77454044126193 0.19360693252881495
8353.00000 513.16579 546.7790441177165 0.285216944848509
7239.00000 258.49405 150.8271139705981 0.2809713771797296
11490.00000 594.16897 763.7695465687522 0.2865925528916838
13854.00000 671.88515 547.5442861520008 0.25464677716768974
8006.00000 299.78918 342.1330116421833 0.3296257303505734
6730.00000 1013.49670 248.410707720592 0.45162541839192527
17511.00000 645.18454 456.55059742653526 0.19251123557081576
13388.00000 659.04537 460.42314644612037 0.275297375401324
12169.00000 389.73253 436.4765012255802 0.48061124348179024
10954.00000 363.08870 374.78952205886117 0.3106224011519443
9973.00000 706.14852 681.975735294204 0.2420307667610439
9295.00000 592.57821 437.26885723044234 0.22627562876866433
8620.00000 449.53522 661.8768382353445 0.272116270699062
7463.00000 611.01327 246.28040747550088 0.39564544155438397
6076.00000 786.65162 205.59082414216232 0.40393394562089313
15249.00000 596.17120 1004.9304227943041 0.2196652364905453
6801.00000 654.85337 428.95530024513954 0.5855367952141706
13448.00000 1039.18434 754.6081801471852 0.2862308137760695
12653.00000 402.39800 767.1251072304866 0.32302025104563026
10371.00000 391.45887 881.6002450981059 0.47791701277796556
21075.00000 805.25977 1045.676700367812 0.206448268924679
8819.00000 769.60743 706.6192095589195 0.44002869576118947
9143.00000 559.28449 346.3972273284624 0.39510602055726474
14270.00000 426.05954 380.54762561278466 0.22936002300203828
11690.00000 1223.29772 832.0221354168184 0.3314848312115029
13181.00000 582.31872 626.7553308823968 0.22767099108621702
8303.00000 252.80238 359.6186121323998 0.3308993138351914
11296.00000 523.47100 564.9722579657806 0.3656290697326383
10585.00000 520.54335 573.4344975490769 0.2874465997520509
8716.00000 532.50567 581.0461856618249 0.2915649314709701
12095.00000 752.85878 458.62487745104403 0.25304103404090145
10440.00000 944.02713 964.6880667893491 0.3091171585159081
9110.00000 611.69024 379.96587009808735 0.3830336484647523
9007.00000 833.09231 567.5214154412529 0.3340993928331918
9028.00000 204.56603 326.7771139706183 0.1997503475720316
16832.00000 327.03477 725.6746170343929 0.2450796015614617
14230.00000 418.72317 503.90150122554974 0.2583656968120872
8778.00000 903.16594 825.0242187501384 0.3653360240859262
10003.00000 554.12403 618.1762714461835 0.33706065610747155
7514.00000 230.11402 385.1879442401999 0.40185057723875417
6370.00000 592.56409 378.2628063725866 0.3102690715005276
9434.00000 519.09582 267.55986519609536 0.3519177055540226
12326.00000 385.62930 416.2971813725841 0.3364622289634159
7708.00000 507.31406 536.7616727941888 0.3911705948933682
13693.00000 470.39891 685.1174479167544 0.2705991946533828
8632.00000 600.67160 169.28314950981488 0.35669195705552864
4870.00000 421.53898 196.66547181373483 0.3527391281244268
7496.00000 416.49114 249.41223958334874 0.3892004012713503
12687.00000 654.29992 577.599525122574 0.41671543544984974
8572.00000 925.47112 1027.9423406864491 0.3481136699803934
9947.00000 604.01018 643.0407781863853 0.3945434667470288
6937.00000 714.81914 453.73612132357545 0.3691207077086357
10693.00000 592.33005 794.2972886030989 0.32225812062533865
13184.00000 407.96154 453.84862132357654 0.3845805100282237
5187.00000 1367.91402 341.15065870100636 0.39263538508372736
11369.00000 752.37275 761.3832567403243 0.3575368108760994
9377.00000 404.17560 357.76197916670014 0.2977256867232544
10440.00000 346.32298 354.83440563729033 0.19397486858877513
9244.00000 336.41340 547.2613970588664 0.18049219022103402
8413.00000 654.75371 549.0547028186885 0.29164277078416406
8935.00000 527.12830 500.31743259812396 0.2091590926145085
12595.00000 708.93744 867.9118259805527 0.28713346229983416
6655.00000 1203.76572 482.9849571078855 0.3433985702125734
9992.00000 328.29555 306.9953737745337 0.3984380805871381
9240.00000 693.66904 385.8719822304331 0.3077812828540333
9617.00000 390.81389 260.99180453433047 0.4084609722927388
10697.00000 680.93093 414.944010416678 0.3982799149824567
13218.00000 782.94349 449.40049019612457 0.38735145842212726
8551.00000 693.84435 679.4646752452193 0.30969433111169903
12309.00000 759.96516 710.4613051471717 0.28765234947304
8904.00000 1044.71177 384.25237438732387 0.319024315388856
12330.00000 484.84525 509.7910998774574 0.3327070596172354
9830.00000 806.11200 793.0627144609027 0.4410254098078693
11716.00000 689.81943 451.4792892157338 0.23998026782729687
11612.00000 698.04896 452.19805453433844 0.34005617513776193
19612.00000 741.37198 1134.7969056374052 0.18007998489837918
7341.00000 629.25535 574.3396599265546 0.3036726085229213
11920.00000 622.82009 773.0570006128713 0.2379910238845533
9320.00000 415.11520 305.4153952206175 0.2526926559133221
10864.00000 540.53317 675.0793351716587 0.25173631258616813
6250.00000 608.97440 430.02149203437114 0.29136551612626554
7802.00000 752.63709 598.8383884804764 0.3453452822070598
11758.00000 754.52559 574.185278799104 0.25781021552151034
15267.00000 302.36977 407.36302083338336 0.2897368454931114
12392.00000 511.68809 338.75139399512807 0.2409115123244833
10438.00000 822.18534 502.86902573538396 0.26564214030789035
6915.00000 732.43175 444.8627604167299 0.30402312805980464
12232.00000 623.33566 678.7965992647963 0.26997075770956647
6337.00000 670.13796 171.91919424019972 0.4704169447438433
7694.00000 688.52862 552.1738511030298 0.36964788529639253
9464.00000 721.68873 533.9556832108404 0.2372793180039699
9351.00000 510.18777 366.5486979167015 0.2821534075797543
11199.00000 755.29737 495.3890931373071 0.27896452284705253
17204.00000 995.08236 851.5085631128835 0.28976390792226514
12669.00000 478.63275 960.8939644609405 0.30937154709485626
7421.00000 837.98646 551.530821078485 0.36273055351772904
15173.00000 822.57198 598.5178308824417 0.2379643450326108
5877.00000 833.16730 393.06943933827597 0.397574383698081
6600.00000 861.38979 408.80499387259556 0.4405321785723227
5956.00000 642.41773 393.12879901965124 0.238239095757706
14028.00000 353.14131 649.6454044118534 0.2072271396821528
8382.00000 365.45224 536.7426930147368 0.3064409896317154
17112.00000 893.09006 636.6932138481563 0.1988375034890687
10887.00000 512.89268 179.63256740197374 0.3985675886564498
11613.00000 387.23289 322.46960784316974 0.3142344890804918
11466.00000 676.35239 677.8453125000684 0.323914655381353
12204.00000 640.18212 858.3381127452736 0.3433219728714552
12961.00000 743.35826 879.4298866423247 0.2645422124440021
7928.00000 927.06860 307.01763174023483 0.3967487197773082
10837.00000 606.17995 364.76668198533207 0.26118410799976843
9442.00000 776.06617 659.232046568731 0.3516007602590834
12449.00000 662.12348 479.25684742654903 0.24685648736976967
7221.00000 632.74100 568.1427389706622 0.32969728422671585
11982.00000 520.00556 1150.793030024696 0.35720359478064506
5429.00000 934.69637 158.38134191177093 0.42185050347060105
12212.00000 363.86410 320.56868872551905 0.27287709287724116
7356.00000 608.82923 356.16632965688984 0.32946991965565936
8700.00000 942.88492 650.6852634805239 0.4362918433808004
11444.00000 1033.44406 1037.2269454657828 0.38489679028311774
10871.00000 849.79754 426.0496936274986 0.30044749820142025
13702.00000 358.73202 644.825505514769 0.30279935106514744
22932.00000 1294.44892 3123.843229167712 0.2279758406607299
17858.00000 658.07160 949.3599111522522 0.14510358126477518
10608.00000 912.08556 501.1158394608262 0.34297699903337153
12571.00000 690.01349 519.7976562500729 0.27365039036792616
17116.00000 388.71001 499.34131433830095 0.2684671552088758
7264.00000 591.86128 357.6055912990576 0.5259627136131717
8256.00000 980.53028 939.6834252452306 0.3695075523958775
11545.00000 786.85363 1121.2263327207845 0.3393310714004987
9840.00000 487.47260 604.8698988971214 0.3213718137653276
8900.00000 317.33923 411.1550245098442 0.3217642649124678
13080.00000 410.06315 340.20746017160656 0.17842151520163513
8535.00000 374.95528 264.52604166668453 0.3236721181847236
11483.00000 685.06425 442.1416053921979 0.28782577627511896
6283.00000 898.68190 412.7558670343547 0.46409774067376985
7123.00000 510.05889 282.98336397061814 0.3196044699021574
10531.00000 805.55355 606.1384037991096 0.27465891353775906
11237.00000 626.12463 768.788664215829 0.32182941315389846
8204.00000 929.52471 637.083379289335 0.3538944812324881
12355.00000 974.84819 486.83465073536524 0.29754306059001584
14723.00000 734.26674 613.5334865196513 0.37051174710446
9399.00000 784.75986 1019.3401194854384 0.31680531456680955
11296.00000 643.19751 852.9112438726693 0.31225084933389935
10175.00000 289.57183 504.7211397059317 0.3571390175418733
9951.00000 911.58738 717.8303002452432 0.322877943796737
6710.00000 662.71811 529.7778339461607 0.3676325100225892
7257.00000 780.57782 383.51678921573176 0.37708071575141067
9161.00000 836.95249 496.01703431380105 0.26290581419034326
10514.00000 380.88584 386.9892003676783 0.302893597071128
14191.00000 690.05593 653.020113357906 0.2883272320225927
11981.00000 420.89907 418.3372549020084 0.26056241695986854
7781.00000 972.47993 640.0424938726376 0.4585963153573886
9226.00000 699.87262 732.589430147161 0.27136688023919736
9293.00000 375.90754 335.25018382355853 0.30569064817813835
7183.00000 885.22821 307.9707414216074 0.32582943589183694
6607.00000 1109.77548 511.44171262260136 0.3439380313491354
7156.00000 790.60974 499.5857536765222 0.40834403664784646
19219.00000 664.28090 1588.2014705885922 0.22184720042434367
5973.00000 502.39745 193.43765318627993 0.4203299236538525
5523.00000 849.91459 189.21424632354413 0.4517928006448249
9792.00000 630.99748 447.1960171569171 0.3296780157843072
9889.00000 268.17314 192.99944852941078 0.3623344033282077
8339.00000 565.77033 635.8060049020411 0.2517253799138818
9253.00000 466.83436 575.9237132353413 0.4539373829898133
12102.00000 452.59826 355.95883884807847 0.3586198165754768
7670.00000 767.81896 217.286657475505 0.4179871702773834
5939.00000 816.15045 187.06738664217335 0.41377850865122134
14891.00000 504.13540 803.7220741422792 0.27441245561955857
17595.00000 525.77537 735.7286305148032 0.21046126184631722
16830.00000 620.26696 629.8138786765173 0.29604818246511955
13688.00000 726.73856 661.339047181428 0.2981907756498855
7339.00000 725.92693 451.7546875000634 0.3698517904584879
9748.00000 555.78263 653.209589460874 0.35359781323512995
13581.00000 601.18550 457.70076593142016 0.28795287994282337
13045.00000 542.80248 595.9763020834209 0.3018136566271508
7890.00000 339.14277 292.5272977941359 0.3495440203034886
7399.00000 746.22691 338.77853860296676 0.3309963124470594
9449.00000 355.00485 363.80168504905146 0.31231786126294175
16517.00000 587.91469 568.9793351716703 0.1862946644981902
15640.00000 605.20676 691.2182444853853 0.24421786739198625
14354.00000 768.65725 1130.6748008580405 0.2515043698543805
15622.00000 458.95832 1112.460309436457 0.1943130986033049
13462.00000 382.55322 553.6148897059431 0.2812894763459609
10029.00000 502.02170 295.9426776960966 0.3368595973838121
6060.00000 312.64964 187.52849264707567 0.29047863972017046
10045.00000 693.16425 453.8195618872979 0.3812766414990644
13208.00000 655.11893 765.255744485403 0.3342724553771546
11261.00000 528.64007 957.2390012256363 0.22065356772575506
7698.00000 860.33545 682.964828431441 0.3002650672600002
10652.00000 418.66416 375.5251838235661 0.24442920575640414
22254.00000 706.45510 1464.0055912993703 0.18038787686342259
10068.00000 735.54917 732.2494025736669 0.35764664336422575
10854.00000 352.49352 250.06832107845068 0.3610225062529542
14089.00000 509.85124 723.6521905638424 0.1692123244857699
7950.00000 938.67266 719.5902420344656 0.3743729207215532
9884.00000 812.30239 697.2484987746045 0.2371634796331091
18311.00000 744.02779 1700.181357230628 0.19103635210707876
10496.00000 749.74344 358.4042126225944 0.24014457420383672
8465.00000 243.19766 489.5159926470905 0.25707946506159807
11513.00000 521.88841 598.7205422794981 0.30009527441070666
10750.00000 314.71905 490.0811427696645 0.2947606591666801
