566.22693 5.89212 13.60815
354.17199 46.71190 608.86721
505.97749 20.21603 233.92635
190.16109 6.28537 154.96313
36.16768 61.26568 29.88051
373.67506 10.59985 35.67016
195.80992 151.70997 452.08291
464.73154 144.07997 345.68294
334.34117 2.90734 17.09520
440.38940 12.63423 41.81960
598.76552 35.43857 225.72983
145.19957 2.65179 53.75667
431.65780 39.46776 95.38245
486.27752 20.75007 213.67310
395.78870 211.31312 386.86018
499.56614 11.90982 118.06975
369.64364 27.38761 248.40151
139.80598 14.21156 139.15687
520.11766 10.18354 9.39664
477.07956 9.93589 317.99808
117.81641 95.94044 792.15570
442.51830 430.11022 400.72339
436.84609 40.28688 178.59522
372.50221 30.96207 110.82679
259.56146 7.81655 60.38591
398.14248 11.64151 200.87197
406.93412 144.90043 80.76545
531.45497 6.21103 102.78806
189.49931 263.89966 323.73007
96.92669 5.27885 42.97522
214.21082 59.93052 188.72153
395.44471 69.33852 232.02230
184.01062 13.85267 66.12721
522.56877 6.48715 22.04034
303.59462 10.02155 98.03662
378.30020 46.26431 257.12326
492.80494 22.61822 107.07302
471.91297 13.27047 67.09008
556.56882 34.17845 333.62398
394.58775 25.51309 80.52662
212.69378 25.65415 94.10865
153.17005 58.01658 200.93562
432.91766 45.00498 145.89156
187.71093 19.22835 335.65814
712.54524 4.71040 139.48045
166.29598 8.36865 186.42095
675.88914 16.20142 221.61052
494.30141 242.55079 454.92984
227.74781 8.29335 135.62644
478.15806 278.13779 508.02768
304.17257 50.96871 212.05246
511.67597 19.49562 40.18557
682.87083 23.34788 364.79557
439.85400 83.42479 250.26175
236.27169 86.69020 142.23617
46.73889 7.37180 269.26736
240.30934 360.87124 287.19842
663.74850 23.70750 50.15830
267.80255 44.44720 204.14712
664.88437 12.98436 320.50473
892.59302 10.46912 106.39710
35.80859 2.58081 129.73719
400.44267 7.36258 43.28735
672.08993 37.39026 97.77153
609.92083 327.22298 578.22977
328.24762 306.13808 594.85646
143.15844 1.60078 23.04811
297.33663 23.61137 138.40499
148.76070 9.43468 21.27971
151.93346 17.87099 67.12483
291.83029 18.82400 188.35170
499.83209 7.47263 29.35124
654.83943 10.72740 61.83893
322.70047 67.31717 24.70709
276.81662 3.80889 65.74531
395.04112 16.12848 53.83563
198.13019 26.74451 441.83576
540.75386 20.24193 104.72631
52.96769 41.11881 37.90215
764.54639 9.39370 174.60369
196.61788 3.41647 220.87417
699.17789 13.85093 339.41851
204.24102 5.99597 50.74431
217.76775 26.77709 57.72804
1126.62092 178.86399 57.53465
292.78392 23.63013 196.11007
261.47300 4.89798 2.52552
618.71553 7.65308 102.79087
265.93676 13.26877 132.50332
925.90434 288.55236 848.28105
286.17423 28.78182 268.58471
606.87940 16.64969 147.77203
227.01387 68.44747 141.85865
426.15342 92.99734 154.97476
177.42971 33.08919 170.06224
358.26249 20.46039 71.27658
615.34577 41.83647 360.20613
671.57136 5.88827 149.94220
140.53348 9.32577 220.75063
500.64558 48.16504 458.68841
348.32159 6.67018 98.52870
729.19914 7.96519 78.14538
353.69971 4.34854 19.92959
546.01652 90.14548 439.07511
371.63868 347.06899 330.76222
763.79250 63.71102 590.56570
203.36387 5.42973 33.98589
452.69999 3.34047 15.29146
359.99399 38.22499 161.15596
439.24735 48.45690 529.12750
246.47278 169.40928 332.51532
710.30808 60.88475 336.57506
323.19016 20.07755 88.24840
334.68836 5.44934 26.57456
519.64214 87.63702 555.85987
318.60881 33.80332 188.85380
513.75310 19.71865 168.94882
240.33060 63.55992 207.98336
844.94481 66.66570 173.85214
730.05498 24.67085 141.04541
234.02592 20.38071 85.01901
117.59145 27.01726 26.13849
592.09297 149.82609 346.62703
271.34560 196.50827 223.41621
187.29543 4.38690 118.06516
451.60190 30.43340 39.72322
797.66970 37.93628 330.83538
305.39811 37.52521 59.42767
438.05395 69.99102 158.65067
513.47525 89.38458 468.79464
173.94380 94.00487 115.19903
468.62195 130.30279 348.85608
553.65185 111.63655 886.00422
457.67810 90.56521 197.66912
248.62485 2.10837 11.68826
74.92951 7.53319 19.59102
669.77611 154.91144 476.36576
492.95396 12.25376 38.67851
332.75606 52.44398 327.81782
365.10116 4.34534 56.61990
648.39661 64.76296 378.83329
424.23859 31.10601 105.61482
237.04992 3.59537 12.14969
1008.00090 216.62289 624.92730
604.24860 53.06044 144.51931
733.75249 139.40480 428.41843
455.04414 106.35007 556.23378
326.34048 61.94084 299.85504
195.17910 10.74701 179.40284
665.37539 34.25164 115.34197
305.09622 66.48426 181.24698
366.54505 9.47566 165.20955
416.92036 151.29085 664.74514
427.22066 6.10407 20.19388
887.16022 14.36117 113.91319
451.84865 17.91144 124.25742
754.15172 267.61094 434.61129
348.09741 7.22328 31.95795
121.44284 1.35653 15.34013
343.51485 110.86955 485.01364
132.96095 227.18637 209.88660
457.47852 17.60115 118.85937
95.71652 47.91621 551.15534
292.99899 7.10384 261.51834
297.85803 9.96939 49.07121
402.40715 133.83170 763.57932
470.00359 16.39401 351.57479
96.76175 10.96542 447.76762
235.43492 372.12539 334.80687
216.56903 14.06493 98.12609
399.34862 12.89700 99.35306
352.07547 245.77163 175.33864
428.73167 16.00047 380.72555
200.01724 21.64687 145.26917
529.15271 444.98861 544.73749
423.45710 5.29771 67.44566
346.61081 48.51058 222.71805
597.45182 64.67200 388.84996
348.65369 31.77332 60.04105
262.17441 89.54675 48.84107
694.67785 68.70225 431.78948
417.62503 8.28372 33.13948
348.86504 439.69572 638.53514
481.73070 20.72198 61.25256
294.82710 102.08777 804.59940
970.97874 15.36121 297.95854
533.75077 179.86830 701.10917
687.11459 7.95881 114.60792
459.34472 35.08478 210.19832
431.56390 97.75766 556.27772
344.54237 72.49598 256.65139
174.99818 14.73924 82.41232
352.98849 29.63977 157.20842
715.18176 136.88374 186.71023
265.01030 37.66368 515.56342
260.08746 14.01230 91.14303
395.40923 46.90555 454.62664
427.84532 225.61615 182.31655
855.26547 60.51307 374.68308
199.33610 5.01101 61.24288
510.33913 4.64110 15.66780
216.92784 1.99879 74.28246
20.62876 1.45112 104.31789
737.13031 9.90031 78.98147
385.38993 6.72408 25.64024
656.26376 17.70992 49.28164
476.17763 18.59821 343.07299
808.70174 81.79944 247.43076
314.97629 70.96190 279.87159
240.70065 2.40716 50.56230
311.85656 2.56235 56.37973
177.98984 43.53861 152.88492
453.04936 83.14108 394.51748
1041.05862 3.88039 16.64096
200.43085 165.76119 450.62258
709.82500 14.79645 81.40335
246.03821 33.05297 87.84364
842.22485 174.95774 308.82858
385.30775 11.48743 87.37395
147.45174 5.06123 32.46473
77.37712 116.79945 176.97217
209.91638 5.11477 185.30348
182.02349 55.96241 176.81780
176.97346 7.33933 51.51469
87.01728 15.33420 130.68356
982.00898 32.19070 354.94370
534.06316 35.28196 126.40045
792.84949 35.57472 145.46779
385.16043 214.48715 588.99554
263.94830 150.76307 379.03999
287.42655 5.13561 2.70488
124.89170 94.42299 218.34359
518.52920 9.00600 43.70518
775.15390 13.31111 191.45128
207.17242 38.75153 282.30679
325.86262 4.10832 66.40040
798.10744 63.25502 287.84260
265.00672 3.17681 74.02493
1129.81135 15.24446 139.31754
321.64784 130.91615 780.57878
202.67232 11.82691 260.13837
806.04528 15.25212 46.54086
670.96565 34.65630 293.29390
133.66174 22.84717 38.93224
660.63438 182.94297 582.84319
581.78530 16.13417 96.12470
658.27913 33.44637 151.04748
450.06210 17.62588 36.12373
469.65421 37.58530 173.83132
372.74297 7.03515 39.68821
440.46647 1.40626 14.50089
644.44016 12.24007 209.17139
551.53430 30.94504 201.31995
229.09242 99.74940 76.99744
417.77061 121.10940 306.77516
418.49517 60.26217 350.34834
290.66145 25.34801 146.11160
432.09138 8.86848 164.07013
990.46086 110.38815 316.66236
87.68987 58.25676 72.89274
521.49920 8.85256 145.91336
151.26699 8.26087 187.98610
1032.82188 21.91047 285.18396
401.61140 21.99903 313.42932
301.79207 23.86381 275.21563
669.66142 45.53394 742.03767
350.57272 16.78981 317.50080
137.53311 195.86524 136.14984
536.32126 6.37757 21.83305
846.57085 18.95564 106.52480
300.27199 73.56708 23.84609
196.74864 1.68433 19.69140
230.91912 4.80245 25.91431
520.02847 14.13474 50.42661
408.67739 190.43941 747.76556
412.97151 39.46768 193.90594
164.29044 23.53851 54.25737
283.56357 64.13060 250.26152
319.03832 246.23022 450.30061
166.19737 230.38333 222.34978
102.36574 73.24159 499.65602
782.75843 79.56555 277.68772
434.18456 9.71338 95.72233
382.89261 67.59856 316.37450
233.52767 3.48960 12.11820
393.14264 288.66048 535.71613
645.41973 274.48026 613.59346
143.01230 5.23620 15.93391
156.32598 18.19864 24.42221
444.31009 3.65585 27.83100
173.35817 9.46156 42.45434
534.90171 19.82867 142.43953