617.79165 33.20178 67.31636
723.21582 5.52030 162.18676
349.32188 219.44211 70.37595
448.04352 139.24638 2114.33554
254.85814 26.47752 174.37624
459.86835 14.03871 50.78497
612.97137 123.80831 525.50350
315.81109 18.30959 37.80657
433.45077 335.72467 308.15926
358.62808 7.11061 18.67438
280.64503 205.71557 1305.18812
782.11305 58.09399 251.00930
990.61639 56.68046 158.30262
426.17179 23.57378 97.05378
242.62679 41.12176 134.89273
606.83191 34.00795 505.16715
792.36312 34.95779 96.97065
383.95884 114.87470 215.03065
315.76632 2.29840 4.02281
215.81999 34.22674 47.60006
586.85045 18.14319 76.76797
278.11097 38.15040 18.64056
629.33290 26.12648 297.60230
513.68970 84.61975 391.74327
213.65770 72.42456 96.98755
639.43832 68.01004 171.98938
785.63929 64.99192 299.46172
691.97882 56.47038 198.01937
373.21536 21.60845 198.20236
463.36700 164.05520 153.03111
315.02419 151.71872 432.86482
682.20985 25.72511 145.24363
220.52512 4.47715 19.47278
756.17328 51.81368 58.76291
369.19909 204.15837 315.49068
283.73185 16.34322 128.03350
464.35964 18.51728 305.61976
1100.48572 40.53500 211.57388
811.77192 12.86811 303.39201
261.61927 21.38829 66.92457
574.42069 3.86877 10.02734
181.79764 18.22243 238.05132
758.92457 158.63522 184.86694
402.80601 53.07714 1503.89170
384.48261 19.94976 63.10691
737.45733 7.81199 169.59737
609.05538 58.68473 109.98349
337.97511 15.49797 45.78416
556.05682 112.65784 149.90504
495.30199 47.32137 128.12413
231.21859 44.95866 114.09203
317.47369 14.18661 96.56959
512.33774 29.98901 126.84964
516.78128 3.10987 8.25302
396.28977 85.63631 156.28591
571.26642 30.21303 209.56995
244.99823 71.66953 70.95820
122.97467 8.86618 21.74433
594.42989 3.57952 18.65636
437.45136 38.46267 55.01261
549.77316 49.95464 149.09379
453.96902 21.27274 90.29510
892.29198 29.12801 57.96336
182.00582 13.50431 103.12314
264.85333 10.84604 147.04609
298.08064 6.14519 86.27727
294.09700 87.96658 76.36755
697.54306 30.47236 37.54286
267.91477 7.94020 57.90853
116.19490 8.47123 40.32613
233.52725 41.46421 76.35703
439.70509 111.79826 239.25126
550.58885 140.77207 141.77132
469.33337 86.93704 261.15591
434.61299 72.29960 192.12244
842.32302 201.55174 257.07317
228.15217 24.04943 222.98834
793.07102 7.69391 72.49248
754.24355 31.06022 123.27804
339.08930 18.35718 118.09912
605.37510 28.29054 158.37409
657.83861 30.74757 162.47996
467.83553 47.98630 94.90972
862.18417 26.26244 127.32361
488.12379 33.84519 155.42395
168.03008 12.42207 42.16206
722.31556 22.07868 46.85139
289.88143 10.17079 118.79954
979.92537 70.86195 272.18193
553.29445 87.27170 133.53222
972.73772 52.59070 337.86570
377.24793 12.88702 28.35625
420.99380 24.11699 56.60503
479.21144 17.79129 60.26907
501.00133 61.33005 150.76931
584.75961 20.69379 123.41009
823.15053 87.44355 295.24240
525.65833 18.41336 57.54054
356.01626 133.04609 1046.20978
585.95163 50.44567 108.03650
480.67795 382.35730 464.23053
210.16573 6.21541 153.69495
472.16696 121.46240 391.01340
299.77535 77.59452 218.68476
370.77256 158.68277 227.29481
300.24631 88.36743 253.14797
1052.94611 83.92665 226.56664
534.09723 71.91361 300.68320
522.16393 41.62025 233.50932
415.69223 44.43743 79.70048
655.30516 24.10021 101.26518
677.41208 20.80577 123.02296
671.07915 83.22653 145.23302
545.19585 143.34882 311.72509
376.89609 92.29086 131.68099
704.76923 80.33962 274.47824
1068.21271 4.00989 29.24433
237.97747 22.34463 171.32413
377.63173 109.95462 188.87530
240.90943 28.56419 168.76828
608.44194 36.85452 756.80139
206.30372 34.80086 168.60040
378.18771 28.84153 160.67405
995.10974 97.49528 505.08553
403.77915 34.36868 106.03458
267.12616 57.48396 114.40744
270.80589 107.07426 146.40575
553.67459 21.56867 125.05701
829.68632 139.36086 373.87726
422.47410 325.41642 69.26415
897.93085 22.62209 176.22693
407.70051 3.55787 25.93239
316.98401 74.27977 53.51300
380.25834 41.00696 50.85479
302.17811 184.60775 215.94280
380.73874 28.04124 133.52364
528.24152 79.90012 337.52298
110.45092 10.25156 13.08715
224.83788 24.42386 230.66699
394.56811 302.66499 151.24235
110.35867 6.36791 34.37248
742.01166 37.24620 488.48907
760.24789 142.45753 313.42812
880.50762 10.29739 258.93463
906.48758 110.27579 415.74777
98.33337 3.66423 39.50718
871.44145 13.31939 113.90055
162.93938 11.77241 30.19004
412.72325 21.97303 53.48228
203.28297 8.27652 43.91895
387.07481 35.32405 58.00429
374.95329 32.86944 132.06312
519.22486 58.04333 68.35784
572.54486 45.97164 62.03931
641.74789 50.71273 144.86052
240.31697 54.75042 101.42128
447.41628 31.79963 275.54096
463.69430 163.67866 195.08492
214.79331 48.40787 86.20055
153.47767 28.02722 41.12677
469.31138 43.90458 183.89420
327.77455 22.26775 123.30015
563.94604 42.49948 337.03255
211.44707 40.92682 102.41900
249.99528 52.19534 151.51859
582.41223 34.57086 101.26532
668.83311 19.97965 44.56322
355.23029 35.50603 197.94749
679.62768 110.62111 138.48765
499.85611 28.17346 206.46066
718.46982 4.52180 19.47304
683.92714 49.31621 464.11407
542.35717 15.15479 81.80525
798.04878 16.34678 132.13193
931.33998 53.81839 49.48874
140.40742 10.63563 26.34544
929.64061 13.25799 347.35412
340.91257 62.04225 137.42798
822.93936 19.28391 203.72463
588.41409 136.39613 333.88494
388.29121 39.72152 59.77318
320.43110 38.88794 177.20704
549.92502 8.97737 42.43654
523.57863 99.70859 138.99121
590.15890 46.21642 142.99420
457.80010 7.51942 35.02142
659.21083 58.96758 467.84741
360.39573 53.90808 120.90343
254.88921 22.93398 57.31695
321.31296 15.35065 357.64543
854.59303 54.47800 242.82684
152.79852 28.52969 73.58813
308.67935 22.50664 53.99960
316.71130 19.19069 13.25178
128.08785 8.61303 80.40661
291.87547 18.32782 160.62864
805.22009 54.80611 440.57447
571.91650 7.05552 18.73395
413.21687 69.48063 139.80946
423.06644 12.02559 107.11946
825.61750 34.60954 150.95013
876.68687 55.03485 273.55799
182.81226 13.15756 78.14624
372.41361 50.91038 144.49633
269.03017 47.16616 129.51203
264.60642 41.24824 52.08547
788.95455 12.42848 287.51464
136.05421 22.86648 78.14040
597.51903 41.58916 145.09664
420.98627 33.30127 1708.54418
561.02651 131.35178 357.75221
753.53632 54.43308 112.47972
442.57830 143.74073 132.17788
289.38657 12.04829 46.24743
429.11122 24.15830 101.24803
537.47291 58.99672 153.83450
588.58455 35.85621 620.81367
377.37565 8.56805 41.14281
465.22340 12.31798 95.17487
553.39980 72.38569 175.24933
695.23538 4.33232 208.35935
111.76920 6.05919 13.27093
676.43406 83.93257 203.97435
650.94628 88.67260 41.29435
335.11112 59.80850 113.44054
516.89376 146.73382 298.57152
141.29344 15.43673 21.54555
455.97635 10.69859 96.41421
656.07006 88.83032 223.51785
801.06819 82.79854 111.27324
572.27220 33.98337 310.63080
430.92722 69.76197 33.57971
181.55956 26.97271 60.83955
707.93926 158.96475 258.37164
467.76913 5.78147 56.05058
260.70702 19.89632 53.52505
439.53551 150.65959 220.21180
391.88808 31.60114 424.63375
385.28760 17.70064 34.15555
699.93076 62.20768 445.43572
433.34837 135.32083 292.11380
628.91355 31.14261 664.58709
271.75154 90.39529 176.52030
559.76279 121.31701 142.69273
459.97721 45.62316 54.21688
633.01086 102.42596 133.34415
145.76441 28.28298 53.32207
451.05636 21.34391 37.49618
318.99902 45.97837 64.13833
144.32476 12.84646 58.69369
211.21561 15.37228 112.72716
810.93497 111.88367 479.86730
436.16331 30.40244 231.05104
571.45295 69.76056 167.13612
669.69862 51.45624 557.47576
653.72324 111.78181 266.16544
739.88098 61.43646 165.75163
585.84409 59.46248 320.23804
226.77208 7.83942 50.87243
330.64459 10.85339 34.57098
894.76815 24.54498 50.14595
1559.42191 159.54897 284.60387
612.30108 63.01114 122.32292
420.30029 4.25864 65.82556
550.25884 170.74265 310.29750
485.09297 41.34321 57.80813
629.44829 113.79505 128.65350
753.55014 154.03816 183.67932
747.00149 102.52714 128.63548
588.28521 42.78644 111.10234
274.16320 20.68327 49.80223
780.16949 22.47135 92.44263
266.81780 11.38659 52.21130
382.14220 68.25380 447.25977
799.04493 130.68575 211.55959
364.92535 73.17796 196.93605
273.11125 315.03045 145.45270
289.85864 277.12154 132.64143
817.10575 35.57043 75.02639
582.61434 5.37270 56.86943
441.71754 33.43535 26.65605
1185.64639 66.84830 364.76540
185.05409 15.96449 82.44773
1428.54444 69.36084 168.74251
385.17766 92.24748 311.75551
312.22441 21.38400 118.61286
482.05629 15.30183 37.75572
392.88799 4.36143 15.65542
702.77443 68.81571 768.62163
328.42311 45.19371 115.84484
430.94322 64.26928 149.59458
297.72528 82.56642 1944.35710