448.28030 10.51096 111.46876
975.85818 6.69337 23.85583
992.27514 9.34714 13.62373
666.64783 15.29776 40.74054
546.77160 13.42802 29.63602
481.44918 10.28339 25.90624
442.50416 14.76927 73.33060
724.60065 16.14515 36.16766
835.27656 8.01639 22.80403
966.98222 17.70248 38.39037
405.10102 23.44653 130.51410
719.01867 9.99495 21.42170
838.20299 47.04903 63.93675
830.59796 85.43187 286.48386
531.45887 8.97869 11.19829
967.83551 34.94668 132.78993
610.89760 75.77640 127.57461
732.35378 7.53988 72.88042
709.84250 9.52052 12.42334
710.07525 73.97234 91.06239
378.63803 25.80989 48.82374
429.72039 12.82100 28.20596
570.27415 26.17173 34.13999
542.73724 16.13126 55.07275
832.45144 10.55968 54.29651
748.94051 27.67788 31.65663
582.52079 12.12695 49.14983
999.85133 14.60021 52.46422
585.61133 4.46476 10.16553
663.81734 135.71175 162.26507
608.42354 10.65966 31.41665
865.22862 28.88315 50.00922
617.86003 8.89895 33.54970
728.90881 4.67945 9.39617
561.73659 6.80530 19.34981
642.13072 13.62148 29.31844
902.85215 52.99374 145.22599
455.85011 159.24097 331.56043
580.47839 9.07643 98.68666
945.05526 4.19980 5.54315
426.61560 14.62105 57.97947
625.28381 50.09376 108.58956
588.67872 4.07505 26.73944
716.53125 14.12677 16.88598
660.38245 7.82441 54.82116
376.38089 8.87346 66.45830
952.94158 25.35091 130.24772
922.69369 7.75712 21.98900
710.38191 6.42840 24.58688
630.72618 7.42931 7.05392
822.61299 8.71370 38.12474
982.30686 4.55309 7.67689
589.02272 23.65198 196.07718
857.76415 75.56007 42.68392
766.05008 13.41842 34.36454
899.51068 174.68578 83.76145
902.93963 66.03489 208.13715
583.31685 11.02448 45.95892
372.06267 27.51094 39.25379
987.26141 26.76765 106.32563
356.88352 21.05573 212.21791
553.99990 30.73745 49.47657
1106.73834 26.75189 43.09647
428.56060 17.67861 91.86158
494.94868 18.68391 91.28246
827.36468 16.31687 41.03580
545.41021 8.18859 13.23909
495.33248 21.83746 69.60682
574.35509 15.26307 63.89987
438.94629 19.30026 73.36159
922.09169 84.10098 118.73630
490.82119 24.23790 55.91874
632.64284 30.11667 169.95456
545.70553 9.53704 66.35475
671.48549 5.67401 10.35574
482.11265 23.15072 340.05966
824.34911 9.18266 42.49910
687.23071 17.49998 52.87574
579.60103 17.22205 142.51622
915.26248 18.91690 84.36859
256.33561 32.18883 216.29327
477.85000 21.29762 23.08477
435.85163 17.33588 251.61658
248.47374 17.29064 118.33114
755.01177 7.23305 29.82160
1011.28678 18.71094 66.20238
559.34917 9.82968 39.73131
875.91883 4.59772 24.55505
692.15799 8.08619 30.67041
864.86249 54.10614 93.87789
298.66840 15.73146 206.85330
513.16579 19.02831 22.31173
258.49405 15.19472 85.48611
594.16897 8.39968 15.42379
671.88515 15.82953 44.08812
299.78918 22.16558 61.14058
1013.49670 4.29885 16.18739
645.18454 10.35595 44.12442
659.04537 18.76027 36.56066
389.73253 92.77105 331.68689
363.08870 19.66503 118.25270
706.14852 22.95077 50.84362
592.57821 17.37522 34.41590
449.53522 9.32079 28.55054
611.01327 14.07866 41.39686
786.65162 23.03071 48.97194
596.17120 26.98275 193.47749
654.85337 5.64914 25.34943
1039.18434 27.13435 46.30844
402.39800 11.66368 247.10502
391.45887 20.13121 419.45755
805.25977 15.19472 53.05807
769.60743 8.91348 49.14382
559.28449 14.26839 394.64127
426.05954 19.70691 108.42528
1223.29772 62.45136 238.18790
582.31872 24.31932 160.07536
252.80238 45.31150 196.10464
523.47100 12.73624 295.95529
520.54335 11.60003 33.27885
532.50567 8.15015 21.71314
752.85878 35.65107 162.26393
944.02713 46.86875 194.38240
611.69024 14.48672 105.68819
833.09231 7.43680 138.04571
204.56603 12.90984 30.61865
327.03477 22.98241 257.70923
418.72317 27.61421 134.17944
903.16594 5.52214 31.51248
554.12403 8.12570 16.19504
230.11402 19.86775 151.00203
592.56409 11.08075 23.58606
519.09582 28.82876 39.40710
385.62930 30.98570 111.01834
507.31406 31.63151 39.10317
470.39891 7.57743 12.33839
600.67160 8.91523 12.57383
421.53898 26.74325 53.98601
416.49114 17.66731 51.23442
654.29992 38.72548 41.56289
925.47112 2.70891 5.22258
604.01018 11.10009 17.32684
714.81914 6.68028 12.53074
592.33005 10.84653 21.30801
407.96154 30.35592 71.46974
1367.91402 25.15039 57.05627
752.37275 6.37226 9.68462
404.17560 18.15117 238.75910
346.32298 21.59108 30.66941
336.41340 19.64135 26.19664
654.75371 15.33851 20.62855
527.12830 159.46888 753.51870
708.93744 9.17660 16.79043
1203.76572 8.41211 33.36838
328.29555 23.95667 81.91160
693.66904 33.92979 45.73247
390.81389 26.70322 107.81709
680.93093 17.94590 20.33604
782.94349 7.86712 17.05045
693.84435 4.50064 16.89094
759.96516 12.68686 88.65279
1044.71177 21.36091 257.60094
484.84525 39.00110 91.59490
806.11200 5.64938 56.01255
689.81943 8.88737 37.43433
698.04896 19.93483 67.01561
741.37198 79.19816 77.40625
629.25535 12.39363 23.96166
622.82009 22.53991 10.23324
415.11520 16.33843 167.83288
540.53317 45.19137 32.06497
608.97440 5.79953 13.33968
752.63709 6.79130 21.21267
754.52559 19.83094 156.98445
302.36977 9.69741 202.89626
511.68809 47.77764 36.82140
822.18534 32.23173 155.61696
732.43175 11.40470 36.25723
623.33566 24.70098 98.57649
670.13796 13.00455 43.12292
688.52862 14.91686 15.97711
721.68873 5.17450 14.65083
510.18777 21.51706 13.96376
755.29737 19.52446 44.88554
995.08236 29.04238 152.09669
478.63275 12.75700 41.07184
837.98646 8.69453 20.61979
822.57198 42.34772 146.56036
833.16730 18.29905 109.12656
861.38979 31.53140 11.53677
642.41773 4.81134 8.25028
353.14131 29.04772 45.23701
365.45224 13.85299 120.12985
893.09006 4.82450 73.14412
512.89268 38.67780 247.14683
387.23289 30.11197 116.49474
676.35239 52.04575 89.07930
640.18212 27.82438 38.74522
743.35826 12.96113 33.63625
927.06860 22.70941 238.39159
606.17995 32.24558 88.63220
776.06617 6.47615 20.25168
662.12348 55.89468 395.83792
632.74100 5.54710 6.43433
520.00556 7.95776 25.71686
934.69637 10.85440 35.33542
363.86410 48.69396 57.94905
608.82923 17.01683 35.63999
942.88492 8.60423 99.35528
1033.44406 15.08100 70.67561
849.79754 38.31525 56.01030
358.73202 9.18025 27.60241
1294.44892 44.92664 73.87075
658.07160 37.63239 39.08269
912.08556 3.56346 12.32618
690.01349 15.04874 46.49559
388.71001 36.59740 153.52051
591.86128 4.99244 24.22988
980.53028 3.02678 6.34623
786.85363 8.41693 28.74381
487.47260 3.89704 15.34303
317.33923 7.61265 20.87945
410.06315 10.57553 27.71514
374.95528 20.16550 41.66620
685.06425 22.65568 65.67410
898.68190 13.63741 148.88185
510.05889 33.26380 126.37676
805.55355 11.23830 39.63174
626.12463 16.13376 37.86008
929.52471 5.54230 62.86148
974.84819 106.11410 135.04717
734.26674 67.23716 94.42670
784.75986 20.82965 16.08400
643.19751 24.65529 18.73519
289.57183 24.30749 453.97266
911.58738 12.53558 62.32675
662.71811 5.40561 32.91488
780.57782 9.74609 265.90626
836.95249 11.37711 29.43945
380.88584 8.42461 10.95980
690.05593 10.02284 32.02112
420.89907 25.40865 41.07362
972.47993 5.43244 31.43107
699.87262 9.11357 21.30797
375.90754 53.32810 83.42917
885.22821 13.17316 172.97395
1109.77548 11.20571 12.00720
790.60974 35.77303 45.49293
664.28090 24.53550 236.42345
502.39745 11.00023 27.54657
849.91459 37.99671 72.51526
630.99748 8.06130 27.08324
268.17314 24.55684 62.76029
565.77033 30.93964 206.10848
466.83436 26.46351 543.30934
452.59826 8.01974 7.73383
767.81896 23.54721 173.38656
816.15045 35.28578 139.49537
504.13540 8.87083 30.51056
525.77537 33.47147 175.41281
620.26696 52.67323 87.56014
726.73856 65.25073 120.97872
725.92693 5.76751 11.81883
555.78263 14.46309 19.80136
601.18550 9.25367 36.32507
542.80248 8.90404 47.96250
339.14277 13.58284 17.38061
746.22691 4.59509 35.78313
355.00485 75.48638 48.76615
587.91469 58.89171 182.69457
605.20676 21.22059 24.62867
768.65725 39.58430 410.86546
458.95832 11.08126 10.13891
382.55322 32.62922 117.90702
502.02170 37.50150 35.34935
312.64964 15.97963 55.60063
693.16425 12.00370 12.97373
655.11893 10.25566 281.36498
528.64007 4.55085 21.98913
860.33545 45.00943 14.34106
418.66416 14.73312 125.88176
706.45510 35.36295 80.99638
735.54917 10.32267 26.00807
352.49352 56.04285 170.12300
509.85124 169.95059 279.06024
938.67266 9.48192 70.35140
812.30239 31.69114 26.00822
744.02779 31.11834 349.17338
749.74344 11.74908 25.00090
243.19766 49.30636 35.70443
521.88841 16.40097 41.91155
314.71905 14.38411 277.13122
