2.03131127450984
4.92346813725503
1.52771139705883
2.82665441176473
1.00261948529413
3.809482230392124
3.70735294117652
1.91960784313727
2.48653492647059
2.34584865196081
4.76971507352929
3.35923713235293
1.83337928921570
7.55274203431347
2.06063112745104
3.490548406862753
8.99031862745075
2.91806066176469
26.0948529411780
10.71749387254896
3.851363357843166
3.363449754902053
1.79892769607843
4.78993566176452
3.66825980392156
2.30479473039220
5.06332720588219
7.12726715686261
1.08051470588236
1.19028799019609
2.79336703431377
5.09087009803914
3.65156250000001
2.82458639705875
5.31603860294076
4.43284313725500
4.54662990196114
4.10545343137270
5.85117953431329
2.06632965686275
1.99773284313733
1.77506127450982
3.92368259803925
5.08095894607825
3.12985600490205
1.73599877450981
4.27723651960798
1.37671568627452
6.57146139705896
8.94796262254852
5.10058210784293
3.44087009803916
4.51115196078435
2.24534313725485
3.29134497549022
1.43604473039219
2.71508884803918
1.58578431372550
4.75871629901951
1.54353553921570
2.51277573529408
1.45543811274513
1.81404718137257
2.70997242647059
5.63304227941167
1.43887867647058
2.763832720588213
3.18769914215689
2.39526654411763
2.97389705882347
4.36328124999994
5.44113051470595
6.63964460784268
4.84352022058803
5.44759497549027
13.31940870098026
6.42945772058796
2.90975796568624
1.52066482843138
7.35062806372567
4.19229473039206
3.66634497549014
1.58235294117647
9.76994485294062
4.76256127450962
1.74053308823533
5.11508884803927
8.18486519607835
3.74410232843135
2.05652573529419
5.81822916666633
3.702037377451026
2.26412377450979
5.81757046568593
2.60661764705891
6.13472732843117
2.59390318627454
7.68291973039177
1.50510110294118
2.767723651960737
3.382598039215665
4.33432904411769
3.64258578431366
2.09113051470592
2.89868259803923
6.02363664215701
3.007705269607837
4.13339460784310
6.52158394607854
4.30454963235290
1.72758884803920
2.55039828431376
4.11852022058828
19.5356158088251
6.73788296568624
8.40859375000058
3.22754289215686
5.98374693627422
3.31603860294121
6.01999080882355
7.17031249999980
2.08322610294118
16.50629595588293
1.975245098039236
1.66799938725490
1.61711090686276
4.27282475490182
3.23215379901955
1.67617953431373
4.40170036764705
2.47098651960777
3.62408088235318
6.22319240196059
3.19934129901976
1.34601715686274
3.03249080882354
6.12904411764695
1.53575367647062
5.11412377450973
10.27847732843034
3.61780024509803
4.96029411764692
11.05828737745056
5.48837316176411
16.5225030637269
3.76147365196089
1.62735906862747
3.49569546568639
3.73674938725501
3.08933823529432
2.71124387254896
2.90314031862745
6.87656249999955
5.60214460784302
6.00810355392124
1.95343137254915
4.58841911764706
4.90396752450961
2.50335477941177
5.18333333333292
1.62222732843137
3.39623161764700
2.51933210784316
4.62893688725486
2.32113970588238
5.72083333333296
2.925612745097986
6.22284007352948
1.32631740196078
1.95821078431381
9.48544730392132
2.759819240196034
3.739047181372753
6.05888480392123
2.50663296568622
4.65136335784312
5.2349111519605 
3.290548406862954
3.53198529411760
4.13999693627449
6.21931678921551
3.02962622549024
0.65431985294118
4.33075980392151
9.17130821078418
4.32475490196085
3.54892769607841
6.20582107843160
5.38207720588255
7.24073223039179
3.42061887254908
4.73195465686284
4.85710784313719
12.5928308823516
3.428998161764783
4.58939950980382
4.76482843137250
1.54978553921571
6.75952818627449
5.49938725490175
4.65683210784310
3.95333946078436
0.93123468137257
5.81072303921533
5.89886642156827
6.54382659313692
8.49450061274505
3.34229473039235
7.79071691176522
1.65629595588239
9.56672794117646
3.18448223039216
2.406127450980407
3.220787377451066
4.33877144607842
4.00764399509812
5.68587622549014
4.89010416666682
4.21697303921563
7.82526041666683
2.62807904411763
3.11521139705890
1.19742647058822
3.54996936274511
2.64024203431370
5.33996629901924
1.67498468137259
3.81064644607864
1.17242647058826
0.95943627450983
6.37754289215705
3.28368566176464
4.23212316176479
5.63713235294074
1.90655637254907
2.53523284313728
4.80004595588234
3.39280024509801
2.60124080882350
7.43863357843119
5.53334865196061
8.62968749999964
2.06075367647065
2.55646446078420
5.88419117647036
2.72927389705880
2.89111519607837
5.53308823529397
7.59967830882329
3.01165747549012
7.57578125000042
2.62454044117646
4.59764093137255
2.43128063725491
7.988449754902234
3.32994791666662
4.40710784313714
8.13913909313723
2.495925245098066
5.58993566176465
4.78512561274492
1.73779105392159
3.82625612745100
3.93359375000021
3.29132965686272
7.44270833333344
2.57117034313723
3.922640931372705
2.19707414215688
5.47555147058824
5.00761335784296
6.14615502450974
4.47285539215685
7.651593137255126
11.96587009803773
2.86446078431364
2.53930759803915
3.58863357843151
1.89137561274510
6.09335171568618
1.70791973039217
7.61649816176510
0.78832720588236
4.57890624999994
11.16956188725436
1.89204963235298
6.16323529411753
3.35778186274508
1.94724264705882
2.47140012254897
2.89702818627454
5.43791360294077