35.352619485305
15.006081495096
19.8079810049059
15.940012254903
10.4263020833323
27.2251225490232
32.243780637261
29.666773897061
14.334574142155
15.7808363970578
16.0622702205884
31.308532475494
22.294071691180
24.92239583333586
14.074448529411
36.745143995108
22.926164215690
26.26865808823694
14.6073988970579
23.445389093139
21.372702205886
17.383210784314
38.599647671583
29.2098498774574
10.2740502450976
31.8956341911862
22.975045955887
31.184819240204
20.4590533088268
27.4115808823555
16.0138020833329
21.5572763480399
19.0457261029432
40.741268382370
22.758057598039
26.2751685049045
15.627787990194
26.191697303930
26.7899969362806
11.494500612744
19.058639705885
8.4587622549018
31.195726102952
33.4722120098117
19.9980392156907
16.7928308823544
17.683440563726
20.0783088235326
31.1904411764785
26.157720588241
9.2225949754895
10.645419730391
15.5811887254896
25.0550857843224
15.0855851715689
15.3052236519592
11.2073835784301
10.234650735293
22.441666666669
19.5621017156893
22.175306372555
11.194745710784
43.030867034332
16.607582720589
13.333333333332
14.450612745097
19.927420343139
23.2447150735338
13.5369332107839
8.5090533088232
18.470174632354
11.0775735294107
23.313556985300
21.314016544121
13.7870863970576
30.1497089460884
20.4946231617661
24.156587009805
24.364292279417
18.636213235296
25.190916053922
27.4220741421565
17.3098651960792
22.2460631127487
26.8495098039281
11.1339307598033
23.945220588243
13.9384957107835
29.713265931381
18.1094822303938
31.768137254911
27.090778186277
22.7210018382367
26.85625000000315
14.0694240196062
18.8928921568662
20.5911611519654
9.1351256127446
25.8357077205927
18.0958026960804
26.942095588241
19.239414828433
26.351133578436
26.3214460784342
12.643474264704
20.504090073533
37.254319852953
21.1674019607887
25.2770833333408
17.776271446080
43.323498774523
13.614031862743
26.777420343144
16.2287071078438
29.1753216911806
11.363357843136
19.649157475491
19.873897058824
23.1568933823576
14.450873161764
30.5283394607925
20.2147058823558
13.800873161763
26.4300091911856
18.3903645833364
12.2117953431365
20.849126838237
8.9023437499996
25.353339460787
17.8525275735327
15.769898897057
14.164966299017
17.3543198529422
24.79822303921835
15.6708026960773
15.323330269606
29.66844362745746
9.4902573529407
21.573192401963
16.1503370098034
10.2724264705873
20.479488357847
28.9131433823599
34.436182598046
27.065134803925
6.2696997549018
34.232919730404
19.85579044117715
15.506617647057
13.5744332107838
19.108578431375
18.5295189951002
19.550306372552
22.5454350490243
14.5830269607834
21.84687500000316
30.1013020833418
17.972870710786
13.633685661763
11.6006127450973
12.140364583332
17.8035539215701
15.7489889705887
15.3780330882349
17.492693014707
23.042141544123
20.3958639705934
15.082184436273
12.1228707107834
19.419684436278
10.805484068627
16.3455116421568
18.5545036764733
26.7165287990286
27.598345588244
14.0721660539206
20.359926470591
15.1827818627441
17.8893075980397
27.1860447303993
20.136121323533
12.3625765931367
31.5272977941247
27.6169117647123
18.9372855392192
16.524938725489
22.122028186279
12.9747549019591
23.5111366421591
8.8477787990191
28.436121323537
9.6852941176467
20.6281709558858
24.6245710784351
7.3447916666665
32.7526194852964
21.3310508578478
9.0499999999993
18.7341911764733
29.892340686279
43.1397058823706
24.0793351715729
11.2430606617647
27.136504289220
11.0822610294107
10.9252604166651
14.993060661764
10.8786305147054
14.681832107843
33.961136642164
42.344209558831
25.410064338241
17.3154411764703
19.639705882357
7.7761029411770
17.956939338237
32.658394607852
18.453446691179
20.483746936276
11.087852328429
18.628569240198
11.6498008578427
23.513495710789
27.648284313733
18.321875000003
12.8191789215678
10.7601715686268
14.257138480391
21.3768535539254
25.3172947303974
18.5293045343155
23.483425245102
9.0210324754897
18.960033700983
46.067447916680
10.515042892155
13.177879901959
13.984512867645
10.485125612743
22.732720588240
24.590257352942
21.992631740200
13.4958026960777
27.3172334558896
20.8755208333369
18.2116421568662
16.2267922794115
14.593213848038
19.41089154411926
11.1312959558813
8.6542738970585
32.363020833345
17.497395833333
20.7202512254944
25.29178921568925
37.4107230392295
25.8464767156916
29.605698529416
18.005208333335
21.797181372550
16.1821844362743
24.157475490201
20.836504289219
27.8603707107929
20.566559436278
17.4032169117668
25.7129901960832
30.216850490207
22.492846200985
12.960263480391
18.619087009806
11.9065870098024
23.377650122551
16.887193627452
25.7284007353009
9.8206188725493
13.672150735293
11.6672640931352
14.203431372548
11.9558823529406
8.4689797794115
23.1245863970625
23.36164215686434
27.1041973039293
20.3383272058849
16.9600949754907
13.2151348039214
22.3536917892187
23.231770833336
15.497809436273
19.1410845588251
20.635171568629