9.2736825980390
12.8958333333321
9.8102175245094
14.1441482843124
12.3159773284304
6.49094669117615
10.02702205882267
8.74414828431383
7.0758118872549
9.38615196078445
9.6259344362739
13.31403186274426
12.4254901960777
16.81790747548857
9.82768075980405
20.31568627451162
11.380867034312
13.75029105392086
11.8636642156852
9.10147058823493
10.5371629901951
9.4126991421564
9.4369332107839
13.6219975490193
9.1777420343137
11.57866115196014
9.02752757352936
10.6999234068624
9.65153186274496
13.44129901960717
10.0340379901968
11.6841758578432
13.35473345588224
12.5963848039218
11.14015012254866
15.04937193627423
10.559344362744
11.54397977941237
6.4936580882351
16.180055147058
10.77060355392167
10.07221200980375
9.60968137254907
12.93619791666634
6.13714767156857
11.846645220587
15.7354166666643
18.2513327205888
14.3083946078423
11.5485600490188
11.68900122549095
14.5119791666667
13.3846200980384
9.0543504901962
13.97709865196023
10.89937193627357
14.0635110294126
13.56946997549097
11.7878829656853
13.4130974264691
8.70355392156863
7.29918811274525
7.12225796568646
11.65215992647013
7.6143382352938
7.75494791666634
14.754932598038
13.44477634803815
10.4961397058815
8.6873927696077
10.61674325980306
10.581433823528
12.9800551470595
12.26087622548955
12.32928921568515
15.8202359068617
12.57886029411847
10.524234068626
8.77472426470632
12.686963848038
7.5027573529415
15.2874846813722
11.4016237745084
6.31989889705846
8.15208333333333
7.8509803921570
14.044837622548
11.20099571078343
13.0210477941176
23.161902573533
11.89898897058795
12.140655637254
6.8262867647055
14.4252757352938
12.22599571078274
8.4498008578430
7.27112438725487
13.07562806372476
12.148268995096
9.7544730392163
9.2064644607846
14.2712009803919
11.19829963235233
12.324938725489
7.15430453431347
6.23809742647013
15.9696691176463
7.6852328431375
14.0647058823525
13.3876378676466
10.5266544117646
17.459635416666
12.26099877450947
8.31643688725534
11.2688572303918
13.1932138480389
13.0553308823512
9.5422640931369
11.0959405637253
12.5130208333329
12.5749540441171
11.35257352941045
13.8042126225481
9.1782781862744
10.8081801470588
10.2775428921566
14.4941329656857
11.7387561274492
12.6181832107842
12.50136335784355
8.09250919117617
9.0878063725489
8.2554534313727
10.1245098039209
10.801562499999
14.330744485293
6.29957107843134
6.5836090686272
7.4787837009803
11.39566482842974
14.2287990196084
11.632996323529
10.9106617647057
14.23733149509865
10.5719975490187
7.5664062500001
12.7272212009804
10.1207720588224
10.98544730392013
12.44525122548902
12.2979319852936
11.4346813725485
16.328339460784
9.8859068627450
8.3476102941175
9.7238204656858
7.3073069852941
9.0705116421561
9.91917892156826
12.71446078431303
13.372365196077
9.6360447303921
10.8223192401944
13.8199754901953
12.38710171568587
9.96726409313613
19.6087316176488
11.5356464460783
15.5640165441183
9.9918045343135
14.08818933823413
10.65589767156854
11.4329350490198
12.19590992646934
11.3534620098034
10.3850949754893
11.43694852941135
10.04692095588264
14.21056985294047
5.2858302696075
10.28509497549053
12.678875612744
10.2317861519603
12.00073529411653
15.6666207107834
16.12310049019626
10.63661151960704
13.6160539215678
8.4320925245100
9.2131127450979
10.606035539215
14.2850183823518
10.3889552696064
14.7978707107837
6.77604166666698
9.4166666666664
12.014522058822
15.019914215686
16.3745557598041
8.0261182598044
10.1304381127443
11.9719669117644
10.74149816176467
11.5427083333325
16.88696384803906
5.6218137254899
10.07711397058716
9.04886642156836
11.4945465686274
15.4871783088224
10.14696691176425
13.3796109068614
31.7371017156959
19.3628216911808
10.85242034313653
13.03938419117516
12.095909926469
8.2778645833336
13.4235600490205
16.5976256127457
12.5898131127446
11.1598039215678
11.2960631127443
8.4569852941176
10.41099877450996
7.84869791666695
8.2283394607842
12.15736825980306
14.68483455882346
12.0686427696081
11.46663602941084
12.311029411763
14.69149816176455
14.26145833333235
10.9365808823523
13.317984068627
10.2630361519602
8.24558823529407
12.25916053921526
10.201577818626
14.0210631127437
11.49816176470454
11.8090992647056
13.1743872549016
9.20162377450945
8.33063725490244
10.0553462009804
9.8703431372551
22.28164828431667
6.1252757352939
6.0230085784313
10.5729473039212
6.4988357843135
11.6209865196078
9.5986825980388
9.2877297794116
6.7130974264704
6.57939644607844
14.95206801470557
15.30847120097822
12.66228553921455
12.7961856617625
10.0512561274509
11.84096200980395
12.34365808823437
11.7732383578428
8.4235906862744
10.9178768382344
8.48728553921545
14.3160079656852
14.61306678921425
18.2146905637275
19.692754289218
11.7870404411759
8.4036764705884
6.75447303921556
10.887699142155
12.304120710783
17.40101102941206
12.651930147058
10.49531249999814
22.81515012255259
13.45148590686275
8.3755821078431
14.4795496323529
13.3450827205882
14.3803002450961
22.31401654411876
10.6378829656852
11.27022058823407
13.23628982843066
11.044439338234
