0.3952979293716189
0.3266531593815091
0.2957262141119592
0.2382222105757654
0.3820212369909674
0.46857052687454415
0.31568582456568467
0.34221807255534553
0.4387855009088433
0.32226228953860425
0.30413474857172884
0.30076517216896126
0.2492739418348547
0.21047268687718557
0.33989504574536505
0.17127432210970062
0.3267836259878472
0.25795256042917086
0.2629555145820342
0.22422749880574963
0.2854979762507351
0.3216636351974939
0.2838455597368292
0.2520004226501293
0.31030732109832787
0.24268323906889314
0.36342660889131356
0.3369355838491164
0.34504116568435866
0.26898364684205717
0.3449989300429068
0.3888099917103692
0.40580528589807324
0.2977664507662148
0.37173158356031266
0.27448540884311423
0.2598986528092958
0.40056731874608237
0.4398147434210573
0.2689892727100082
0.28902633776559267
0.34322344672058275
0.47666365744785627
0.37936448276146534
0.43253566731830007
0.296031831651735
0.24090403633220053
0.23651664555693078
0.22610561632462783
0.2763375167901578
0.39677622529860795
0.4072667895289547
0.16964024043855644
0.39692938582683546
0.27345227731741223
0.31372813357353957
0.2472254844971736
0.37294117616086997
0.2911055324860093
0.3508532495902621
0.31537260987530513
0.39040595290619345
0.36164683166436346
0.19444140506756413
0.3870964055766083
0.37775456673396124
0.265081486038254
0.29538544906630115
0.2785299756991495
0.32024442503730655
0.28826450923050406
0.2967695916597417
0.3080719425433155
0.30491115153130155
0.31021256957271515
0.2963444179341687
0.38933269343308247
0.31666384715977
0.24321422496439782
0.3670308099344257
0.4249299127323922
0.3398549004433772
0.3047730217219344
0.49173778240204136
0.37117745182996403
0.3668350610461319
0.3331644910626645
0.23979091088798543
0.3122281845870716
0.19764081738368314
0.19360693252881495
0.285216944848509
0.2809713771797296
0.2865925528916838
0.25464677716768974
0.3296257303505734
0.45162541839192527
0.19251123557081576
0.275297375401324
0.48061124348179024
0.3106224011519443
0.2420307667610439
0.22627562876866433
0.272116270699062
0.39564544155438397
0.40393394562089313
0.2196652364905453
0.5855367952141706
0.2862308137760695
0.32302025104563026
0.47791701277796556
0.206448268924679
0.44002869576118947
0.39510602055726474
0.22936002300203828
0.3314848312115029
0.22767099108621702
0.3308993138351914
0.3656290697326383
0.2874465997520509
0.2915649314709701
0.25304103404090145
0.3091171585159081
0.3830336484647523
0.3340993928331918
0.1997503475720316
0.2450796015614617
0.2583656968120872
0.3653360240859262
0.33706065610747155
0.40185057723875417
0.3102690715005276
0.3519177055540226
0.3364622289634159
0.3911705948933682
0.2705991946533828
0.35669195705552864
0.3527391281244268
0.3892004012713503
0.41671543544984974
0.3481136699803934
0.3945434667470288
0.3691207077086357
0.32225812062533865
0.3845805100282237
0.39263538508372736
0.3575368108760994
0.2977256867232544
0.19397486858877513
0.18049219022103402
0.29164277078416406
0.2091590926145085
0.28713346229983416
0.3433985702125734
0.3984380805871381
0.3077812828540333
0.4084609722927388
0.3982799149824567
0.38735145842212726
0.30969433111169903
0.28765234947304
0.319024315388856
0.3327070596172354
0.4410254098078693
0.23998026782729687
0.34005617513776193
0.18007998489837918
0.3036726085229213
0.2379910238845533
0.2526926559133221
0.25173631258616813
0.29136551612626554
0.3453452822070598
0.25781021552151034
0.2897368454931114
0.2409115123244833
0.26564214030789035
0.30402312805980464
0.26997075770956647
0.4704169447438433
0.36964788529639253
0.2372793180039699
0.2821534075797543
0.27896452284705253
0.28976390792226514
0.30937154709485626
0.36273055351772904
0.2379643450326108
0.397574383698081
0.4405321785723227
0.238239095757706
0.2072271396821528
0.3064409896317154
0.1988375034890687
0.3985675886564498
0.3142344890804918
0.323914655381353
0.3433219728714552
0.2645422124440021
0.3967487197773082
0.26118410799976843
0.3516007602590834
0.24685648736976967
0.32969728422671585
0.35720359478064506
0.42185050347060105
0.27287709287724116
0.32946991965565936
0.4362918433808004
0.38489679028311774
0.30044749820142025
0.30279935106514744
0.2279758406607299
0.14510358126477518
0.34297699903337153
0.27365039036792616
0.2684671552088758
0.5259627136131717
0.3695075523958775
0.3393310714004987
0.3213718137653276
0.3217642649124678
0.17842151520163513
0.3236721181847236
0.28782577627511896
0.46409774067376985
0.3196044699021574
0.27465891353775906
0.32182941315389846
0.3538944812324881
0.29754306059001584
0.37051174710446
0.31680531456680955
0.31225084933389935
0.3571390175418733
0.322877943796737
0.3676325100225892
0.37708071575141067
0.26290581419034326
0.302893597071128
0.2883272320225927
0.26056241695986854
0.4585963153573886
0.27136688023919736
0.30569064817813835
0.32582943589183694
0.3439380313491354
0.40834403664784646
0.22184720042434367
0.4203299236538525
0.4517928006448249
0.3296780157843072
0.3623344033282077
0.2517253799138818
0.4539373829898133
0.3586198165754768
0.4179871702773834
0.41377850865122134
0.27441245561955857
0.21046126184631722
0.29604818246511955
0.2981907756498855
0.3698517904584879
0.35359781323512995
0.28795287994282337
0.3018136566271508
0.3495440203034886
0.3309963124470594
0.31231786126294175
0.1862946644981902
0.24421786739198625
0.2515043698543805
0.1943130986033049
0.2812894763459609
0.3368595973838121
0.29047863972017046
0.3812766414990644
0.3342724553771546
0.22065356772575506
0.3002650672600002
0.24442920575640414
0.18038787686342259
0.35764664336422575
0.3610225062529542
0.1692123244857699
0.3743729207215532
0.2371634796331091
0.19103635210707876
0.24014457420383672
0.25707946506159807
0.30009527441070666
0.2947606591666801
