139.00000 24.53957 17.87609 90.45956
105.00000 57.39048 6.35828 90.78759
5.00000 340.40000 16.30559 74.95837
31.00000 69.03226 -54.94906 81.33050
87.00000 29.51724 14.20888 83.57726
160.00000 22.58125 -12.95972 92.29446
76.00000 49.82895 -24.96547 89.08333
28.00000 128.39286 1.37113 75.21510
3.00000 716.66667 -57.40663 45.39362
98.00000 33.96939 -16.68744 93.18620
280.00000 14.00714 -4.83762 90.36763
292.00000 14.22260 7.15649 85.83044
90.00000 30.57778 14.35155 83.60782
534.00000 12.96816 -10.51069 87.40871
110.00000 13.76364 -1.91084 86.00759
286.00000 16.63636 1.49653 90.16471
743.00000 13.29475 11.01455 87.94443
107.00000 21.91589 54.39219 81.60528
1517.00000 8.64403 5.59462 83.60060
485.00000 22.05979 -1.92830 91.10060
107.00000 36.77570 -6.11929 92.95292
321.00000 16.57321 8.95502 79.89984
38.00000 33.05263 32.76007 79.92470
331.00000 20.18731 15.26665 80.95007
165.00000 28.32121 14.83837 79.36834
96.00000 25.41667 25.95053 81.64283
366.00000 10.54645 16.69501 84.81810
396.00000 11.12374 9.04516 87.90936
63.00000 26.85714 -2.15799 90.33435
52.00000 27.71154 58.22116 67.14210
90.00000 22.33333 -2.98085 76.54102
172.00000 29.30814 13.96414 84.80243
240.00000 20.57083 -1.47221 85.94026
112.00000 23.84821 -25.78156 83.78726
560.00000 10.18750 3.56546 88.25555
439.00000 9.95444 -2.77509 88.07156
429.00000 19.59207 7.51059 85.63642
268.00000 18.48881 -10.02942 92.25505
445.00000 7.37303 5.80104 91.21952
93.00000 30.15054 -5.89882 87.17667
141.00000 16.12766 2.16880 91.60768
74.00000 29.28378 -1.65683 87.91006
360.00000 9.89444 3.10859 88.19426
446.00000 10.98655 12.61060 87.50721
159.00000 31.99371 -0.51048 89.95277
78.00000 25.47436 3.30511 83.35092
251.00000 16.84064 4.02787 88.52877
47.00000 49.44681 2.35857 72.35110
884.00000 7.25792 4.44902 87.49670
1245.00000 5.87550 8.13630 89.48945
278.00000 15.69424 4.48989 91.42568
573.00000 9.04887 6.99374 89.41219
219.00000 13.00913 5.28963 89.02524
327.00000 15.77370 11.33790 84.38770
501.00000 21.68263 15.42116 83.71227
55.00000 57.65455 23.39622 87.01145
315.00000 15.63492 1.38080 86.05109
14.00000 86.00000 43.13724 55.28782
376.00000 15.76862 -2.79655 89.29385
10.00000 163.30000 38.47531 55.25109
116.00000 12.04310 33.29055 85.15310
117.00000 30.79487 -27.39009 85.02300
121.00000 22.17355 26.54507 82.02076
204.00000 8.41667 7.20795 94.18067
374.00000 13.70588 0.68801 91.17065
63.00000 23.15873 43.40477 82.49696
365.00000 9.25205 7.11687 85.65908
118.00000 16.40678 38.25219 87.01939
72.00000 27.26389 -15.53709 86.68022
300.00000 11.18667 7.31872 87.52307
442.00000 10.21719 6.51478 87.12548
386.00000 14.16321 1.09221 90.24001
486.00000 21.31481 -2.49095 88.68025
574.00000 6.75436 8.41715 87.41782
523.00000 12.05354 -0.56507 84.52575
725.00000 18.24138 6.32804 83.90067
450.00000 10.69333 10.31125 88.84887
256.00000 16.62500 -10.83126 88.69095
15.00000 103.53333 -56.77436 51.75743
411.00000 12.73966 -8.45861 91.68985
99.00000 19.83838 -20.05173 84.64345
351.00000 17.34473 -0.98336 87.55523
65.00000 32.30769 9.23893 84.91070
321.00000 9.84424 -9.57079 90.84628
79.00000 19.83544 1.89651 91.89954
127.00000 37.92913 10.31708 82.22409
691.00000 11.15195 -1.28926 87.45987
684.00000 12.18275 1.53219 88.74461
115.00000 44.20000 3.66129 87.05801
73.00000 84.28767 37.68278 79.02056
319.00000 12.95611 -2.87141 89.38785
210.00000 24.51429 -8.46017 86.53654
241.00000 14.13278 7.18143 87.09269
345.00000 15.31884 3.88954 85.29315
234.00000 12.88034 -0.84054 87.62935
825.00000 18.60000 -0.44694 84.55405
124.00000 29.63710 11.14930 85.61241
472.00000 14.90254 1.79796 90.47471
75.00000 38.25333 16.40883 86.20909
73.00000 31.52055 -10.31888 81.46639
171.00000 13.05263 -0.55770 98.72082
238.00000 23.99580 5.69553 86.97215
290.00000 9.76897 22.08059 85.36750
119.00000 18.71429 43.11218 81.20241
63.00000 46.36508 4.34264 85.52554
353.00000 17.25779 1.02499 88.59586
81.00000 30.30864 18.77798 91.36171
324.00000 15.85802 12.42243 87.69619
818.00000 7.31540 -6.87891 92.00629
282.00000 10.90780 -2.80763 92.95484
189.00000 17.17989 -1.62244 89.89313
37.00000 145.45946 -7.96356 61.54262
323.00000 11.85449 0.62350 87.98311
540.00000 41.74630 -0.81209 84.25854
395.00000 12.09873 -10.82296 88.63268
753.00000 13.49402 3.79971 88.36860
267.00000 19.80899 9.38352 86.66943
646.00000 10.26625 9.94703 87.54937
79.00000 34.87342 9.47059 90.97740
285.00000 26.31228 -5.09892 89.21450
664.00000 12.12199 -0.45844 86.44929
119.00000 34.20168 3.33979 88.11972
985.00000 17.05787 -1.06371 87.08093
340.00000 20.14118 4.85958 84.15410
57.00000 26.54386 54.04720 70.73581
64.00000 22.89062 24.37052 81.48394
346.00000 14.51445 -6.18797 89.59437
468.00000 8.37179 5.00293 85.31406
42.00000 49.64286 11.09453 84.54273
372.00000 15.04301 6.15809 83.55869
233.00000 22.62232 11.75061 86.17272
264.00000 21.38636 -2.48397 82.29210
361.00000 13.08587 12.91026 85.48917
136.00000 33.41176 -5.48507 94.21868
45.00000 39.88889 38.22778 77.18404
384.00000 11.48958 -5.77249 89.70465
831.00000 10.45848 1.32530 86.88511
39.00000 61.00000 12.43633 88.93333
375.00000 11.64533 3.97857 100.42482
1087.00000 10.69917 7.84090 87.91930
283.00000 17.34276 12.74956 86.59899
339.00000 17.96755 6.76896 89.41203
707.00000 15.61386 3.14353 71.76922
271.00000 12.44649 24.31340 96.98539
1539.00000 9.32878 -24.07838 91.20491
157.00000 19.22293 -0.20449 87.17410
42.00000 46.00000 -0.34311 74.91774
118.00000 33.33051 5.77969 84.06224
192.00000 23.05208 -3.91502 82.64144
230.00000 17.25652 -7.74359 86.85241
183.00000 14.17486 4.19863 84.23054
254.00000 11.16535 8.76423 80.52138
529.00000 12.43100 10.12694 82.37323
531.00000 13.60075 3.73716 87.62237
559.00000 10.19857 -2.15201 94.48741
89.00000 32.42697 0.93649 83.40053
350.00000 13.14000 14.30687 87.13695
243.00000 12.05761 8.91176 92.48210
17.00000 79.82353 -7.03901 90.63232
372.00000 13.16129 -9.88911 88.96572
107.00000 42.28972 14.03449 88.28420
127.00000 25.51181 15.72400 88.47390
311.00000 9.11576 1.37980 84.13287
207.00000 14.39614 -2.81143 90.85023
77.00000 30.58442 -28.16604 85.73390
489.00000 8.30879 -7.94167 85.66719
108.00000 21.37037 4.44675 80.06405
181.00000 15.36464 6.76270 84.11026
68.00000 30.01471 7.09682 84.17056
150.00000 22.60667 13.88076 89.28136
771.00000 12.62387 -4.46793 90.61102
191.00000 16.20419 15.61050 90.77752
208.00000 18.16346 -9.41777 88.60422
240.00000 31.23333 -8.28254 96.02507
200.00000 9.49000 4.06982 88.75042
455.00000 10.01099 -6.10715 91.48432
513.00000 22.61988 7.26863 85.90330
185.00000 46.75676 16.47815 85.29199
482.00000 9.18672 0.46797 89.61694
438.00000 12.11416 0.40705 86.85767
429.00000 8.67832 -39.72911 88.66482
203.00000 19.40887 21.55877 80.13624
15.00000 110.53333 -24.82643 71.99482
129.00000 16.54264 3.05258 83.20945
636.00000 15.49528 -0.83894 87.94770
345.00000 16.59130 16.80224 84.13812
240.00000 17.06667 11.62399 87.65255
366.00000 12.81148 -10.80854 89.84367
373.00000 24.91689 -3.62177 89.74263
377.00000 27.74005 -2.72729 90.68479
190.00000 40.01053 12.88193 86.90602
275.00000 8.60000 -2.39808 97.46566
319.00000 19.86520 -0.35990 89.77657
751.00000 16.22237 7.53763 85.53192
175.00000 11.91429 -3.18219 85.31369
466.00000 15.32618 10.93963 82.26910
305.00000 20.38361 6.09048 88.84095
43.00000 30.67442 67.33495 44.54628
97.00000 28.89691 32.51189 80.95650
349.00000 17.33238 -5.59657 89.50328
397.00000 12.92695 -2.41587 88.66801
133.00000 32.21053 7.65076 83.06907
105.00000 25.17143 -24.08720 84.54472
424.00000 13.41509 12.52722 85.60895
535.00000 20.21308 -5.04561 85.79833
429.00000 8.39860 16.07384 87.79058
476.00000 16.53151 1.70399 83.37261
121.00000 39.71074 -5.88167 83.95640
511.00000 21.24070 -2.52009 85.53280
57.00000 40.57895 24.84557 90.06690
290.00000 42.44138 14.32278 73.69692
104.00000 35.80769 -8.16753 81.01878
52.00000 39.36538 -60.60264 69.19817
168.00000 21.62500 -13.88311 92.75683
137.00000 25.15328 -1.26000 87.34656
339.00000 18.95575 -6.02515 86.09223
312.00000 9.35897 -0.69687 87.61245
207.00000 24.67150 -16.48014 85.34284
590.00000 9.01356 9.91376 87.25902
962.00000 9.58628 -3.25644 86.28741
254.00000 7.47638 -8.17614 92.52061
161.00000 25.26087 -13.52201 80.62931
10.00000 190.00000 49.61628 66.16781
155.00000 12.36129 -4.59074 93.75412
114.00000 20.14912 17.37447 86.46890
302.00000 21.49007 -0.52882 86.92449
155.00000 20.35484 5.82903 84.70892
204.00000 33.37255 0.66873 81.18966
16.00000 161.93750 -38.60536 62.30820
22.00000 88.09091 -29.30122 77.82463
832.00000 10.75841 2.04042 86.84723
263.00000 13.66540 -5.31344 84.24584
415.00000 10.48193 10.24909 91.95379
488.00000 9.43238 11.58413 90.34839
64.00000 51.28125 -10.59055 84.48149
241.00000 14.70539 7.91396 89.97506
359.00000 11.84958 7.03253 85.79404
425.00000 14.85647 5.37742 87.27755
181.00000 19.30387 3.19257 87.07837
712.00000 9.34410 9.36494 87.09879
800.00000 9.60500 -8.71918 91.67535
628.00000 19.42675 1.77604 83.95134
134.00000 16.99254 1.00398 79.33405
52.00000 79.61538 -21.31180 84.23830
571.00000 14.66900 4.96627 85.76497
176.00000 15.85227 4.24376 88.30519
132.00000 21.77273 11.18551 84.09577
623.00000 10.60353 9.41626 93.48422
336.00000 9.65476 -6.43208 90.21819
411.00000 11.46715 8.35612 90.05726
877.00000 6.86545 -4.99147 84.91598
220.00000 13.36364 4.84922 86.74540
339.00000 13.22714 12.05278 82.00639
178.00000 16.17416 -3.09130 88.23113
1071.00000 9.28852 0.16116 85.10141
123.00000 19.30081 9.45405 95.13375
482.00000 13.86929 -3.56846 87.17880
635.00000 13.89921 -4.98827 93.06272
76.00000 29.67105 22.00395 89.47166
363.00000 11.33333 3.15882 87.39368
197.00000 30.38579 7.16964 88.86792
75.00000 26.05333 4.19798 89.08527
103.00000 36.22330 0.24305 93.37062
219.00000 35.09589 12.08700 84.34018
209.00000 17.60287 0.66310 91.32159
490.00000 20.60612 9.11514 96.65378
90.00000 22.81111 -4.75038 88.73249
845.00000 6.76095 -3.03744 92.28936
155.00000 15.65161 8.94259 87.81067
128.00000 63.82812 14.45575 84.13232
453.00000 6.64018 11.87096 87.15505
623.00000 19.94864 8.87968 90.07818
186.00000 16.81183 -14.20864 88.77611
270.00000 27.25926 11.04817 79.68387
1153.00000 10.52385 5.79900 89.80613
172.00000 17.91279 36.43785 83.56297
75.00000 30.64000 -1.53804 94.66457
90.00000 23.38889 13.11460 94.01687
116.00000 13.43103 23.32933 85.89372
574.00000 13.77700 7.42458 85.98512
117.00000 23.82051 12.19239 86.91513
717.00000 11.35565 5.25886 85.25321
43.00000 31.88372 2.17515 89.12858
431.00000 17.69142 13.51298 89.54036
710.00000 15.36479 2.71395 71.17524
141.00000 39.78014 -1.86637 89.59006
566.00000 9.50883 -6.08521 84.43779
28.00000 46.10714 -34.45476 96.70000
108.00000 21.70370 2.50553 89.06426
85.00000 54.31765 -5.15536 82.06718
96.00000 50.43750 -29.54786 80.24915
321.00000 19.62305 3.04044 87.06971