1872.00000 12.68803 1.47746 87.68177
930.00000 15.90645 -0.08457 88.94672
2116.00000 10.18951 0.64602 89.87014
1400.00000 12.31714 6.49777 88.65557
516.00000 16.30814 0.97389 84.01776
2146.00000 8.18500 0.23352 87.87246
1541.00000 18.17586 3.94466 88.88744
2263.00000 11.67123 4.55961 87.19752
1292.00000 14.59985 3.20839 89.29939
1233.00000 15.67964 5.56691 89.13899
1712.00000 6.97021 -1.73201 91.21507
913.00000 37.42169 4.87551 90.22363
964.00000 18.28320 1.41424 83.16463
2099.00000 9.37113 1.91062 88.57404
1764.00000 9.14116 0.53764 84.16157
1078.00000 26.53061 -1.55663 88.63354
1799.00000 9.01334 2.52818 88.85339
2222.00000 12.66382 1.56818 82.62663
1562.00000 9.68182 6.56751 93.42838
2519.00000 5.23382 3.78312 87.58884
1142.00000 11.68301 -0.18680 87.72694
2273.00000 6.72943 6.65693 91.76160
1098.00000 29.24408 1.88058 88.40506
1483.00000 20.00202 4.44643 88.79144
1446.00000 5.94537 5.27627 91.91359
1404.00000 16.02279 -6.35173 88.40370
918.00000 29.94771 -4.73266 85.85087
1215.00000 23.74321 -0.00248 91.42238
1412.00000 15.14023 0.10365 85.58344
1621.00000 15.90068 1.02727 87.50231
2269.00000 5.72234 5.56380 91.10856
1259.00000 13.82049 1.50804 86.07726
2128.00000 7.41024 5.90168 87.74613
1313.00000 24.91622 -1.61048 89.89827
1527.00000 16.09365 3.40123 87.01754
2250.00000 9.94800 1.44805 86.49524
1098.00000 13.42532 -1.78457 93.65957
839.00000 26.54708 -1.52792 82.05549
682.00000 39.03519 10.67575 90.93395
942.00000 11.09342 2.83662 87.56555
1219.00000 16.90648 -6.31226 85.29303
730.00000 8.09315 -1.29562 93.91192
960.00000 32.03854 -3.12897 84.93862
1194.00000 26.84506 1.31400 85.18782
1737.00000 7.49799 4.23832 86.01663
729.00000 21.45679 7.06639 89.62650
934.00000 14.27944 7.43963 86.11944
1608.00000 8.09328 4.71132 86.74681
1456.00000 19.67788 4.51977 89.01373
961.00000 21.18106 0.33106 89.64554
391.00000 6.93606 -4.02075 99.24768
1129.00000 8.67759 0.43279 88.75228
1727.00000 6.19398 -9.06569 86.51492
1023.00000 25.65396 0.89242 78.06766
1546.00000 9.35964 7.20600 87.51924
1569.00000 7.88400 1.26233 90.63360
1157.00000 11.25756 1.36243 90.00544
765.00000 6.19869 -9.74784 90.35617
1473.00000 16.13442 -2.62073 90.44438
2461.00000 8.60382 4.72683 88.39515
1034.00000 19.17215 -1.17772 88.71788
783.00000 11.24521 1.92606 87.73932
2010.00000 14.09502 -0.26329 85.46132
1775.00000 6.92958 -4.23840 89.30019
1528.00000 5.62762 -11.76199 91.30653
1201.00000 9.76520 5.11586 91.95685
2291.00000 7.08075 7.71037 90.71426
882.00000 32.53288 7.69414 88.28651
1830.00000 6.40710 7.87331 94.30530
689.00000 6.21771 -5.97120 91.17868
1616.00000 12.61696 -5.76040 86.98656
1423.00000 5.29726 -2.25323 90.20750
1577.00000 9.69816 5.44957 88.43777
1546.00000 14.40815 0.65657 89.54230
1958.00000 4.49694 -7.80583 92.86431
675.00000 48.40593 4.66599 84.67086
2006.00000 7.52642 2.36742 89.64721
1041.00000 26.52930 -3.01815 91.08055
1233.00000 14.45499 -1.76989 86.10636
1101.00000 12.63306 2.02920 78.23674
1810.00000 11.17845 2.12057 87.62122
1210.00000 22.92562 -0.28487 90.23518
1804.00000 10.08869 8.89271 91.63196
1555.00000 11.93569 3.46705 87.61867
1141.00000 19.82472 -0.42336 90.74467
868.00000 12.20046 2.95765 86.00077
1344.00000 15.52232 -1.06449 86.22079
1170.00000 13.45726 6.32809 86.60636
908.00000 28.89868 0.45671 86.11277
1150.00000 21.28957 3.95959 80.94094
813.00000 37.38991 0.12649 85.88651
2253.00000 9.50067 2.76422 86.99523
1305.00000 16.22835 1.30093 86.27429
1981.00000 11.34326 10.75875 88.05232
1590.00000 7.60189 -1.48779 91.30755
1795.00000 9.55153 1.33268 89.37431
1681.00000 6.81440 3.83689 89.70420
619.00000 6.42165 -13.36912 96.86885
1435.00000 14.35958 -1.61334 90.40079
1614.00000 11.31908 -0.55931 90.76858
2004.00000 10.15419 2.18026 88.34400
2104.00000 9.13213 0.23276 86.69257
1060.00000 21.96981 -3.72979 87.68541
1690.00000 16.15562 3.36829 87.65138
1333.00000 7.91973 -2.63846 87.72334
1226.00000 16.80669 -5.91029 86.75803
1047.00000 26.94365 6.04461 88.83002
1289.00000 15.10473 -4.72456 89.63514
1717.00000 12.68666 5.72824 90.37179
1944.00000 6.52160 -3.39754 91.93020
1861.00000 11.59968 5.10742 85.56798
1250.00000 8.84800 0.64340 89.86138
1331.00000 19.32457 -0.86938 90.03668
1578.00000 9.30925 7.75449 88.73159
2118.00000 12.12937 1.58267 86.59748
1363.00000 5.85547 3.27211 89.86940
796.00000 22.43719 -8.71357 84.16086
1939.00000 9.44972 0.33216 90.89064
676.00000 29.26183 0.08880 85.37381
1590.00000 7.34025 4.49052 87.14875
1583.00000 15.73594 2.95987 85.23747
2183.00000 7.46496 3.15941 85.60866
1173.00000 9.46803 -4.11189 84.49640
899.00000 30.08009 3.22989 87.43143
1281.00000 14.83450 2.13742 88.83405
1349.00000 5.31134 -3.17582 94.12134
2128.00000 4.66165 -5.00185 90.65355
846.00000 7.62411 9.27697 93.37961
1466.00000 15.99523 16.20876 90.82329
2261.00000 7.57983 -5.90818 86.46845
1189.00000 9.83263 3.28960 87.32236
277.00000 75.50181 -13.96367 91.53394
1522.00000 15.26544 5.99174 87.34163
2323.00000 10.00947 4.32977 85.93926
2395.00000 7.31608 0.17257 88.99352
1299.00000 9.57583 1.26313 89.56955
1578.00000 13.70596 -4.95411 90.20745
848.00000 5.47524 4.70365 91.97063
1913.00000 7.10559 -3.54101 88.91401
1633.00000 10.97795 0.78066 90.70427
1321.00000 6.01438 -0.86029 91.89714
1301.00000 10.57341 -0.55143 88.84799
1617.00000 13.16759 2.72823 88.66176
940.00000 30.83830 6.90260 92.46641
996.00000 21.86446 8.14873 91.47519
110.00000 12.87273 -10.74214 89.47568
930.00000 32.35591 1.67357 83.28485
1987.00000 3.87519 7.33122 92.69428
1194.00000 12.55695 -0.59704 90.16538
1623.00000 8.53420 -1.31682 88.94185
1765.00000 6.98357 5.12056 88.43664
1956.00000 6.59867 -6.61115 87.59301
1023.00000 13.17889 10.12767 83.88139
1725.00000 9.38261 2.64465 86.50302
1124.00000 4.92705 -5.64902 92.27571
2294.00000 6.88361 1.68690 87.60181
1799.00000 12.81490 6.12917 84.95366
1760.00000 9.46250 4.79480 87.50261
1799.00000 9.68760 8.05246 89.10237
980.00000 5.98571 -6.31415 89.05040
1122.00000 10.49643 3.53726 88.96325
1665.00000 9.38979 2.68527 89.05825
1108.00000 10.67599 -0.84978 92.45902
1744.00000 7.54300 -6.64328 90.35084
2354.00000 8.86279 6.67161 87.16387
2407.00000 7.58455 -21.49421 87.47274
1770.00000 9.17797 11.08369 87.56070
1744.00000 9.44782 0.02506 89.31597
1159.00000 9.31061 1.70952 83.52851
1357.00000 8.25940 -0.76652 90.11990
255.00000 45.58039 0.30939 80.19402
1977.00000 5.85331 7.90269 91.00951
2038.00000 6.56330 3.85232 88.37033
831.00000 26.97714 3.13103 84.63054
1086.00000 25.28269 3.55198 87.95217
1831.00000 8.86455 -3.01598 89.70821
635.00000 19.43780 5.18874 88.99530
1299.00000 12.36721 0.55043 89.94926
1263.00000 11.52969 3.96044 87.23694
1575.00000 18.14413 1.35674 87.39189
1441.00000 8.25607 -2.68820 90.01322
893.00000 9.74020 7.22408 91.23134
992.00000 33.95161 4.73976 90.23633
1388.00000 18.46902 2.93090 87.02382
1335.00000 13.50487 7.59720 87.30145
628.00000 13.38057 -0.85056 90.30478
1341.00000 14.85384 0.49366 88.45390
1713.00000 3.47811 -10.62127 93.04329
1656.00000 9.94324 -3.43480 90.94085
1056.00000 7.08428 -3.67862 89.20024
654.00000 38.70183 1.67728 80.78232
915.00000 5.39563 2.22690 93.29638
1512.00000 7.15542 1.22383 90.24711
1273.00000 8.44148 -4.96910 90.32480
733.00000 4.99454 -7.61308 93.45839
2309.00000 9.71719 0.15999 86.31734
1437.00000 11.82603 0.32994 88.03041
686.00000 12.37755 6.13000 87.62740
1225.00000 15.92816 1.72944 88.40329
1488.00000 19.31788 2.85660 84.61386
912.00000 42.78509 -0.28793 90.67472
1129.00000 17.79539 -0.80076 85.43647
2048.00000 6.54443 -3.15201 88.92545
2631.00000 8.44394 3.83759 89.38690
1215.00000 7.20576 4.72350 89.66623
1356.00000 11.75221 -1.57619 90.50353
680.00000 19.88971 3.22724 88.87542
1242.00000 8.81643 0.24863 89.85864
815.00000 14.17914 4.24331 90.42709
1332.00000 19.96922 4.10271 84.72808
1756.00000 16.19989 3.00337 89.54253
1685.00000 11.46825 2.47540 89.81642
1408.00000 14.99574 5.42394 87.85968
1464.00000 13.25137 -1.65495 85.09879
319.00000 23.70846 0.35603 75.65491
1790.00000 9.86425 8.34697 89.79104
1874.00000 14.67823 -1.74014 89.07369
2045.00000 7.29682 4.14638 87.87280
1440.00000 14.10486 1.37587 87.34099
926.00000 8.18143 -3.19098 92.25773
1755.00000 5.26382 3.24293 88.74462
1392.00000 7.06609 3.41284 89.33008
1707.00000 13.25308 4.01121 87.47088
1597.00000 16.28992 8.98998 87.42352
1960.00000 7.82500 -2.96703 86.10893
1526.00000 6.73853 -1.28449 88.82693
1434.00000 7.92329 5.65269 88.73651
1540.00000 7.55974 -14.06546 88.80387
1776.00000 11.31588 4.94827 88.75230
1471.00000 15.00272 10.43636 87.63132
1009.00000 15.05649 8.57060 87.88526
2577.00000 6.67326 8.14643 91.10172
898.00000 7.58909 -1.31409 88.83840
947.00000 19.16684 2.62235 89.38921
1105.00000 36.98190 3.11377 93.25948
573.00000 9.76265 -10.36904 85.89842
958.00000 13.58873 0.06175 84.84171
1153.00000 7.61752 0.32603 90.89407
649.00000 9.50847 -2.14491 89.90872
1208.00000 17.01656 1.25347 86.77589
1603.00000 19.11666 1.79829 88.06042
1617.00000 13.30550 1.32003 83.74151
937.00000 15.23586 2.32282 86.27246
1868.00000 13.39989 8.98300 88.12934
1956.00000 6.33282 -12.72335 87.81493
1033.00000 16.69022 2.94861 83.22238
1634.00000 7.81701 -0.75982 89.98789
822.00000 14.16910 -3.51343 85.51683
1499.00000 16.53903 1.66629 86.87317
844.00000 5.05924 -9.43862 90.14244
388.00000 5.20103 -20.53033 98.46590
637.00000 49.59184 -1.03724 88.81844
1627.00000 8.84511 9.89131 89.68201
1683.00000 10.50624 6.01995 91.80209
2467.00000 7.58006 16.81656 90.89266
1136.00000 32.80898 7.19266 93.49768
1356.00000 18.79351 6.09807 88.17553
1314.00000 18.56393 7.11214 92.62008
1797.00000 9.52198 3.75579 86.22954
1793.00000 14.05466 4.32365 87.95021
1437.00000 8.24983 -4.44148 89.28468
473.00000 45.08668 -3.53148 73.85455
1242.00000 16.83092 -1.15329 87.68945
961.00000 30.73465 4.74832 90.22716
1083.00000 16.90674 7.23318 86.99368
1564.00000 10.16432 4.89336 89.66104
2108.00000 9.44924 7.93650 89.37342
974.00000 30.18789 -1.46028 83.70196
1237.00000 17.03153 3.93924 89.53469
1238.00000 11.66236 8.76579 87.06792
1363.00000 13.02201 -4.49312 88.80342
633.00000 15.48183 3.07846 89.54217
1779.00000 15.38449 1.15002 86.45069
1301.00000 11.63874 1.91270 88.02634
1012.00000 28.09783 -1.10691 88.84028
868.00000 15.34332 8.12151 85.72934
1840.00000 7.62283 6.64635 94.11098
790.00000 14.13038 -7.48967 86.63145
818.00000 14.32396 -10.20937 95.63806
863.00000 16.37543 0.26900 84.86624
885.00000 7.63955 -0.61939 88.44273
1317.00000 14.51481 0.71416 84.70408
2274.00000 11.46174 21.50675 87.04947
550.00000 46.64364 4.91553 84.13501
1440.00000 17.12708 4.84582 86.77295
929.00000 12.78364 7.59803 84.28832
642.00000 17.13240 -5.98908 83.61855
1305.00000 18.36015 7.00513 89.95294
1869.00000 10.29267 4.20000 87.70104
952.00000 14.10714 0.09073 84.64614
1787.00000 11.12087 4.82786 89.06078
1971.00000 10.67580 -0.38616 86.61157