410.00000 29.65610 -12.90830 85.91972
777.00000 9.82111 4.38218 87.58784
680.00000 9.73088 -14.35198 83.05997
613.00000 26.98858 -6.90528 86.53650
580.00000 15.68966 9.26869 85.51998
378.00000 15.23810 13.73894 84.70277
321.00000 36.82243 4.88895 84.28364
256.00000 34.26172 -0.07305 86.08670
356.00000 14.16292 6.65520 83.11167
450.00000 17.65778 16.12895 86.66069
636.00000 15.42610 -1.95253 91.35401
767.00000 14.46806 8.92635 87.06061
608.00000 22.41612 -8.85301 82.08666
858.00000 21.50233 5.50370 86.35941
645.00000 8.86512 6.41149 86.19646
376.00000 39.02394 0.39161 89.04296
345.00000 38.90435 14.55884 87.38724
595.00000 24.11765 2.50579 86.15495
675.00000 11.45630 -1.40717 86.73272
403.00000 24.04963 1.66530 88.75881
596.00000 18.42953 -1.02508 93.74165
496.00000 18.33065 2.84372 87.84913
361.00000 21.77562 -3.53821 78.17175
473.00000 26.98309 -9.42299 88.60625
661.00000 14.16641 -2.27649 84.56021
267.00000 47.91011 -4.27471 86.86611
424.00000 23.70283 3.84644 90.25955
537.00000 17.16015 3.59667 87.40274
528.00000 10.98864 -2.42062 86.30333
426.00000 40.06103 7.28954 86.52800
441.00000 16.85488 2.40788 85.13169
482.00000 18.42946 6.55956 86.36646
591.00000 17.81218 0.22276 85.47694
723.00000 12.46473 -6.50874 91.04897
639.00000 12.07512 -7.05955 89.90885
572.00000 22.82517 10.98667 90.91233
725.00000 11.30069 9.78220 86.92744
388.00000 41.69845 -1.22716 83.81438
369.00000 17.96748 -8.99844 84.66792
549.00000 18.90893 7.50807 87.22248
510.00000 18.87647 6.70138 84.38923
262.00000 45.96947 0.37462 88.79452
442.00000 18.24208 6.65501 86.90827
637.00000 14.29356 -4.70648 85.67289
399.00000 14.23058 5.81319 82.32309
404.00000 36.82178 1.05276 81.44136
449.00000 36.21826 2.11938 89.21938
686.00000 26.72303 4.92616 83.28519
701.00000 14.24964 -7.28149 88.95424
691.00000 11.66425 -0.83810 87.37614
591.00000 13.27580 -0.79476 87.19165
656.00000 15.36128 4.88790 87.60769
534.00000 23.33146 9.65497 82.25014
344.00000 18.60465 5.43693 91.14855
717.00000 15.19805 -5.07134 87.56077
324.00000 39.82407 18.27992 84.37127
468.00000 27.89957 0.71785 88.91158
571.00000 19.16462 3.22131 89.77908
502.00000 26.79283 8.29965 87.60274
378.00000 31.19841 2.78044 85.02553
568.00000 15.35387 1.24401 85.93571
492.00000 13.23780 4.70440 82.83274
369.00000 14.56911 33.47186 83.70908
491.00000 21.22811 6.58720 91.20495
440.00000 21.62273 0.43742 80.65456
461.00000 15.17137 6.73321 84.63722
583.00000 17.43568 -0.40998 92.02759
618.00000 22.67314 8.02228 86.87855
505.00000 20.28119 11.76921 85.87875
453.00000 21.20309 1.76297 84.57656
436.00000 24.20183 9.48317 88.00124
389.00000 22.23393 24.49861 95.06741
601.00000 24.29285 7.09973 83.45251
573.00000 21.35079 -2.34584 81.57749
547.00000 15.55759 -9.20460 93.81943
316.00000 43.62342 -0.54595 90.66865
632.00000 14.02373 -5.87979 92.17186
479.00000 27.73695 5.89358 79.33888
535.00000 14.85234 -15.88260 89.20411
361.00000 37.49030 8.79560 80.85109
436.00000 17.30275 2.31599 86.02714
577.00000 19.63085 5.34433 84.46626
453.00000 26.79249 0.44275 88.21935
153.00000 52.37255 -11.33784 81.46955
376.00000 23.41223 -21.41715 87.54458
408.00000 17.80882 -1.39909 88.02052
650.00000 18.07385 1.64239 87.15348
515.00000 15.14563 1.66529 89.00814
420.00000 23.73333 17.35046 87.48552
489.00000 46.44376 2.85318 82.95251
556.00000 21.72302 -6.74399 82.52331
717.00000 11.64993 5.53369 90.27085
346.00000 20.92197 -5.74627 87.72362
610.00000 18.83607 -7.83250 87.97417
514.00000 26.95331 -0.67397 80.76785
273.00000 29.32601 12.02509 91.37135
539.00000 12.48609 -0.50199 82.24832
535.00000 32.73084 -7.08692 90.84738
537.00000 24.93110 5.18751 83.07680
317.00000 38.38801 20.24875 83.95666
432.00000 25.35648 5.91612 83.78132
781.00000 12.76953 5.15179 92.06473
531.00000 17.50471 12.57700 83.79806
630.00000 13.68254 8.94015 89.14148
412.00000 18.11408 1.48554 81.95274
229.00000 26.53275 10.03922 82.44778
472.00000 32.30720 -3.36847 91.57905
300.00000 22.67000 -1.91632 84.90239
683.00000 19.68960 7.41000 86.44283
571.00000 22.15937 8.74279 87.20658
126.00000 82.30952 15.04896 91.20512
456.00000 46.21711 4.28153 81.49313
596.00000 14.79698 4.59028 88.96784
436.00000 20.97018 -11.23160 90.39401
680.00000 20.98529 8.12868 86.91034
454.00000 25.74890 -0.32186 92.34113
287.00000 45.92683 -34.37579 83.34171
467.00000 17.77944 1.26382 86.66354
273.00000 41.37729 0.26264 94.75519
712.00000 14.86657 -5.61268 82.07784
707.00000 12.32815 -10.54742 88.73035
665.00000 18.18797 3.37790 84.11325
222.00000 47.02703 -10.86881 82.88670
384.00000 23.72396 7.17999 83.80254
445.00000 20.24045 0.53890 89.43951
404.00000 22.34653 -2.30941 87.76901
576.00000 29.22222 5.22764 85.47993
509.00000 27.95678 7.95143 85.68673
379.00000 23.16095 12.46595 85.55686
626.00000 15.97923 7.97889 89.29117
427.00000 17.59719 4.38839 89.31857
381.00000 16.71916 0.78119 89.89501
307.00000 30.72964 18.68181 87.26236
324.00000 38.04321 -4.13813 89.31719
489.00000 15.76278 3.35902 90.65752
611.00000 22.41080 3.35918 86.26899
488.00000 17.68852 -3.20947 86.24854
328.00000 14.84756 8.57256 84.70873
425.00000 17.63765 -7.10895 80.13722
355.00000 35.73803 -3.20002 89.52068
509.00000 16.84086 17.23277 85.94998
515.00000 19.31456 2.97767 87.30016
685.00000 10.12701 -5.29711 86.30867
591.00000 18.09306 -3.68566 81.43693
373.00000 35.34584 -0.80884 83.07046
424.00000 12.23349 5.69291 86.55593
614.00000 18.51629 7.09541 86.75090
634.00000 14.79022 6.80511 83.30104
712.00000 14.66292 0.67066 86.65592
357.00000 25.89356 0.04346 83.08815
785.00000 10.71720 -7.93374 88.82535
488.00000 18.30943 -8.43118 84.48240
828.00000 15.21135 -0.90929 88.39731
431.00000 15.44084 11.45099 87.27426
395.00000 25.29620 2.33121 84.78640
393.00000 23.51145 7.91305 86.61225
382.00000 25.17539 -7.69386 88.14119
279.00000 38.34050 -8.03218 80.62885
439.00000 30.10934 6.11878 82.26685
534.00000 16.01311 -4.76121 92.10660
506.00000 24.32609 1.07193 88.14604
403.00000 22.09429 7.31725 85.18848
420.00000 29.35714 -9.45135 83.99598
773.00000 12.71669 0.05856 84.10431
723.00000 16.20470 3.55882 88.53380
345.00000 33.65797 -2.40896 88.62296
695.00000 28.21871 2.25038 89.58692
674.00000 10.89169 14.05433 92.03769
792.00000 15.05051 11.26669 86.43774
578.00000 16.12457 10.25855 82.89012
540.00000 20.11852 -9.41146 91.80285
757.00000 8.25627 13.50301 94.19077
518.00000 15.06178 9.23231 81.83480
397.00000 29.61713 -4.29167 85.21540
422.00000 36.17773 -18.38272 89.95585
680.00000 18.22353 24.54474 85.48672
560.00000 18.63929 -13.49031 96.67076
468.00000 14.77564 0.96165 84.01491
752.00000 16.26596 18.35052 91.15937
165.00000 38.40606 -6.92380 79.04118
430.00000 17.89302 10.01827 84.68602
675.00000 14.02074 3.12199 91.15024
551.00000 16.97096 27.29555 86.33612
662.00000 16.91692 11.61932 87.44408
374.00000 46.00000 -13.96023 88.08864
658.00000 19.25380 -5.99031 84.63835
677.00000 10.96160 -3.37623 89.41433
462.00000 32.84199 0.07905 87.39123
426.00000 13.79577 -9.54225 84.94639
492.00000 13.41463 5.26328 85.98350
553.00000 10.77034 7.00772 90.17817
638.00000 21.98746 9.61994 90.37536
295.00000 28.41356 -1.62996 87.86642
647.00000 26.44822 7.12756 88.73753
613.00000 17.76020 -7.08396 83.08332
532.00000 21.82895 7.41851 82.07381
459.00000 24.98039 0.32876 90.66621
678.00000 18.00000 -2.37159 83.13496
780.00000 16.61667 3.35406 92.43683
358.00000 22.14525 5.60221 79.24449
605.00000 17.91240 -1.28993 85.23218
467.00000 20.21842 13.05943 78.52821
256.00000 48.62891 -8.99148 81.31156
522.00000 13.83333 4.87085 87.26731
751.00000 15.95473 -6.05916 88.60490
254.00000 21.37402 1.31077 79.59636
368.00000 33.18478 -4.80461 83.77593
421.00000 17.47268 15.61140 92.67388
560.00000 15.53571 -11.47292 85.35308
385.00000 29.72468 16.52972 85.81898
495.00000 21.96162 1.40343 88.28863
621.00000 22.06441 -15.92617 88.00395
408.00000 56.20588 -4.04893 90.72530
677.00000 26.37814 5.09502 88.46987
482.00000 22.00830 -14.33076 85.47073
712.00000 17.65590 -4.76586 86.97950
456.00000 37.53509 7.38630 88.53710
435.00000 16.69885 6.65769 86.78765
495.00000 16.67879 14.44868 84.68958
876.00000 13.17922 12.59482 91.35950
605.00000 16.26446 -1.97994 91.90630
611.00000 14.56628 -1.38592 82.52765
537.00000 24.35754 20.87223 77.34275
551.00000 15.49002 13.35862 87.85523
381.00000 30.13911 3.98736 90.46692
278.00000 22.60072 10.99951 87.59329
421.00000 16.91924 7.85916 85.63802
510.00000 20.64902 4.61561 77.22793
911.00000 12.33480 6.16788 89.18348
591.00000 13.88156 -8.48431 92.86887
495.00000 24.95960 3.97450 85.54295
414.00000 35.56280 11.78856 90.98289
533.00000 17.63415 7.41029 91.98018
498.00000 22.68273 -18.22995 94.10740
568.00000 17.91373 -2.21561 88.99246
542.00000 18.35978 6.57762 91.25380
366.00000 18.33333 3.75615 89.67737
376.00000 19.30053 9.63478 88.50106
862.00000 10.62761 15.37518 93.95749
646.00000 16.27554 23.65664 81.96319
601.00000 23.61231 0.85439 89.70723
896.00000 13.37165 0.96380 85.67782
690.00000 11.27681 -3.58678 91.38300
602.00000 15.32558 15.89683 87.05642
565.00000 16.44779 6.57461 86.12850
361.00000 19.89751 9.93191 79.50837
582.00000 11.35223 18.29301 85.94133
299.00000 23.93311 3.58492 87.51944
681.00000 28.22173 -13.63536 89.70467
353.00000 16.92068 5.11273 80.68048
274.00000 20.15693 14.63037 83.05265
592.00000 16.54054 -9.62052 90.36549
327.00000 30.24159 -12.54422 91.04351
330.00000 25.26970 5.65173 84.31408
267.00000 34.65543 17.94168 90.49922
523.00000 23.13958 16.64448 82.54917
407.00000 18.84521 42.08645 82.70367
491.00000 12.09572 11.83369 86.65028
567.00000 26.26279 7.20526 88.32373
615.00000 28.60976 1.83715 88.00104
308.00000 54.64286 -4.81639 88.75052
446.00000 30.69058 -4.52224 86.13826
422.00000 17.39100 5.80021 95.51441
439.00000 22.20501 8.12539 87.08192
631.00000 21.52298 5.87121 85.92552
431.00000 30.26682 9.23881 84.39587
418.00000 18.87560 6.00268 81.77135
702.00000 10.53989 15.36338 93.43097
281.00000 33.62633 -10.07143 85.80464
699.00000 23.62947 2.56626 87.61565
559.00000 27.97853 -5.11105 85.52121
765.00000 18.76340 -6.99297 83.18713
748.00000 20.88503 1.32296 86.27060
369.00000 36.48238 0.47102 84.41845
462.00000 21.70779 -6.95593 87.12385
464.00000 13.06034 4.14573 79.92668
531.00000 18.91714 17.80211 86.71913
275.00000 48.02909 8.69183 83.36374
704.00000 15.99574 5.75701 90.46116
751.00000 10.25033 1.40786 86.98387
545.00000 19.54495 -6.13112 83.22213
461.00000 48.27332 4.85328 85.25966
573.00000 17.57068 9.95993 84.19774
454.00000 23.90749 -1.12928 91.80040
703.00000 20.04125 4.36201 87.28452
727.00000 10.93535 -2.13954 88.18434
690.00000 14.32464 1.74991 86.22500
526.00000 34.81179 -6.71359 87.32068
611.00000 17.17840 0.78145 84.20327
540.00000 15.67593 -11.97222 93.33662
895.00000 12.86369 -0.77511 92.06111
685.00000 15.69343 3.80499 88.90616
