3753.89850
4054.17983
3884.87667
1889.69999
546.15803
2553.77302
3628.88412
6099.53155
2404.25000
3167.90074
4318.64392
1294.97412
2746.35028
3907.22102
4587.28713
3214.10257
2967.91344
2660.37904
3294.79707
3135.08513
2251.61648
4862.44405
4839.68185
2851.94499
1755.50473
3156.64596
3251.28594
3464.84526
3387.49063
1815.88815
1652.75561
3496.80443
1475.38438
3540.54468
2807.45549
2507.78460
2862.73833
3312.20551
3870.70754
2649.07053
2811.53707
1532.69244
3194.25300
1963.52608
4378.70463
2103.83941
4858.04376
4956.58460
1674.33112
5107.12452
5023.04494
3615.06671
5069.51969
3387.08354
2299.14655
662.20983
3304.12296
4328.46325
2032.40970
3933.11080
5430.42950
626.66380
2453.44274
4806.50493
5545.37590
6057.61446
1042.02593
2422.59552
1214.01162
1501.02882
2903.57024
3925.29936
4227.90805
3338.82674
2733.49657
2845.60439
2138.80142
3387.58505
783.30163
5487.47108
1883.47695
3999.85837
1579.59531
1632.88562
7996.94376
2017.71557
1952.55983
4049.09448
2737.73953
7414.85745
2326.51677
4460.41719
1732.54445
3008.56597
1292.15245
2154.75882
4254.36844
4757.99301
1969.39949
4679.30799
2852.77419
5105.46666
2167.83097
4008.43737
6427.50271
6078.90476
1616.67530
3153.27259
2825.76268
5028.22695
3632.94946
5214.74003
2417.21930
2444.52928
5274.08214
2392.56171
3037.07918
2413.18664
5544.24900
4312.46356
2110.79687
1693.18470
3673.11118
3027.78921
2005.04330
2896.26433
5895.49030
3079.86651
4826.25430
3700.60542
1496.28370
4002.15430
5088.97568
3245.91885
1937.04117
694.03761
4279.71321
3690.74155
2383.80044
2449.91917
3977.53989
4123.66226
1701.27564
8250.87015
3821.93203
5942.84862
4279.75181
2810.73817
1972.79950
4091.91915
3783.92280
2035.64811
3756.42018
3077.33128
5692.88007
3144.42450
5807.25912
2395.04984
775.88201
2743.03781
2344.86333
3460.39029
2739.96505
2507.03269
2799.55511
4955.48824
2586.99252
1032.67902
1971.20872
1524.28160
3110.41365
4026.76608
3422.52923
1914.11730
7471.46277
3082.61871
2071.42311
3762.21481
3634.46315
3529.46196
4915.94839
2483.53238
3666.00487
3603.59800
3691.17437
6103.54280
4449.11629
4997.71340
3547.55025
5142.71009
2478.03816
1346.90759
2787.29809
4898.03554
1892.83909
1821.96531
4009.38013
4470.22167
6044.83339
1476.72612
3491.51322
1853.51860
338.59878
5019.99948
2612.71138
3956.37078
3562.32810
6607.09758
2867.06012
1676.54953
2198.81335
4327.91597
3145.87042
6503.73010
3940.25132
5259.69535
1945.62285
5328.23647
3442.48842
1271.38222
1132.72930
2197.05664
2396.77896
1593.45213
1604.25623
6288.42562
3350.43196
5619.96767
3279.18313
1965.02306
2180.61082
3232.16974
3318.27328
4245.34618
1944.39344
2155.15380
5342.08573
1977.45309
6687.51984
4202.64564
2575.31070
4928.10344
3996.57530
2263.60006
5542.05412
3464.10268
5930.31533
3081.27114
4023.18480
3243.10373
2878.27336
3949.52524
4752.70308
4948.63126
4107.85761
4972.07876
4016.60551
2982.82397
7056.53598
744.41300
3589.00571
2013.64764
6600.64967
3401.92873
2661.57402
5572.33143
2860.78872
1182.00162
3867.86466
5573.36716
3369.89307
1183.73626
1864.58669
3325.22054
4497.08643
2726.19632
1133.46527
3734.72107
5576.87516
4156.88035
3156.48532
5116.99865
3439.11078
4643.77408
1673.26004
3081.04206
6929.22309
1256.49548
3209.39450
2988.80017
1405.34873
3285.57002