3745.09269
4650.47201
2430.81469
5038.73803
1289.17259
3234.49726
5378.26621
2300.94639
3320.73166
2646.73599
3201.43819
6112.06730
6564.27336
2651.79804
1166.10523
4321.11468
5137.76546
3778.19982
2111.05744
1562.00800
3488.75023
1714.22823
4112.74530
4397.54432
1823.49104
3923.59743
5111.88357
4618.55532
3094.75780
3618.33521
2146.31423
4589.65598
1513.07298
4630.64491
3276.69617
2116.47725
3835.79805
6776.24648
5745.17380
1333.53044
3457.63263
1597.11833
5367.28405
5565.32226
2247.48360
4834.30155
3713.43297
2170.12616
3400.46788
3321.23431
2028.57437
2033.53151
3077.78542
2990.09864
2710.26459
3917.25263
2013.76175
823.44063
3976.86986
2590.03648
3415.27209
2510.43073
5649.17371
1398.72991
1840.30696
2165.79649
1675.43347
4237.95977
1872.95709
954.49421
1488.02462
3554.38839
3136.00991
3220.98685
3788.02076
6014.71991
1962.55497
5248.19355
4980.88269
2593.48597
4527.78994
4783.87241
2938.52415
5920.59915
3008.52285
1484.97659
4073.93387
1854.57148
6825.40613
3828.43788
6436.62737
2279.61460
2771.61201
3248.47054
3982.37417
3515.63338
5235.74186
3358.02703
3811.84483
3584.85788
3679.45015
1663.29146
3135.19724
2299.40846
1935.45451
2043.05580
7101.65285
3436.06929
2725.50741
2659.66438
3882.55538
4583.76792
3847.90117
4080.15581
2965.04754
4575.49119
7001.57431
2388.85252
2259.33422
1612.82693
4663.70210
2103.72340
2415.93470
5793.83693
2516.39232
1728.50749
1749.32691
3866.62179
6548.24527
3020.69355
6488.92898
2918.34750
2117.40039
2783.07478
3425.53267
2620.01014
5118.64093
825.13872
1948.06378
2690.72556
704.28908
5236.78359
5791.57239
6289.70756
6238.45730
700.19702
5422.74909
1020.39939
2881.04306
1318.67178
2044.53076
2304.09976
2927.08548
3759.52424
4277.71027
1317.53957
3042.69812
3504.30978
1385.26857
1150.93255
2566.59988
2347.50311
3442.40529
1493.55186
1644.18091
3384.63217
3960.76114
2091.86339
4765.14810
3489.99838
4400.97458
5453.26749
3478.18084
4858.31803
5933.12145
927.20107
6489.44882
1767.54314
6007.30158
4558.52251
2409.48657
3464.38653
3588.65435
3010.00732
3906.87700
3304.43837
4013.76743
2221.41920
1717.85474
2547.68749
5689.71218
1133.42308
2483.36561
1987.05119
1136.19421
2027.33515
5104.40634
3753.57789
2432.09182
3086.10509
5224.57630
6425.17829
1226.51712
2333.38306
1548.85099
1832.05620
5398.78610
929.63959
3360.03083
5429.09272
4503.50077
4494.88110
4114.45960
1614.37839
2754.83439
3751.48207
3912.47631
2664.97700
2630.37838
4050.10808
4908.88878
875.44717
3996.74144
4489.97314
1950.73494
3311.38421
800.53342
2836.88077
4240.69908
4854.62729
3326.95229
2719.38152
986.52504
3684.13459
2999.61492
1701.25704
2366.13954
3526.92213
2543.03381
4341.02185
3052.60419
4364.08682
1630.91876
3674.21051
3225.65061
3909.34077
1064.86643
2997.76979
2604.32541
1236.64917
1514.27162
4465.51765
3030.64362
3598.45969
4567.97791
4338.96734
4610.22535
4841.93235
1835.52956
2560.05600
5782.22613
9019.05897
3846.09622
2732.81492
3332.06665
3057.12865
3835.18795
5258.39885
4372.74024
4489.61287
1828.50996
5068.30339
2109.99006
3607.40508
4208.63360
1571.85005
3014.35552
5370.45890
5494.23560
3958.24392
2748.49005
7053.20894
1240.29219
8816.76271
3103.82744
2602.02277
2676.48110
2799.92499
5754.63927
1587.75302
2680.56061
4390.18829
5768.99749
2037.98803
5442.70785
4998.87228
2736.05102
1904.67375
4170.50922
4488.48063
3923.72053
3537.06042
6435.51733
1792.43332
4773.06267
5689.75874
5782.65192
3485.70050
2317.85854
1953.88168
3229.07661
5951.62863
3344.19097
1282.50870
3633.88266
4460.81916
4246.31656
1940.60919
1307.30488
4694.94566
3606.34513
1788.53692
10175.25597
5840.22754
3581.36745
2354.31492
5464.85497
1784.88537
