3081.76403
6483.25315
6468.08438
4287.10143
3718.94842
3277.33394
3048.81699
4757.27927
5822.85553
6417.71676
2936.06042
4915.94805
5132.76280
5778.97290
3472.48913
5939.17430
4369.79238
4719.91313
4633.32148
4086.18776
2554.06288
2880.82800
3545.88027
3572.99431
5485.65066
4629.31650
3945.21134
6541.40928
3870.53479
4777.85219
3909.21863
5851.86570
4326.37321
4718.12841
3780.67684
4114.04168
5935.44346
2796.29836
4222.09123
6092.45939
2792.08568
3995.06598
4265.75074
4854.18821
4352.60801
2347.07908
6422.52591
6006.10139
4581.37493
4057.98966
5304.01059
6533.94924
3968.21104
5838.59474
5002.97706
5713.66915
5597.69289
3862.29824
2530.97648
6461.59221
2618.86045
3607.86609
6976.44099
2601.56404
3431.30410
5160.61178
3608.06623
3438.97177
3809.20638
2892.34374
5873.09451
3296.69959
4445.01469
3198.46312
4370.01217
3419.50282
5276.68774
4482.45012
3735.16421
5966.00922
1530.34983
3333.54649
3164.61224
1727.73649
4953.32407
6691.19878
3791.87304
5883.59044
4632.72709
5374.04706
2449.24094
3473.31284
1394.26369
4076.52869
4414.50827
2049.57299
6827.55262
3836.07786
4254.34271
2320.13903
2626.16696
4848.63611
4030.91154
3012.23890
4038.38909
5287.35179
4116.17317
4760.85451
6738.15728
3078.73031
3317.38577
5169.28425
5264.24459
3974.44278
2790.01154
7844.61439
3566.07933
1500.56403
3562.42884
3590.12930
3567.11745
4854.17372
6926.45233
4151.34010
5258.39807
1127.49206
2812.75727
3087.96844
6239.55257
3805.88202
1770.93306
4039.86273
3540.53573
2612.24326
3414.67538
3044.72290
3856.92327
2851.15702
2808.10343
4433.30809
6052.24854
4149.44642
4821.93427
4019.18151
2893.28024
8590.43853
4945.65874
3136.96247
2266.82532
2215.14894
4521.35436
3859.52731
4644.46214
7621.59015
2391.74516
4447.60999
2858.66567
4361.20764
4955.70967
4539.41230
5115.23925
6977.05665
3350.84644
5713.50424
4542.12703
4326.61019
4927.26428
4111.03232
4164.12386
2928.95020
3665.33235
3932.51858
4992.96374
4914.82066
1784.71411
3316.66391
5341.27874
4902.50529
4090.20685
4470.28798
4629.25874
4730.22156
3294.26677
4799.47615
6801.11916
3438.49895
5584.43120
5519.36407
5548.15157
5745.74928
4174.21908
2268.91623
2393.14079
5429.43106
3554.30565
2714.24625
4417.61514
4264.70984
4905.71032
6084.54223
4214.72753
5165.80457
4552.44962
4115.26253
3599.74272
6155.05873
2272.76389
4252.81520
6169.04727
7092.22206
5389.16351
2339.68930
8360.08551
4096.19738
5997.86429
4810.50935
2858.33278
4167.05817
6538.68325
5215.71303
3436.20037
2087.52578
2629.60370
2584.79234
4447.77863
6193.01723
3579.70945
5273.98129
4211.24438
5912.94773
6305.27849
4949.39676
5281.61722
4361.67614
2463.38679
5795.03637
4320.13034
5376.40130
5397.70698
2482.85598
4575.43179
2850.30276
6669.70211
4547.69894
2713.58266
5952.27970
7189.52943
5694.51963
4389.86644
3393.58253
5524.39746
4423.89631
1796.44544
3955.66994
4141.84953
2913.12155
5570.77659
5800.67930
3334.05572
3547.30841
4013.75026
4847.27067
4840.08125
3837.97294
3959.22763
3489.85133
2139.31149
5324.19412
2522.00254
3958.41593
3851.32215
5597.68742
2976.42347
2666.89495
3457.84931
1853.57962
4547.45996
4305.15007
3693.99429
5773.60341
2785.82529
4466.90924
4900.99994
2868.99934
3245.50907
6034.32967
5415.90318
5117.42380
4727.91605
1789.79924
3462.83072
2523.68717
