0.08295536677508748
0.355999588545835
0.06055651715152109
0.3162329403546362
0.16844005739810433
0.06339050231479712
0.05566441874962516
0.03860568436334106
0.11137796983818062
0.19603166358998178
0.21737094088974654
0.10102275971955164
0.1301227332375521
0.051889859313170986
0.1684774826901788
0.09477071606844449
0.1038832959436364
0.047989145202500694
0.07982495467651579
0.0506231506310549
0.0863334666404279
0.0970944145629671
0.06040026589522196
0.06429540876163554
0.12128585890404686
0.06941578235546202
0.09027125325829063
0.07128872627414745
0.13600067802452998
0.04806458532219605
0.11440760062852559
0.08591962273398349
0.05918852074889012
0.05007965334564351
0.07602373853437583
0.04636920921944055
0.39786166227643416
0.1589148712098069
0.19322029315556616
0.3144480637181802
0.09280863606587593
0.15060200711112057
0.08505099855923719
0.07492397375986397
0.11138957436860437
0.35786777076908594
0.1167992325727881
0.06800558616518196
0.04633736301647655
0.0712471464674619
0.1296408752522056
0.1317116214656745
0.17639781993538836
0.09704149616295024
0.09337485391298109
0.19332767875245402
0.12440652930053311
0.11022217856059124
0.08711013488093547
0.06666110980340213
0.1037489773090689
0.4473053416588427
0.0579848054145356
0.071644863359495
0.1083465949461271
0.19433770624054
0.0758780438265626
0.06274786188444118
0.08469579640913599
0.12917911748178815
0.06526225337276262
0.12315246752831607
0.07988730800455242
0.06985903096994736
0.10462920970325296
0.11127269564921384
0.06557320734239741
0.0937829563398182
0.0815407926703673
0.1530092809069772
0.0608730008017832
0.054642770355746585
0.08153708123809252
0.09572370876444457
0.07012735712705921
0.20106198678974263
0.1833330589800823
0.11626534276488545
0.08751192988993467
0.08758039046924268
0.1272137465326045
0.04519830742801875
0.08782679749975997
0.046508839129809215
0.17440552762197162
0.12784957807613032
0.16289308164063654
0.19672001765013064
0.13376207355808287
0.07837130267893144
0.05461684505736114
0.06365742014156603
0.07651141701723238
0.06439029636228492
0.10210772704485667
0.10059070864298535
0.06037961805918859
0.09167804654743317
0.10851178143439048
0.0847760220809059
0.05845472842214307
0.1523486487944765
0.07677964525511013
0.13475739736834508
0.043712324035437546
0.2447631565184471
0.1927186694008265
0.05756826286340555
0.11462800302796616
0.09987714613853943
0.09691357807246555
0.06144192480656418
0.1244574895145059
0.23817457625169286
0.08957999492202624
0.09952917781914775
0.0575537329942421
0.18413872272218376
0.12778106360876498
0.08132727606966837
0.18595877644547332
0.1995449650838122
0.07331293536953952
0.046111165731878435
0.07153812088118043
0.08715894681513846
0.061360046879187946
0.11755756958322847
0.06473459570611585
0.07580367957717114
0.10959656142292253
0.15430430648527177
0.06678868569470509
0.1428430822730276
0.09767019531303221
0.16854762334778253
0.10047188234356688
0.060545342882359215
0.10085055956418185
0.10184062465811168
0.14064890068388367
0.08426429553890262
0.1347989156541549
0.09003020663916093
0.16904105058405744
0.058012329805156616
0.08063461699609688
0.10514789040339781
0.08842982877423647
0.10916057107312803
0.1115627899420334
0.10050796284365011
0.09102048989436437
0.07453434416109889
0.06641154821985047
0.07060079714535723
0.09315784153696754
0.1364318458273905
0.21059818010343634
0.11228750700405288
0.3793872649628171
0.18203729114141198
0.11010630200015463
0.23832934339172016
0.1392936316421673
0.07788000322293206
0.180576870903954
0.08363353982281921
0.15728137790624197
0.06018421088458573
0.07582160153171294
0.10355903373638917
0.04130519223585407
0.05254832770860093
0.09682637561195132
0.1425949671885672
0.0902218651561441
0.10392512465529051
0.05382875540382271
0.16518585049098314
0.1009085495587896
0.12175513583780798
0.07576686509626848
0.05985792451942421
0.14616729106012916
0.041127263998177004
0.08919264679300248
0.27360891861958997
0.10947236681226973
0.0457440615407233
0.034118394962013146
0.10207225063438519
0.10655311231593897
0.10315012135260622
0.14958158078937117
0.12024935555643831
0.1982153689569135
0.11574365359415474
0.21678282993552656
0.09426395154578988
0.03215600071115837
0.092225955912761
0.07180387147070783
0.0704763420001973
0.41646477370499646
0.1170654518890165
0.06357188832073862
0.0771877488948692
0.0887118059708172
0.158622502167518
0.21800878330279755
0.09409708263983817
0.1412120493994915
0.0749879298075265
0.0721850424573819
0.14429655139580208
0.12226597170310988
0.10780784792389463
0.09342842217733364
0.09498225266775244
0.11508872208105925
0.05190408217567462
0.18895466007498662
0.12868982890516892
0.02560675531514146
0.1284542886127041
0.1422327685289289
0.1828551172887442
0.1499714768289322
0.1114282226012021
0.10632950841164307
0.1352670750982291
0.15277130729422597
0.07929021681609506
0.10372052607011539
0.23156989196482172
0.07776381789367295
0.11873343401820494
0.060600987728686426
0.10184898372119343
0.13462510545166903
0.14266382043968368
0.13954134962582962
0.10450509822890404
0.057119568486549525
0.048059997113708675
0.08387244617732706
0.0625103371985868
0.08323686644218477
0.05198413858548589
0.15703359111108373
0.2513679257043
0.0906884059092232
0.05674019303388819
0.1259229228449986
0.07206869727344908
0.06359124891032682
0.10075353773026022
0.1389565591282499
0.15033573262464284
0.06343479232606034
0.17351170515000314
0.04874847818826416
0.09496896659174417
0.08249387787100099
0.42399693446051356
0.10137711455735045
0.13751332305036912
0.1517299365505313
0.17735226986575686
0.185169305497977
0.13268323165001175
0.045536852450395834
0.15097503500248333
0.12655410129133599
0.12929640800425987
0.24417896461102304
0.10908367749794137
0.18270955341746015
0.1780533949331225
0.11666574695055221
0.15437710080517833
0.21492633897723823
0.10248330381000685
0.13832426729391398
0.05111379277137552
0.039900852716143485
0.1161356900107157
0.1295142272188377
0.08645991828998309
0.2413742686471597
0.17084363688436802
0.2099427985958182
0.15388636521585156
0.19759604668903463
0.08746838654950308
0.13932375410114647
0.05500542162961733
0.06182887662815597
0.10681716599809143
0.1960163831724286
0.14547668848307954
0.1909598219377676
0.10906699366442035
0.11194153757224123
0.091840511287548
0.12948516048720024
0.0728334161542971
0.14018238390520002
0.10563111741174351
0.07282422865064547
0.10980699742417696
0.3034230650465866
0.2168596550745303
0.08860364437497485
0.06885518078070481
0.14156743514572817
0.08024320783809671
