1872.00000 87.68177 0.08295536677508748 0.6249498605144443 0.00010634079478148698
930.00000 88.94672 0.355999588545835 0.9096286038035198 0.0006853501826975452
2116.00000 89.87014 0.06055651715152109 0.8197248094164147 0.000104537782005434
1400.00000 88.65557 0.3162329403546362 0.8778156620715982 0.0050317521262114775
516.00000 84.01776 0.16844005739810433 0.8781226915526232 0.0006695380645371932
2146.00000 87.87246 0.06339050231479712 0.7409983147059324 0.0002605393940281927
1541.00000 88.88744 0.05566441874962516 0.7154101887487754 0.00010010364008887034
2263.00000 87.19752 0.03860568436334106 0.6014624863085481 6.447832752127128e-05
1292.00000 89.29939 0.11137796983818062 0.9102340577210667 0.00013866314563518793
1233.00000 89.13899 0.19603166358998178 0.8600017474021033 0.0004155691602238678
1712.00000 91.21507 0.21737094088974654 0.8174173133100333 0.0003373820925620313
913.00000 90.22363 0.10102275971955164 0.8045922966739848 0.0002531240097334497
964.00000 83.16463 0.1301227332375521 0.8940785232519071 0.0005939410604547874
2099.00000 88.57404 0.051889859313170986 0.7799030036243937 6.288768235925151e-05
1764.00000 84.16157 0.1684774826901788 0.7880490509911362 0.0025916313455918963
1078.00000 88.63354 0.09477071606844449 0.558312212067042 0.0001243087375499834
1799.00000 88.85339 0.1038832959436364 0.8764293643986537 0.001586099791096534
2222.00000 82.62663 0.047989145202500694 0.7460586582224998 8.119705593251164e-05
1562.00000 93.42838 0.07982495467651579 0.9021913040663256 0.00012064439890156905
2519.00000 87.58884 0.0506231506310549 0.6399639486440681 0.00010339029290869265
1142.00000 87.72694 0.0863334666404279 0.8361247097597367 0.0001845032231070036
2273.00000 91.76160 0.0970944145629671 0.8145842932628853 0.00012405483505447274
1098.00000 88.40506 0.06040026589522196 0.5821807912113854 6.677142843198862e-05
1483.00000 88.79144 0.06429540876163554 0.71859410362257 5.903831402736915e-05
1446.00000 91.91359 0.12128585890404686 0.9189091294599229 0.0002340464755142542
1404.00000 88.40370 0.06941578235546202 0.7021578510278843 0.0001068759377027802
918.00000 85.85087 0.09027125325829063 0.8834497448510127 0.00018223757745693738
1215.00000 91.42238 0.07128872627414745 0.7524792313449722 6.830270452621798e-05
1412.00000 85.58344 0.13600067802452998 0.8227880594403155 0.0017596720659200727
1621.00000 87.50231 0.04806458532219605 0.7381213063393709 6.035745716792179e-05
2269.00000 91.10856 0.11440760062852559 0.8574263227938066 0.0006436475191337484
1259.00000 86.07726 0.08591962273398349 0.8721950754826697 9.482436893263447e-05
2128.00000 87.74613 0.05918852074889012 0.7621789912678179 0.00011840632584223961
1313.00000 89.89827 0.05007965334564351 0.6400184140168786 8.574289617426367e-05
1527.00000 87.01754 0.07602373853437583 0.7955734021750573 7.910799219351184e-05
2250.00000 86.49524 0.04636920921944055 0.6376004943762993 8.055690250595698e-05
1098.00000 93.65957 0.39786166227643416 0.8418651480221666 0.002551679248216419
839.00000 82.05549 0.1589148712098069 0.8460130141803415 0.002223197705286278
682.00000 90.93395 0.19322029315556616 0.8172178560191315 0.0005143795871404934
942.00000 87.56555 0.3144480637181802 0.8480728428888782 0.0238330338598028
1219.00000 85.29303 0.09280863606587593 0.8782279969908966 0.000134269599958623
730.00000 93.91192 0.15060200711112057 0.9275134785999319 0.000357924024676505
960.00000 84.93862 0.08505099855923719 0.7928986382535017 0.00030217482740252437
1194.00000 85.18782 0.07492397375986397 0.5870195121907578 9.522176623026671e-05
1737.00000 86.01663 0.11138957436860437 0.7808647467065659 0.0005597267605541084
729.00000 89.62650 0.35786777076908594 0.8907060340170696 0.0029707582232511415
934.00000 86.11944 0.1167992325727881 0.8899734033515049 0.00017294549703709326
1608.00000 86.74681 0.06800558616518196 0.7793882602463086 0.00013246705650332672
1456.00000 89.01373 0.04633736301647655 0.7108227335467059 5.9864318448744006e-05
961.00000 89.64554 0.0712471464674619 0.7391376230370929 9.523420322864812e-05
391.00000 99.24768 0.1296408752522056 0.9462768075088379 0.0003296278587262027
1129.00000 88.75228 0.1317116214656745 0.9290722543813271 0.00026401166318241657
1727.00000 86.51492 0.17639781993538836 0.8911609693015646 0.002896829536905521
1023.00000 78.06766 0.09704149616295024 0.7666336208300232 0.0005825059444172379
1546.00000 87.51924 0.09337485391298109 0.8982093739885808 0.0001382772466945885
1569.00000 90.63360 0.19332767875245402 0.9092544574987315 0.0005073490458146582
1157.00000 90.00544 0.12440652930053311 0.9146985976926768 0.00021535753882976537
765.00000 90.35617 0.11022217856059124 0.8472924316380128 0.00030355721150668134
1473.00000 90.44438 0.08711013488093547 0.854675839511647 8.049401353296637e-05
2461.00000 88.39515 0.06666110980340213 0.8655893423704917 9.1905546206707e-05
1034.00000 88.71788 0.1037489773090689 0.7917128256165162 0.00023745186646991924
783.00000 87.73932 0.4473053416588427 0.8966955697398835 0.10445269287300256
2010.00000 85.46132 0.0579848054145356 0.6600211476617905 0.00013407682648356337
1775.00000 89.30019 0.071644863359495 0.7600659197004332 0.00015409828194842343
1528.00000 91.30653 0.1083465949461271 0.8805066660867638 0.00016909917928959972
1201.00000 91.95685 0.19433770624054 0.7930758116225094 0.0007588996579221356
2291.00000 90.71426 0.0758780438265626 0.7624438275728137 0.00015706391941358827
882.00000 88.28651 0.06274786188444118 0.8817372510672726 6.207000838020526e-05
1830.00000 94.30530 0.08469579640913599 0.8906846575472473 0.00013817563876428396
689.00000 91.17868 0.12917911748178815 0.9046543611813544 0.0003115850593071105
1616.00000 86.98656 0.06526225337276262 0.7634739017597375 0.0001415113355966433
1423.00000 90.20750 0.12315246752831607 0.9547336280545473 0.00022839655834002394
1577.00000 88.43777 0.07988730800455242 0.7749858370370898 0.00016157549924480745
1546.00000 89.54230 0.06985903096994736 0.8278221898889816 0.00011951298403861508
1958.00000 92.86431 0.10462920970325296 0.9343826058174699 0.00019102326084776208
675.00000 84.67086 0.11127269564921384 0.8178645342760257 0.0004878389152459714
2006.00000 89.64721 0.06557320734239741 0.7054819615747703 0.00011284475828859258
1041.00000 91.08055 0.0937829563398182 0.8678169964403404 0.0006755620303051243
1233.00000 86.10636 0.0815407926703673 0.8432973828317882 0.00010328704235604343
1101.00000 78.23674 0.1530092809069772 0.7363872654711419 0.00036550895107196295
1810.00000 87.62122 0.0608730008017832 0.8366501172651001 5.820620843696538e-05
1210.00000 90.23518 0.054642770355746585 0.8397310658214436 7.25910050371403e-05
1804.00000 91.63196 0.08153708123809252 0.8995240223802696 9.420709488989816e-05
1555.00000 87.61867 0.09572370876444457 0.9081176024174966 0.0002339849945033899
1141.00000 90.74467 0.07012735712705921 0.7224674505765285 9.338543168495052e-05
868.00000 86.00077 0.20106198678974263 0.8410546737051259 0.0007069489076845766
1344.00000 86.22079 0.1833330589800823 0.8427328323673785 0.0049352635460987926
1170.00000 86.60636 0.11626534276488545 0.8754202381169534 0.00016684280272320342
908.00000 86.11277 0.08751192988993467 0.8289145641477248 0.00013063259924072897
1150.00000 80.94094 0.08758039046924268 0.90492818575529 0.00010796546569379855
813.00000 85.88651 0.1272137465326045 0.8126816789215537 0.00037575070191623455
2253.00000 86.99523 0.04519830742801875 0.6978881329343231 6.692958950584579e-05
1305.00000 86.27429 0.08782679749975997 0.7675111599095783 0.00011942791966282836
1981.00000 88.05232 0.046508839129809215 0.7743379681879383 5.633502683013001e-05
1590.00000 91.30755 0.17440552762197162 0.9365598136402883 0.0014881127873372568
1795.00000 89.37431 0.12784957807613032 0.8893432140594159 0.0010779665104011043
1681.00000 89.70420 0.16289308164063654 0.8745599907211762 0.001068313874358228
619.00000 96.86885 0.19672001765013064 0.9690097945774829 0.001884690181699037
1435.00000 90.40079 0.13376207355808287 0.6411025623616184 0.00019426708815434843
1614.00000 90.76858 0.07837130267893144 0.9057167704452548 0.00011522527017855391
2004.00000 88.34400 0.05461684505736114 0.7562582390770345 7.150053840471368e-05
2104.00000 86.69257 0.06365742014156603 0.7165217106077535 0.0001223036822151122
1060.00000 87.68541 0.07651141701723238 0.7224040347167384 0.00014005679343598735
1690.00000 87.65138 0.06439029636228492 0.6363301365445124 0.00010456711454880714
1333.00000 87.72334 0.10210772704485667 0.9186893640611 0.0001679597859748404
1226.00000 86.75803 0.10059070864298535 0.7315264071342881 0.0001270035769746987
1047.00000 88.83002 0.06037961805918859 0.7814426842281761 9.813953298464638e-05
1289.00000 89.63514 0.09167804654743317 0.8493933853043651 9.182623100943479e-05
1717.00000 90.37179 0.10851178143439048 0.7427892697933831 0.0010980232822480989
1944.00000 91.93020 0.0847760220809059 0.8705614393932191 0.00015741285934960198
1861.00000 85.56798 0.05845472842214307 0.4630931857598433 0.00018098355256273421
1250.00000 89.86138 0.1523486487944765 0.9374305115891207 0.0002416008960647708
1331.00000 90.03668 0.07677964525511013 0.8195632265729823 0.00027015014319907026
1578.00000 88.73159 0.13475739736834508 0.9057414006766065 0.00044618928492041825
2118.00000 86.59748 0.043712324035437546 0.675470318244291 5.915212429564868e-05
1363.00000 89.86940 0.2447631565184471 0.9583753458936503 0.011304174509017127
796.00000 84.16086 0.1927186694008265 0.9139327300028054 0.0017646875788464025
1939.00000 90.89064 0.05756826286340555 0.7406914682876795 0.00010996758777424162
676.00000 85.37381 0.11462800302796616 0.6322961282124383 0.000238162183340175
1590.00000 87.14875 0.09987714613853943 0.8233655020122941 0.00017813207735615548
1583.00000 85.23747 0.09691357807246555 0.6862914296173199 0.00015348793038597746
2183.00000 85.60866 0.06144192480656418 0.7130060660906965 0.00012372853984200736
1173.00000 84.49640 0.1244574895145059 0.9050305882146334 0.00014821053651247178
899.00000 87.43143 0.23817457625169286 0.8535782079981843 0.025793431101290735
1281.00000 88.83405 0.08957999492202624 0.8328876012577557 0.00014141934874072968
1349.00000 94.12134 0.09952917781914775 0.9032750625982898 0.00018140089598960347
2128.00000 90.65355 0.0575537329942421 0.729839474532247 0.00011157724042436938
846.00000 93.37961 0.18413872272218376 0.9741122932121973 0.0004593161847307332
1466.00000 90.82329 0.12778106360876498 0.8701764289723071 0.000436283567693462
2261.00000 86.46845 0.08132727606966837 0.8768461432818188 0.0001417730992137465
1189.00000 87.32236 0.18595877644547332 0.9352585679206341 0.0013016264496381062
277.00000 91.53394 0.1995449650838122 0.8667000942691471 0.0007315922333433598
1522.00000 87.34163 0.07331293536953952 0.8521839356304151 0.00010427038654003833
2323.00000 85.93926 0.046111165731878435 0.7652179476598622 7.033333783882036e-05
2395.00000 88.99352 0.07153812088118043 0.8632903136004368 0.00011332158811365468
1299.00000 89.56955 0.08715894681513846 0.8932406820571905 0.00012255969665365707
1578.00000 90.20745 0.061360046879187946 0.710127465449873 6.357183460088789e-05
848.00000 91.97063 0.11755756958322847 0.8802703302750411 0.00029204383624236726
1913.00000 88.91401 0.06473459570611585 0.6786451480465886 0.00012127328863149584
1633.00000 90.70427 0.07580367957717114 0.8930364824142395 9.777287619246529e-05
1321.00000 91.89714 0.10959656142292253 0.8482421115777461 0.000287945845272846
1301.00000 88.84799 0.15430430648527177 0.868740710596084 0.00018766632725408702
1617.00000 88.66176 0.06678868569470509 0.8132399378697954 7.921945585834287e-05
940.00000 92.46641 0.1428430822730276 0.7412507085684735 0.0004028863551206263
996.00000 91.47519 0.09767019531303221 0.8321830424137523 0.00011688772140675716
110.00000 89.47568 0.16854762334778253 0.9354719546863591 0.00045679264735918614
930.00000 83.28485 0.10047188234356688 0.7276295513519366 0.00024416737627994454
1987.00000 92.69428 0.060545342882359215 0.6359834310461129 0.00012659139607516313
1194.00000 90.16538 0.10085055956418185 0.8852861910500212 0.0001687325224974857
1623.00000 88.94185 0.10184062465811168 0.8298043918295155 0.00024806097808684863
1765.00000 88.43664 0.14064890068388367 0.7933957020492683 0.0009316297367608289
1956.00000 87.59301 0.08426429553890262 0.8361068090711441 0.00020631290774595387
1023.00000 83.88139 0.1347989156541549 0.8017663941194813 0.0007440170293963812
1725.00000 86.50302 0.09003020663916093 0.8285337275480635 0.00011271463912620715
1124.00000 92.27571 0.16904105058405744 0.9453800561089895 0.009556678147192127
2294.00000 87.60181 0.058012329805156616 0.6867406572128675 0.00010848770229601062
1799.00000 84.95366 0.08063461699609688 0.5872746501350642 0.0002657792422460158
1760.00000 87.50261 0.10514789040339781 0.8775810483140399 0.00012867447597531722
1799.00000 89.10237 0.08842982877423647 0.8492543406777182 0.0001817091223553643
980.00000 89.05040 0.10916057107312803 0.8319844090097123 0.00025245851298929834
1122.00000 88.96325 0.1115627899420334 0.9377364093369814 0.00018274315317437016
1665.00000 89.05825 0.10050796284365011 0.8284760498267341 0.00013675653031596397
1108.00000 92.45902 0.09102048989436437 0.9139632277093552 0.00013557137823346174
1744.00000 90.35084 0.07453434416109889 0.8326591547323337 0.00013260855669247336
2354.00000 87.16387 0.06641154821985047 0.8027477090926014 0.00011235115024871055
2407.00000 87.47274 0.07060079714535723 0.84607531736473 0.00012590653985253337
1770.00000 87.56070 0.09315784153696754 0.8849369653245243 0.0002767389364216281
1744.00000 89.31597 0.1364318458273905 0.8750342066689266 0.0005757959491245134
1159.00000 83.52851 0.21059818010343634 0.9568348515849312 0.002209490607766841
1357.00000 90.11990 0.11228750700405288 0.8327566715947582 0.0001631361078823105
255.00000 80.19402 0.3793872649628171 0.9362836203332023 0.018720905402222016
1977.00000 91.00951 0.18203729114141198 0.9174898548065309 0.00017444145674893897
2038.00000 88.37033 0.11010630200015463 0.8843063330162593 0.00018288782127830728
831.00000 84.63054 0.23832934339172016 0.7724991728008116 0.022414156317213142
1086.00000 87.95217 0.1392936316421673 0.8450836158673709 0.002183197619870004
1831.00000 89.70821 0.07788000322293206 0.7933106865003584 0.00018537275702258855
635.00000 88.99530 0.180576870903954 0.8618723069999058 0.0013218540542168716
1299.00000 89.94926 0.08363353982281921 0.8762621413994336 0.0001530691789967582
1263.00000 87.23694 0.15728137790624197 0.9163841135756324 0.0005669564111836789
1575.00000 87.39189 0.06018421088458573 0.7930845099036727 0.00014325216338088588
1441.00000 90.01322 0.07582160153171294 0.7880587041203746 0.00014293056137527744
893.00000 91.23134 0.10355903373638917 0.9156089803106378 0.00019394231823399266
992.00000 90.23633 0.04130519223585407 0.7339665392576301 4.962784746252504e-05
1388.00000 87.02382 0.05254832770860093 0.7430377365141362 7.747381753714076e-05
1335.00000 87.30145 0.09682637561195132 0.8857722159561113 0.000209464278875832
628.00000 90.30478 0.1425949671885672 0.8682515438920082 0.003339305204504588
1341.00000 88.45390 0.0902218651561441 0.8590119007971301 0.0001595213998974738
1713.00000 93.04329 0.10392512465529051 0.9193929942981103 0.00023483434762930854
1656.00000 90.94085 0.05382875540382271 0.6594212519374306 0.00011509867092135385
1056.00000 89.20024 0.16518585049098314 0.9538396861301426 0.0002471055584841372
654.00000 80.78232 0.1009085495587896 0.7972013251229285 0.0002171936387149859
915.00000 93.29638 0.12175513583780798 0.9033037341343941 0.0002587975102724948
1512.00000 90.24711 0.07576686509626848 0.7493881093740951 0.00011633052041284362
1273.00000 90.32480 0.05985792451942421 0.6286332058286227 0.00014429675391541187
733.00000 93.45839 0.14616729106012916 0.9359510283650212 0.0003781935161281146
2309.00000 86.31734 0.041127263998177004 0.35591411277962154 7.117799775777899e-05
1437.00000 88.03041 0.08919264679300248 0.8786020746721549 0.00016620124133471186
686.00000 87.62740 0.27360891861958997 0.9514850570546419 0.0017595124968839897
1225.00000 88.40329 0.10947236681226973 0.8248611508582175 0.00030818893743537
1488.00000 84.61386 0.0457440615407233 0.6822096245065177 5.871753333303801e-05
912.00000 90.67472 0.034118394962013146 0.6697104920331753 4.597101794532934e-05
1129.00000 85.43647 0.10207225063438519 0.8641047781331075 9.614503736546201e-05
2048.00000 88.92545 0.10655311231593897 0.8778879976521407 0.0001979266162654204
2631.00000 89.38690 0.10315012135260622 0.6627918911112809 9.207696559016981e-05
1215.00000 89.66623 0.14958158078937117 0.9129210935792161 0.0003223120877486901
1356.00000 90.50353 0.12024935555643831 0.9195851406515715 0.00018068154469590706
680.00000 88.87542 0.1982153689569135 0.9196474609736012 0.0006968017249611818
1242.00000 89.85864 0.11574365359415474 0.8422757826791304 0.0002804918593509647
815.00000 90.42709 0.21678282993552656 0.8970630682747289 0.005056335965471913
1332.00000 84.72808 0.09426395154578988 0.5346353297422038 0.0001259439681779072
1756.00000 89.54253 0.03215600071115837 0.5227263480176758 3.9499202905738485e-05
1685.00000 89.81642 0.092225955912761 0.8450908634046317 0.00010291698298884325
1408.00000 87.85968 0.07180387147070783 0.899753496620861 9.254487832204227e-05
1464.00000 85.09879 0.0704763420001973 0.7474104385880312 0.00017525349887980563
319.00000 75.65491 0.41646477370499646 0.935860116940536 0.004821087207669813
1790.00000 89.79104 0.1170654518890165 0.9022789288260877 0.0002078014756570225
1874.00000 89.07369 0.06357188832073862 0.6995373725421048 6.28014446817452e-05
2045.00000 87.87280 0.0771877488948692 0.8583645534870915 0.00011389920455777616
1440.00000 87.34099 0.0887118059708172 0.8287288244760382 0.00011660413437741814
926.00000 92.25773 0.158622502167518 0.9553300592018189 0.0009531856362339399
1755.00000 88.74462 0.21800878330279755 0.8931412114276481 0.003774964575675047
1392.00000 89.33008 0.09409708263983817 0.8104563456240054 0.0002557269796322311
1707.00000 87.47088 0.1412120493994915 0.8443906010340378 0.0041096503035192985
1597.00000 87.42352 0.0749879298075265 0.7901090694626534 0.00014594254425887102
1960.00000 86.10893 0.0721850424573819 0.8249814155012519 0.00013114087355235095
1526.00000 88.82693 0.14429655139580208 0.9384299994956667 0.0010534975373800684
1434.00000 88.73651 0.12226597170310988 0.8214554393525698 0.00031468445317004166
1540.00000 88.80387 0.10780784792389463 0.9263075821770482 0.00019156239299501914
1776.00000 88.75230 0.09342842217733364 0.8727000139463622 0.00020495668827050608
1471.00000 87.63132 0.09498225266775244 0.8615835683192757 0.00016133931360540972
1009.00000 87.88526 0.11508872208105925 0.8674026873822268 0.000518598193529198
2577.00000 91.10172 0.05190408217567462 0.79425503858482 7.229580232063415e-05
898.00000 88.83840 0.18895466007498662 0.8934934394261217 0.0037272768999608136
947.00000 89.38921 0.12868982890516892 0.8876179775970028 0.0006240530281710573
1105.00000 93.25948 0.02560675531514146 0.41257024275770837 4.1157664908035564e-05
573.00000 85.89842 0.1284542886127041 0.9120815063743827 0.0003011484230448891
958.00000 84.84171 0.1422327685289289 0.908534254787686 0.00021974603930895547
1153.00000 90.89407 0.1828551172887442 0.907904218416421 0.000604079091425583
649.00000 89.90872 0.1499714768289322 0.9442213626253289 0.0004820939606311379
1208.00000 86.77589 0.1114282226012021 0.857879292936232 0.00011620098790131994
1603.00000 88.06042 0.10632950841164307 0.758513964703673 8.128845613767117e-05
1617.00000 83.74151 0.1352670750982291 0.8545529010958955 0.0002547963166962256
937.00000 86.27246 0.15277130729422597 0.8454223474472352 0.0007063177886817457
1868.00000 88.12934 0.07929021681609506 0.7866552737920154 0.00015071952494239498
1956.00000 87.81493 0.10372052607011539 0.8454677135615732 0.0014749516271164507
1033.00000 83.22238 0.23156989196482172 0.8785635612526858 0.006022730515308989
1634.00000 89.98789 0.07776381789367295 0.7041146593773295 0.00017006199069324198
822.00000 85.51683 0.11873343401820494 0.9039131507082313 0.0001767491066012912
1499.00000 86.87317 0.060600987728686426 0.8299422342399547 9.249161042328698e-05
844.00000 90.14244 0.10184898372119343 0.8724808695372278 0.00021936847081055724
388.00000 98.46590 0.13462510545166903 0.9360845407012799 0.00036936559387463786
637.00000 88.81844 0.14266382043968368 0.7495193067499872 0.0018366297480236252
1627.00000 89.68201 0.13954134962582962 0.8736473694155852 0.00016882040279739353
1683.00000 91.80209 0.10450509822890404 0.8721324799735496 0.00024205179592141115
2467.00000 90.89266 0.057119568486549525 0.8574226158952784 7.270340734334928e-05
1136.00000 93.49768 0.048059997113708675 0.68739707145704 0.00016864558083908645
1356.00000 88.17553 0.08387244617732706 0.835370179755404 0.0003309664786754475
1314.00000 92.62008 0.0625103371985868 0.7495652790174223 7.897059856037149e-05
1797.00000 86.22954 0.08323686644218477 0.7705795665766091 0.00013662535518198796
1793.00000 87.95021 0.05198413858548589 0.8022289487884071 7.561213967434949e-05
1437.00000 89.28468 0.15703359111108373 0.9358466181160157 0.0011907401666046496
473.00000 73.85455 0.2513679257043 0.9053499972087613 0.0041960391023
1242.00000 87.68945 0.0906884059092232 0.882393468886091 9.254065443582268e-05
961.00000 90.22716 0.05674019303388819 0.7165739065191258 9.65217845525452e-05
1083.00000 86.99368 0.1259229228449986 0.8209274245855251 0.0001831519314989029
1564.00000 89.66104 0.07206869727344908 0.8963759678969664 8.654285329712554e-05
2108.00000 89.37342 0.06359124891032682 0.8260436670907028 8.092179934551982e-05
974.00000 83.70196 0.10075353773026022 0.796825199295573 0.000496014364405682
1237.00000 89.53469 0.1389565591282499 0.86428410740663 0.0007656346445416148
1238.00000 87.06792 0.15033573262464284 0.9538079538354842 0.0003511238024813698
1363.00000 88.80342 0.06343479232606034 0.8120800814205403 0.00010251700442739872
633.00000 89.54217 0.17351170515000314 0.9583707135573745 0.000274471413488981
1779.00000 86.45069 0.04874847818826416 0.7145965110050629 8.313065719165635e-05
1301.00000 88.02634 0.09496896659174417 0.8583133942533929 0.00013059165101022663
1012.00000 88.84028 0.08249387787100099 0.849897726359552 0.00014435424570048792
868.00000 85.72934 0.42399693446051356 0.9165456327048135 0.10085665880651258
1840.00000 94.11098 0.10137711455735045 0.8802831863501828 0.00017792745353353324
790.00000 86.63145 0.13751332305036912 0.906948389800434 0.00027432439878137896
818.00000 95.63806 0.1517299365505313 0.948455473436502 0.00079367080682657
863.00000 84.86624 0.17735226986575686 0.9378930826602445 0.00042141173354305926
885.00000 88.44273 0.185169305497977 0.9663603013296199 0.0011743929055228882
1317.00000 84.70408 0.13268323165001175 0.9129638444453575 0.00040148625416022775
2274.00000 87.04947 0.045536852450395834 0.6121552519786122 9.352259065774575e-05
550.00000 84.13501 0.15097503500248333 0.8705163863830698 0.0007838517965973274
1440.00000 86.77295 0.12655410129133599 0.825262553375162 0.00102829466412412
929.00000 84.28832 0.12929640800425987 0.8086639174677703 0.000194517705404933
642.00000 83.61855 0.24417896461102304 0.8894370058702294 0.006223384588786042
1305.00000 89.95294 0.10908367749794137 0.766211917235854 0.00017023739930265111
1869.00000 87.70104 0.18270955341746015 0.8584563121043601 0.0006519092059697521
952.00000 84.64614 0.1780533949331225 0.8206217857543356 0.0018299468560016667
1787.00000 89.06078 0.11666574695055221 0.8464509975721316 9.899123271399249e-05
1971.00000 86.61157 0.15437710080517833 0.7578886802877813 0.00020392277478176808
