410.00000 29.65610 12159.00000 270.88809 -12.90830 85.91972
777.00000 9.82111 7631.00000 52.05868 4.38218 87.58784
680.00000 9.73088 6617.00000 68.53640 -14.35198 83.05997
613.00000 26.98858 16544.00000 305.30965 -6.90528 86.53650
580.00000 15.68966 9100.00000 107.68700 9.26869 85.51998
378.00000 15.23810 5760.00000 96.83817 13.73894 84.70277
321.00000 36.82243 11820.00000 391.67411 4.88895 84.28364
256.00000 34.26172 8771.00000 124.63129 -0.07305 86.08670
356.00000 14.16292 5042.00000 97.70545 6.65520 83.11167
450.00000 17.65778 7946.00000 148.39257 16.12895 86.66069
636.00000 15.42610 9811.00000 110.87264 -1.95253 91.35401
767.00000 14.46806 11097.00000 87.10020 8.92635 87.06061
608.00000 22.41612 13629.00000 161.70998 -8.85301 82.08666
858.00000 21.50233 18449.00000 500.04642 5.50370 86.35941
645.00000 8.86512 5718.00000 53.03512 6.41149 86.19646
376.00000 39.02394 14673.00000 480.11416 0.39161 89.04296
345.00000 38.90435 13422.00000 491.20390 14.55884 87.38724
595.00000 24.11765 14350.00000 358.41565 2.50579 86.15495
675.00000 11.45630 7733.00000 83.48759 -1.40717 86.73272
403.00000 24.04963 9692.00000 175.38592 1.66530 88.75881
596.00000 18.42953 10984.00000 316.90304 -1.02508 93.74165
496.00000 18.33065 9092.00000 123.10669 2.84372 87.84913
361.00000 21.77562 7861.00000 187.99419 -3.53821 78.17175
473.00000 26.98309 12763.00000 409.18662 -9.42299 88.60625
661.00000 14.16641 9364.00000 113.41348 -2.27649 84.56021
267.00000 47.91011 12792.00000 600.85141 -4.27471 86.86611
424.00000 23.70283 10050.00000 226.64169 3.84644 90.25955
537.00000 17.16015 9215.00000 206.08595 3.59667 87.40274
528.00000 10.98864 5802.00000 62.80275 -2.42062 86.30333
426.00000 40.06103 17066.00000 666.56750 7.28954 86.52800
441.00000 16.85488 7433.00000 105.60677 2.40788 85.13169
482.00000 18.42946 8883.00000 127.87513 6.55956 86.36646
591.00000 17.81218 10527.00000 130.20601 0.22276 85.47694
723.00000 12.46473 9012.00000 58.38047 -6.50874 91.04897
639.00000 12.07512 7716.00000 78.87698 -7.05955 89.90885
572.00000 22.82517 13056.00000 215.62218 10.98667 90.91233
725.00000 11.30069 8193.00000 73.45447 9.78220 86.92744
388.00000 41.69845 16179.00000 454.18512 -1.22716 83.81438
369.00000 17.96748 6630.00000 143.28980 -8.99844 84.66792
549.00000 18.90893 10381.00000 221.19097 7.50807 87.22248
510.00000 18.87647 9627.00000 113.84683 6.70138 84.38923
262.00000 45.96947 12044.00000 590.19357 0.37462 88.79452
442.00000 18.24208 8063.00000 223.14558 6.65501 86.90827
637.00000 14.29356 9105.00000 178.58805 -4.70648 85.67289
399.00000 14.23058 5678.00000 128.64110 5.81319 82.32309
404.00000 36.82178 14876.00000 278.31211 1.05276 81.44136
449.00000 36.21826 16262.00000 495.73740 2.11938 89.21938
686.00000 26.72303 18332.00000 292.97473 4.92616 83.28519
701.00000 14.24964 9989.00000 80.91320 -7.28149 88.95424
691.00000 11.66425 8060.00000 51.85078 -0.83810 87.37614
591.00000 13.27580 7846.00000 92.79131 -0.79476 87.19165
656.00000 15.36128 10077.00000 185.53830 4.88790 87.60769
534.00000 23.33146 12459.00000 180.60574 9.65497 82.25014
344.00000 18.60465 6400.00000 164.73670 5.43693 91.14855
717.00000 15.19805 10897.00000 90.62179 -5.07134 87.56077
324.00000 39.82407 12903.00000 423.33406 18.27992 84.37127
468.00000 27.89957 13057.00000 319.39223 0.71785 88.91158
571.00000 19.16462 10943.00000 234.25922 3.22131 89.77908
502.00000 26.79283 13450.00000 321.16734 8.29965 87.60274
378.00000 31.19841 11793.00000 295.88589 2.78044 85.02553
568.00000 15.35387 8721.00000 77.86515 1.24401 85.93571
492.00000 13.23780 6513.00000 116.62961 4.70440 82.83274
369.00000 14.56911 5376.00000 95.28733 33.47186 83.70908
491.00000 21.22811 10423.00000 152.05636 6.58720 91.20495
440.00000 21.62273 9514.00000 151.46747 0.43742 80.65456
461.00000 15.17137 6994.00000 158.95833 6.73321 84.63722
583.00000 17.43568 10165.00000 166.12422 -0.40998 92.02759
618.00000 22.67314 14012.00000 222.16128 8.02228 86.87855
505.00000 20.28119 10242.00000 172.07538 11.76921 85.87875
453.00000 21.20309 9605.00000 205.90866 1.76297 84.57656
436.00000 24.20183 10552.00000 125.98688 9.48317 88.00124
389.00000 22.23393 8649.00000 176.23243 24.49861 95.06741
601.00000 24.29285 14600.00000 359.39307 7.09973 83.45251
573.00000 21.35079 12234.00000 125.05132 -2.34584 81.57749
547.00000 15.55759 8510.00000 120.51922 -9.20460 93.81943
316.00000 43.62342 13785.00000 563.39110 -0.54595 90.66865
632.00000 14.02373 8863.00000 110.42575 -5.87979 92.17186
479.00000 27.73695 13286.00000 261.54504 5.89358 79.33888
535.00000 14.85234 7946.00000 109.01137 -15.88260 89.20411
361.00000 37.49030 13534.00000 480.92387 8.79560 80.85109
436.00000 17.30275 7544.00000 74.97339 2.31599 86.02714
577.00000 19.63085 11327.00000 199.96742 5.34433 84.46626
453.00000 26.79249 12137.00000 376.31093 0.44275 88.21935
153.00000 52.37255 8013.00000 559.45483 -11.33784 81.46955
376.00000 23.41223 8803.00000 217.33140 -21.41715 87.54458
408.00000 17.80882 7266.00000 105.35318 -1.39909 88.02052
650.00000 18.07385 11748.00000 214.93719 1.64239 87.15348
515.00000 15.14563 7800.00000 130.76299 1.66529 89.00814
420.00000 23.73333 9968.00000 159.92214 17.35046 87.48552
489.00000 46.44376 22711.00000 763.03352 2.85318 82.95251
556.00000 21.72302 12078.00000 128.43119 -6.74399 82.52331
717.00000 11.64993 8353.00000 104.06613 5.53369 90.27085
346.00000 20.92197 7239.00000 209.00799 -5.74627 87.72362
610.00000 18.83607 11490.00000 142.02500 -7.83250 87.97417
514.00000 26.95331 13854.00000 310.18145 -0.67397 80.76785
273.00000 29.32601 8006.00000 279.68543 12.02509 91.37135
539.00000 12.48609 6730.00000 85.20301 -0.50199 82.24832
535.00000 32.73084 17511.00000 378.69435 -7.08692 90.84738
537.00000 24.93110 13388.00000 188.76560 5.18751 83.07680
317.00000 38.38801 12169.00000 281.37550 20.24875 83.95666
432.00000 25.35648 10954.00000 158.47626 5.91612 83.78132
781.00000 12.76953 9973.00000 67.61112 5.15179 92.06473
531.00000 17.50471 9295.00000 191.54517 12.57700 83.79806
630.00000 13.68254 8620.00000 73.08541 8.94015 89.14148
412.00000 18.11408 7463.00000 106.44910 1.48554 81.95274
229.00000 26.53275 6076.00000 111.76982 10.03922 82.44778
472.00000 32.30720 15249.00000 519.93013 -3.36847 91.57905
300.00000 22.67000 6801.00000 195.05570 -1.91632 84.90239
683.00000 19.68960 13448.00000 165.75526 7.41000 86.44283
571.00000 22.15937 12653.00000 261.82222 8.74279 87.20658
126.00000 82.30952 10371.00000 632.61543 15.04896 91.20512
456.00000 46.21711 21075.00000 671.96282 4.28153 81.49313
596.00000 14.79698 8819.00000 139.84172 4.59028 88.96784
436.00000 20.97018 9143.00000 143.42521 -11.23160 90.39401
680.00000 20.98529 14270.00000 168.80290 8.12868 86.91034
454.00000 25.74890 11690.00000 382.80827 -0.32186 92.34113
287.00000 45.92683 13181.00000 310.31376 -34.37579 83.34171
467.00000 17.77944 8303.00000 66.04606 1.26382 86.66354
273.00000 41.37729 11296.00000 446.72370 0.26264 94.75519
712.00000 14.86657 10585.00000 110.83936 -5.61268 82.07784
707.00000 12.32815 8716.00000 87.77520 -10.54742 88.73035
665.00000 18.18797 12095.00000 153.02548 3.37790 84.11325
222.00000 47.02703 10440.00000 506.49369 -10.86881 82.88670
384.00000 23.72396 9110.00000 270.15719 7.17999 83.80254
445.00000 20.24045 9007.00000 144.39041 0.53890 89.43951
404.00000 22.34653 9028.00000 147.49655 -2.30941 87.76901
576.00000 29.22222 16832.00000 380.83827 5.22764 85.47993
509.00000 27.95678 14230.00000 262.01091 7.95143 85.68673
379.00000 23.16095 8778.00000 237.47772 12.46595 85.55686
626.00000 15.97923 10003.00000 104.17015 7.97889 89.29117
427.00000 17.59719 7514.00000 155.93023 4.38839 89.31857
381.00000 16.71916 6370.00000 82.35738 0.78119 89.89501
307.00000 30.72964 9434.00000 262.10389 18.68181 87.26236
324.00000 38.04321 12326.00000 428.71417 -4.13813 89.31719
489.00000 15.76278 7708.00000 96.08309 3.35902 90.65752
611.00000 22.41080 13693.00000 204.88362 3.35918 86.26899
488.00000 17.68852 8632.00000 184.14024 -3.20947 86.24854
328.00000 14.84756 4870.00000 83.65533 8.57256 84.70873
425.00000 17.63765 7496.00000 66.72091 -7.10895 80.13722
355.00000 35.73803 12687.00000 514.77473 -3.20002 89.52068
509.00000 16.84086 8572.00000 243.78986 17.23277 85.94998
515.00000 19.31456 9947.00000 172.78225 2.97767 87.30016
685.00000 10.12701 6937.00000 60.62054 -5.29711 86.30867
591.00000 18.09306 10693.00000 128.79018 -3.68566 81.43693
373.00000 35.34584 13184.00000 516.30168 -0.80884 83.07046
424.00000 12.23349 5187.00000 121.13745 5.69291 86.55593
614.00000 18.51629 11369.00000 187.07124 7.09541 86.75090
634.00000 14.79022 9377.00000 91.09197 6.80511 83.30104
712.00000 14.66292 10440.00000 117.82892 0.67066 86.65592
357.00000 25.89356 9244.00000 238.26907 0.04346 83.08815
785.00000 10.71720 8413.00000 67.83045 -7.93374 88.82535
488.00000 18.30943 8935.00000 147.76179 -8.43118 84.48240
828.00000 15.21135 12595.00000 81.90638 -0.90929 88.39731
431.00000 15.44084 6655.00000 119.80615 11.45099 87.27426
395.00000 25.29620 9992.00000 293.84319 2.33121 84.78640
393.00000 23.51145 9240.00000 207.96289 7.91305 86.61225
382.00000 25.17539 9617.00000 322.30025 -7.69386 88.14119
279.00000 38.34050 10697.00000 380.26996 -8.03218 80.62885
439.00000 30.10934 13218.00000 230.07877 6.11878 82.26685
534.00000 16.01311 8551.00000 125.35670 -4.76121 92.10660
506.00000 24.32609 12309.00000 235.93890 1.07193 88.14604
403.00000 22.09429 8904.00000 161.57415 7.31725 85.18848
420.00000 29.35714 12330.00000 340.08355 -9.45135 83.99598
773.00000 12.71669 9830.00000 60.54191 0.05856 84.10431
723.00000 16.20470 11716.00000 100.39340 3.55882 88.53380
345.00000 33.65797 11612.00000 369.87865 -2.40896 88.62296
695.00000 28.21871 19612.00000 256.23312 2.25038 89.58692
674.00000 10.89169 7341.00000 74.06849 14.05433 92.03769
792.00000 15.05051 11920.00000 103.00867 11.26669 86.43774
578.00000 16.12457 9320.00000 183.63849 10.25855 82.89012
540.00000 20.11852 10864.00000 170.05051 -9.41146 91.80285
757.00000 8.25627 6250.00000 41.87192 13.50301 94.19077
518.00000 15.06178 7802.00000 89.68157 9.23231 81.83480
397.00000 29.61713 11758.00000 346.12695 -4.29167 85.21540
422.00000 36.17773 15267.00000 379.59144 -18.38272 89.95585
680.00000 18.22353 12392.00000 170.48604 24.54474 85.48672
560.00000 18.63929 10438.00000 118.49621 -13.49031 96.67076
468.00000 14.77564 6915.00000 79.40502 0.96165 84.01491
752.00000 16.26596 12232.00000 156.81175 18.35052 91.15937
165.00000 38.40606 6337.00000 361.78272 -6.92380 79.04118
430.00000 17.89302 7694.00000 194.31091 10.01827 84.68602
675.00000 14.02074 9464.00000 96.32247 3.12199 91.15024
551.00000 16.97096 9351.00000 145.34147 27.29555 86.33612
662.00000 16.91692 11199.00000 101.72723 11.61932 87.44408
374.00000 46.00000 17204.00000 481.03027 -13.96023 88.08864
658.00000 19.25380 12669.00000 160.09031 -5.99031 84.63835
677.00000 10.96160 7421.00000 79.55511 -3.37623 89.41433
462.00000 32.84199 15173.00000 489.44149 0.07905 87.39123
426.00000 13.79577 5877.00000 101.46772 -9.54225 84.94639
492.00000 13.41463 6600.00000 74.48454 5.26328 85.98350
553.00000 10.77034 5956.00000 70.36839 7.00772 90.17817
638.00000 21.98746 14028.00000 142.57943 9.61994 90.37536
295.00000 28.41356 8382.00000 344.96758 -1.62996 87.86642
647.00000 26.44822 17112.00000 419.10932 7.12756 88.73753
613.00000 17.76020 10887.00000 64.42854 -7.08396 83.08332
532.00000 21.82895 11613.00000 220.98088 7.41851 82.07381
459.00000 24.98039 11466.00000 228.77866 0.32876 90.66621
678.00000 18.00000 12204.00000 215.33351 -2.37159 83.13496
780.00000 16.61667 12961.00000 138.22017 3.35406 92.43683
358.00000 22.14525 7928.00000 301.42300 5.60221 79.24449
605.00000 17.91240 10837.00000 100.07931 -1.28993 85.23218
467.00000 20.21842 9442.00000 202.05570 13.05943 78.52821
256.00000 48.62891 12449.00000 283.51233 -8.99148 81.31156
522.00000 13.83333 7221.00000 93.52008 4.87085 87.26731
751.00000 15.95473 11982.00000 198.57311 -6.05916 88.60490
254.00000 21.37402 5429.00000 117.08005 1.31077 79.59636
368.00000 33.18478 12212.00000 216.34866 -4.80461 83.77593
421.00000 17.47268 7356.00000 167.63947 15.61140 92.67388
560.00000 15.53571 8700.00000 112.14899 -11.47292 85.35308
385.00000 29.72468 11444.00000 319.86990 16.52972 85.81898
495.00000 21.96162 10871.00000 111.01159 1.40343 88.28863
621.00000 22.06441 13702.00000 251.85254 -15.92617 88.00395
408.00000 56.20588 22932.00000 728.73045 -4.04893 90.72530
677.00000 26.37814 17858.00000 401.86031 5.09502 88.46987
482.00000 22.00830 10608.00000 148.93997 -14.33076 85.47073
712.00000 17.65590 12571.00000 148.92668 -4.76586 86.97950
456.00000 37.53509 17116.00000 325.62873 7.38630 88.53710
435.00000 16.69885 7264.00000 147.70747 6.65769 86.78765
495.00000 16.67879 8256.00000 214.95807 14.44868 84.68958
876.00000 13.17922 11545.00000 131.11435 12.59482 91.35950
605.00000 16.26446 9840.00000 166.90672 -1.97994 91.90630
611.00000 14.56628 8900.00000 97.11643 -1.38592 82.52765
537.00000 24.35754 13080.00000 260.27194 20.87223 77.34275
551.00000 15.49002 8535.00000 101.13275 13.35862 87.85523
381.00000 30.13911 11483.00000 214.25118 3.98736 90.46692
278.00000 22.60072 6283.00000 165.12279 10.99951 87.59329
421.00000 16.91924 7123.00000 88.40298 7.85916 85.63802
510.00000 20.64902 10531.00000 171.14929 4.61561 77.22793
911.00000 12.33480 11237.00000 87.34677 6.16788 89.18348
591.00000 13.88156 8204.00000 65.80723 -8.48431 92.86887
495.00000 24.95960 12355.00000 196.85625 3.97450 85.54295
414.00000 35.56280 14723.00000 486.38357 11.78856 90.98289
533.00000 17.63415 9399.00000 193.46240 7.41029 91.98018
498.00000 22.68273 11296.00000 186.83059 -18.22995 94.10740
568.00000 17.91373 10175.00000 187.28807 -2.21561 88.99246
542.00000 18.35978 9951.00000 127.48523 6.57762 91.25380
366.00000 18.33333 6710.00000 102.23047 3.75615 89.67737
376.00000 19.30053 7257.00000 191.98294 9.63478 88.50106
862.00000 10.62761 9161.00000 74.83649 15.37518 93.95749
646.00000 16.27554 10514.00000 113.30202 23.65664 81.96319
601.00000 23.61231 14191.00000 277.42706 0.85439 89.70723
896.00000 13.37165 11981.00000 114.31157 0.96380 85.67782
690.00000 11.27681 7781.00000 111.37284 -3.58678 91.38300
602.00000 15.32558 9226.00000 175.91664 15.89683 87.05642
565.00000 16.44779 9293.00000 127.42284 6.57461 86.12850
361.00000 19.89751 7183.00000 210.72775 9.93191 79.50837
582.00000 11.35223 6607.00000 69.89994 18.29301 85.94133
299.00000 23.93311 7156.00000 232.39941 3.58492 87.51944
681.00000 28.22173 19219.00000 414.11164 -13.63536 89.70467
353.00000 16.92068 5973.00000 107.97442 5.11273 80.68048
274.00000 20.15693 5523.00000 152.65815 14.63037 83.05265
592.00000 16.54054 9792.00000 145.35784 -9.62052 90.36549
327.00000 30.24159 9889.00000 257.98695 -12.54422 91.04351
330.00000 25.26970 8339.00000 178.00343 5.65173 84.31408
267.00000 34.65543 9253.00000 377.83849 17.94168 90.49922
523.00000 23.13958 12102.00000 222.07937 16.64448 82.54917
407.00000 18.84521 7670.00000 182.66041 42.08645 82.70367
491.00000 12.09572 5939.00000 63.08954 11.83369 86.65028
567.00000 26.26279 14891.00000 214.00288 7.20526 88.32373
615.00000 28.60976 17595.00000 524.52001 1.83715 88.00104
308.00000 54.64286 16830.00000 785.06791 -4.81639 88.75052
446.00000 30.69058 13688.00000 380.15245 -4.52224 86.13826
422.00000 17.39100 7339.00000 125.37731 5.80021 95.51441
439.00000 22.20501 9748.00000 177.33245 8.12539 87.08192
631.00000 21.52298 13581.00000 181.48803 5.87121 85.92552
431.00000 30.26682 13045.00000 316.05724 9.23881 84.39587
418.00000 18.87560 7890.00000 108.61324 6.00268 81.77135
702.00000 10.53989 7399.00000 69.76667 15.36338 93.43097
281.00000 33.62633 9449.00000 224.60713 -10.07143 85.80464
699.00000 23.62947 16517.00000 193.70882 2.56626 87.61565
559.00000 27.97853 15640.00000 282.62031 -5.11105 85.52121
765.00000 18.76340 14354.00000 155.16766 -6.99297 83.18713
748.00000 20.88503 15622.00000 206.15747 1.32296 86.27060
369.00000 36.48238 13462.00000 282.47914 0.47102 84.41845
462.00000 21.70779 10029.00000 159.64631 -6.95593 87.12385
464.00000 13.06034 6060.00000 55.18863 4.14573 79.92668
531.00000 18.91714 10045.00000 112.74674 17.80211 86.71913
275.00000 48.02909 13208.00000 607.05757 8.69183 83.36374
704.00000 15.99574 11261.00000 129.74489 5.75701 90.46116
751.00000 10.25033 7698.00000 77.98393 1.40786 86.98387
545.00000 19.54495 10652.00000 257.92671 -6.13112 83.22213
461.00000 48.27332 22254.00000 868.89944 4.85328 85.25966
573.00000 17.57068 10068.00000 136.36340 9.95993 84.19774
454.00000 23.90749 10854.00000 179.63119 -1.12928 91.80040
703.00000 20.04125 14089.00000 187.60667 4.36201 87.28452
727.00000 10.93535 7950.00000 55.30227 -2.13954 88.18434
690.00000 14.32464 9884.00000 113.07711 1.74991 86.22500
526.00000 34.81179 18311.00000 579.93343 -6.71359 87.32068
611.00000 17.17840 10496.00000 93.32917 0.78145 84.20327
540.00000 15.67593 8465.00000 194.75097 -11.97222 93.33662
895.00000 12.86369 11513.00000 109.71471 -0.77511 92.06111
685.00000 15.69343 10750.00000 149.96303 3.80499 88.90616
