2.0313112745098425 0.5722288211167127
4.923468137255032 0.46116676944363183
1.527711397058835 0.555746060491031
2.826654411764739 0.3897401090202346
1.002619485294133 0.7039444755682734
3.8094822303921276 0.31641623811208164
3.707352941176526 0.4693118369403063
1.9196078431372763 0.5118171908697816
2.4865349264705916 0.4140348343414243
2.345848651960815 0.5459723649874291
4.7697150735292935 0.4409005391773656
3.3592371323529355 0.5245202859531127
1.8333792892157001 0.5484102060010125
7.55274203431347 0.237862326389145
2.0606311274510425 0.5626370468200084
3.4905484068627515 0.34385614579411533
8.99031862745075 0.296490405773186
2.918060661764691 0.49497163496723817
26.09485294117807 0.09161413010436269
10.717493872548937 0.23859977106421676
3.8513633578431676 0.40814389719877286
3.3634497549020557 0.48540547918350063
1.7989276960784346 0.5750843389439791
4.789935661764529 0.42632547894384143
3.6682598039215693 0.4517753914798131
2.304794730392202 0.5887362391241383
5.063327205882191 0.22075848223839603
7.127267156862613 0.3410663049609892
1.0805147058823639 0.6813587128457141
1.1902879901960917 0.6555804189431147
2.793367034313778 0.5090113723942529
5.090870098039141 0.3546008098421199
3.6515625000000176 0.3530410088325568
2.824586397058757 0.5154649972664916
5.316038602940768 0.3462425738860385
4.432843137255008 0.49088410972760643
4.54662990196114 0.5421084591475671
4.105453431372701 0.5057190932776736
5.851179534313296 0.26166364077157833
2.0663296568627576 0.4856969244755296
1.9977328431373385 0.6119490221609615
1.7750612745098233 0.5345358886278277
3.9236825980392576 0.4427670144199052
5.080958946078256 0.4138789897440955
3.129856004902053 0.4092699001253388
1.7359987745098169 0.6163305831559217
4.277236519607981 0.33603835082456046
1.3767156862745205 0.671922207541138
6.571461397058964 0.37473678197203086
8.94796262254852 0.32477742010003524
5.100582107842937 0.36939856735605864
3.4408700980391647 0.4744548138844981
4.511151960784356 0.3207759980443617
2.245343137254853 0.48169090517790497
3.2913449754902206 0.3542229134152856
1.4360447303921955 0.7766101834939219
2.7150888480391804 0.509447085411883
1.5857843137255017 0.5077822252452361
4.758716299019515 0.31268499344611145
1.5435355392157002 0.5308244690447474
2.512775735294081 0.4602093991690075
1.4554381127451377 0.6589888973703333
1.8140471813725747 0.5389029214505866
2.709972426470595 0.5044959619255941
5.6330422794116775 0.2596435651114042
1.438878676470588 0.664048953623834
2.7638327205882165 0.44678300491635453
3.187699142156899 0.4076994852758123
2.395266544117632 0.42704358134826215
2.9738970588234763 0.5177169315913412
4.363281249999946 0.32310478413944277
5.441130514705953 0.2876559588094897
6.639644607842686 0.28425760187788385
4.843520220588034 0.2544400292253829
5.447594975490279 0.28371320347811785
13.319408700980278 0.22000899965376866
6.429457720587965 0.3723832018873082
2.909757965686249 0.4235949790887281
1.5206648284313855 0.5108258268540804
7.350628063725676 0.346979862004504
4.19229473039206 0.24767235482262298
3.666344975490144 0.38770923863303897
1.5823529411764776 0.5501912344463384
9.769944852940629 0.1445904268384834
4.762561274509622 0.2754802882566036
1.7405330882353387 0.5921570494968911
5.115088848039273 0.4436493253739423
8.184865196078357 0.2874869193609098
3.744102328431358 0.39204074317766363
2.05652573529419 0.5061762673261725
5.818229166666332 0.247741406402609
3.7020373774510213 0.35562409632027686
2.264123774509799 0.5127977215615785
5.817570465685934 0.32371841117145633
2.6066176470589144 0.4382386933589876
6.134727328431179 0.4193254310032689
2.5939031862745443 0.518572736310809
7.68291973039177 0.21378679200509138
1.5051011029411854 0.5878931192942645
2.7677236519607376 0.41484747070454747
3.3825980392156616 0.38701906547629145
4.33432904411769 0.3712116361971955
3.642585784313664 0.3741555453422211
2.091130514705924 0.49193643175292795
2.8986825980392306 0.5048201828523996
6.023636642157014 0.26625465159988415
3.0077052696078326 0.31580890274909107
4.133394607843108 0.5663017224338134
6.521583946078541 0.33688068723644504
4.304549632352908 0.39972766903986384
1.7275888480392074 0.5031823686454343
2.550398284313762 0.5601407873145631
4.118520220588282 0.323577005160871
19.53561580882513 0.30697806035381076
6.737882965686248 0.24128855645161457
8.408593750000582 0.3560427702632643
3.227542892156868 0.3772184535991342
5.983746936274224 0.3334298650237209
3.316038602941218 0.4109665235929387
6.019990808823553 0.34217823254762303
7.170312499999805 0.4132169275273271
2.083226102941183 0.500052016067393
16.506295955882962 0.10844516672512503
1.9752450980392369 0.45935562122668216
1.6679993872549048 0.521569499116488
1.6171109068627652 0.5538351349114663
4.272824754901821 0.4034523859929544
3.2321537990195517 0.4732002687878369
1.676179534313739 0.5409476524022324
4.401700367647056 0.4318937359070162
2.4709865196077736 0.4043662941714147
3.624080882353182 0.4862278039008497
6.223192401960595 0.3431556168108513
3.199341299019763 0.5206815936147888
1.3460171568627497 0.5775874517150676
3.0324908088235456 0.4986730124069388
6.12904411764695 0.42995099096903866
1.5357536764706294 0.5960892485672816
5.1141237745097365 0.4210804708952289
10.278477328430352 0.23136906902689894
3.6178002450980338 0.3696210178456268
4.9602941176469235 0.3718976136620106
11.058287377450517 0.44983840538036296
5.488373161764111 0.4506913524224326
16.522503063726926 0.2368278166189943
3.7614736519608996 0.3697006136843507
1.6273590686274755 0.5377649077125658
3.4956954656863926 0.4326935912466732
3.736749387255019 0.5705334340841244
3.0893382352943206 0.4187164309000186
2.7112438725489634 0.3968862832762646
2.903140318627451 0.440976963122714
6.876562499999553 0.45296303785776043
5.602144607843023 0.4062711800964384
6.008103553921243 0.35609952999951977
1.9534313725491588 0.6061138969073423
4.58841911764706 0.37427305536649297
4.903967524509614 0.24109129367775725
2.503354779411774 0.337398029939417
5.183333333332929 0.31085523473078086
1.6222273284313724 0.4901165385596489
3.396231617647004 0.3283464011293498
2.5193321078431685 0.6031418290028832
4.6289368872548655 0.3617953379473953
2.3211397058823846 0.4849453692364991
5.720833333332964 0.40780277930712266
2.9256127450979825 0.36164203235003756
6.222840073529489 0.1963441809655143
1.326317401960781 0.5408408878230935
1.9582107843138137 0.6553665550223383
9.48544730392132 0.2333710983541818
2.7598192401960393 0.38060072684123164
3.7390471813727557 0.45492919032822343
6.058884803921231 0.4550404319145596
2.5066329656862267 0.5120669198571968
4.651363357843129 0.392164219522014
5.2349111519605 0.307976693238219
3.2905484068629525 0.39822165479197474
3.5319852941176006 0.3981587767618466
4.139996936274493 0.26312411058860796
6.219316789215518 0.23094157801081813
3.0296262254902477 0.5320092541239166
0.6543198529411827 0.7541546493287119
4.330759803921518 0.4084302421109999
9.171308210784181 0.3787581613339065
4.324754901960858 0.35212935822464264
3.54892769607841 0.5737452161602772
6.205821078431601 0.38586627190389916
5.382077205882552 0.5241431415544668
7.240732230391791 0.28899090083678425
3.4206188725490843 0.5932654654933333
4.731954656862841 0.4827999698385751
4.857107843137195 0.38842997195219836
12.592830882351697 0.2621083377038748
3.4289981617647896 0.42050198539907563
4.589399509803829 0.3373622287230362
4.764828431372502 0.3862435467198431
1.54978553921571 0.5640389573486713
6.759528186274498 0.2036767687219551
5.499387254901758 0.36558495960666754
4.656832107843108 0.3968809677687518
3.953339460784365 0.5109684178848953
0.9312346813725758 0.791094705796136
5.810723039215339 0.4265498399333494
5.898866421568272 0.3199670338424513
6.543826593136923 0.18240623161680752
8.494500612745059 0.24925306701439076
3.3422947303923567 0.5121880035358622
7.7907169117652275 0.2788492544918044
1.6562959558823906 0.5924850031945028
9.56672794117646 0.4808401494770277
3.1844822303921676 0.4694272242594221
2.4061274509804074 0.41520637178039277
3.2207873774510656 0.43756706658201516
4.338771446078422 0.41241248462550684
4.007643995098122 0.3650064774778593
5.68587622549014 0.22837077360801183
4.890104166666821 0.37203915115746633
4.21697303921563 0.34471078408698735
7.825260416666836 0.37168258613609756
2.6280790441176327 0.4275796749790946
3.115211397058908 0.5892855144957662
1.1974264705882243 0.6302973056383478
3.5499693627451108 0.3613634412348179
2.640242034313706 0.5422896670062244
5.339966299019241 0.4837870083320059
1.6749846813725957 0.5218138167366738
3.8106464460786422 0.4926822864654566
1.1724264705882639 0.7891746367123684
0.9594362745098342 0.7352052462514777
6.377542892157056 0.444374803772302
3.2836856617646464 0.5524179819597579
4.232123161764797 0.44751767815344784
5.637132352940742 0.2378726929804655
1.9065563725490773 0.6041579414000571
2.5352328431372895 0.4970072038287338
4.800045955882348 0.2953553249823423
3.3928002450980177 0.4115273648127439
2.6012408088235066 0.4461533089081273
7.438633578431192 0.3669420759561637
5.5333486519606145 0.3162041351599802
8.629687499999648 0.18694126516448328
2.0607536764706524 0.4985495856608289
2.556464460784209 0.437572748812177
5.884191176470363 0.302150030554181
2.7292738970588046 0.4154438512113161
2.891115196078373 0.451454004953369
5.533088235293977 0.28967628545327145
7.59967830882329 0.2295631301825468
3.011657475490124 0.4228863771118757
7.575781250000421 0.36875329643200433
2.624540441176465 0.4397489555160913
4.597640931372556 0.3750992189451378
2.431280637254916 0.5304124321555379
7.9884497549022395 0.19296421995092844
3.329947916666625 0.5298413276552414
4.4071078431371475 0.4458377961492072
8.139139093137233 0.256032323869791
2.4959252450980687 0.49583466435684836
5.589935661764653 0.23390670221503782
4.7851256127449275 0.5340288519054218
1.7377910539215926 0.6289668704005266
3.826256127451006 0.5093568755058931
3.933593750000214 0.5768889944971374
3.29132965686272 0.48556184863669055
7.442708333333449 0.2710605819404625
2.57117034313723 0.4111708744715835
3.9226409313727006 0.48657760515935305
2.197074142156886 0.5337728512973255
5.4755514705882415 0.4095008741080153
5.007613357842968 0.24423241599526935
6.146155024509749 0.3958941490560052
4.472855392156852 0.2799521251887432
7.6515931372551265 0.42234463381096726
11.965870098037735 0.29718190729836713
2.8644607843136476 0.4512280302902432
2.53930759803915 0.39869899311850354
3.588633578431512 0.4865570978234541
1.8913756127451036 0.5826821477939889
6.093351715686185 0.22810708084088469
1.7079197303921763 0.605507474835003
7.616498161765105 0.26906476791759426
0.7883272058823663 0.7303835413700724
4.578906249999941 0.4351006891229287
11.169561887254362 0.43218679900999646
1.8920496323529827 0.5363662802963607
6.163235294117539 0.3581247476104577
3.357781862745082 0.40631006295730027
1.9472426470588244 0.5133337198133233
2.4714001225489715 0.5847935029628966
2.897028186274543 0.47237386053303954
5.437913602940773 0.24573559575621506