35.35261948530521 0.08295536677508748
15.006081495096323 0.355999588545835
19.807981004905518 0.06055651715152109
15.940012254903698 0.3162329403546362
10.426302083332926 0.16844005739810433
27.225122549023265 0.06339050231479712
32.24378063726182 0.05566441874962516
29.66677389706134 0.03860568436334106
14.33457414215593 0.11137796983818062
15.780836397057797 0.19603166358998178
16.062270220588307 0.21737094088974654
31.30853247549497 0.10102275971955164
22.294071691180427 0.1301227332375521
24.922395833335194 0.051889859313170986
14.07444852941128 0.1684774826901788
36.74514399510855 0.09477071606844449
22.92616421569029 0.1038832959436364
26.268658088236254 0.047989145202500694
14.607398897057687 0.07982495467651579
23.445389093139962 0.0506231506310549
21.37270220588665 0.0863334666404279
17.38321078431452 0.0970944145629671
38.59964767158329 0.06040026589522196
29.209849877457522 0.06429540876163554
10.274050245097513 0.12128585890404686
31.895634191186105 0.06941578235546202
22.9750459558877 0.09027125325829063
31.18481924020438 0.07128872627414745
20.459053308826086 0.13600067802452998
27.411580882355956 0.04806458532219605
16.013802083332795 0.11440760062852559
21.557276348039444 0.08591962273398349
19.045726102943366 0.05918852074889012
40.7412683823706 0.05007965334564351
22.75805759803967 0.07602373853437583
26.275168504904986 0.04636920921944055
15.62778799019459 0.39786166227643416
26.19169730393002 0.1589148712098069
26.789996936280765 0.19322029315556616
11.494500612744838 0.3144480637181802
19.05863970588505 0.09280863606587593
8.458762254901886 0.15060200711112057
31.19572610295269 0.08505099855923719
33.472212009811095 0.07492397375986397
19.998039215690017 0.11138957436860437
16.792830882354036 0.35786777076908594
17.683440563726453 0.1167992325727881
20.078308823532726 0.06800558616518196
31.190441176478508 0.04633736301647655
26.157720588241393 0.0712471464674619
9.222594975489596 0.1296408752522056
10.64541973039162 0.1317116214656745
15.581188725489897 0.17639781993538836
25.055085784322124 0.09704149616295024
15.085585171568187 0.09337485391298109
15.305223651959748 0.19332767875245402
11.207383578430836 0.12440652930053311
10.23465073529358 0.11022217856059124
22.44166666666987 0.08711013488093547
19.562101715689884 0.06666110980340213
22.17530637255501 0.1037489773090689
11.194745710784504 0.4473053416588427
43.03086703433244 0.0579848054145356
16.607582720589072 0.071644863359495
13.333333333332735 0.1083465949461271
14.45061274509721 0.19433770624054
19.92742034313941 0.0758780438265626
23.244715073533346 0.06274786188444118
13.536933210783369 0.08469579640913599
8.50905330882324 0.12917911748178815
18.47017463235444 0.06526225337276262
11.077573529410996 0.12315246752831607
23.31355698530076 0.07988730800455242
21.31401654412151 0.06985903096994736
13.787086397057951 0.10462920970325296
30.149708946088072 0.11127269564921384
20.494623161766686 0.06557320734239741
24.156587009805126 0.0937829563398182
24.3642922794179 0.0815407926703673
18.63621323529645 0.1530092809069772
25.190916053922848 0.0608730008017832
27.42207414215635 0.054642770355746585
17.309865196079848 0.08153708123809252
22.246063112748168 0.09572370876444457
26.849509803928402 0.07012735712705921
11.133930759803244 0.20106198678974263
23.94522058824349 0.1833330589800823
13.938495710783497 0.11626534276488545
29.71326593138164 0.08751192988993467
18.109482230393574 0.08758039046924268
31.768137254911508 0.1272137465326045
27.09077818627739 0.04519830742801875
22.721001838236724 0.08782679749975997
26.856250000003037 0.046508839129809215
14.069424019606998 0.17440552762197162
18.892892156866296 0.12784957807613032
20.591161151965462 0.16289308164063654
9.135125612744627 0.19672001765013064
25.835707720592595 0.13376207355808287
18.095802696080394 0.07837130267893144
26.94209558824166 0.05461684505736114
19.23941482843328 0.06365742014156603
26.35113357843688 0.07651141701723238
26.321446078434313 0.06439029636228492
12.64347426470448 0.10210772704485667
20.50409007353304 0.10059070864298535
37.2543198529533 0.06037961805918859
21.167401960788652 0.09167804654743317
25.277083333340112 0.10851178143439048
17.776271446080774 0.0847760220809059
43.32349877452371 0.05845472842214307
13.614031862743513 0.1523486487944765
26.77742034314475 0.07677964525511013
16.228707107843263 0.13475739736834508
29.17532169118097 0.043712324035437546
11.36335784313657 0.2447631565184471
19.64915747549173 0.1927186694008265
19.87389705882444 0.05756826286340555
23.156893382357726 0.11462800302796616
14.45087316176405 0.09987714613853943
30.528339460792893 0.09691357807246555
20.214705882355158 0.06144192480656418
13.800873161763404 0.1244574895145059
26.430009191185484 0.23817457625169286
18.390364583336424 0.08957999492202624
12.211795343136378 0.09952917781914775
20.84912683823793 0.0575537329942421
8.902343749999668 0.18413872272218376
25.35333946078782 0.12778106360876498
17.852527573532285 0.08132727606966837
15.76989889705775 0.18595877644547332
14.164966299017593 0.1995449650838122
17.354319852942503 0.07331293536953952
24.798223039218026 0.046111165731878435
15.670802696077802 0.07153812088118043
15.32333026960682 0.08715894681513846
29.668443627457076 0.061360046879187946
9.49025735294077 0.11755756958322847
21.57319240196338 0.06473459570611585
16.150337009803934 0.07580367957717114
10.272426470587709 0.10959656142292253
20.47948835784713 0.15430430648527177
28.913143382359785 0.06678868569470509
34.43618259804677 0.1428430822730276
27.06513480392597 0.09767019531303221
6.269699754901881 0.16854762334778253
34.23291973040484 0.10047188234356688
19.855790441177078 0.060545342882359215
15.50661764705773 0.10085055956418185
13.574433210783633 0.10184062465811168
19.10857843137577 0.14064890068388367
18.529518995100524 0.08426429553890262
19.550306372552054 0.1347989156541549
22.545435049024558 0.09003020663916093
14.583026960783252 0.16904105058405744
21.846875000003138 0.058012329805156616
30.101302083341658 0.08063461699609688
17.97287071078603 0.10514789040339781
13.63368566176392 0.08842982877423647
11.600612745097475 0.10916057107312803
12.14036458333224 0.1115627899420334
17.803553921570412 0.10050796284365011
15.748988970588059 0.09102048989436437
15.378033088234782 0.07453434416109889
17.49269301470704 0.06641154821985047
23.04214154412376 0.07060079714535723
20.395863970593254 0.09315784153696754
15.082184436273934 0.1364318458273905
12.122870710783783 0.21059818010343634
19.41968443627841 0.11228750700405288
10.805484068627615 0.3793872649628171
16.345511642156325 0.18203729114141198
18.554503676473097 0.11010630200015463
26.716528799028218 0.23832934339172016
27.598345588244484 0.1392936316421673
14.072166053920945 0.07788000322293206
20.359926470591756 0.180576870903954
15.182781862744056 0.08363353982281921
17.889307598039785 0.15728137790624197
27.186044730399598 0.06018421088458573
20.13612132353318 0.07582160153171294
12.362576593136426 0.10355903373638917
31.527297794124213 0.04130519223585407
27.616911764712537 0.05254832770860093
18.937285539219385 0.09682637561195132
16.524938725489253 0.1425949671885672
22.12202818627922 0.0902218651561441
12.974754901959875 0.10392512465529051
23.511136642159205 0.05382875540382271
8.847778799019146 0.16518585049098314
28.436121323537485 0.1009085495587896
9.685294117646702 0.12175513583780798
20.628170955885412 0.07576686509626848
24.624571078435913 0.05985792451942421
7.344791666666564 0.14616729106012916
32.75261948529606 0.041127263998177004
21.331050857847657 0.08919264679300248
9.049999999999386 0.27360891861958997
18.734191176473992 0.10947236681226973
29.892340686279468 0.0457440615407233
43.13970588237026 0.034118394962013146
24.079335171572975 0.10207225063438519
11.243060661764037 0.10655311231593897
27.13650428922012 0.10315012135260622
11.082261029410711 0.14958158078937117
10.925260416665994 0.12024935555643831
14.993060661764211 0.1982153689569135
10.878630514705316 0.11574365359415474
14.68183210784305 0.21678282993552656
33.9611366421646 0.09426395154578988
42.34420955883191 0.03215600071115837
25.410064338241423 0.092225955912761
17.315441176470483 0.07180387147070783
19.639705882357024 0.0704763420001973
7.776102941177004 0.41646477370499646
17.956939338237827 0.1170654518890165
32.65839460785246 0.06357188832073862
18.453446691179376 0.0771877488948692
20.48374693627683 0.0887118059708172
11.08785232842998 0.158622502167518
18.62856924019836 0.21800878330279755
11.649800857842601 0.09409708263983817
23.513495710789783 0.1412120493994915
27.648284313733573 0.0749879298075265
18.32187500000318 0.0721850424573819
12.819178921567923 0.14429655139580208
10.760171568626815 0.12226597170310988
14.25713848039114 0.10780784792389463
21.376853553925535 0.09342842217733364
25.317294730397222 0.09498225266775244
18.529304534315994 0.11508872208105925
23.48342524510245 0.05190408217567462
9.021032475489754 0.18895466007498662
18.96003370098355 0.12868982890516892
46.06744791668031 0.02560675531514146
10.515042892155757 0.1284542886127041
13.177879901959939 0.1422327685289289
13.98451286764531 0.1828551172887442
10.485125612743987 0.1499714768289322
22.732720588240063 0.1114282226012021
24.59025735294209 0.10632950841164307
21.99263174020065 0.1352670750982291
13.495802696077813 0.15277130729422597
27.317233455889635 0.07929021681609506
20.875520833336527 0.10372052607011539
18.211642156866457 0.23156989196482172
16.226792279411857 0.07776381789367295
14.59321384803823 0.11873343401820494
19.410891544119153 0.060600987728686426
11.131295955881733 0.10184898372119343
8.654273897058564 0.13462510545166903
32.36302083334565 0.14266382043968368
17.49739583333394 0.13954134962582962
20.720251225494405 0.10450509822890404
25.291789215689874 0.057119568486549525
37.41072303922928 0.048059997113708675
25.846476715691338 0.08387244617732706
29.605698529416035 0.0625103371985868
18.00520833333576 0.08323686644218477
21.79718137255036 0.05198413858548589
16.182184436274003 0.15703359111108373
24.1574754902012 0.2513679257043
20.8365042892194 0.0906884059092232
27.860370710792083 0.05674019303388819
20.56655943627839 0.1259229228449986
17.403216911766194 0.07206869727344908
25.712990196083748 0.06359124891032682
30.21685049020744 0.10075353773026022
22.492846200985166 0.1389565591282499
12.96026348039106 0.15033573262464284
18.61908700980618 0.06343479232606034
11.906587009802912 0.17351170515000314
23.37765012255168 0.04874847818826416
16.8871936274524 0.09496896659174417
25.728400735300585 0.08249387787100099
9.820618872549334 0.42399693446051356
13.67215073529343 0.10137711455735045
11.667264093135927 0.13751332305036912
14.203431372548929 0.1517299365505313
11.955882352940224 0.17735226986575686
8.468979779411555 0.185169305497977
23.124586397062753 0.13268323165001175
23.361642156864402 0.045536852450395834
27.104197303929304 0.15097503500248333
20.338327205884454 0.12655410129133599
16.960094975490833 0.12929640800425987
13.215134803921199 0.24417896461102304
22.353691789218647 0.10908367749794137
23.2317708333365 0.18270955341746015
15.497809436273958 0.1780533949331225
19.141084558825483 0.11666574695055221
20.63517156862961 0.15437710080517833