9.273682598039025 0.3952979293716189
12.895833333332776 0.3266531593815091
9.810217524509408 0.2957262141119592
14.144148284312868 0.2382222105757654
12.315977328430973 0.3820212369909674
6.490946691176187 0.46857052687454415
10.027022058822991 0.31568582456568467
8.744148284313814 0.34221807255534553
7.075811887254938 0.4387855009088433
9.386151960784426 0.32226228953860425
9.62593443627392 0.30413474857172884
13.314031862744425 0.30076517216896126
12.425490196077352 0.2492739418348547
16.817907475488806 0.21047268687718557
9.827680759804014 0.33989504574536505
20.315686274511645 0.17127432210970062
11.38086703431232 0.3267836259878472
13.750291053920131 0.25795256042917086
11.863664215685546 0.2629555145820342
9.101470588234985 0.22422749880574963
10.537162990195231 0.2854979762507351
9.412699142156493 0.3216636351974939
9.436933210783964 0.2838455597368292
13.621997549019172 0.2520004226501293
9.17774203431373 0.31030732109832787
11.578661151960015 0.24268323906889314
9.027527573529364 0.36342660889131356
10.699923406862261 0.3369355838491164
9.651531862744926 0.34504116568435866
13.441299019607056 0.26898364684205717
10.034037990196024 0.3449989300429068
11.684175857843679 0.3888099917103692
13.354733455882766 0.40580528589807324
12.596384803921346 0.2977664507662148
11.140150122548434 0.37173158356031266
15.049371936274989 0.27448540884311423
10.55934436274499 0.2598986528092958
11.543979779412329 0.40056731874608237
6.493658088235119 0.4398147434210573
16.18005514705873 0.2689892727100082
10.770603553921333 0.28902633776559267
10.072212009803708 0.34322344672058275
9.609681372549074 0.47666365744785627
12.936197916666522 0.37936448276146534
6.137147671568568 0.43253566731830007
11.84664522058766 0.296031831651735
15.73541666666455 0.24090403633220053
18.25133272058814 0.23651664555693078
14.30839460784264 0.22610561632462783
11.548560049018871 0.2763375167901578
11.689001225490916 0.39677622529860795
14.511979166666857 0.4072667895289547
13.38462009803818 0.16964024043855644
9.05435049019624 0.39692938582683546
13.977098651960507 0.27345227731741223
10.899371936273385 0.31372813357353957
14.063511029412231 0.2472254844971736
13.569469975490565 0.37294117616086997
11.787882965685336 0.2911055324860093
13.413097426469971 0.3508532495902621
8.703553921568604 0.31537260987530513
7.299188112745202 0.39040595290619345
7.122257965686464 0.36164683166436346
11.652159926470128 0.19444140506756413
7.614338235293865 0.3870964055766083
7.754947916666335 0.37775456673396124
14.754932598038652 0.265081486038254
13.444776348038674 0.29538544906630115
10.496139705881845 0.2785299756991495
8.68739276960773 0.32024442503730655
10.616743259803213 0.28826450923050406
10.58143382352862 0.2967695916597417
12.980055147059693 0.3080719425433155
12.260876225489746 0.30491115153130155
12.329289215685755 0.31021256957271515
15.820235906861477 0.2963444179341687
12.578860294118172 0.38933269343308247
10.52423406862648 0.31666384715977
8.774724264706352 0.24321422496439782
12.68696384803856 0.3670308099344257
7.502757352941513 0.4249299127323922
15.287484681372549 0.3398549004433772
11.401623774508993 0.3047730217219344
6.319898897058479 0.49173778240204136
8.152083333333344 0.37117745182996403
7.850980392157059 0.3668350610461319
14.04483762254857 0.3331644910626645
11.200995710783682 0.23979091088798543
13.021047794117829 0.3122281845870716
23.1619025735332 0.19764081738368314
11.898988970587867 0.19360693252881495
12.14065563725403 0.285216944848509
6.826286764705555 0.2809713771797296
14.425275735293813 0.2865925528916838
12.225995710782867 0.25464677716768974
8.449800857843087 0.3296257303505734
7.271124387254812 0.45162541839192527
13.075628063724473 0.19251123557081576
12.148268995096968 0.275297375401324
9.7544730392163 0.48061124348179024
9.206464460784646 0.3106224011519443
14.271200980391013 0.2420307667610439
11.198299632352331 0.22627562876866433
12.324938725489613 0.272116270699062
7.154304534313447 0.39564544155438397
6.238097426470155 0.40393394562089313
15.969669117646426 0.2196652364905453
7.685232843137514 0.5855367952141706
14.064705882352541 0.2862308137760695
13.38763786764613 0.32302025104563026
10.52665441176432 0.47791701277796556
17.459635416666618 0.206448268924679
12.260998774509536 0.44002869576118947
8.316436887255344 0.39510602055726474
11.26885723039129 0.22936002300203828
13.193213848038953 0.3314848312115029
13.05533088235139 0.22767099108621702
9.542264093136978 0.3308993138351914
11.095940563725478 0.3656290697326383
12.513020833332742 0.2874465997520509
12.574954044117003 0.2915649314709701
11.352573529410867 0.25304103404090145
13.804212622548457 0.3091171585159081
9.178278186274463 0.3830336484647523
10.808180147058911 0.3340993928331918
10.277542892156271 0.1997503475720316
14.494132965685385 0.2450796015614617
11.738756127449864 0.2583656968120872
12.618183210784842 0.3653360240859262
12.501363357843033 0.33706065610747155
8.092509191176152 0.40185057723875417
9.087806372548984 0.3102690715005276
8.25545343137274 0.3519177055540226
10.124509803920683 0.3364622289634159
10.80156249999996 0.3911705948933682
14.33074448529326 0.2705991946533828
6.299571078431398 0.35669195705552864
6.583609068627251 0.3527391281244268
7.478783700980357 0.3892004012713503
11.395664828429723 0.41671543544984974
14.228799019608314 0.3481136699803934
11.63299632352938 0.3945434667470288
10.910661764705484 0.3691207077086357
14.237331495098257 0.32225812062533865
10.571997549018823 0.3845805100282237
7.56640625000011 0.39263538508372736
12.727221200980242 0.3575368108760994
10.120772058822663 0.2977256867232544
10.985447303920612 0.19397486858877513
12.445251225489427 0.18049219022103402
12.29793198529341 0.29164277078416406
11.434681372548646 0.2091590926145085
16.3283394607849 0.28713346229983416
9.885906862745093 0.3433985702125734
8.34761029411755 0.3984380805871381
9.723820465685806 0.3077812828540333
7.307306985294122 0.4084609722927388
9.07051164215612 0.3982799149824567
9.919178921568221 0.38735145842212726
12.714460784313484 0.30969433111169903
13.37236519607791 0.28765234947304
9.636044730392126 0.319024315388856
10.822319240194684 0.3327070596172354
13.819975490195704 0.4410254098078693
12.387101715685072 0.23998026782729687
9.967264093136107 0.34005617513776193
19.60873161764804 0.18007998489837918
11.535646446078234 0.3036726085229213
15.564016544118195 0.2379910238845533
9.99180453431355 0.2526926559133221
14.088189338234178 0.25173631258616813
10.655897671568233 0.29136551612626554
11.432935049019342 0.3453452822070598
12.195909926469753 0.25781021552151034
11.353462009803648 0.2897368454931114
10.385094975489425 0.2409115123244833
11.436948529411685 0.26564214030789035
10.046920955882431 0.30402312805980464
14.210569852940242 0.26997075770956647
5.285830269607583 0.4704169447438433
10.285094975490248 0.36964788529639253
12.678875612744 0.2372793180039699
10.231786151960101 0.2821534075797543
12.000735294116732 0.27896452284705253
15.66662071078392 0.28976390792226514
16.123100490196826 0.30937154709485626
10.636611519607422 0.36273055351772904
13.616053921567238 0.2379643450326108
8.432092524510013 0.397574383698081
9.213112745097975 0.4405321785723227
10.606035539215055 0.238239095757706
14.285018382351831 0.2072271396821528
10.388955269606917 0.3064409896317154
14.797870710783462 0.1988375034890687
6.7760416666669485 0.3985675886564498
9.416666666666439 0.3142344890804918
12.014522058822864 0.323914655381353
15.01991421568667 0.3433219728714552
16.374555759804576 0.2645422124440021
8.026118259804445 0.3967487197773082
10.13043811274446 0.26118410799976843
11.971966911764646 0.3516007602590834
10.741498161764419 0.24685648736976967
11.54270833333286 0.32969728422671585
16.886963848039144 0.35720359478064506
5.62181372548993 0.42185050347060105
10.077113970587394 0.27287709287724116
9.048866421568329 0.32946991965565936
11.494546568627841 0.4362918433808004
15.48717830882264 0.38489679028311774
10.146966911764357 0.30044749820142025
13.37961090686199 0.30279935106514744
31.737101715695562 0.2279758406607299
19.36282169118002 0.14510358126477518
10.852420343136826 0.34297699903337153
13.039384191175829 0.27365039036792616
12.09590992646949 0.2684671552088758
8.27786458333361 0.5259627136131717
13.423560049020221 0.3695075523958775
16.597625612745304 0.3393310714004987
12.589813112744006 0.3213718137653276
11.159803921567548 0.3217642649124678
11.29606311274413 0.17842151520163513
8.456985294117613 0.3236721181847236
10.410998774509217 0.28782577627511896
7.848697916666966 0.46409774067376985
8.228339460784294 0.3196044699021574
12.157368259803233 0.27465891353775906
14.684834558823903 0.32182941315389846
12.068642769608084 0.3538944812324881
11.466636029410786 0.29754306059001584
12.311029411763014 0.37051174710446
14.691498161764704 0.31680531456680955
14.261458333332726 0.31225084933389935
10.936580882352386 0.3571390175418733
13.317984068627778 0.322877943796737
10.263036151960977 0.3676325100225892
8.245588235294084 0.37708071575141067
12.259160539215067 0.26290581419034326
10.201577818626745 0.302893597071128
14.021063112743677 0.2883272320225927
11.498161764704589 0.26056241695986854
11.809099264705617 0.4585963153573886
13.17438725490131 0.27136688023919736
9.201623774509441 0.30569064817813835
8.330637254902458 0.32582943589183694
10.055346200980342 0.3439380313491354
9.87034313725511 0.40834403664784646
22.281648284316343 0.22184720042434367
6.125275735293959 0.4203299236538525
6.023008578431337 0.4517928006448249
10.572947303921303 0.3296780157843072
6.49883578431358 0.3623344033282077
11.620986519607188 0.2517253799138818
9.598682598038861 0.4539373829898133
9.287729779411697 0.3586198165754768
6.713097426470427 0.4179871702773834
6.579396446078464 0.41377850865122134
14.952068014705077 0.27441245561955857
15.308471200978705 0.21046126184631722
12.662285539214075 0.29604818246511955
12.796185661762982 0.2981907756498855
10.051256127450928 0.3698517904584879
11.840962009803542 0.35359781323512995
12.343658088234166 0.28795287994282337
11.773238357842812 0.3018136566271508
8.423590686274414 0.3495440203034886
10.917876838234191 0.3309963124470594
8.487285539215492 0.31231786126294175
14.316007965685603 0.1862946644981902
14.613066789214104 0.24421786739198625
18.214690563727792 0.2515043698543805
19.69275428921893 0.1943130986033049
11.787040441175519 0.2812894763459609
8.403676470588447 0.3368595973838121
6.754473039215503 0.29047863972017046
10.88769914215599 0.3812766414990644
12.3041207107836 0.3342724553771546
17.401011029412068 0.22065356772575506
12.65193014705831 0.3002650672600002
10.495312499998947 0.24442920575640414
22.815150122552527 0.18038787686342259
13.451485906862521 0.35764664336422575
8.375582107843176 0.3610225062529542
14.479549632352143 0.1692123244857699
13.345082720588893 0.3743729207215532
14.380300245096775 0.2371634796331091
22.314016544118644 0.19103635210707876
10.63788296568571 0.24014457420383672
11.270220588234722 0.25707946506159807
13.236289828430216 0.30009527441070666
11.04443933823448 0.2947606591666801
