139 3753.8985004515853 211.0 0.07142857142857113 0.17599999999999996 0.5722288211167127
105 4054.1798277860507 181.0 0.6038191596025886 0.9512195121951219 0.46116676944363183
5 3884.876669512208 52.0 0.09649122807017545 0.8375 0.555746060491031
31 1889.6999866697524 180.0 0.5333333333333333 0.544973544973545 0.3897401090202346
87 546.1580327314635 125.0 0.6428571428571429 0.371900826446281 0.7039444755682734
160 2553.7730184315133 149.25 0.2753623188405797 0.2525252525252526 0.31641623811208164
76 3628.8841165248036 177.0 0.5246478873239436 0.9930555555555556 0.4693118369403063
28 6099.531545654536 91.0 0.09316770186335405 0.7725490196078432 0.5118171908697816
3 2404.250004072984 209.0 0.8611111111111114 0.1568627450980392 0.4140348343414243
98 3167.9007371461216 125.0 0.6219512195121951 0.475 0.5459723649874291
280 4318.643916057113 165.0 0.5903426791277259 0.7592592592592592 0.4409005391773656
292 1294.9741170605023 193.0 0.6313131313131313 0.2345132743362831 0.5245202859531127
90 2746.350278710093 110.0 0.07111111111111112 0.40454545454545465 0.5484102060010125
534 3907.2210242509996 236.0 0.5857843137254902 0.3333333333333333 0.237862326389145
110 4587.2871316537885 17.0 0.06696428571428571 0.9323308270676692 0.5626370468200084
286 3214.1025707740077 165.0 0.10377358490566041 0.22857142857142865 0.34385614579411533
743 2967.9134384791055 196.0 0.5731707317073171 0.43333333333333335 0.296490405773186
107 2660.3790433897075 216.0 0.5867768595041322 0.6748466257668712 0.49497163496723817
1517 3294.7970731705177 168.0 0.07471264367816095 0.15584415584415584 0.09161413010436269
485 3135.0851322714393 168.0 0.5294117647058824 0.5194805194805195 0.23859977106421676
107 2251.6164804034765 204.0 0.5737704918032787 0.5662650602409639 0.40814389719877286
321 4862.4440475643305 31.0 0.9772727272727273 0.9863013698630138 0.48540547918350063
38 4839.681847446883 254.0 0.5931372549019608 0.6 0.5750843389439791
331 2851.944993515163 197.0 0.5619047619047618 0.48717948717948717 0.42632547894384143
165 1755.5047303115068 192.0 0.6927083333333334 0.16582914572864318 0.4517753914798131
96 3156.6459554681146 158.0 0.5958333333333333 0.6739130434782609 0.5887362391241383
366 3251.2859420391164 182.0 0.8939393939393939 0.3351351351351351 0.22075848223839603
396 3464.845257744169 206.0 0.506172839506173 0.24795041322314043 0.3410663049609892
63 3387.4906294170955 57.0 0.042134831460674156 0.7434782608695653 0.6813587128457141
52 1815.888151413761 231.0 0.5706214689265536 0.5048076923076923 0.6555804189431147
90 1652.7556072274845 74.0 0.9126984126984127 0.7222222222222223 0.5090113723942529
172 3496.804431697328 194.0 0.5666666666666667 0.5333333333333333 0.3546008098421199
240 1475.3843805515726 191.0 0.5632183908045977 0.27175306577480485 0.3530410088325568
112 3540.544677559261 203.25 0.4444444444444444 0.1639344262295081 0.5154649972664916
560 2807.455493804378 204.0 0.5975609756097561 0.5454545454545455 0.3462425738860385
439 2507.78460009021 179.0 0.6623376623376623 0.45751633986928103 0.49088410972760643
429 2862.738325307353 102.0 0.8333333333333334 0.4117647058823529 0.5421084591475671
268 3312.2055063048742 188.0 0.5863095238095238 0.375 0.5057190932776736
445 3870.707537157228 121.0 0.1904761904761905 0.5658914728682171 0.26166364077157833
93 2649.0705264017965 123.0 0.1923076923076923 0.23076923076923073 0.4856969244755296
141 2811.5370692759493 147.0 0.5873983739837398 0.8991596638655462 0.6119490221609615
74 1532.6924352906644 130.0 0.22222222222222232 0.43315508021390375 0.5345358886278277
360 3194.253004381821 210.0 0.5982905982905983 0.3888888888888889 0.4427670144199052
446 1963.5260802215323 141.0 0.5833333333333334 0.5590551181102362 0.4138789897440955
159 4378.704630531267 105.0 0.1149425287356322 0.49375 0.4092699001253388
78 2103.8394059650345 209.0 0.6041666666666666 0.48839888543564464 0.6163305831559217
251 4858.043758776039 182.0 0.5617283950617283 0.5602836879432624 0.33603835082456046
47 4956.584598268046 70.0 0.04227053140096618 0.7154811715481172 0.671922207541138
884 1674.3311204761267 140.0 0.624031007751938 0.36065573770491793 0.37473678197203086
1245 5107.124521729821 219.0 0.509009009009009 0.8479330045543967 0.32477742010003524
278 5023.044938893679 223.0 0.5593047034764825 0.9322033898305084 0.36939856735605864
573 3615.0667055046397 209.0 0.4916666666666667 0.17543859649122795 0.4744548138844981
219 5069.519692954814 185.0 0.556547619047619 0.6109225741578682 0.3207759980443617
327 3387.0835444023833 104.0 0.9078947368421052 0.6641221374045801 0.48169090517790497
501 2299.146554499839 78.0 0.07352941176470591 0.6 0.3542229134152856
55 662.2098339292894 133.0 0.6196581196581196 0.475 0.7766101834939219
315 3304.1229600185106 66.0 0.053571428571428575 0.708133971291866 0.509447085411883
14 4328.463250348861 156.0 0.08974358974358976 0.2903225806451613 0.5077822252452361
376 2032.409697306627 171.0 0.18571428571428572 0.3424657534246575 0.31268499344611145
10 3933.1108024604364 70.0 0.12152777777777773 0.6853932584269663 0.5308244690447474
116 5430.429499784174 171.0 0.6416666666666667 0.4626865671641791 0.4602093991690075
117 626.663797418173 147.0 0.5683760683760684 0.4693877551020407 0.6589888973703333
121 2453.4427419074864 142.0 0.6956521739130435 0.27142857142857146 0.5389029214505866
204 4806.504927428129 199.0 0.6846846846846848 0.3521526888604354 0.5044959619255941
374 5545.37589731057 197.0 0.5111111111111111 0.8273381294964028 0.2596435651114042
63 6057.614458552227 62.0 0.05213675213675214 0.7913385826771654 0.664048953623834
365 1042.0259332530356 186.0 0.6222222222222222 0.17525773195876285 0.44678300491635453
118 2422.5955152064303 171.0 0.6827956989247311 0.3257251082251082 0.4076994852758123
72 1214.011616824402 193.0 0.6166666666666668 0.2099447513812155 0.42704358134826215
300 1501.0288161808205 184.0 0.5740740740740741 0.3937007874015748 0.5177169315913412
442 2903.570238707793 236.0 0.59375 0.3934426229508197 0.32310478413944277
386 3925.2993555812996 207.0 0.5660377358490566 0.6260869565217391 0.2876559588094897
486 4227.908054247266 198.0 0.4583333333333324 0.2525252525252526 0.28425760187788385
574 3338.8267369762902 242.0 0.5833333333333334 0.46341463414634154 0.2544400292253829
523 2733.4965678353074 208.0 0.5730593607305936 0.5578231292517006 0.28371320347811785
725 2845.604385542761 173.0 0.5628415300546448 0.4161073825503356 0.22000899965376866
450 2138.8014167335873 146.0 0.5813008130081301 0.5597014925373134 0.3723832018873082
256 3387.5850513551595 184.0 0.6333333333333335 0.2564102564102565 0.4235949790887281
15 783.3016269004179 221.0 0.5512820512820512 0.2686567164179105 0.5108258268540804
411 5487.471080660406 208.0 0.5752688172043011 0.569620253164557 0.346979862004504
99 1883.4769472359524 229.0 0.5866666666666667 0.3088235294117647 0.24767235482262298
351 3999.858365022655 97.0 0.12500000000000006 0.5 0.38770923863303897
65 1579.5953131416397 208.0 0.6904761904761904 0.13461538461538466 0.5501912344463384
321 1632.8856181071606 183.0 0.22222222222222232 0.16860465116279075 0.1445904268384834
79 7996.943757255457 174.0 0.8333333333333334 0.4243748718999795 0.2754802882566036
127 2017.7155713629134 153.0 0.5662100456621005 0.47435897435897445 0.5921570494968911
691 1952.5598260224021 166.0 0.8888888888888888 0.20512820512820512 0.4436493253739423
684 4049.0944829065506 181.0 0.5873983739837398 0.4182692307692308 0.2874869193609098
115 2737.7395304538463 222.0 0.6256038647342995 0.4666666666666667 0.39204074317766363
73 7414.857449434053 23.0 0.06469298245614036 0.9843137254901961 0.5061762673261725
319 2326.516772069866 166.0 0.47222222222222215 0.4285714285714286 0.247741406402609
210 4460.417190965238 176.0 0.5886075949367089 0.7050359712230216 0.35562409632027686
241 1732.5444462023831 141.0 0.6216216216216216 0.3423423423423424 0.5127977215615785
345 3008.5659737053015 126.0 0.5608974358974359 0.8666666666666667 0.32371841117145633
234 1292.1524492128647 71.0 0.1097560975609756 0.37837837837837845 0.4382386933589876
825 2154.7588170914805 93.0 0.6666666666666666 0.75 0.4193254310032689
124 4254.368439332866 163.0 0.5617283950617283 0.8615384615384616 0.518572736310809
472 4757.99301210377 238.0 0.5434782608695651 0.3532934131736527 0.21378679200509138
75 1969.399490753706 221.0 0.5981481481481482 0.4383561643835616 0.5878931192942645
73 4679.307991255903 205.0 0.5798319327731093 0.7428571428571428 0.41484747070454747
171 2852.7741866276288 197.0 0.510752688172043 0.4444444444444445 0.38701906547629145
238 5105.466656124814 219.0 0.54 0.31147540983606553 0.3712116361971955
290 2167.830966298779 162.0 0.6428571428571428 0.21739130434782608 0.3741555453422211
119 4008.4373673961186 128.0 0.11517615176151762 0.4642857142857143 0.49193643175292795
63 6427.502706469735 99.0 0.11333333333333333 0.7568627450980392 0.5048201828523996
353 6078.904757673438 215.0 0.5778985507246377 0.8672566371681416 0.26625465159988415
81 1616.6752972345178 181.0 0.05952380952380962 0.21476510067114102 0.31580890274909107
324 3153.2725874843695 239.0 0.6416666666666667 0.08368200836820089 0.5663017224338134
818 2825.7626785933717 186.0 0.5693069306930693 0.4635761589403974 0.33688068723644504
282 5028.226953957204 214.0 0.5919540229885057 0.9166666666666666 0.39972766903986384
189 3632.949460493168 16.0 0.10493827160493825 0.9951690821256038 0.5031823686454343
37 5214.740027715736 107.0 0.08333333333333337 0.6440677966101694 0.5601407873145631
323 2417.219298578152 177.0 0.3846153846153845 0.25961538461538464 0.323577005160871
540 2444.5292841953537 171.0 0.40196078431372556 0.17261904761904767 0.30697806035381076
395 5274.08214304966 239.0 0.5233333333333333 0.7164371441760271 0.24128855645161457
753 2392.5617128705812 102.0 0.07575757575757576 0.442490590987692 0.3560427702632643
267 3037.079181905836 130.0 0.6166666666666666 0.39495798319327735 0.3772184535991342
646 2413.186637018885 189.0 0.5576923076923077 0.47916666666666663 0.3334298650237209
79 5544.248999080283 136.0 0.07333333333333326 0.4182692307692308 0.4109665235929387
285 4312.463559166838 105.0 0.15909090909090912 0.6 0.34217823254762303
664 2110.796865501105 194.0 0.5833333333333334 0.4411764705882354 0.4132169275273271
119 1693.184704462273 166.0 0.5478927203065135 0.6216216216216217 0.500052016067393
985 3673.111181316872 79.0 0.18699186991869918 0.6839378238341969 0.10844516672512503
340 3027.789209895663 45.0 0.023364485981308414 0.8018867924528302 0.45935562122668216
57 2005.0433038993635 227.0 0.6093189964157706 0.34334763948497854 0.521569499116488
64 2896.264333365692 171.0 0.5545454545454546 0.184873949579832 0.5538351349114663
346 5895.490299518297 211.0 0.4705882352941176 0.6666666666666667 0.4034523859929544
468 3079.866510228539 232.0 0.5790960451977402 0.4344827586206897 0.4732002687878369
42 4826.254297913129 248.0 0.6136950904392765 0.5856715993170176 0.5409476524022324
372 3700.605421612427 76.0 0.12962962962962962 0.6423357664233577 0.4318937359070162
233 1496.2836962636147 53.0 0.04273504273504272 0.6 0.4043662941714147
264 4002.154303984096 164.0 0.6406727828746177 0.75 0.4862278039008497
361 5088.975677539257 221.0 0.6058558558558559 0.640625 0.3431556168108513
136 3245.918854039473 144.0 0.6382978723404255 0.2908366533864542 0.5206815936147888
45 1937.041168200447 215.0 0.5919540229885057 0.23333333333333334 0.5775874517150676
384 694.0376060998274 188.0 0.6045751633986928 0.2229729729729729 0.4986730124069388
831 4279.71321479883 84.0 0.11111111111111116 0.7 0.42995099096903866
39 3690.741551822646 226.0 0.6219512195121951 0.1212121212121212 0.5960892485672816
375 2383.800444463785 186.0 0.596969696969697 0.3846153846153846 0.4210804708952289
1087 2449.9191676564255 159.0 0.5888888888888889 0.3987031521469347 0.23136906902689894
283 3977.5398861591766 143.0 0.6759259259259259 0.3294117647058824 0.3696210178456268
339 4123.662264821818 227.0 0.5297619047619048 0.5692307692307692 0.3718976136620106
707 1701.275643484046 172.0 0.6421568627450981 0.3693693693693693 0.44983840538036296
271 8250.870146761104 242.0 0.4613095238095238 0.82 0.4506913524224326
1539 3821.9320269490904 108.0 0.5387666620543332 0.55 0.2368278166189943
157 5942.848615854953 192.0 0.4875 0.8375267094017094 0.3697006136843507
42 4279.7518094992265 48.0 0.05555555555555557 0.9534883720930233 0.5377649077125658
118 2810.7381654256537 181.0 0.5707070707070706 0.3970588235294118 0.4326935912466732
192 1972.7994964606798 199.0 0.5620915032679739 0.3394511149228131 0.5705334340841244
230 4091.9191462513213 123.0 0.6097560975609756 0.5777777777777777 0.4187164309000186
183 3783.922804420787 33.0 0.07622739018087854 0.8571428571428571 0.3968862832762646
254 2035.648105953199 68.0 0.16666666666666666 0.4285714285714286 0.440976963122714
529 3756.4201763367487 213.0 0.5576923076923077 0.5510204081632653 0.45296303785776043
531 3077.331275132692 247.0 0.5740740740740741 0.12751677852349005 0.4062711800964384
559 5692.880068857816 187.0 0.5454545454545454 0.4166666666666667 0.35609952999951977
89 3144.42450317699 128.0 0.5608974358974359 0.7431192660550459 0.6061138969073423
350 5807.25912208542 72.0 0.0625 0.777310924369748 0.37427305536649297
243 2395.0498433669563 190.0 0.6031746031746031 0.25454545454545463 0.24109129367775725
17 775.8820059692695 146.0 0.4444444444444447 0.16999999999999996 0.337398029939417
372 2743.0378062973164 127.0 0.13333333333333353 0.48148148148148145 0.31085523473078086
107 2344.863334287786 61.0 0.10042735042735042 0.6874999999999999 0.4901165385596489
127 3460.390285645068 165.0 0.5555555555555556 0.6666666666666667 0.3283464011293498
311 2739.965046429696 216.0 0.5555555555555555 0.6682027649769585 0.6031418290028832
207 2507.032689809774 173.0 0.6311111111111111 0.3901098901098901 0.3617953379473953
77 2799.5551056849204 218.0 0.5761316872427984 0.49122807017543857 0.4849453692364991
489 4955.488237770249 208.0 0.6004140786749482 0.815 0.40780277930712266
108 2586.992519123247 87.0 0.5399999999999999 0.47058823529411764 0.36164203235003756
181 1032.6790226284 127.0 0.08666666666666666 0.4429530201342282 0.1963441809655143
68 1971.2087191483781 80.0 0.5989583333333334 0.6117021276595745 0.5408408878230935
150 1524.2815956571656 144.0 0.536036036036036 0.37323943661971837 0.6553665550223383
771 3110.413647442953 170.0 0.5804597701149425 0.5490196078431373 0.2333710983541818
191 4026.766076196994 94.0 0.05182072829131653 0.7291044156706507 0.38060072684123164
208 3422.5292342242824 133.0 0.5730994152046783 0.5775862068965517 0.45492919032822343
240 1914.117297783391 187.0 0.58675799086758 0.42682926829268286 0.4550404319145596
200 7471.462769404029 24.0 0.06545209176788123 0.9568627450980393 0.5120669198571968
455 3082.6187140295647 172.0 0.5333333333333333 0.3289473684210526 0.392164219522014
513 2071.423113782787 93.0 0.13888888888888865 0.4013157894736842 0.307976693238219
185 3762.214808616373 69.0 0.10657596371882087 0.49606299212598426 0.39822165479197474
482 3634.4631522793534 226.0 0.5445544554455446 0.5496688741721855 0.3981587767618466
438 3529.461961080398 179.0 0.48611111111111116 0.7606382978723404 0.26312411058860796
429 4915.948385952247 179.0 0.43333333333333335 0.4774193548387097 0.23094157801081813
203 2483.5323777934536 104.0 0.5517241379310345 0.6129032258064516 0.5320092541239166
15 3666.0048745965782 71.0 0.4393939393939394 0.7149122807017544 0.7541546493287119
129 3603.5979967013827 229.0 0.7666666666666669 0.15384615384615374 0.4084302421109999
636 3691.174367895323 212.0 0.5539215686274509 0.724867724867725 0.3787581613339065
345 6103.542802177267 92.0 0.12152777777777779 0.6250000000000001 0.35212935822464264
240 4449.116286780037 65.0 0.08796296296296297 0.8150684931506849 0.5737452161602772
366 4997.713396350128 210.0 0.5780141843971631 0.5142857142857142 0.38586627190389916
373 3547.550247035817 133.0 0.5555555555555555 0.6048387096774194 0.5241431415544668
377 5142.7100877678795 213.0 0.573490813648294 0.7972350230414748 0.28899090083678425
190 2478.0381575063025 36.0 0.06666666666666667 0.90625 0.5932654654933333
275 1346.9075933003332 137.0 0.7051282051282052 0.34090909090909083 0.4827999698385751
319 2787.298094116746 150.0 0.6041666666666666 0.7678571428571429 0.38842997195219836
751 4898.035542802575 202.0 0.4617117117117117 0.49411764705882344 0.2621083377038748
175 1892.8390901771427 171.0 0.2380952380952381 0.4375 0.42050198539907563
466 1821.9653083556852 158.0 0.4895833333333333 0.2891566265060241 0.3373622287230362
305 4009.3801329231096 207.0 0.5905797101449276 0.73 0.3862435467198431
43 4470.221674511416 90.0 0.04195011337868481 0.6538461538461539 0.5640389573486713
97 6044.83339351827 184.0 0.5617283950617283 0.8661417322834646 0.2036767687219551
349 1476.7261184888323 182.0 0.633333333333333 0.17679558011049723 0.36558495960666754
397 3491.5132202567897 228.0 0.573170731707317 0.21951219512195116 0.3968809677687518
133 1853.5185963515348 167.0 0.5847457627118644 0.5918367346938775 0.5109684178848953
105 338.59877552547385 143.0 0.6217948717948719 0.30985915492957755 0.791094705796136
424 5019.999477768007 204.0 0.5499999999999999 0.27388535031847144 0.4265498399333494
535 2612.7113830045696 213.0 0.4166666666666667 0.1214953271028037 0.3199670338424513
429 3956.370784521103 184.0 0.2666666666666669 0.16149068322981364 0.18240623161680752
476 3562.3281032988384 160.0 0.5878787878787879 0.8 0.24925306701439076
121 6607.097579481056 222.0 0.5879629629629629 0.9230769230769231 0.5121880035358622
511 2867.0601181834936 169.0 0.6097222222222222 0.7030303030303031 0.2788492544918044
57 1676.5495304927852 214.0 0.5833333333333334 0.251497005988024 0.5924850031945028
290 2198.8133461371895 182.0 0.6123188405797101 0.2433862433862434 0.4808401494770277
104 4327.915973668194 217.0 0.6426940639269406 0.7073170731707317 0.4694272242594221
52 3145.870418670174 146.0 0.19135802469135796 0.42658144607685894 0.41520637178039277
168 6503.730103657865 217.0 0.565217391304348 0.26490066225165565 0.43756706658201516
137 3940.251315265481 238.0 0.6006711409395974 0.695906432748538 0.41241248462550684
339 5259.695354754699 252.0 0.5729166666666666 0.38095238095238093 0.3650064774778593
312 1945.6228472018202 191.0 0.5601851851851852 0.36082474226804123 0.22837077360801183
207 5328.236467115477 203.0 0.5679012345679012 0.9134615384615385 0.37203915115746633
590 3442.4884225510887 227.0 0.5833333333333335 0.4659090909090909 0.34471078408698735
962 1271.3822202234426 81.0 0.07870370370370368 0.45762711864406785 0.37168258613609756
254 1132.729295291834 83.0 0.08080808080808081 0.5120481927710844 0.4275796749790946
161 2197.056640201145 211.0 0.58675799086758 0.37738161302256756 0.5892855144957662
10 2396.7789568528274 151.0 0.5745147443075774 0.8202247191011236 0.6302973056383478
155 1593.4521291056235 185.0 0.6432748538011697 0.21862348178137656 0.3613634412348179
114 1604.2562305473773 159.0 0.6 0.6357615894039735 0.5422896670062244
302 6288.425622772736 141.0 0.15873015873015872 0.46564885496183195 0.4837870083320059
155 3350.431961744611 119.0 0.0784313725490196 0.37804878048780477 0.5218138167366738
204 5619.967672745154 212.0 0.6139240506329113 0.8787878787878788 0.4926822864654566
16 3279.1831322485173 82.0 0.07657657657657659 0.7580645161290324 0.7891746367123684
22 1965.0230565641284 81.0 0.7528735632183908 0.6 0.7352052462514777
832 2180.610821660375 180.0 0.8888888888888888 0.20388349514563117 0.444374803772302
263 3232.1697365527507 254.0 0.5813333333333334 0.5401079339963833 0.5524179819597579
415 3318.2732810128687 183.0 0.4833333333333334 0.15976331360946738 0.44751767815344784
488 4245.346184876954 112.0 0.19444444444444456 0.33198380566801616 0.2378726929804655
64 1944.3934367079444 171.0 0.5666666666666668 0.46385542168674704 0.6041579414000571
241 2155.1538020545204 171.0 0.5833333333333334 0.2839506172839506 0.4970072038287338
359 5342.085733900053 114.0 0.08249158249158249 0.5841584158415841 0.2953553249823423
425 1977.4530911047993 182.0 0.5869565217391305 0.39090909090909093 0.4115273648127439
181 6687.519841749817 177.0 0.6060606060606061 0.3898305084745763 0.4461533089081273
712 4202.645640944337 220.0 0.5704225352112676 0.7349397590361446 0.3669420759561637
800 2575.310697270532 174.0 0.5572916666666666 0.715846994535519 0.3162041351599802
628 4928.103443970179 209.0 0.7222222222222222 0.2222222222222222 0.18694126516448328
134 3996.5752994764807 86.0 0.18749999999999992 0.4545454545454546 0.4985495856608289
52 2263.600064326673 176.0 0.6052631578947368 0.6666666666666666 0.437572748812177
571 5542.054115115665 42.0 0.10451977401129942 0.8862745098039215 0.302150030554181
176 3464.102684031939 164.0 0.6007751937984497 0.3526861611696702 0.4154438512113161
132 5930.315327186964 247.0 0.5771349862258953 0.8055555555555556 0.451454004953369
623 3081.27114042306 211.0 0.5462962962962963 0.26775956284153 0.28967628545327145
336 4023.1847961507738 230.0 0.5813953488372093 0.3424657534246575 0.2295631301825468
411 3243.1037309963463 224.0 0.587719298245614 0.4727272727272728 0.4228863771118757
877 2878.273360992471 194.0 0.6666666666666666 0.11111111111111108 0.36875329643200433
220 3949.525236740062 150.0 0.18154761904761899 0.29060881647088543 0.4397489555160913
339 4752.7030828193665 125.0 0.5692883895131086 0.8602150537634409 0.3750992189451378
178 4948.631262255109 84.0 0.07664233576642336 0.7868852459016394 0.5304124321555379
1071 4107.857605671277 103.0 0.057795698924731194 0.6244131455399061 0.19296421995092844
123 4972.078763834484 254.0 0.5987654320987654 0.6041666666666666 0.5298413276552414
482 4016.6055087459313 195.0 0.5733333333333333 0.9433962264150944 0.4458377961492072
635 2982.8239665000133 168.0 0.3645833333333333 0.36051277163553186 0.256032323869791
76 7056.5359810291675 109.0 0.07435897435897436 0.6438356164383561 0.49583466435684836
363 744.4130008462557 114.0 0.6785714285714287 0.24161073825503362 0.23390670221503782
197 3589.0057104253724 216.0 0.573170731707317 0.3787878787878788 0.5340288519054218
75 2013.6476430171685 209.0 0.6045751633986928 0.4863636363636364 0.6289668704005266
103 6600.6496677249415 230.0 0.6097560975609756 0.304147465437788 0.5093568755058931
219 3401.9287268701532 180.0 0.5884353741496599 0.7021276595744682 0.5768889944971374
209 2661.5740237765845 206.0 0.2072072072072072 0.41500000000000004 0.48556184863669055
490 5572.331426645319 206.0 0.3055555555555555 0.7171717171717171 0.2710605819404625
90 2860.7887160641453 221.0 0.5526315789473685 0.3103448275862069 0.4111708744715835
845 1182.001623225605 73.0 0.6929824561403509 0.6627906976744187 0.48657760515935305
155 3867.8646624580847 226.0 0.527777777777778 0.23076923076923078 0.5337728512973255
128 5573.367159014542 191.0 0.608187134502924 0.3541666666666667 0.4095008741080153
453 3369.8930701944555 248.0 0.5777777777777778 0.49295774647887325 0.24423241599526935
623 1183.7362612724926 139.0 0.5964912280701754 0.17460317460317465 0.3958941490560052
186 1864.586692862109 236.0 0.5833333333333334 0.2142857142857143 0.2799521251887432
270 3325.2205442586496 150.0 0.5681818181818182 0.22891566265060245 0.42234463381096726
1153 4497.086429633175 208.0 0.5025252525252526 0.7654320987654321 0.29718190729836713
172 2726.1963218744436 126.0 0.617283950617284 0.4393939393939394 0.4512280302902432
75 1133.4652652723923 124.0 0.5399999999999999 0.388235294117647 0.39869899311850354
90 3734.7210740144897 198.0 0.5434782608695651 0.8023255813953489 0.4865570978234541
116 5576.875158662365 40.0 0.07956448911222781 0.8658008658008658 0.5826821477939889
574 4156.880345359418 45.0 0.040598290598290614 0.8920863309352518 0.22810708084088469
117 3156.485323566296 225.0 0.5900673400673401 0.8070175438596491 0.605507474835003
717 5116.998649808243 167.0 0.14758001561280246 0.35266239648033126 0.26906476791759426
43 3439.110776108146 115.0 0.05615942028985507 0.48888888888888893 0.7303835413700724
431 4643.7740835956965 191.0 0.5714285714285715 0.9675324675324675 0.4351006891229287
710 1673.2600368931635 172.0 0.643939393939394 0.3652173913043479 0.43218679900999646
141 3081.0420611285504 57.0 0.7564102564102564 0.8285714285714286 0.5363662802963607
566 6929.223085184244 10.0 0.08169934640522876 1.0 0.3581247476104577
28 1256.4954836653908 251.0 0.6666666666666666 0.05844155844155842 0.40631006295730027
108 3209.394498218679 183.0 0.572463768115942 0.9196428571428572 0.5133337198133233
85 2988.800166209539 223.0 0.5857142857142856 0.2300469483568076 0.5847935029628966
96 1405.34872761718 136.0 0.587719298245614 0.46391752577319584 0.47237386053303954
321 3285.5700232485674 85.0 0.1111111111111111 0.37735849056603776 0.24573559575621506