1872 3745.092687984203 65.0 0.24537037037037035 0.7777777777777778 0.08295536677508748
930 4650.472010572518 172.0 0.5970149253731344 0.39877300613496935 0.355999588545835
2116 2430.8146926942795 76.0 0.15277777777777773 0.5517241379310345 0.06055651715152109
1400 5038.7380338726925 126.0 0.2046979865771812 0.9285714285714286 0.3162329403546362
516 1289.1725939810017 33.0 0.21428571428571427 0.5581395348837209 0.16844005739810433
2146 3234.4972642682646 128.0 0.23737373737373743 0.24705882352941172 0.06339050231479712
1541 5378.2662110117335 49.0 0.11328125 1.0 0.05566441874962516
2263 2300.9463912043466 115.0 0.17610062893081765 0.43157894736842106 0.03860568436334106
1292 3320.7316558944426 53.0 0.10569105691056913 0.7999999999999999 0.11137796983818062
1233 2646.7359917486447 191.0 0.5648148148148148 0.2952380952380953 0.19603166358998178
1712 3201.4381877777632 141.0 0.2542372881355932 0.7820512820512822 0.21737094088974654
913 6112.067304376901 121.0 0.2113095238095238 0.7619047619047619 0.10102275971955164
964 6564.273356234628 130.0 0.2753623188405797 0.5423728813559322 0.1301227332375521
2099 2651.798038255398 134.0 0.22764227642276424 0.30695240576689237 0.051889859313170986
1764 1166.1052266263869 35.0 0.2575757575757576 0.8974358974358975 0.1684774826901788
1078 4321.1146797015235 151.0 0.20085470085470084 0.7262218045112782 0.09477071606844449
1799 5137.765460582966 128.0 0.26666666666666666 0.37735849056603776 0.1038832959436364
2222 3778.1998174047458 78.0 0.144 0.7835051546391752 0.047989145202500694
1562 2111.0574397494397 181.0 0.6944444444444443 0.043478260869565216 0.07982495467651579
2519 1562.0079991668463 148.0 0.1944444444444444 0.16129032258064516 0.0506231506310549
1142 3488.7502326263475 96.0 0.6333333333333334 0.2820512820512821 0.0863334666404279
2273 1714.2282327164176 104.0 0.26 0.2876712328767123 0.0970944145629671
1098 4112.745296756013 102.0 0.19512195121951215 0.7857142857142857 0.06040026589522196
1483 4397.544316917632 55.0 0.1184738955823293 0.9813664596273293 0.06429540876163554
1446 1823.491042551662 103.0 0.08974358974358977 0.5125 0.12128585890404686
1404 3923.597433326972 81.0 0.1929824561403509 0.6352941176470588 0.06941578235546202
918 5111.883566303773 72.0 0.2166666666666667 0.828125 0.09027125325829063
1215 4618.555320585742 118.0 0.23076923076923075 0.5934065934065934 0.07128872627414745
1412 3094.7577954708445 133.0 0.19312169312169314 0.44360902255639106 0.13600067802452998
1621 3618.3352116245974 130.0 0.16468253968253968 0.5344827586206896 0.04806458532219605
2269 2146.3142315304276 51.0 0.26666666666666666 0.7115384615384615 0.11440760062852559
1259 4589.655984187266 185.0 0.10606060606060612 0.2921348314606741 0.08591962273398349
2128 1513.0729763407464 135.0 0.1913580246913581 0.17821782178217815 0.05918852074889012
1313 4630.64490521324 129.0 0.3611111111111111 0.39772727272727276 0.05007965334564351
1527 3276.696174614959 180.0 0.17567567567567566 0.5333333333333333 0.07602373853437583
2250 2116.4772486649454 122.0 0.16379310344827588 0.40939597315436244 0.04636920921944055
1098 3835.798054589166 192.0 0.6064814814814815 0.6257668711656442 0.39786166227643416
839 6776.2464832215455 122.0 0.4166666666666667 0.7241931918656057 0.1589148712098069
682 5745.17379733413 174.0 0.5698924731182796 0.5732113821138212 0.19322029315556616
942 1333.5304397605103 38.0 0.25 0.375 0.3144480637181802
1219 3457.6326330508778 130.0 0.07894736842105271 0.23595505617977525 0.09280863606587593
730 1597.1183317567532 75.0 0.1704545454545455 0.5379310344827586 0.15060200711112057
960 5367.284052253158 89.0 0.09313725490196079 1.0 0.08505099855923719
1194 5565.322262601306 106.0 0.12430939226519337 0.8988913459239781 0.07492397375986397
1737 2247.483603934033 78.0 0.23076923076923075 0.48750000000000004 0.11138957436860437
729 4834.301548033306 171.0 0.5966183574879227 0.7475728155339807 0.35786777076908594
934 3713.4329696295317 78.0 0.2916666666666667 0.5320197044334974 0.1167992325727881
1608 2170.1261569062867 72.0 0.23148148148148148 0.45000000000000007 0.06800558616518196
1456 3400.467878480105 71.0 0.21505376344086016 0.796875 0.04633736301647655
961 3321.234313693491 88.0 0.20491803278688528 0.5555555555555556 0.0712471464674619
391 2028.574368870274 81.0 0.1894977168949772 0.5280898876404494 0.1296408752522056
1129 2033.5315051010239 107.0 0.17375886524822692 0.4051724137931035 0.1317116214656745
1727 3077.785418117936 40.0 0.22222222222222218 0.9111111111111111 0.17639781993538836
1023 2990.0986441357268 85.0 0.5444444444444444 0.35714285714285715 0.09704149616295024
1546 2710.264592013322 57.0 0.2911111111111111 0.7435897435897436 0.09337485391298109
1569 3917.252634117975 191.0 0.4517543859649123 0.43269230769230765 0.19332767875245402
1157 2013.7617469790082 188.0 0.6111111111111114 0.16494845360824742 0.12440652930053311
765 823.4406265417734 76.0 0.2121212121212121 0.39436619718309857 0.11022217856059124
1473 3976.8698567878205 183.0 0.5555555555555557 0.34117647058823525 0.08711013488093547
2461 2590.036477945099 112.0 0.42635658914728675 0.48 0.06666110980340213
1034 3415.2720871101806 84.0 0.2333333333333333 0.5 0.1037489773090689
783 2510.4307330643965 32.0 0.16666666666666666 0.5238095238095238 0.4473053416588427
2010 5649.173706384143 136.0 0.34313725490196073 0.5 0.0579848054145356
1775 1398.7299141581689 104.0 0.1610169491525423 0.3928571428571429 0.071644863359495
1528 1840.306960488747 98.0 0.2619047619047619 0.4927536231884057 0.1083465949461271
1201 2165.7964868479307 119.0 0.5982905982905983 0.6666666666666666 0.19433770624054
2291 1675.4334659476817 78.0 0.31025641025641026 0.5179856115107913 0.0758780438265626
882 4237.959766818805 140.0 0.2777777777777778 0.3222222222222222 0.06274786188444118
1830 1872.9570943899196 71.0 0.11574074074074074 0.6021505376344086 0.08469579640913599
689 954.4942149041582 106.0 0.18382352941176472 0.32919254658385094 0.12917911748178815
1616 1488.0246186454058 118.0 0.22222222222222224 0.3043478260869565 0.06526225337276262
1423 3554.3883850498946 59.0 0.23224043715846995 0.9659090909090908 0.12315246752831607
1577 3136.009914175891 68.0 0.3333333333333333 0.7590361445783133 0.07988730800455242
1546 3220.9868540297934 59.0 0.14285714285714288 0.7681159420289855 0.06985903096994736
1958 3788.0207574316814 55.0 0.22510822510822512 0.8983050847457628 0.10462920970325296
675 6014.719905767564 116.0 0.12015503875968993 0.9731693432406519 0.11127269564921384
2006 1962.5549703625084 106.0 0.18949771689497716 0.5526315789473685 0.06557320734239741
1041 5248.193547702084 161.0 0.10833333333333331 0.4835164835164835 0.0937829563398182
1233 4980.8826868430615 99.0 0.14311594202898553 0.6987951807228916 0.0815407926703673
1101 2593.485973116321 32.0 0.10256410256410257 0.9189189189189189 0.1530092809069772
1810 4527.789937860022 138.0 0.16874999999999998 0.5148514851485149 0.0608730008017832
1210 4783.8724148279425 153.0 0.1333333333333333 0.4887218045112782 0.054642770355746585
1804 2938.5241517788577 105.0 0.3461538461538462 0.5466666666666666 0.08153708123809252
1555 5920.599148405923 139.0 0.10818713450292398 0.6458333333333333 0.09572370876444457
1141 3008.522849609429 98.0 0.21249999999999994 0.43749999999999994 0.07012735712705921
868 1484.9765895735216 108.0 0.15740740740740744 0.39428571428571435 0.20106198678974263
1344 4073.93387308652 87.0 0.19444444444444442 0.6923076923076923 0.1833330589800823
1170 1854.5714771216735 73.0 0.13636363636363635 0.5555555555555556 0.11626534276488545
908 6825.406128680955 92.0 0.2385057471264368 0.9142857142857141 0.08751192988993467
1150 3828.4378775364144 135.0 0.4351851851851852 0.7538461538461538 0.08758039046924268
813 6436.627367615285 142.0 0.29523809523809524 0.5294117647058824 0.1272137465326045
2253 2279.6145952803395 148.0 0.22222222222222224 0.14563106796116507 0.04519830742801875
1305 2771.612005629473 106.0 0.1773049645390071 0.5151515151515151 0.08782679749975997
1981 3248.4705445971085 116.0 0.19444444444444442 0.4761904761904763 0.046508839129809215
1590 3982.3741664439167 83.0 0.2982456140350877 0.5757575757575758 0.17440552762197162
1795 3515.6333812872567 109.0 0.4444444444444444 0.4042553191489362 0.12784957807613032
1681 5235.741856264466 71.0 0.25675675675675674 1.0 0.16289308164063654
619 3358.027025242621 49.0 0.23958333333333337 0.6363636363636364 0.19672001765013064
1435 3811.844831690165 185.0 0.27777777777777773 0.6137931034482759 0.13376207355808287
1614 3584.8578805301545 109.0 0.1437908496732026 0.46031746031746035 0.07837130267893144
2004 3679.4501524749735 63.0 0.20306040537828618 0.8115942028985508 0.05461684505736114
2104 1663.2914646242023 82.0 0.17412935323383083 0.5876288659793815 0.06365742014156603
1060 3135.197243663068 122.0 0.3333333333333333 0.5555555555555556 0.07651141701723238
1690 2299.4084649019774 103.0 0.27651515151515155 0.5 0.06439029636228492
1333 1935.4545054001112 73.0 0.28571428571428575 0.5488823962079111 0.10210772704485667
1226 2043.0558004041668 117.0 0.30555555555555564 0.42574257425742573 0.10059070864298535
1047 7101.652853482298 163.0 0.09523809523809529 0.7216494845360825 0.06037961805918859
1289 3436.069292850146 122.0 0.32222222222222213 0.3715939299955693 0.09167804654743317
1717 2725.507410165233 52.0 0.1923076923076923 0.781301738410596 0.10851178143439048
1944 2659.664382737105 101.0 0.5729166666666666 0.327659574468085 0.0847760220809059
1861 3882.555379904703 72.0 0.17156862745098045 0.6666666666666666 0.05845472842214307
1250 4583.767923521474 153.0 0.5367476851851851 0.47368421052631576 0.1523486487944765
1331 3847.90116912124 115.0 0.36594202898550726 0.5857142857142859 0.07677964525511013
1578 4080.1558123824652 144.0 0.4166666666666667 0.5619047619047619 0.13475739736834508
2118 2965.0475402768284 89.0 0.2882352941176471 0.6339285714285715 0.043712324035437546
1363 4575.491192045905 46.0 0.18959882803696193 1.0 0.2447631565184471
796 7001.574314835147 250.0 0.6031746031746031 0.2413793103448276 0.1927186694008265
1939 2388.8525152442094 90.0 0.22307692307692303 0.6171875 0.05756826286340555
676 2259.3342222167535 101.0 0.26190476190476186 0.5384615384615384 0.11462800302796616
1590 1612.8269285602862 67.0 0.18686868686868693 0.5319148936170213 0.09987714613853943
1583 4663.702098667595 78.0 0.11203333792533407 0.9448275862068966 0.09691357807246555
2183 2103.723399780665 130.0 0.16666666666666666 0.49612403100775193 0.06144192480656418
1173 2415.93470195492 108.0 0.20430107526881724 0.41726618705035967 0.1244574895145059
899 5793.836932260128 53.0 0.19420289855072462 1.0 0.23817457625169286
1281 2516.392320887496 65.0 0.11445783132530118 0.5681818181818182 0.08957999492202624
1349 1728.5074917771078 85.0 0.2733333333333333 0.523076923076923 0.09952917781914775
2128 1749.3269093135734 94.0 0.425 0.43589743589743596 0.0575537329942421
846 3866.6217872065804 102.0 0.2333333333333333 0.42857142857142855 0.18413872272218376
1466 6548.245271135096 120.0 0.10714285714285716 0.8082901554404146 0.12778106360876498
2261 3020.693548959964 76.0 0.125 0.8148148148148148 0.08132727606966837
1189 6488.928982256188 172.0 0.23888888888888885 0.4545454545454546 0.18595877644547332
277 2918.3475023257392 197.0 0.6057692307692307 0.3113207547169811 0.1995449650838122
1522 2117.400386178633 102.0 0.173469387755102 0.4571428571428572 0.07331293536953952
2323 2783.074780367211 130.0 0.15891472868217058 0.39199999999999996 0.046111165731878435
2395 3425.5326655945587 46.0 0.13194444444444445 0.8837502936340147 0.07153812088118043
1299 2620.0101437928774 104.0 0.19281045751633985 0.4777777777777777 0.08715894681513846
1578 5118.640925315413 66.0 0.08590938047459787 0.9649122807017544 0.061360046879187946
848 825.1387226419887 122.0 0.19135802469135796 0.2424242424242424 0.11755756958322847
1913 1948.063777472591 112.0 0.18229166666666666 0.5139213395638629 0.06473459570611585
1633 2690.7255552112024 103.0 0.22163120567375885 0.5702479338842975 0.07580367957717114
1321 704.2890763870286 96.0 0.1923076923076922 0.2660550458715596 0.10959656142292253
1301 5236.783585869164 117.0 0.19047619047619047 0.6266666666666667 0.15430430648527177
1617 5791.5723878128665 132.0 0.08403361344537817 0.8518518518518519 0.06678868569470509
940 6289.7075611433365 236.0 0.5111111111111112 0.4444444444444444 0.1428430822730276
996 6238.457300325829 72.0 0.22030651340996169 0.9022988505747127 0.09767019531303221
110 700.1970230191946 93.0 0.19047619047619058 0.27586206896551724 0.16854762334778253
930 5422.7490938690535 79.0 0.11458333333333331 0.8214285714285714 0.10047188234356688
1987 1020.399386935764 140.0 0.23333333333333317 0.12727272727272732 0.060545342882359215
1194 2881.0430557976165 119.0 0.27956989247311825 0.2794117647058824 0.10085055956418185
1623 1318.671782878305 83.0 0.16666666666666666 0.42372881355932207 0.10184062465811168
1765 2044.530757079108 74.0 0.3888888888888889 0.5333333333333333 0.14064890068388367
1956 2304.0997640142837 86.0 0.2575757575757576 0.607843137254902 0.08426429553890262
1023 2927.085479252868 72.0 0.5333333333333333 0.6785714285714286 0.1347989156541549
1725 3759.524241064339 101.0 0.16666666666666666 0.4693877551020407 0.09003020663916093
1124 4277.710270234461 121.0 0.2797619047619047 0.24166666666666664 0.16904105058405744
2294 1317.5395719234104 114.0 0.29012345679012347 0.22368421052631574 0.058012329805156616
1799 3042.698115011651 35.0 0.10444444444444445 1.0 0.08063461699609688
1760 3504.3097847234208 116.0 0.375 0.5087719298245613 0.10514789040339781
1799 1385.2685710526741 75.0 0.32499999999999996 0.55 0.08842982877423647
980 1150.9325505759723 67.0 0.09166666666666669 0.5324675324675324 0.10916057107312803
1122 2566.599884939664 72.0 0.21666666666666665 0.5833333333333334 0.1115627899420334
1665 2347.5031141059007 107.0 0.1929824561403508 0.42105263157894735 0.10050796284365011
1108 3442.4052946809425 98.0 0.1865942028985507 0.5254237288135594 0.09102048989436437
1744 1493.5518566504277 140.0 0.22222222222222232 0.2757412181759588 0.07453434416109889
2354 1644.1809061030701 61.0 0.2579365079365079 0.7058823529411764 0.06641154821985047
2407 3384.6321743931367 77.0 0.26811594202898553 0.5918367346938775 0.07060079714535723
1770 3960.761135980383 101.0 0.4444444444444445 0.5476190476190477 0.09315784153696754
1744 2091.8633932793105 83.0 0.2333333333333334 0.46551724137931033 0.1364318458273905
1159 4765.148102007702 113.0 0.34684684684684686 0.5306122448979591 0.21059818010343634
1357 3489.9983843461505 135.0 0.5567632850241546 0.6470588235294118 0.11228750700405288
255 4400.974575315808 52.0 0.5625 0.5 0.3793872649628171
1977 5453.267490977937 131.0 0.20833333333333334 0.7058823529411765 0.18203729114141198
2038 3478.1808409938944 126.0 0.2976190476190476 0.38534499235474 0.11010630200015463
831 4858.318034678595 55.0 0.1368734335839599 0.75 0.23832934339172016
1086 5933.121453350798 121.0 0.5229885057471265 0.71875 0.1392936316421673
1831 927.2010662803013 132.0 0.3645833333333333 0.16268562622583366 0.07788000322293206
635 6489.448824744982 200.0 0.2878787878787879 0.5669291338582677 0.180576870903954
1299 1767.5431390499905 50.0 0.18095238095238098 0.6666666666666666 0.08363353982281921
1263 6007.301582038791 158.0 0.24404761904761907 0.5151515151515151 0.15728137790624197
1575 4558.522511705731 41.0 0.13333333333333333 1.0 0.06018421088458573
1441 2409.4865674314146 68.0 0.1759259259259259 0.4626865671641791 0.07582160153171294
893 3464.386526924843 129.0 0.11983471074380166 0.5511111111111111 0.10355903373638917
992 3588.6543526648434 124.0 0.19281045751633985 0.41747572815533984 0.04130519223585407
1388 3010.0073178307052 64.0 0.21031746031746035 0.813953488372093 0.05254832770860093
1335 3906.8770019573203 116.0 0.23106060606060605 0.34042553191489366 0.09682637561195132
628 3304.4383747775296 119.0 0.19047619047619038 0.2079405940594059 0.1425949671885672
1341 4013.767434704816 109.0 0.24871794871794872 0.5614269631297496 0.0902218651561441
1713 2221.4192015178655 35.0 0.23958333333333334 0.7903225806451613 0.10392512465529051
1656 1717.8547430531023 131.0 0.23737373737373743 0.27272727272727265 0.05382875540382271
1056 2547.6874850243075 57.0 0.19270833333333334 0.8155339805825242 0.16518585049098314
654 5689.712179513338 84.0 0.2579365079365079 0.7894736842105263 0.1009085495587896
915 1133.4230755662754 110.0 0.18827160493827164 0.33143659711075446 0.12175513583780798
1512 2483.365606498284 99.0 0.12091503267973853 0.48684210526315785 0.07576686509626848
1273 1987.051185020531 117.0 0.19999999999999982 0.1900826446280992 0.05985792451942421
733 1136.1942072063425 102.0 0.1610169491525424 0.4012345679012346 0.14616729106012916
2309 2027.335153173629 89.0 0.15853658536585363 0.8076923076923077 0.041127263998177004
1437 5104.406338834902 47.0 0.14641744548286603 0.9374999999999999 0.08919264679300248
686 3753.5778940315868 197.0 0.5909090909090909 0.36000000000000004 0.27360891861958997
1225 2432.091815085771 82.0 0.4090909090909091 0.4482758620689655 0.10947236681226973
1488 3086.1050905440156 102.0 0.18949771689497716 0.5555555555555556 0.0457440615407233
912 5224.576298948972 133.0 0.16312056737588654 0.5714285714285714 0.034118394962013146
1129 6425.17828512347 114.0 0.19308943089430894 0.9428571428571428 0.10207225063438519
2048 1226.517121741755 46.0 0.18571428571428572 0.7727272727272726 0.10655311231593897
2631 2333.383059077793 61.0 0.2619047619047619 0.7857142857142857 0.10315012135260622
1215 1548.850985684329 89.0 0.3802083333333333 0.47826086956521735 0.14958158078937117
1356 1832.0562027758763 63.0 0.1797385620915033 0.6888888888888889 0.12024935555643831
680 5398.78610373472 190.0 0.3055555555555555 0.5059549745824256 0.1982153689569135
1242 929.6395880807346 78.0 0.1708333333333333 0.4166666666666667 0.11574365359415474
815 3360.0308346152306 61.0 0.40833333333333327 0.7164179104477612 0.21678282993552656
1332 5429.092719601983 175.0 0.12790697674418605 0.8770491803278688 0.09426395154578988
1756 4503.500768988678 89.0 0.19166666666666665 0.8387096774193549 0.03215600071115837
1685 4494.881103148037 136.0 0.5555555555555556 0.4074074074074074 0.092225955912761
1408 4114.459599738087 105.0 0.13522012578616355 0.6809596844872918 0.07180387147070783
1464 1614.37839405694 65.0 0.19696969696969693 0.38636363636363635 0.0704763420001973
319 2754.834391171709 61.25 0.6969696969696969 0.5833333333333334 0.41646477370499646
1790 3751.482074680322 67.0 0.25641025641025644 0.7916666666666666 0.1170654518890165
1874 3912.4763082275945 78.0 0.1568627450980392 0.8636363636363636 0.06357188832073862
2045 2664.976999491841 102.0 0.1950354609929078 0.47761194029850745 0.0771877488948692
1440 2630.3783819075265 108.0 0.18750000000000008 0.41304347826086957 0.0887118059708172
926 4050.108083373867 56.0 0.26 0.725 0.158622502167518
1755 4908.88878184099 202.0 0.2246376811594203 0.41588785046728977 0.21800878330279755
1392 875.447174878144 97.0 0.1706349206349206 0.3363636363636364 0.09409708263983817
1707 3996.741441865348 66.0 0.25203252032520324 0.8974358974358975 0.1412120493994915
1597 4489.973137511147 110.0 0.4761904761904761 1.0 0.0749879298075265
1960 1950.734944442908 53.0 0.2351190476190476 0.7162162162162162 0.0721850424573819
1526 3311.384207417154 49.0 0.23976608187134504 0.9647887323943661 0.14429655139580208
1434 800.5334194246419 46.0 0.09523809523809523 0.5757575757575757 0.12226597170310988
1540 2836.8807730968624 94.0 0.2692307692307692 0.40740740740740744 0.10780784792389463
1776 4240.699080061763 72.0 0.2570281124497992 0.8375 0.09342842217733364
1471 4854.6272928710605 163.0 0.42222222222222205 0.2889974545261707 0.09498225266775244
1009 3326.9522880563095 89.0 0.24468085106382978 0.7058823529411765 0.11508872208105925
2577 2719.3815238187867 103.0 0.26666666666666666 0.41304347826086957 0.05190408217567462
898 986.5250397000668 36.0 0.21839080459770113 0.627906976744186 0.18895466007498662
947 3684.1345856602616 77.0 0.3333333333333333 0.690909090909091 0.12868982890516892
1105 2999.614916945497 169.0 0.6219512195121951 0.31645569620253167 0.02560675531514146
573 1701.2570446044363 48.0 0.19607843137254907 0.6578947368421053 0.1284542886127041
958 2366.13954265902 59.0 0.25862068965517243 0.6206896551724138 0.1422327685289289
1153 3526.922134003266 159.0 0.15555555555555553 0.592274678111588 0.1828551172887442
649 2543.033808734035 82.0 0.2058823529411765 0.28 0.1499714768289322
1208 4341.021853014179 111.0 0.24468085106382978 0.5616438356164384 0.1114282226012021
1603 3052.6041858597505 48.0 0.23359580052493442 0.9194630872483223 0.10632950841164307
1617 4364.086823519629 113.0 0.15873015873015875 0.625 0.1352670750982291
937 1630.9187564911942 90.0 0.38461538461538464 0.34090909090909083 0.15277130729422597
1868 3674.2105076013954 122.0 0.32857142857142857 0.3802816901408451 0.07929021681609506
1956 3225.650609093304 115.0 0.2764227642276422 0.2765957446808511 0.10372052607011539
1033 3909.340765309183 129.0 0.44444444444444425 0.3092783505154639 0.23156989196482172
1634 1064.866427573453 124.0 0.15873015873015875 0.275 0.07776381789367295
822 2997.769793931369 108.0 0.45555555555555555 0.4393939393939394 0.11873343401820494
1499 2604.3254110709663 139.0 0.14285714285714282 0.3868613138686131 0.060600987728686426
844 1236.6491715733168 108.0 0.1759259259259259 0.36363636363636365 0.10184898372119343
388 1514.2716235754133 25.0 0.1904761904761905 0.8356675526477203 0.13462510545166903
637 4465.517647498572 71.0 0.24731182795698925 0.7777777777777778 0.14266382043968368
1627 3030.6436180198157 170.0 0.3518518518518518 0.3517241379310344 0.13954134962582962
1683 3598.4596924762905 128.0 0.5444444444444444 0.42105263157894735 0.10450509822890404
2467 4567.977908880527 78.0 0.21726190476190474 0.7368945271545397 0.057119568486549525
1136 4338.967342341913 87.0 0.1431067925633143 0.7537037717814866 0.048059997113708675
1356 4610.22534883268 127.0 0.26282051282051283 0.48148148148148145 0.08387244617732706
1314 4841.932347350831 121.0 0.09121621621621621 0.6451612903225806 0.0625103371985868
1797 1835.5295623404284 101.0 0.19017094017094016 0.4415584415584415 0.08323686644218477
1793 2560.0559953276284 124.0 0.17567567567567574 0.4201680672268908 0.05198413858548589
1437 5782.226127273093 78.0 0.4215686274509804 0.6080562659846548 0.15703359111108373
473 9019.05897307396 160.0 0.1175213675213675 0.6944444444444444 0.2513679257043
1242 3846.096218594013 163.0 0.5619047619047619 0.43854256542996833 0.0906884059092232
961 2732.8149225823313 115.0 0.07323232323232323 0.38271604938271603 0.05674019303388819
1083 3332.066649972125 99.0 0.2967479674796748 0.47850286958242627 0.1259229228449986
1564 3057.128648614278 127.0 0.37356321839080464 0.31343283582089554 0.07206869727344908
2108 3835.1879492450716 115.0 0.2948717948717949 0.45569620253164556 0.06359124891032682
974 5258.398845668882 81.0 0.08928571428571429 1.0 0.10075353773026022
1237 4372.7402357732 116.0 0.2982456140350877 0.4117647058823529 0.1389565591282499
1238 4489.612872795512 138.0 0.2735042735042735 0.38095238095238093 0.15033573262464284
1363 1828.5099636568532 114.0 0.23958333333333337 0.3577981651376146 0.06343479232606034
633 5068.303392424248 85.0 0.14957264957264957 0.6666666666666666 0.17351170515000314
1779 2109.9900594923856 109.0 0.18229166666666666 0.47058823529411764 0.04874847818826416
1301 3607.4050821417477 38.0 0.1556372549019608 0.9837398373983739 0.09496896659174417
1012 4208.633601757982 108.0 0.31034482758620696 0.5 0.08249387787100099
868 1571.8500506391283 34.0 0.19999999999999998 0.5151515151515151 0.42399693446051356
1840 3014.355522074633 84.0 0.2147147147147147 0.6941176470588235 0.10137711455735045
790 5370.4589012649885 58.0 0.013440860215053767 0.8435374149659863 0.13751332305036912
818 5494.235602376338 117.0 0.29411764705882354 0.6153846153846154 0.1517299365505313
863 3958.243922203365 196.0 0.5980392156862745 0.4186046511627907 0.17735226986575686
885 2748.490051109939 73.0 0.3333333333333333 0.7142857142857143 0.185169305497977
1317 7053.208935864168 141.0 0.23148148148148148 0.5 0.13268323165001175
2274 1240.2921905473856 109.0 0.27222222222222225 0.3565891472868217 0.045536852450395834
550 8816.762708579397 149.0 0.23015873015873023 0.5960583290881305 0.15097503500248333
1440 3103.827437131951 132.0 0.18333333333333332 0.40588235294117647 0.12655410129133599
929 2602.022769237558 113.0 0.12179487179487179 0.5158730158730159 0.12929640800425987
642 2676.481101013617 73.0 0.30952380952380953 0.4 0.24417896461102304
1305 2799.9249894469976 168.0 0.5490196078431373 0.3538801906058543 0.10908367749794137
1869 5754.639266054431 201.25 0.22121212121212122 0.6265060240963856 0.18270955341746015
952 1587.7530203623076 48.0 0.2941176470588235 0.46299403430275915 0.1780533949331225
1787 2680.560605803194 73.0 0.2342342342342342 0.7058823529411764 0.11666574695055221
1971 4390.188290551278 159.0 0.13596491228070173 0.9393939393939394 0.15437710080517833
