410 3081.7640298893675 176.0 0.11666666666666665 0.22429906542056074 0.3952979293716189
777 6483.2531462708075 187.0 0.06818181818181816 0.22018348623853212 0.3266531593815091
680 6468.084378745717 146.0 0.548611111111111 0.36 0.2957262141119592
613 4287.101428747177 136.0 0.23333333333333317 0.280912252541466 0.2382222105757654
580 3718.9484204814457 116.0 0.06284153005464481 0.25961538461538464 0.3820212369909674
378 3277.3339414031284 140.0 0.6319444444444443 0.10300429184549356 0.46857052687454415
321 3048.8169942446207 173.0 0.6333333333333333 0.2293577981651376 0.31568582456568467
256 4757.279265998138 172.0 0.07070707070707068 0.2720147058823529 0.34221807255534553
356 5822.855527330786 250.0 0.06837606837606837 0.21367521367521364 0.4387855009088433
450 6417.716759070754 158.0 0.5426356589147286 0.5609756097560975 0.32226228953860425
636 2936.0604238689925 148.0 0.19047619047619038 0.22872340425531923 0.30413474857172884
767 4915.948053310909 172.0 0.0729166666666667 0.19075144508670516 0.30076517216896126
608 5132.7627955308535 187.0 0.23148148148148126 0.3076923076923077 0.2492739418348547
858 5778.9728984567855 215.0 0.44444444444444436 0.42790697674418604 0.21047268687718557
645 3472.4891273725975 102.0 0.07692307692307686 0.16799999999999998 0.33989504574536505
376 5939.174295513555 133.0 0.17857142857142852 0.5294117647058824 0.17127432210970062
345 4369.792375283704 211.0 0.2916666666666667 0.38207547169811323 0.3267836259878472
595 4719.913133320605 186.0 0.6185185185185186 0.27932960893854747 0.25795256042917086
675 4633.321480800293 129.0 0.04444444444444459 0.20282253977906156 0.2629555145820342
403 4086.187757455407 135.0 0.18518518518518512 0.3934426229508197 0.22422749880574963
596 2554.0628820790184 149.0 0.23333333333333317 0.19480519480519476 0.2854979762507351
496 2880.8280024366813 150.0 0.5909090909090909 0.13333333333333341 0.3216636351974939
361 3545.8802696948405 156.0 0.07142857142857148 0.20370370370370364 0.2838455597368292
473 3572.994306281104 147.0 0.11111111111111117 0.19780219780219788 0.2520004226501293
661 5485.65066313578 166.0 0.5931372549019608 0.5137614678899083 0.31030732109832787
267 4629.316503717849 168.0 0.08024691358024684 0.24 0.24268323906889314
424 3945.2113422601383 233.0 0.6078431372549019 0.23809523809523808 0.36342660889131356
537 6541.409279766078 235.0 0.4691358024691359 0.23437500000000006 0.3369355838491164
528 3870.5347944191503 97.0 0.07142857142857142 0.23636363636363641 0.34504116568435866
426 4777.852193831984 199.0 0.25555555555555554 0.40476190476190477 0.26898364684205717
441 3909.218626631191 147.0 0.6319444444444445 0.16666666666666666 0.3449989300429068
482 5851.8656976849825 159.0 0.07142857142857148 0.29113924050632917 0.3888099917103692
591 4326.373213778327 153.0 0.0729166666666667 0.20207253886010365 0.40580528589807324
723 4718.128413617611 117.0 0.062499999999999924 0.19834710743801653 0.2977664507662148
639 3780.6768433566517 107.0 0.07142857142857148 0.2636363636363637 0.37173158356031266
572 4114.041684427582 139.0 0.06306306306306307 0.23722901064249122 0.27448540884311423
725 5935.443463371213 145.25 0.2777777777777775 0.47619047619047616 0.2598986528092958
388 2796.298359180464 42.0 0.06212121212121211 0.6847826086956522 0.40056731874608237
369 4222.09122744324 233.0 0.5972222222222222 0.3548387096774193 0.4398147434210573
549 6092.459390910859 148.0 0.10416666666666655 0.1935483870967742 0.2689892727100082
510 2792.085682827565 146.0 0.25 0.19767441860465126 0.28902633776559267
262 3995.065975212776 171.0 0.6098484848484849 0.40196078431372556 0.34322344672058275
442 4265.750739116532 185.0 0.07692307692307686 0.18461538461538454 0.47666365744785627
637 4854.188205050276 103.0 0.07692307692307696 0.27102803738317754 0.37936448276146534
399 4352.608012541896 196.0 0.6153846153846153 0.3228346456692913 0.43253566731830007
404 2347.0790826411044 118.0 0.6041666666666666 0.24161073825503362 0.296031831651735
449 6422.525906296137 216.0 0.12499999999999979 0.5384615384615384 0.24090403633220053
686 6006.101388691201 228.0 0.5919540229885057 0.17094017094017094 0.23651664555693078
701 4581.374930795282 126.0 0.07692307692307686 0.23456790123456786 0.22610561632462783
691 4057.989662889779 103.0 0.03333333333333343 0.2424242424242424 0.2763375167901578
591 5304.010586100215 148.0 0.6875 0.1639344262295081 0.39677622529860795
656 6533.949242568265 229.0 0.06249999999999978 0.154639175257732 0.4072667895289547
534 3968.211037060013 143.0 0.09322033898305086 0.4533333333333334 0.16964024043855644
344 5838.594741227079 223.0 0.6929824561403509 0.14942528735632196 0.39692938582683546
717 5002.977062995129 141.0 0.0769230769230769 0.28 0.27345227731741223
324 5713.669145452454 204.0 0.3055555555555555 0.2811059907834101 0.31372813357353957
468 5597.692887842241 152.0 0.12865497076023394 0.45070422535211263 0.2472254844971736
571 3862.2982382356035 133.0 0.06837606837606837 0.22994652406417107 0.37294117616086997
502 2530.976479467315 144.0 0.07407407407407411 0.2595057493477631 0.2911055324860093
378 6461.592205236252 212.0 0.6206896551724138 0.34782608695652173 0.3508532495902621
568 2618.860447427025 180.0 0.13333333333333333 0.33986928104575165 0.31537260987530513
492 3607.866091118815 148.0 0.1166666666666666 0.21276595744680865 0.39040595290619345
369 6976.440986041576 123.0 0.5794573643410853 0.6666666666666666 0.36164683166436346
491 2601.564035852336 126.0 0.12499999999999979 0.38095238095238093 0.19444140506756413
440 3431.304098620778 197.0 0.48148148148148145 0.2222222222222222 0.3870964055766083
461 5160.61177675175 167.0 0.561904761904762 0.23913043478260862 0.37775456673396124
583 3608.0662349704376 114.0 0.04861111111111104 0.20312499999999997 0.265081486038254
618 3438.971770896033 141.0 0.1944444444444443 0.1843137254901961 0.29538544906630115
505 3809.2063796768584 186.0 0.6111111111111112 0.24637681159420285 0.2785299756991495
453 2892.3437351584435 131.0 0.6666666666666666 0.20547945205479448 0.32024442503730655
436 5873.0945069228765 173.0 0.1708333333333333 0.4090909090909091 0.28826450923050406
389 3296.699592185414 151.0 0.5333333333333332 0.22891566265060245 0.2967695916597417
601 4445.014685782268 183.0 0.1929824561403508 0.3297872340425532 0.3080719425433155
573 3198.463122761886 83.0 0.16666666666666666 0.3333333333333333 0.30491115153130155
547 4370.012169654558 114.0 0.07692307692307686 0.2037037037037037 0.31021256957271515
316 3419.5028244511273 204.0 0.6244444444444445 0.40384615384615385 0.2963444179341687
632 5276.687738120451 145.0 0.6875 0.2 0.38933269343308247
479 4482.450118487054 149.0 0.2246376811594203 0.19230769230769232 0.31666384715977
535 3735.1642080677884 146.0 0.5219298245614034 0.5121951219512195 0.24321422496439782
361 5966.009220118918 201.0 0.62 0.23842333163525214 0.3670308099344257
436 1530.349831141428 95.0 0.6185185185185186 0.6046511627906977 0.4249299127323922
577 3333.5464899067033 129.0 0.04861111111111113 0.24999999999999994 0.3398549004433772
453 3164.6122413921016 180.0 0.35000000000000003 0.34934497816593885 0.3047730217219344
153 1727.7364850139456 179.0 0.41666666666666674 0.2445652173913044 0.49173778240204136
376 4953.32406869528 222.0 0.5740740740740738 0.18604651162790697 0.37117745182996403
408 6691.198784731304 165.0 0.5343137254901961 0.42105263157894735 0.3668350610461319
650 3791.873043916188 130.0 0.07692307692307686 0.27058823529411763 0.3331644910626645
515 5883.590444516701 146.0 0.1759259259259259 0.22580645161290322 0.23979091088798543
420 4632.727088759316 146.0 0.0769230769230769 0.25192342369417564 0.3122281845870716
489 5374.047063623838 152.0 0.07407407407407407 0.47540983606557374 0.19764081738368314
556 2449.2409438496825 153.0 0.5 0.6274509803921569 0.19360693252881495
717 3473.312836872103 105.0 0.0634920634920635 0.30327868852459017 0.285216944848509
346 1394.2636875067062 85.0 0.277777777777778 0.3333333333333333 0.2809713771797296
610 4076.528693136421 161.0 0.07142857142857148 0.1551196340605208 0.2865925528916838
514 4414.5082656943705 211.0 0.5737704918032787 0.22613065326633172 0.25464677716768974
273 2049.5729925508044 149.0 0.19999999999999987 0.2115384615384616 0.3296257303505734
539 6827.552618744368 250.0 0.5533333333333333 0.21621621621621614 0.45162541839192527
535 3836.077857950909 123.0 0.15789473684210528 0.3263340643274854 0.19251123557081576
537 4254.342712126026 176.0 0.6904761904761906 0.23703703703703702 0.275297375401324
317 2320.1390322732173 23.0 0.044849690539345705 0.6923076923076923 0.48061124348179024
432 2626.1669569418823 136.0 0.13333333333333325 0.24000000000000005 0.3106224011519443
781 4848.636108840401 127.0 0.07692307692307704 0.3333333333333333 0.2420307667610439
531 4030.9115440383707 186.0 0.08050766283524906 0.3859649122807017 0.22627562876866433
630 3012.238901593179 133.0 0.6875 0.15384615384615388 0.272116270699062
412 4038.389087703079 144.0 0.48148148148148157 0.19148936170212771 0.39564544155438397
229 5287.351791832906 214.0 0.5333333333333332 0.3035714285714285 0.40393394562089313
472 4116.173171260057 155.0 0.2777777777777778 0.3237704918032786 0.2196652364905453
300 4760.85451331238 254.0 0.03333333333333343 0.12711864406779663 0.5855367952141706
683 6738.157276062891 160.0 0.5454545454545455 0.42857142857142855 0.2862308137760695
571 3078.730305045196 153.0 0.14646464646464646 0.46153846153846156 0.32302025104563026
126 3317.385770509227 211.0 0.6233333333333333 0.4834123222748815 0.47791701277796556
456 5169.28424763338 209.0 0.5952380952380952 0.32142857142857145 0.206448268924679
596 5264.244588394544 115.0 0.08333333333333333 0.28301886792452824 0.44002869576118947
436 3974.442776800754 196.0 0.3611111111111111 0.3846153846153846 0.39510602055726474
680 2790.0115424434966 141.0 0.15350877192982462 0.33632286995515703 0.22936002300203828
454 7844.614388962484 250.0 0.587719298245614 0.5483870967741935 0.3314848312115029
287 3566.0793256907614 169.0 0.1923076923076922 0.29652165196471536 0.22767099108621702
467 1500.5640256850882 77.0 0.6145833333333334 0.5 0.3308993138351914
273 3562.428839727589 179.0 0.3611111111111112 0.4148936170212766 0.3656290697326383
712 3590.129295294251 130.0 0.06250000000000007 0.2873563218390805 0.2874465997520509
707 3567.11745420926 106.0 0.07692307692307686 0.28774433283561823 0.2915649314709701
665 4854.1737201197275 150.0 0.2777777777777778 0.3235294117647059 0.25304103404090145
222 6926.4523277282715 250.0 0.4583333333333332 0.4158634890037676 0.3091171585159081
384 4151.340096918219 177.0 0.6116666666666667 0.3033707865168539 0.3830336484647523
445 5258.398070459538 172.0 0.11475409836065577 0.29299363057324845 0.3340993928331918
404 1127.49206402308 93.0 0.2111111111111111 0.21126760563380287 0.1997503475720316
576 2812.7572677098215 144.0 0.1282051282051282 0.5846153846153845 0.2450796015614617
509 3087.9684406028177 173.0 0.6574074074074073 0.2440944881889764 0.2583656968120872
379 6239.552566729381 239.0 0.08333333333333333 0.1707317073170731 0.3653360240859262
626 3805.882023354965 136.0 0.044715447154471545 0.22518047849173678 0.33706065610747155
427 1770.933063985134 175.0 0.1614583333333333 0.22916666666666663 0.40185057723875417
381 4039.86272834231 151.0 0.059523809523809514 0.26785714285714285 0.3102690715005276
307 3540.5357260908672 218.0 0.5 0.16666666666666666 0.3519177055540226
324 2612.243264283985 138.0 0.06172839506172834 0.3047619047619048 0.3364622289634159
489 3414.675377362304 117.0 0.07142857142857148 0.23015873015873023 0.3911705948933682
611 3044.72289982125 146.0 0.7121212121212123 0.11111111111111113 0.2705991946533828
488 3856.9232696940503 134.0 0.6666666666666666 0.11111111111111115 0.35669195705552864
328 2851.157015149766 152.0 0.6839080459770116 0.20886075949367094 0.3527391281244268
425 2808.1034333431676 143.0 0.6190476190476191 0.2794117647058824 0.3892004012713503
355 4433.308086839711 229.0 0.40740740740740716 0.18750000000000006 0.41671543544984974
509 6052.248544990601 181.0 0.0454545454545455 0.1639344262295081 0.3481136699803934
515 4149.446423146847 147.25 0.040000000000000056 0.22900763358778622 0.3945434667470288
685 4821.934267546982 121.0 0.07407407407407411 0.20282253977906156 0.3691207077086357
591 4019.181507123607 129.0 0.05555555555555552 0.25139664804469264 0.32225812062533865
373 2893.2802394893174 132.0 0.06250000000000007 0.24657534246575333 0.3845805100282237
424 8590.438530373054 254.0 0.6309523809523809 0.5052631578947369 0.39263538508372736
614 4945.658744792739 171.0 0.4166666666666667 0.14179104477611942 0.3575368108760994
634 3136.9624655668667 147.0 0.5399999999999999 0.37500000000000006 0.2977256867232544
712 2266.8253188027434 145.0 0.5789473684210525 0.14563106796116507 0.19397486858877513
357 2215.148944146285 153.0 0.6470588235294118 0.1428571428571429 0.18049219022103402
785 4521.3543612327585 130.0 0.06837606837606837 0.22377622377622378 0.29164277078416406
488 3859.5273107768094 166.0 0.5 0.5681818181818182 0.2091590926145085
828 4644.462141589883 176.0 0.7666666666666667 0.14285714285714282 0.28713346229983416
431 7621.590149546663 138.0 0.6666666666666666 0.4545454545454545 0.3433985702125734
395 2391.7451561287876 150.0 0.07407407407407411 0.25 0.3984380805871381
393 4447.609987228462 145.0 0.14285714285714285 0.24268797985132223 0.3077812828540333
382 2858.665667876601 184.0 0.21031746031746032 0.21854304635761587 0.4084609722927388
279 4361.207635782633 226.0 0.5277777777777777 0.14285714285714285 0.3982799149824567
439 4955.709667919411 198.0 0.6666666666666666 0.15068493150684928 0.38735145842212726
534 4539.412300346624 100.0 0.07407407407407411 0.24999999999999994 0.30969433111169903
506 5115.239245652739 199.0 0.6202185792349727 0.5196271421954609 0.28765234947304
403 6977.056647633489 212.0 0.4444444444444444 0.43137254901960786 0.319024315388856
420 3350.8464397679395 218.0 0.5 0.24324324324324326 0.3327070596172354
773 5713.504238774275 229.0 0.06172839506172834 0.28260869565217384 0.4410254098078693
723 4542.1270276601945 172.0 0.5952380952380951 0.24460431654676257 0.23998026782729687
345 4326.610191826993 205.0 0.550314465408805 0.21818181818181817 0.34005617513776193
695 4927.26428094483 171.0 0.2528735632183908 0.3548387096774194 0.18007998489837918
674 4111.03231521983 100.0 0.07333333333333329 0.24742268041237114 0.3036726085229213
792 4164.123856666084 180.25 0.8666666666666669 0.11874999999999994 0.2379910238845533
578 2928.9501950140625 154.0 0.15343915343915346 0.19815668202764972 0.2526926559133221
540 3665.332348762468 176.0 0.08333333333333333 0.2238805970149254 0.25173631258616813
757 3932.518579884096 95.0 0.07142857142857148 0.21126760563380287 0.29136551612626554
518 4992.963737796759 99.0 0.06589147286821707 0.30645161290322576 0.3453452822070598
397 4914.820663590812 198.0 0.620253164556962 0.3333333333333334 0.25781021552151034
422 1784.7141052160623 105.0 0.1388888888888889 0.5283018867924528 0.2897368454931114
680 3316.6639130412495 147.0 0.2777777777777783 0.13043478260869562 0.2409115123244833
560 5341.278744776397 133.25 0.648936170212766 0.6333333333333333 0.26564214030789035
468 4902.505292469403 159.0 0.08333333333333333 0.24000000000000007 0.30402312805980464
752 4090.2068534664963 148.0 0.6166666666666666 0.32608695652173914 0.26997075770956647
165 4470.28798187894 212.0 0.3666666666666667 0.1724137931034483 0.4704169447438433
430 4629.258742577396 211.0 0.6923076923076924 0.1388888888888889 0.36964788529639253
675 4730.221564754844 138.0 0.06818181818181814 0.21178963110667992 0.2372793180039699
551 3294.2667662566528 139.0 0.6428571428571427 0.17948717948717946 0.2821534075797543
662 4799.476148037628 155.0 0.6933333333333334 0.3296703296703297 0.27896452284705253
374 6801.119162190681 214.0 0.5981481481481482 0.6866666666666666 0.28976390792226514
658 3438.498948176702 169.0 0.04861111111111113 0.2601156069364162 0.30937154709485626
677 5584.431204543733 119.0 0.07142857142857142 0.2435897435897436 0.36273055351772904
462 5519.36407019436 199.0 0.6008771929824561 0.3841947065208316 0.2379643450326108
426 5548.151568495951 138.0 0.12121212121212123 0.2983870967741935 0.397574383698081
492 5745.749281256977 216.0 0.07142857142857148 0.19148936170212777 0.4405321785723227
553 4174.219075360957 101.0 0.07142857142857148 0.2769230769230768 0.238239095757706
638 2268.916231280168 126.0 0.5333333333333334 0.1538461538461539 0.2072271396821528
295 2393.140785177135 167.0 0.13333333333333258 0.24175824175824182 0.3064409896317154
647 5429.431057177459 148.0 0.4166666666666667 0.4125496031746032 0.1988375034890687
613 3554.3056453509616 174.0 0.6206349206349207 0.48837209302325585 0.3985675886564498
532 2714.2462466358106 140.0 0.5277777777777778 0.27040816326530603 0.3142344890804918
459 4417.615136471034 215.0 0.6519607843137255 0.2650602409638555 0.323914655381353
678 4264.709840324372 137.0 0.16666666666666666 0.22777777777777777 0.3433219728714552
780 4905.7103230698385 147.0 0.0555555555555556 0.28 0.2645422124440021
358 6084.542232063805 228.0 0.5242424242424243 0.45454545454545453 0.3967487197773082
605 4214.72752782692 170.0 0.6319444444444443 0.25373134328358216 0.26118410799976843
467 5165.804572803872 136.0 0.07142857142857148 0.20748845220386752 0.3516007602590834
256 4552.449619951941 172.0 0.16666666666666666 0.7107048183377513 0.24685648736976967
522 4115.262529573403 95.0 0.03333333333333343 0.210843373493976 0.32969728422671585
751 3599.7427179906244 100.0 0.07692307692307704 0.3047619047619048 0.35720359478064506
254 6155.058728571956 229.0 0.5740740740740738 0.18888888888888886 0.42185050347060105
368 2272.7638933391363 128.0 0.6020408163265306 0.3829787234042554 0.27287709287724116
421 4252.815199176444 246.0 0.7121212121212119 0.18181818181818174 0.32946991965565936
560 6169.047266585108 103.0 0.10317460317460315 0.35714285714285715 0.4362918433808004
385 7092.222056791783 254.0 0.4166666666666667 0.27972027972027974 0.38489679028311774
495 5389.163514019893 133.0 0.6097560975609756 0.5333333333333333 0.30044749820142025
621 2339.689302702745 140.0 0.5652173913043478 0.1034482758620689 0.30279935106514744
408 8360.085510676106 211.0 0.0763888888888889 0.49209449404761907 0.2279758406607299
677 4096.1973775910565 143.0 0.46031746031746024 0.2608695652173913 0.14510358126477518
482 5997.8642874111465 146.0 0.5 0.12048192771084346 0.34297699903337153
712 4810.509348888777 211.0 0.4833333333333334 0.184873949579832 0.27365039036792616
456 2858.3327840169272 160.0 0.1969696969696971 0.2666666666666666 0.2684671552088758
435 4167.058172751528 132.0 0.044444444444444314 0.18285714285714286 0.5259627136131717
495 6538.683245089215 222.0 0.06249999999999978 0.1604938271604938 0.3695075523958775
876 5215.713031711575 126.0 0.06589147286821709 0.2816091954022989 0.3393310714004987
605 3436.2003733250817 164.0 0.07692307692307704 0.17105263157894732 0.3213718137653276
611 2087.5257753286664 134.0 0.5733333333333334 0.11249999999999996 0.3217642649124678
537 2629.6036953378675 142.0 0.19135802469135796 0.15384615384615385 0.17842151520163513
551 2584.7923376285994 161.0 0.6333333333333332 0.2137931034482759 0.3236721181847236
381 4447.778626464282 220.0 0.6507936507936508 0.23880597014925373 0.28782577627511896
278 6193.0172275565565 252.0 0.5705128205128205 0.23333333333333334 0.46409774067376985
421 3579.7094533339973 145.0 0.5 0.2857142857142858 0.3196044699021574
510 5273.981292515579 181.0 0.4833333333333334 0.19607843137254916 0.27465891353775906
911 4211.24437901864 126.0 0.06837606837606845 0.31851851851851853 0.32182941315389846
591 5912.947726545829 133.0 0.13095238095238093 0.2553191489361702 0.3538944812324881
495 6305.278487453444 183.0 0.1495726495726495 0.433833255524432 0.29754306059001584
414 4949.396758486413 223.0 0.38888888888888945 0.2557077625570776 0.37051174710446
533 5281.617222613655 143.0 0.07142857142857148 0.25000000000000006 0.31680531456680955
498 4361.676138489792 150.0 0.050000000000000024 0.21333333333333332 0.31225084933389935
568 2463.3867886637386 168.0 0.20666666666666667 0.5823529411764705 0.3571390175418733
542 5795.036365306599 149.0 0.0993589743589744 0.25903614457831325 0.322877943796737
366 4320.130338635296 126.0 0.11538461538461536 0.20149253731343286 0.3676325100225892
376 5376.401295965511 216.0 0.5061728395061728 0.43555555555555553 0.37708071575141067
862 5397.706976877215 149.0 0.6007751937984497 0.2967032967032967 0.26290581419034326
646 2482.8559792252627 128.0 0.4583333333333333 0.12307692307692308 0.302893597071128
601 4575.4317904505615 185.0 0.6333333333333334 0.22463768115942023 0.2883272320225927
896 2850.3027581761903 144.0 0.09803921568627445 0.22222222222222232 0.26056241695986854
690 6669.702114809072 240.0 0.08888888888888886 0.2293577981651376 0.4585963153573886
602 4547.698938460167 115.0 0.07317073170731705 0.3125 0.27136688023919736
565 2713.5826628510063 127.0 0.044715447154471545 0.34161490683229817 0.30569064817813835
361 5952.279702394789 177.0 0.31250000000000006 0.31343283582089554 0.32582943589183694
582 7189.529433961958 112.0 0.5 0.18461538461538463 0.3439380313491354
299 5694.519630769863 245.25 0.08333333333333337 0.25 0.40834403664784646
681 4389.866436638767 184.0 0.5833333333333333 0.3412322274881517 0.22184720042434367
353 3393.5825345453854 139.0 0.62 0.10964912280701754 0.4203299236538525
274 5524.39746486455 143.0 0.5808080808080808 0.3777777777777777 0.4517928006448249
592 4423.896313137038 170.0 0.4166666666666661 0.1834862385321101 0.3296780157843072
327 1796.445437556107 133.0 0.06818181818181822 0.254335260115607 0.3623344033282077
330 3955.669943809094 117.0 0.11683045893952532 0.4140127388535032 0.2517253799138818
267 4141.849526119626 221.0 0.6209439528023598 0.5305164319248826 0.4539373829898133
523 2913.121547281638 127.0 0.5333333333333333 0.11249999999999996 0.3586198165754768
407 5570.776594818647 254.0 0.5 0.3937007874015748 0.4179871702773834
491 5800.679297082101 253.0 0.4666666666666666 0.39495798319327735 0.41377850865122134
567 3334.0557169466942 153.0 0.603448275862069 0.23728813559322046 0.27441245561955857
615 3547.3084120872277 165.0 0.6089743589743589 0.36434108527131787 0.21046126184631722
308 4013.7502640249563 209.0 0.5593607305936072 0.2790697674418605 0.29604818246511955
446 4847.270671454466 200.0 0.2142857142857144 0.36065573770491793 0.2981907756498855
422 4840.081253915171 124.0 0.07142857142857129 0.20833333333333334 0.3698517904584879
439 3837.972937760149 160.0 0.04444444444444459 0.20895522388059698 0.35359781323512995
631 3959.2276320927 168.0 0.6464646464646465 0.23199999999999998 0.28795287994282337
431 3489.8513283579505 132.0 0.6590909090909091 0.1979166666666667 0.3018136566271508
418 2139.3114907517 158.0 0.5980392156862746 0.14414414414414414 0.3495440203034886
702 5324.194124100936 255.0 0.10416666666666669 0.22580645161290316 0.3309963124470594
281 2522.0025414909082 135.0 0.1521739130434783 0.3595505617977528 0.31231786126294175
699 3958.415927668309 147.0 0.4166666666666667 0.4242424242424242 0.1862946644981902
559 3851.3221528647828 152.0 0.3846153846153846 0.1547619047619047 0.24421786739198625
765 5597.6874213259825 190.0 0.5787037037037036 0.562874251497006 0.2515043698543805
748 2976.423465760114 141.0 0.75 0.130952380952381 0.1943130986033049
369 2666.8949513922757 145.0 0.5 0.2390278917145201 0.2812894763459609
462 3457.849308738692 222.0 0.5591397849462365 0.10240963855421684 0.3368595973838121
464 1853.579620049956 87.0 0.16666666666666666 0.26760563380281693 0.29047863972017046
531 4547.459964655728 153.0 0.548611111111111 0.14161135693215338 0.3812766414990644
275 4305.150074317947 189.0 0.19696969696969693 0.36458333333333337 0.3342724553771546
704 3693.9942856300363 160.0 0.1153846153846156 0.11802320565907516 0.22065356772575506
751 5773.6034071656295 194.0 0.06172839506172842 0.22916666666666674 0.3002650672600002
545 2785.825290017658 144.0 0.4444444444444444 0.27061034940291906 0.24442920575640414
461 4466.909242099772 143.0 0.12076149425287358 0.260204081632653 0.18038787686342259
573 4900.999938951572 133.0 0.07352941176470588 0.28484848484848485 0.35764664336422575
454 2868.999341963066 175.0 0.42156862745098045 0.51875 0.3610225062529542
703 3245.509074932585 117.0 0.43939393939393945 0.45263157894736844 0.1692123244857699
727 6034.329669398463 138.0 0.10416666666666669 0.2619047619047619 0.3743729207215532
690 5415.903181381291 141.0 0.06439393939393943 0.29761904761904756 0.2371634796331091
526 5117.423795581457 128.0 0.14166666666666666 0.6458333333333334 0.19103635210707876
611 4727.916054267408 135.0 0.5897435897435898 0.49078282828282827 0.24014457420383672
540 1789.799244440446 150.0 0.06481481481481483 0.26086956521739124 0.25707946506159807
895 3462.830719795466 168.0 0.6857142857142856 0.2719298245614034 0.30009527441070666
685 2523.687173319256 156.0 0.12222222222222232 0.34951456310679613 0.2947606591666801
