139
105
5
31
87
160
76
28
3
98
280
292
90
534
110
286
743
107
1517
485
107
321
38
331
165
96
366
396
63
52
90
172
240
112
560
439
429
268
445
93
141
74
360
446
159
78
251
47
884
1245
278
573
219
327
501
55
315
14
376
10
116
117
121
204
374
63
365
118
72
300
442
386
486
574
523
725
450
256
15
411
99
351
65
321
79
127
691
684
115
73
319
210
241
345
234
825
124
472
75
73
171
238
290
119
63
353
81
324
818
282
189
37
323
540
395
753
267
646
79
285
664
119
985
340
57
64
346
468
42
372
233
264
361
136
45
384
831
39
375
1087
283
339
707
271
1539
157
42
118
192
230
183
254
529
531
559
89
350
243
17
372
107
127
311
207
77
489
108
181
68
150
771
191
208
240
200
455
513
185
482
438
429
203
15
129
636
345
240
366
373
377
190
275
319
751
175
466
305
43
97
349
397
133
105
424
535
429
476
121
511
57
290
104
52
168
137
339
312
207
590
962
254
161
10
155
114
302
155
204
16
22
832
263
415
488
64
241
359
425
181
712
800
628
134
52
571
176
132
623
336
411
877
220
339
178
1071
123
482
635
76
363
197
75
103
219
209
490
90
845
155
128
453
623
186
270
1153
172
75
90
116
574
117
717
43
431
710
141
566
28
108
85
96
321
168
221
826
172
52
243
113
388
27
224
92
88
97
474
70
78
228
842
42
113
81
374
68
157
66
356
279
317
69
52
165
201
77
36
69
89
62
95
625
408
927
57
865
1147
549
261
193
152
43
73
717
139
591
553
207
381
223
692
534
453
160
169
85
452
22
104
143
669
