1872
930
2116
1400
516
2146
1541
2263
1292
1233
1712
913
964
2099
1764
1078
1799
2222
1562
2519
1142
2273
1098
1483
1446
1404
918
1215
1412
1621
2269
1259
2128
1313
1527
2250
1098
839
682
942
1219
730
960
1194
1737
729
934
1608
1456
961
391
1129
1727
1023
1546
1569
1157
765
1473
2461
1034
783
2010
1775
1528
1201
2291
882
1830
689
1616
1423
1577
1546
1958
675
2006
1041
1233
1101
1810
1210
1804
1555
1141
868
1344
1170
908
1150
813
2253
1305
1981
1590
1795
1681
619
1435
1614
2004
2104
1060
1690
1333
1226
1047
1289
1717
1944
1861
1250
1331
1578
2118
1363
796
1939
676
1590
1583
2183
1173
899
1281
1349
2128
846
1466
2261
1189
277
1522
2323
2395
1299
1578
848
1913
1633
1321
1301
1617
940
996
110
930
1987
1194
1623
1765
1956
1023
1725
1124
2294
1799
1760
1799
980
1122
1665
1108
1744
2354
2407
1770
1744
1159
1357
255
1977
2038
831
1086
1831
635
1299
1263
1575
1441
893
992
1388
1335
628
1341
1713
1656
1056
654
915
1512
1273
733
2309
1437
686
1225
1488
912
1129
2048
2631
1215
1356
680
1242
815
1332
1756
1685
1408
1464
319
1790
1874
2045
1440
926
1755
1392
1707
1597
1960
1526
1434
1540
1776
1471
1009
2577
898
947
1105
573
958
1153
649
1208
1603
1617
937
1868
1956
1033
1634
822
1499
844
388
637
1627
1683
2467
1136
1356
1314
1797
1793
1437
473
1242
961
1083
1564
2108
974
1237
1238
1363
633
1779
1301
1012
868
1840
790
818
863
885
1317
2274
550
1440
929
642
1305
1869
952
1787
1971
1183
1877
1681
1952
1729
1470
1212
1078
779
1287
1014
906
997
1342
1187
2250
1751
1695
1106
845
1022
1576
1366
1677
1146
1468
879
1495
1212
1350
692
1152
1590
1652
1279
1670
