410
777
680
613
580
378
321
256
356
450
636
767
608
858
645
376
345
595
675
403
596
496
361
473
661
267
424
537
528
426
441
482
591
723
639
572
725
388
369
549
510
262
442
637
399
404
449
686
701
691
591
656
534
344
717
324
468
571
502
378
568
492
369
491
440
461
583
618
505
453
436
389
601
573
547
316
632
479
535
361
436
577
453
153
376
408
650
515
420
489
556
717
346
610
514
273
539
535
537
317
432
781
531
630
412
229
472
300
683
571
126
456
596
436
680
454
287
467
273
712
707
665
222
384
445
404
576
509
379
626
427
381
307
324
489
611
488
328
425
355
509
515
685
591
373
424
614
634
712
357
785
488
828
431
395
393
382
279
439
534
506
403
420
773
723
345
695
674
792
578
540
757
518
397
422
680
560
468
752
165
430
675
551
662
374
658
677
462
426
492
553
638
295
647
613
532
459
678
780
358
605
467
256
522
751
254
368
421
560
385
495
621
408
677
482
712
456
435
495
876
605
611
537
551
381
278
421
510
911
591
495
414
533
498
568
542
366
376
862
646
601
896
690
602
565
361
582
299
681
353
274
592
327
330
267
523
407
491
567
615
308
446
422
439
631
431
418
702
281
699
559
765
748
369
462
464
531
275
704
751
545
461
573
454
703
727
690
526
611
540
895
685
