3753.89850 219.00000 211.00000
4054.17983 47.00000 181.00000
3884.87667 167.00000 52.00000
1889.69999 150.00000 180.00000
546.15803 96.00000 125.00000
2553.77302 147.00000 149.25000
3628.88412 97.00000 177.00000
6099.53155 252.00000 91.00000
2404.25000 216.00000 209.00000
3167.90074 74.00000 125.00000
4318.64392 66.00000 165.00000
1294.97412 153.00000 193.00000
2746.35028 167.00000 110.00000
3907.22102 197.00000 236.00000
4587.28713 170.00000 17.00000
3214.10257 222.00000 165.00000
2967.91344 144.00000 196.00000
2660.37904 142.00000 216.00000
3294.79707 186.00000 168.00000
3135.08513 127.00000 168.00000
2251.61648 165.00000 204.00000
4862.44405 194.00000 31.00000
4839.68185 153.00000 254.00000
2851.94499 131.00000 197.00000
1755.50473 175.00000 192.00000
3156.64596 86.00000 158.00000
3251.28594 197.00000 182.00000
3464.84526 209.00000 206.00000
3387.49063 219.00000 57.00000
1815.88815 175.00000 231.00000
1652.75561 109.00000 74.00000
3496.80443 130.00000 194.00000
1475.38438 152.00000 191.00000
3540.54468 194.00000 203.25000
2807.45549 124.00000 204.00000
2507.78460 179.00000 179.00000
2862.73833 109.00000 102.00000
3312.20551 143.00000 188.00000
3870.70754 137.00000 121.00000
2649.07053 155.00000 123.00000
2811.53707 46.00000 147.00000
1532.69244 210.00000 130.00000
3194.25300 164.00000 210.00000
1963.52608 92.00000 141.00000
4378.70463 171.00000 105.00000
2103.83941 117.00000 209.00000
4858.04376 107.00000 182.00000
4956.58460 237.00000 70.00000
1674.33112 105.00000 140.00000
5107.12452 127.00000 219.00000
5023.04494 142.00000 223.00000
3615.06671 200.00000 209.00000
5069.51969 127.00000 185.00000
3387.08354 180.00000 104.00000
2299.14655 179.00000 78.00000
662.20983 118.00000 133.00000
3304.12296 208.00000 66.00000
4328.46325 191.00000 156.00000
2032.40970 182.00000 171.00000
3933.11080 143.00000 70.00000
5430.42950 165.00000 171.00000
626.66380 95.00000 147.00000
2453.44274 145.00000 142.00000
4806.50493 164.00000 199.00000
5545.37590 127.00000 197.00000
6057.61446 255.00000 62.00000
1042.02593 154.00000 186.00000
2422.59552 162.00000 171.00000
1214.01162 168.00000 193.00000
1501.02882 133.00000 184.00000
2903.57024 148.00000 236.00000
3925.29936 144.00000 207.00000
4227.90805 179.00000 198.00000
3338.82674 172.00000 242.00000
2733.49657 141.00000 208.00000
2845.60439 111.00000 173.00000
2138.80142 117.00000 146.00000
3387.58505 191.00000 184.00000
783.30163 199.00000 221.00000
5487.47108 159.00000 208.00000
1883.47695 177.00000 229.00000
3999.85837 177.00000 97.00000
1579.59531 193.00000 208.00000
1632.88562 187.00000 183.00000
7996.94376 246.00000 174.00000
2017.71557 101.00000 153.00000
1952.55983 176.00000 166.00000
4049.09448 121.00000 181.00000
2737.73953 140.00000 222.00000
7414.85745 246.00000 23.00000
2326.51677 121.00000 166.00000
4460.41719 93.00000 176.00000
1732.54445 150.00000 141.00000
3008.56597 80.00000 126.00000
1292.15245 111.00000 71.00000
2154.75882 78.00000 93.00000
4254.36844 200.00000 163.00000
4757.99301 193.00000 238.00000
1969.39949 139.00000 221.00000
4679.30799 89.00000 205.00000
2852.77419 126.00000 197.00000
5105.46666 173.00000 219.00000
2167.83097 141.00000 162.00000
4008.43737 253.00000 128.00000
6427.50271 255.00000 99.00000
6078.90476 171.00000 215.00000
1616.67530 202.00000 181.00000
3153.27259 235.00000 239.00000
2825.76268 126.00000 186.00000
5028.22695 119.00000 214.00000
3632.94946 148.00000 16.00000
5214.74003 222.00000 107.00000
2417.21930 152.00000 177.00000
2444.52928 151.00000 171.00000
5274.08214 150.00000 239.00000
2392.56171 193.00000 102.00000
3037.07918 155.00000 130.00000
2413.18664 110.00000 189.00000
5544.24900 226.00000 136.00000
4312.46356 144.00000 105.00000
2110.79687 137.00000 194.00000
1693.18470 87.00000 166.00000
3673.11118 138.00000 79.00000
3027.78921 156.00000 45.00000
2005.04330 151.00000 227.00000
2896.26433 166.00000 171.00000
5895.49030 133.00000 211.00000
3079.86651 168.00000 232.00000
4826.25430 144.00000 248.00000
3700.60542 159.25000 76.00000
1496.28370 125.00000 53.00000
4002.15430 56.00000 164.00000
5088.97568 128.00000 221.00000
3245.91885 172.00000 144.00000
1937.04117 180.00000 215.00000
694.03761 153.00000 188.00000
4279.71321 176.00000 84.00000
3690.74155 224.00000 226.00000
2383.80044 184.00000 186.00000
2449.91917 125.00000 159.00000
3977.53989 183.00000 143.00000
4123.66226 174.00000 227.00000
1701.27564 148.00000 172.00000
8250.87015 244.00000 242.00000
3821.93203 132.00000 108.00000
5942.84862 238.00000 192.00000
4279.75181 181.00000 48.00000
2810.73817 144.00000 181.00000
1972.79950 190.00000 199.00000
4091.91915 126.00000 123.00000
3783.92280 176.00000 33.00000
2035.64811 115.00000 68.00000
3756.42018 121.00000 213.00000
3077.33128 247.00000 247.00000
5692.88007 161.00000 187.00000
3144.42450 49.00000 128.00000
5807.25912 223.00000 72.00000
2395.04984 157.00000 190.00000
775.88201 148.00000 146.00000
2743.03781 170.00000 127.00000
2344.86333 150.00000 61.00000
3460.39029 124.00000 165.00000
2739.96505 118.00000 216.00000
2507.03269 114.00000 173.00000
2799.55511 160.00000 218.00000
4955.48824 63.00000 208.00000
2586.99252 140.00000 87.00000
1032.67902 166.00000 127.00000
1971.20872 93.00000 80.00000
1524.28160 119.00000 144.00000
3110.41365 106.00000 170.00000
4026.76608 225.00000 94.00000
3422.52923 122.00000 133.00000
1914.11730 120.00000 187.00000
7471.46277 252.00000 24.00000
3082.61871 151.00000 172.00000
2071.42311 141.00000 93.00000
3762.21481 148.00000 69.00000
3634.46315 145.00000 226.00000
3529.46196 66.00000 179.00000
4915.94839 199.00000 179.00000
2483.53238 76.00000 104.00000
3666.00487 218.00000 71.00000
3603.59800 229.00000 229.00000
3691.17437 106.00000 212.00000
6103.54280 214.00000 92.00000
4449.11629 188.00000 65.00000
4997.71340 160.00000 210.00000
3547.55025 83.00000 133.00000
5142.71009 125.00000 213.00000
2478.03816 124.00000 36.00000
1346.90759 131.00000 137.00000
2787.29809 110.00000 150.00000
4898.03554 140.00000 202.00000
1892.83909 195.00000 171.00000
1821.96531 134.00000 158.00000
4009.38013 94.00000 207.00000
4470.22167 224.00000 90.00000
6044.83339 198.00000 184.00000
1476.72612 156.00000 182.00000
3491.51322 208.00000 228.00000
1853.51860 102.00000 167.00000
338.59878 114.00000 143.00000
5019.99948 167.00000 204.00000
2612.71138 210.00000 213.00000
3956.37078 192.00000 184.00000
3562.32810 71.00000 160.00000
6607.09758 98.00000 222.00000
2867.06012 130.00000 169.00000
1676.54953 207.00000 214.00000
2198.81335 143.00000 182.00000
4327.91597 87.00000 217.00000
3145.87042 217.00000 146.00000
6503.73010 191.00000 217.00000
3940.25132 104.00000 238.00000
5259.69535 218.00000 252.00000
1945.62285 146.00000 191.00000
5328.23647 150.00000 203.00000
3442.48842 146.00000 227.00000
1271.38222 138.00000 81.00000
1132.72930 161.00000 83.00000
2197.05664 188.00000 211.00000
2396.77896 62.00000 151.00000
1593.45213 150.00000 185.00000
1604.25623 80.00000 159.00000
6288.42562 239.00000 141.00000
3350.43196 159.00000 119.00000
5619.96767 139.00000 212.00000
3279.18313 160.00000 82.00000
1965.02306 89.00000 81.00000
2180.61082 190.00000 180.00000
3232.16974 135.00000 254.00000
3318.27328 192.00000 183.00000
4245.34618 141.00000 112.00000
1944.39344 127.00000 171.00000
2155.15380 142.00000 171.00000
5342.08573 234.00000 114.00000
1977.45309 142.00000 182.00000
6687.51984 201.00000 177.00000
4202.64564 77.00000 220.00000
2575.31070 92.00000 174.00000
4928.10344 208.00000 209.00000
3996.57530 167.00000 86.00000
2263.60006 94.00000 176.00000
5542.05412 213.00000 42.00000
3464.10268 131.00000 164.00000
5930.31533 157.00000 247.00000
3081.27114 161.00000 211.00000
4023.18480 216.00000 230.00000
3243.10373 157.00000 224.00000
2878.27336 202.00000 194.00000
3949.52524 214.00000 150.00000
4752.70308 43.00000 125.00000
4948.63126 240.00000 84.00000
4107.85761 231.00000 103.00000
4972.07876 140.00000 254.00000
4016.60551 135.00000 195.00000
2982.82397 157.00000 168.00000
7056.53598 234.00000 109.00000
744.41300 132.00000 114.00000
3589.00571 183.00000 216.00000
2013.64764 117.00000 209.00000
6600.64967 233.00000 230.00000
3401.92873 95.00000 180.00000
2661.57402 202.00000 206.00000
5572.33143 183.00000 206.00000
2860.78872 171.00000 221.00000
1182.00162 87.00000 73.00000
3867.86466 209.00000 226.00000
5573.36716 153.00000 191.00000
3369.89307 193.00000 248.00000
1183.73626 127.00000 139.00000
1864.58669 209.00000 236.00000
3325.22054 163.00000 150.00000
4497.08643 94.00000 208.00000
2726.19632 90.00000 126.00000
1133.46527 112.00000 124.00000
3734.72107 151.00000 198.00000
5576.87516 229.00000 40.00000
4156.88035 188.00000 45.00000
3156.48532 136.00000 225.00000
5116.99865 226.00000 167.00000
3439.11078 212.00000 115.00000
4643.77408 96.00000 191.00000
1673.26004 148.00000 172.00000
3081.04206 137.00000 57.00000
6929.22309 240.00000 10.00000
1256.49548 236.00000 251.00000
3209.39450 70.00000 183.00000
2988.80017 180.00000 223.00000
1405.34873 94.00000 136.00000
3285.57002 132.00000 85.00000