3745.09269 87.00000 65.00000
4650.47201 124.00000 172.00000
2430.81469 126.00000 76.00000
5038.73803 216.00000 126.00000
1289.17259 52.00000 33.00000
3234.49726 141.00000 128.00000
5378.26621 195.00000 49.00000
2300.94639 157.00000 115.00000
3320.73166 149.00000 53.00000
2646.73599 147.00000 191.00000
3201.43819 108.00000 141.00000
6112.06730 204.00000 121.00000
6564.27336 156.00000 130.00000
2651.79804 153.00000 134.00000
1166.10523 65.00000 35.00000
4321.11468 112.00000 151.00000
5137.76546 135.00000 128.00000
3778.19982 180.00000 78.00000
2111.05744 178.00000 181.00000
1562.00800 156.00000 148.00000
3488.75023 108.00000 96.00000
1714.22823 116.00000 104.00000
4112.74530 118.00000 102.00000
4397.54432 175.00000 55.00000
1823.49104 161.00000 103.00000
3923.59743 113.00000 81.00000
5111.88357 150.00000 72.00000
4618.55532 155.00000 118.00000
3094.75780 157.00000 133.00000
3618.33521 182.00000 130.00000
2146.31423 97.00000 51.00000
4589.65598 236.00000 185.00000
1513.07298 149.00000 135.00000
4630.64491 150.00000 129.00000
3276.69617 183.00000 180.00000
2116.47725 150.00000 122.00000
3835.79805 104.00000 192.00000
6776.24648 112.00000 122.00000
5745.17380 141.00000 174.00000
1333.53044 41.00000 38.00000
3457.63263 144.00000 130.00000
1597.11833 126.00000 75.00000
5367.28405 159.00000 89.00000
5565.32226 208.00000 106.00000
2247.48360 93.00000 78.00000
4834.30155 173.00000 171.00000
3713.43297 94.00000 78.00000
2170.12616 92.00000 72.00000
3400.46788 115.00000 71.00000
3321.23431 131.00000 88.00000
2028.57437 127.00000 81.00000
2033.53151 143.00000 107.00000
3077.78542 74.00000 40.00000
2990.09864 70.00000 85.00000
2710.26459 83.00000 57.00000
3917.25263 141.00000 191.00000
2013.76175 179.00000 188.00000
823.44063 95.00000 76.00000
3976.86986 143.00000 183.00000
2590.03648 97.00000 112.00000
3415.27209 108.00000 84.00000
2510.43073 62.00000 32.00000
5649.17371 134.00000 136.00000
1398.72991 142.00000 104.00000
1840.30696 103.00000 98.00000
2165.79649 61.00000 119.00000
1675.43347 86.00000 78.00000
4237.95977 157.00000 140.00000
1872.95709 129.00000 71.00000
954.49421 142.00000 106.00000
1488.02462 138.00000 118.00000
3554.38839 96.00000 59.00000
3136.00991 66.00000 68.00000
3220.98685 134.00000 59.00000
3788.02076 95.00000 55.00000
6014.71991 182.00000 116.00000
1962.55497 145.00000 106.00000
5248.19355 203.00000 161.00000
4980.88269 171.00000 99.00000
2593.48597 103.00000 32.00000
4527.78994 185.00000 138.00000
4783.87241 230.00000 153.00000
2938.52415 114.00000 105.00000
5920.59915 197.00000 139.00000
3008.52285 117.00000 98.00000
1484.97659 157.00000 108.00000
4073.93387 107.00000 87.00000
1854.57148 121.00000 73.00000
6825.40613 166.00000 92.00000
3828.43788 97.00000 135.00000
6436.62737 159.00000 142.00000
2279.61460 156.00000 148.00000
2771.61201 156.00000 106.00000
3248.47054 159.00000 116.00000
3982.37417 100.00000 83.00000
3515.63338 99.00000 109.00000
5235.74186 116.00000 71.00000
3358.02703 65.00000 49.00000
3811.84483 135.00000 185.00000
3584.85788 154.00000 109.00000
3679.45015 136.00000 63.00000
1663.29146 129.00000 82.00000
3135.19724 134.00000 122.00000
2299.40846 118.00000 103.00000
1935.45451 98.00000 73.00000
2043.05580 129.00000 117.00000
7101.65285 228.00000 163.00000
3436.06929 129.00000 122.00000
2725.50741 95.00000 52.00000
2659.66438 88.00000 101.00000
3882.55538 98.00000 72.00000
4583.76792 105.00000 153.00000
3847.90117 119.00000 115.00000
4080.15581 109.00000 144.00000
2965.04754 116.00000 89.00000
4575.49119 100.00000 46.00000
7001.57431 205.00000 250.00000
2388.85252 151.00000 90.00000
2259.33422 98.00000 101.00000
1612.82693 84.00000 67.00000
4663.70210 141.00000 78.00000
2103.72340 161.00000 130.00000
2415.93470 147.00000 108.00000
5793.83693 134.00000 53.00000
2516.39232 116.00000 65.00000
1728.50749 107.00000 85.00000
1749.32691 88.00000 94.00000
3866.62179 107.00000 102.00000
6548.24527 210.00000 120.00000
3020.69355 133.00000 76.00000
6488.92898 165.00000 172.00000
2918.34750 142.00000 197.00000
2117.40039 145.00000 102.00000
2783.07478 169.00000 130.00000
3425.53267 168.00000 46.00000
2620.01014 170.00000 104.00000
5118.64093 192.00000 66.00000
825.13872 145.00000 122.00000
1948.06378 150.00000 112.00000
2690.72556 151.00000 103.00000
704.28908 116.00000 96.00000
5236.78359 112.00000 117.00000
5791.57239 197.00000 132.00000
6289.70756 162.00000 236.00000
6238.45730 153.00000 72.00000
700.19702 121.00000 93.00000
5422.74909 116.00000 79.00000
1020.39939 149.00000 140.00000
2881.04306 131.00000 119.00000
1318.67178 125.00000 83.00000
2044.53076 78.00000 74.00000
2304.09976 100.00000 86.00000
2927.08548 53.00000 72.00000
3759.52424 139.00000 101.00000
4277.71027 148.00000 121.00000
1317.53957 125.00000 114.00000
3042.69812 125.00000 35.00000
3504.30978 103.00000 116.00000
1385.26857 77.00000 75.00000
1150.93255 119.00000 67.00000
2566.59988 109.00000 72.00000
2347.50311 147.00000 107.00000
3442.40529 174.00000 98.00000
1493.55186 163.00000 140.00000
1644.18091 91.00000 61.00000
3384.63217 94.00000 77.00000
3960.76114 98.00000 101.00000
2091.86339 93.00000 83.00000
4765.14810 120.00000 113.00000
3489.99838 64.00000 135.00000
4400.97458 39.00000 52.00000
5453.26749 127.00000 131.00000
3478.18084 98.00000 126.00000
4858.31803 92.00000 55.00000
5933.12145 105.00000 121.00000
927.20107 130.00000 132.00000
6489.44882 96.00000 200.00000
1767.54314 90.00000 50.00000
6007.30158 141.00000 158.00000
4558.52251 162.00000 41.00000
2409.48657 91.00000 68.00000
3464.38653 227.00000 129.00000
3588.65435 160.00000 124.00000
3010.00732 104.00000 64.00000
3906.87700 130.00000 116.00000
3304.43837 133.00000 119.00000
4013.76743 125.00000 109.00000
2221.41920 58.00000 35.00000
1717.85474 144.00000 131.00000
2547.68749 104.00000 57.00000
5689.71218 121.00000 84.00000
1133.42308 153.00000 110.00000
2483.36561 158.00000 99.00000
1987.05119 126.00000 117.00000
1136.19421 162.00000 102.00000
2027.33515 107.00000 89.00000
5104.40634 166.00000 47.00000
3753.57789 155.00000 197.00000
2432.09182 79.00000 82.00000
3086.10509 149.00000 102.00000
5224.57630 179.00000 133.00000
6425.17829 180.00000 114.00000
1226.51712 90.00000 46.00000
2333.38306 89.00000 61.00000
1548.85099 89.00000 89.00000
1832.05620 111.00000 63.00000
5398.78610 101.00000 190.00000
929.63959 114.00000 78.00000
3360.03083 69.00000 61.00000
5429.09272 190.00000 175.00000
4503.50077 168.00000 89.00000
4494.88110 127.00000 136.00000
4114.45960 205.00000 105.00000
1614.37839 78.00000 65.00000
2754.83439 51.00000 61.25000
3751.48207 100.00000 67.00000
3912.47631 144.00000 78.00000
2664.97700 145.00000 102.00000
2630.37838 133.00000 108.00000
4050.10808 82.00000 56.00000
4908.88878 123.00000 202.00000
875.44717 130.00000 97.00000
3996.74144 97.00000 66.00000
4489.97314 62.00000 110.00000
1950.73494 89.00000 53.00000
3311.38421 94.00000 49.00000
800.53342 75.00000 46.00000
2836.88077 109.00000 94.00000
4240.69908 118.00000 72.00000
4854.62729 157.00000 163.00000
3326.95229 101.00000 89.00000
2719.38152 118.00000 103.00000
986.52504 58.00000 36.00000
3684.13459 91.00000 77.00000
2999.61492 148.00000 169.00000
1701.25704 77.00000 48.00000
2366.13954 84.00000 59.00000
3526.92213 185.00000 159.00000
2543.03381 94.00000 82.00000
4341.02185 128.00000 111.00000
3052.60419 115.00000 48.00000
4364.08682 122.25000 113.00000
1630.91876 90.00000 90.00000
3674.21051 138.00000 122.00000
3225.65061 125.00000 115.00000
3909.34077 131.00000 129.00000
1064.86643 152.00000 124.00000
2997.76979 96.00000 108.00000
2604.32541 176.00000 139.00000
1236.64917 156.00000 108.00000
1514.27162 69.00000 25.00000
4465.51765 125.00000 71.00000
3030.64362 141.00000 170.00000
3598.45969 117.00000 128.00000
4567.97791 170.00000 78.00000
4338.96734 168.00000 87.00000
4610.22535 146.00000 127.00000
4841.93235 212.00000 121.00000
1835.52956 146.00000 101.00000
2560.05600 174.00000 124.00000
5782.22613 74.00000 78.00000
9019.05897 254.00000 160.00000
3846.09622 133.00000 163.00000
2732.81492 155.00000 115.00000
3332.06665 119.00000 99.00000
3057.12865 122.00000 127.00000
3835.18795 134.00000 115.00000
5258.39885 154.00000 81.00000
4372.74024 122.00000 116.00000
4489.61287 157.00000 138.00000
1828.50996 132.00000 114.00000
5068.30339 135.00000 85.00000
2109.99006 151.00000 109.00000
3607.40508 147.00000 38.00000
4208.63360 127.00000 108.00000
1571.85005 60.00000 34.00000
3014.35552 157.00000 84.00000
5370.45890 209.00000 58.00000
5494.23560 124.00000 117.00000
3958.24392 132.00000 196.00000
2748.49005 75.00000 73.00000
7053.20894 218.00000 141.00000
1240.29219 128.00000 109.00000
8816.76271 195.00000 149.00000
3103.82744 162.00000 132.00000
2602.02277 149.00000 113.00000
2676.48110 75.00000 73.00000
2799.92499 124.00000 168.00000
5754.63927 151.00000 201.25000
1587.75302 54.00000 48.00000
2680.56061 116.00000 73.00000
4390.18829 168.00000 159.00000