3081.76403 168.00000 176.00000
6483.25315 204.00000 187.00000
6468.08438 143.00000 146.00000
4287.10143 143.00000 136.00000
3718.94842 151.00000 116.00000
3277.33394 142.00000 140.00000
3048.81699 145.00000 173.00000
4757.27927 173.00000 172.00000
5822.85553 248.00000 250.00000
6417.71676 126.00000 158.00000
2936.06042 161.00000 148.00000
4915.94805 202.00000 172.00000
5132.76280 174.00000 187.00000
5778.97290 176.00000 215.00000
3472.48913 117.00000 102.00000
5939.17430 162.00000 133.00000
4369.79238 201.00000 211.00000
4719.91313 171.00000 186.00000
4633.32148 146.00000 129.00000
4086.18776 173.00000 135.00000
2554.06288 161.00000 149.00000
2880.82800 152.00000 150.00000
3545.88027 181.00000 156.00000
3572.99431 184.00000 147.00000
5485.65066 143.00000 166.00000
4629.31650 195.00000 168.00000
3945.21134 224.00000 233.00000
6541.40928 205.00000 235.00000
3870.53479 114.00000 97.00000
4777.85219 194.00000 199.00000
3909.21863 141.00000 147.00000
5851.86570 207.00000 159.00000
4326.37321 189.00000 153.00000
4718.12841 136.00000 117.00000
3780.67684 137.00000 107.00000
4114.04168 172.00000 139.00000
5935.44346 124.00000 145.25000
2796.29836 116.00000 42.00000
4222.09123 143.00000 233.00000
6092.45939 154.00000 148.00000
2792.08568 161.00000 146.00000
3995.06598 170.00000 171.00000
4265.75074 213.00000 185.00000
4854.18821 133.00000 103.00000
4352.60801 196.00000 196.00000
2347.07908 108.00000 118.00000
6422.52591 214.00000 216.00000
6006.10139 212.00000 228.00000
4581.37493 150.00000 126.00000
4057.98966 121.00000 103.00000
5304.01059 164.00000 148.00000
6533.94924 236.00000 229.00000
3968.21104 139.00000 143.00000
5838.59474 234.00000 223.00000
5002.97706 178.00000 141.00000
5713.66915 202.00000 204.00000
5597.69289 190.00000 152.00000
3862.29824 168.00000 133.00000
2530.97648 163.00000 144.00000
6461.59221 193.00000 212.00000
2618.86045 166.00000 180.00000
3607.86609 177.00000 148.00000
6976.44099 91.00000 123.00000
2601.56404 129.00000 126.00000
3431.30410 170.00000 197.00000
5160.61178 178.00000 167.00000
3608.06623 134.00000 114.00000
3438.97177 149.00000 141.00000
3809.20638 170.00000 186.00000
2892.34374 145.00000 131.00000
5873.09451 199.00000 173.00000
3296.69959 167.00000 151.00000
4445.01469 228.00000 183.00000
3198.46312 103.00000 83.00000
4370.01217 135.00000 114.00000
3419.50282 141.00000 204.00000
5276.68774 173.00000 145.00000
4482.45012 168.00000 149.00000
3735.16421 154.00000 146.00000
5966.00922 193.00000 201.00000
1530.34983 84.00000 95.00000
3333.54649 165.00000 129.00000
3164.61224 152.00000 180.00000
1727.73649 150.00000 179.00000
4953.32407 200.00000 222.00000
6691.19878 185.25000 165.00000
3791.87304 169.00000 130.00000
5883.59044 164.00000 146.00000
4632.72709 185.00000 146.00000
5374.04706 193.00000 152.00000
2449.24094 103.00000 153.00000
3473.31284 131.00000 105.00000
1394.26369 91.00000 85.00000
4076.52869 183.00000 161.00000
4414.50827 212.00000 211.00000
2049.57299 164.00000 149.00000
6827.55262 250.00000 250.00000
3836.07786 153.00000 123.00000
4254.34271 156.00000 176.00000
2320.13903 85.00000 23.00000
2626.16696 166.00000 136.00000
4848.63611 167.00000 127.00000
4030.91154 211.00000 186.00000
3012.23890 146.00000 133.00000
4038.38909 156.00000 144.00000
5287.35179 197.00000 214.00000
4116.17317 169.00000 155.00000
4760.85451 254.00000 254.00000
6738.15728 156.00000 160.00000
3078.73031 146.00000 153.00000
3317.38577 125.00000 211.00000
5169.28425 200.00000 209.00000
5264.24459 143.00000 115.00000
3974.44278 179.00000 196.00000
2790.01154 178.00000 141.00000
7844.61439 195.00000 250.00000
3566.07933 189.00000 169.00000
1500.56403 73.00000 77.00000
3562.42884 133.00000 179.00000
3590.12930 163.00000 130.00000
3567.11745 136.00000 106.00000
4854.17372 194.00000 150.00000
6926.45233 199.00000 250.00000
4151.34010 149.00000 177.00000
5258.39807 166.00000 172.00000
1127.49206 104.00000 93.00000
2812.75727 182.00000 144.00000
3087.96844 168.00000 173.00000
6239.55257 239.00000 239.00000
3805.88202 166.00000 136.00000
1770.93306 158.00000 175.00000
4039.86273 192.00000 151.00000
3540.53573 187.00000 218.00000
2612.24326 151.00000 138.00000
3414.67538 142.00000 117.00000
3044.72290 146.00000 146.00000
3856.92327 136.00000 134.00000
2851.15702 129.00000 152.00000
2808.10343 129.00000 143.00000
4433.30809 222.00000 229.00000
6052.24854 193.00000 181.00000
4149.44642 188.00000 147.25000
4821.93427 141.00000 121.00000
4019.18151 164.00000 129.00000
2893.28024 166.00000 132.00000
8590.43853 228.00000 254.00000
4945.65874 186.00000 171.00000
3136.96247 135.00000 147.00000
2266.82532 149.00000 145.00000
2215.14894 160.00000 153.00000
4521.35436 159.00000 130.00000
3859.52731 123.00000 166.00000
4644.46214 176.00000 176.00000
7621.59015 125.00000 138.00000
2391.74516 170.00000 150.00000
4447.60999 178.00000 145.00000
2858.66567 178.00000 184.00000
4361.20764 207.00000 226.00000
4955.70967 194.00000 198.00000
4539.41230 126.00000 100.00000
5115.23925 163.00000 199.00000
6977.05665 159.00000 212.00000
3350.84644 196.00000 218.00000
5713.50424 247.00000 229.00000
4542.12703 157.00000 172.00000
4326.61019 186.00000 205.00000
4927.26428 180.00000 171.00000
4111.03232 128.00000 100.00000
4164.12386 190.00000 180.25000
2928.95020 158.00000 154.00000
3665.33235 203.00000 176.00000
3932.51858 112.00000 95.00000
4992.96374 129.00000 99.00000
4914.82066 155.00000 198.00000
1784.71411 118.00000 105.00000
3316.66391 155.00000 147.00000
5341.27874 112.00000 133.25000
4902.50529 188.00000 159.00000
4090.20685 134.00000 148.00000
4470.28798 193.00000 212.00000
4629.25874 218.00000 211.00000
4730.22156 164.00000 138.00000
3294.26677 141.00000 139.00000
4799.47615 135.00000 155.00000
6801.11916 151.00000 214.00000
3438.49895 220.25000 169.00000
5584.43120 137.00000 119.00000
5519.36407 192.00000 199.00000
5548.15157 179.00000 138.00000
5745.74928 230.00000 216.00000
4174.21908 119.00000 101.00000
2268.91623 133.00000 126.00000
2393.14079 154.00000 167.00000
5429.43106 164.00000 148.00000
3554.30565 124.00000 174.00000
2714.24625 167.00000 140.00000
4417.61514 206.00000 215.00000
4264.70984 169.00000 137.00000
4905.71032 187.00000 147.00000
6084.54223 163.00000 228.00000
4214.72753 172.00000 170.00000
5165.80457 164.00000 136.00000
4552.44962 146.00000 172.00000
4115.26253 114.00000 95.00000
3599.74272 130.00000 100.00000
6155.05873 208.00000 229.00000
2272.76389 140.00000 128.00000
4252.81520 226.00000 246.00000
6169.04727 166.00000 103.00000
7092.22206 254.00000 254.00000
5389.16351 125.00000 133.00000
2339.68930 150.00000 140.00000
8360.08551 238.00000 211.00000
4096.19738 150.00000 143.00000
5997.86429 134.00000 146.00000
4810.50935 187.00000 211.00000
2858.33278 167.00000 160.00000
4167.05817 154.00000 132.00000
6538.68325 229.00000 222.00000
5215.71303 156.00000 126.00000
3436.20037 191.00000 164.00000
2087.52578 139.00000 134.00000
2629.60370 150.00000 142.00000
2584.79234 152.00000 161.00000
4447.77863 212.00000 220.00000
6193.01723 195.00000 252.00000
3579.70945 179.00000 145.00000
5273.98129 185.00000 181.00000
4211.24438 170.00000 126.00000
5912.94773 165.00000 133.00000
6305.27849 218.00000 183.00000
4949.39676 203.00000 223.00000
5281.61722 155.00000 143.00000
4361.67614 176.00000 150.00000
2463.38679 139.00000 168.00000
5795.03637 199.00000 149.00000
4320.13034 153.00000 126.00000
5376.40130 137.00000 216.00000
5397.70698 139.00000 149.00000
2482.85598 137.00000 128.00000
4575.43179 166.00000 185.00000
2850.30276 168.00000 144.00000
6669.70211 247.00000 240.00000
4547.69894 147.00000 115.00000
2713.58266 162.00000 127.00000
5952.27970 125.00000 177.00000
7189.52943 114.00000 112.00000
5694.51963 253.00000 245.25000
4389.86644 147.00000 184.00000
3393.58253 141.00000 139.00000
5524.39746 185.00000 143.00000
4423.89631 168.00000 170.00000
1796.44544 155.00000 133.00000
3955.66994 186.00000 117.00000
4141.84953 136.00000 221.00000
2913.12155 135.00000 127.00000
5570.77659 158.00000 254.00000
5800.67930 233.00000 253.00000
3334.05572 145.00000 153.00000
3547.30841 157.00000 165.00000
4013.75026 181.00000 209.00000
4847.27067 199.00000 200.00000
4840.08125 151.00000 124.00000
3837.97294 193.00000 160.00000
3959.22763 153.00000 168.00000
3489.85133 135.00000 132.00000
2139.31149 156.00000 158.00000
5324.19412 255.00000 255.00000
2522.00254 147.00000 135.00000
3958.41593 176.00000 147.00000
3851.32215 153.00000 152.00000
5597.68742 169.00000 190.00000
2976.42347 149.00000 141.00000
2666.89495 149.00000 145.00000
3457.84931 220.00000 222.00000
1853.57962 92.00000 87.00000
4547.45996 154.00000 153.00000
4305.15007 151.00000 189.00000
3693.99429 171.00000 160.00000
5773.60341 203.00000 194.00000
2785.82529 149.00000 144.00000
4466.90924 170.00000 143.00000
4900.99994 173.00000 133.00000
2868.99934 171.00000 175.00000
3245.50907 127.00000 117.00000
6034.32967 183.00000 138.00000
5415.90318 176.00000 141.00000
5117.42380 188.00000 128.00000
4727.91605 110.00000 135.00000
1789.79924 170.00000 150.00000
3462.83072 143.00000 168.00000
2523.68717 147.00000 156.00000
